5;0
5;19
5;26
5;55
5;150
5;311
6;9
6;10
6;25
6;51
6;137
6;194
7;0
7;14
7;25
7;50
7;136
7;204
8;9
8;12
8;25
8;50
8;140
8;201
9;9
9;10
9;34
9;50
9;143
9;161
10;7
10;12
10;25
10;50
10;141
10;202
11;5
11;19
11;25
11;50
11;145
11;201
12;7
12;19
12;32
12;50
12;144
12;200
13;9
13;13
13;32
13;50
13;137
13;164
14;4
14;13
14;32
14;51
14;100
14;197
15;9
15;19
15;32
15;50
15;100
15;191
16;9
16;19
16;32
16;50
16;143
16;163
17;9
17;19
17;38
17;50
17;88
17;199
18;7
18;19
18;34
18;50
18;88
18;199
19;9
19;19
19;34
19;50
19;100
19;167
20;6
20;13
20;38
20;51
20;88
20;178
21;6
21;19
21;32
21;50
21;88
21;178
22;6
22;19
22;31
22;76
22;88
22;178
23;6
23;12
23;25
23;63
23;88
23;200
24;9
24;19
24;31
24;64
24;88
24;200
25;7
25;13
25;32
25;75
25;88
25;200
26;7
26;13
26;31
26;63
26;88
26;178
27;6
27;19
27;32
27;75
27;88
27;178
28;6
28;12
28;33
28;75
28;88
28;178
29;6
29;19
29;38
29;50
29;88
29;178
30;6
30;12
30;25
30;50
30;88
30;178
31;9
31;10
31;25
31;75
31;88
31;178
32;9
32;19
32;25
32;75
32;88
32;178
33;9
33;19
33;31
33;75
33;150
33;178
34;6
34;19
34;32
34;75
34;88
34;178
35;7
35;19
35;25
35;76
35;88
35;178
36;8
36;19
36;25
36;75
36;151
36;178
37;9
37;19
37;25
37;63
37;88
37;178
38;8
38;19
38;25
38;75
38;150
38;178
39;9
39;10
39;25
39;75
39;88
39;178
40;6
40;13
40;25
40;75
40;88
40;178
41;6
41;13
41;31
41;75
41;88
41;178
42;6
42;10
42;25
42;75
42;88
42;178
43;9
43;10
43;27
43;75
43;88
43;178
44;9
44;10
44;25
44;75
44;88
44;178
45;9
45;11
45;24
45;75
45;88
45;178
46;9
46;10
46;27
46;75
46;88
46;178
47;9
47;10
47;29
47;76
47;150
47;178
48;5
48;11
48;25
48;51
48;126
48;203
49;5
49;11
49;25
49;50
49;126
49;178
50;5
50;11
50;21
50;51
50;100
50;177
51;5
51;11
51;28
51;51
51;88
51;199
52;5
52;10
52;28
52;76
52;88
52;178
53;5
53;10
53;28
53;75
53;88
53;203
54;5
54;10
54;21
54;76
54;88
54;178
55;5
55;10
55;21
55;75
55;126
55;200
56;5
56;11
56;32
56;64
56;126
56;221
57;6
57;10
57;21
57;51
57;158
57;221
58;6
58;11
58;31
58;64
58;158
58;178
59;4
59;11
59;31
59;63
59;88
59;221
60;6
60;10
60;31
60;64
60;88
60;178
61;6
61;11
61;21
61;51
61;127
61;178
62;5
62;11
62;25
62;50
62;101
62;178
63;5
63;11
63;25
63;51
63;126
63;178
64;4
64;11
64;25
64;51
64;101
64;178
65;5
65;11
65;20
65;64
65;101
65;221
66;5
66;10
66;31
66;64
66;101
66;177
67;5
67;11
67;31
67;64
67;158
67;178
68;5
68;11
68;31
68;64
68;101
68;178
69;4
69;12
69;34
69;68
69;144
69;201
70;8
70;17
70;34
70;67
70;134
70;201
71;8
71;17
71;33
71;67
71;133
71;167
72;8
72;17
72;33
72;64
72;126
72;167
73;9
73;17
73;33
73;67
73;158
73;200
74;8
74;10
74;33
74;68
74;133
74;235
75;8
75;17
75;33
75;67
75;133
75;200
76;8
76;17
76;33
76;68
76;133
76;167
77;8
77;16
77;37
77;67
77;133
77;167
78;8
78;17
78;33
78;68
78;133
78;167
79;4
79;17
79;32
79;64
79;150
79;191
80;8
80;13
80;32
80;64
80;158
80;221
81;4
81;13
81;32
81;64
81;126
81;253
82;4
82;13
82;31
82;64
82;126
82;221
83;8
83;12
83;31
83;65
83;126
83;221
84;8
84;17
84;31
84;63
84;126
84;190
85;4
85;12
85;32
85;64
85;126
85;221
86;4
86;13
86;31
86;64
86;126
86;253
87;8
87;17
87;31
87;64
87;127
87;221
88;8
88;17
88;31
88;64
88;126
88;252
89;8
89;17
89;25
89;64
89;157
89;252
90;6
90;12
90;25
90;51
90;127
90;178
91;6
91;12
91;25
91;50
91;126
91;177
92;6
92;12
92;25
92;51
92;85
92;202
93;6
93;13
93;28
93;57
93;126
93;170
94;6
94;13
94;28
94;57
94;113
94;199
95;6
95;12
95;25
95;56
95;85
95;178
96;6
96;12
96;28
96;51
96;85
96;177
97;6
97;13
97;28
97;51
97;85
97;199
98;6
98;13
98;28
98;64
98;158
98;199
99;6
99;12
99;25
99;64
99;158
99;253
100;6
100;12
100;25
100;64
100;158
100;253
101;6
101;12
101;25
101;63
101;158
101;253
102;6
102;12
102;25
102;51
102;158
102;253
103;6
103;13
103;25
103;51
103;127
103;257
104;6
104;13
104;25
104;50
104;158
104;204
105;6
105;13
105;25
105;51
105;101
105;256
106;6
106;13
106;25
106;50
106;158
106;253
107;6
107;13
107;25
107;51
107;158
107;253
108;7
108;12
108;25
108;50
108;102
108;178
109;6
109;12
109;25
109;51
109;101
109;178
110;6
110;12
110;25
110;51
110;151
110;256
111;6
111;12
111;25
111;48
111;120
111;192
112;6
112;12
112;24
112;48
112;119
112;192
113;6
113;11
113;24
113;48
113;119
113;192
114;5
114;12
114;24
114;47
114;119
114;191
115;6
115;11
115;23
115;48
115;119
115;256
116;6
116;12
116;24
116;48
116;119
116;192
117;6
117;11
117;23
117;48
117;120
117;192
118;6
118;12
118;30
118;48
118;120
118;192
119;6
119;12
119;24
119;47
119;119
119;266
120;6
120;12
120;23
120;47
120;95
120;191
121;6
121;12
121;25
121;50
121;127
121;176
122;6
122;12
122;24
122;51
122;127
122;257
123;6
123;12
123;23
123;51
123;126
123;177
124;6
124;12
124;24
124;47
124;126
124;254
125;6
125;12
125;23
125;47
125;126
125;191
126;6
126;12
126;24
126;51
126;126
126;255
127;6
127;11
127;23
127;47
127;126
127;178
128;6
128;12
128;25
128;47
128;126
128;256
129;7
129;12
129;23
129;51
129;126
129;168
130;6
130;12
130;24
130;47
130;126
130;179
131;6
131;11
131;25
131;47
131;134
131;177
132;5
132;11
132;25
132;51
132;101
132;177
133;5
133;11
133;25
133;50
133;101
133;177
134;5
134;11
134;21
134;51
134;112
134;200
135;6
135;11
135;28
135;56
135;142
135;199
136;5
136;11
136;28
136;58
136;113
136;199
137;5
137;11
137;28
137;50
137;113
137;178
138;5
138;11
138;28
138;51
138;85
138;177
139;5
139;11
139;29
139;51
139;126
139;178
140;5
140;11
140;31
140;64
140;126
140;221
141;5
141;11
141;21
141;64
141;158
141;221
142;5
142;11
142;31
142;64
142;158
142;221
143;5
143;11
143;21
143;51
143;126
143;221
144;5
144;10
144;32
144;50
144;158
144;253
145;5
145;10
145;25
145;51
145;127
145;178
146;5
146;10
146;25
146;50
146;101
146;178
147;5
147;10
147;25
147;51
147;101
147;177
148;5
148;10
148;25
148;51
148;101
148;178
149;5
149;10
149;25
149;51
149;101
149;178
150;5
150;10
150;21
150;64
150;158
150;222
151;5
151;10
151;25
151;64
151;126
151;221
152;5
152;10
152;31
152;51
152;158
152;221
153;8
153;10
153;33
153;68
153;134
153;201
154;4
154;17
154;33
154;68
154;133
154;201
155;8
155;17
155;33
155;76
155;101
155;200
156;8
156;17
156;32
156;76
156;150
156;226
157;4
157;16
157;34
157;77
157;134
157;178
158;4
158;17
158;31
158;64
158;158
158;222
159;8
159;17
159;34
159;64
159;126
159;221
160;9
160;17
160;31
160;64
160;126
160;221
161;8
161;17
161;31
161;51
161;158
161;221
162;8
162;17
162;32
162;65
162;126
162;221
163;8
163;17
163;31
163;64
163;159
163;222
164;8
164;16
164;32
164;64
164;95
164;253
165;4
165;17
165;34
165;64
165;159
165;256
166;8
166;17
166;31
166;64
166;127
166;252
167;8
167;12
167;32
167;64
167;158
167;222
168;8
168;10
168;25
168;64
168;159
168;189
169;9
169;17
169;32
169;50
169;126
169;253
170;8
170;17
170;31
170;64
170;101
170;253
171;8
171;10
171;32
171;64
171;126
171;253
172;8
172;17
172;31
172;63
172;158
172;222
173;8
173;12
173;25
173;64
173;151
173;178
174;6
174;12
174;25
174;51
174;126
174;203
175;6
175;19
175;25
175;64
175;101
175;203
176;6
176;13
176;28
176;50
176;126
176;199
177;6
177;13
177;28
177;56
177;113
177;170
178;6
178;12
178;25
178;50
178;113
178;178
179;6
179;13
179;32
179;56
179;126
179;203
180;6
180;19
180;28
180;50
180;101
180;177
181;6
181;13
181;25
181;51
181;144
181;194
182;6
182;12
182;25
182;64
182;158
182;221
183;6
183;13
183;31
183;64
183;158
183;252
184;6
184;13
184;25
184;64
184;126
184;253
185;6
185;12
185;31
185;51
185;101
185;221
186;6
186;13
186;31
186;51
186;158
186;188
187;6
187;13
187;26
187;50
187;158
187;204
188;6
188;13
188;25
188;53
188;101
188;203
189;6
189;13
189;25
189;51
189;101
189;203
190;6
190;13
190;25
190;51
190;158
190;204
191;6
191;13
191;25
191;51
191;101
191;254
192;6
192;13
192;25
192;51
192;127
192;203
193;5
193;12
193;25
193;50
193;126
193;177
194;9
194;19
194;25
194;53
194;126
194;204
195;5
195;14
195;25
195;48
195;101
195;193
196;9
196;19
196;24
196;48
196;95
196;192
197;9
197;19
197;24
197;48
197;95
197;191
198;9
198;19
198;37
198;51
198;95
198;177
199;5
199;19
199;25
199;50
199;101
199;177
200;9
200;13
200;28
200;48
200;126
200;192
201;9
201;19
201;23
201;48
201;119
201;266
202;9
202;19
202;25
202;47
202;119
202;241
203;9
203;14
203;24
203;47
203;95
203;241
204;9
204;19
204;24
204;47
204;119
204;192
205;9
205;10
205;28
205;47
205;119
205;178
206;9
206;10
206;25
206;47
206;127
206;178
207;9
207;10
207;24
207;51
207;126
207;255
208;9
208;10
208;38
208;47
208;126
208;178
209;9
209;19
209;20
209;47
209;150
209;256
210;9
210;10
210;25
210;47
210;126
210;257
211;9
211;13
211;25
211;47
211;126
211;178
212;9
212;19
212;20
212;47
212;151
212;178
213;5
213;19
213;20
213;47
213;101
213;178
214;5
214;19
214;28
214;47
214;126
214;169
215;4
215;10
215;29
215;48
215;127
215;185
216;8
216;12
216;22
216;51
216;101
216;164
217;5
217;12
217;23
217;63
217;101
217;164
218;7
218;13
218;24
218;50
218;148
218;321
219;4
219;14
219;29
219;43
219;101
219;244
220;4
220;14
220;28
220;42
220;154
220;224
221;4
221;14
221;28
221;42
221;155
221;225
222;4
222;13
222;28
222;42
222;150
222;178
223;5
223;12
223;29
223;42
223;95
223;160
224;4
224;12
224;32
224;64
224;143
224;223
225;4
225;16
225;31
225;63
225;126
225;189
226;7
226;16
226;31
226;62
226;124
226;202
227;4
227;14
227;27
227;63
227;125
227;189
228;4
228;11
228;21
228;63
228;101
228;228
229;5
229;12
229;25
229;64
229;114
229;197
230;5
230;13
230;25
230;62
230;101
230;165
231;4
231;13
231;25
231;63
231;101
231;201
232;5
232;13
232;26
232;63
232;101
232;229
233;4
233;12
233;24
233;63
233;126
233;164
234;7
234;15
234;31
234;47
234;112
234;223
235;4
235;16
235;31
235;47
235;126
235;235
236;4
236;15
236;32
236;47
236;126
236;235
237;9
237;16
237;32
237;48
237;111
237;192
238;8
238;16
238;33
238;50
238;99
238;199
239;8
239;17
239;34
239;51
239;101
239;202
240;5
240;16
240;33
240;50
240;99
240;198
241;4
241;17
241;33
241;50
241;84
241;204
242;8
242;16
242;33
242;49
242;100
242;165
243;8
243;17
243;33
243;50
243;100
243;235
244;8
244;17
244;33
244;50
244;125
244;184
245;8
245;16
245;32
245;50
245;99
245;242
246;9
246;13
246;33
246;50
246;125
246;334
247;9
247;12
247;33
247;63
247;103
247;217
248;9
248;15
248;31
248;62
248;125
248;188
249;5
249;16
249;32
249;63
249;125
249;206
250;9
250;16
250;32
250;62
250;125
250;209
251;9
251;16
251;31
251;63
251;125
251;204
252;9
252;16
252;28
252;63
252;125
252;230
253;9
253;10
253;28
253;63
253;125
253;239
254;9
254;10
254;28
254;62
254;125
254;239
255;9
255;10
255;28
255;62
255;125
255;239
256;9
256;10
256;28
256;62
256;125
256;239
257;4
257;10
257;28
257;62
257;125
257;239
258;9
258;12
258;37
258;63
258;101
258;185
259;5
259;13
259;37
259;63
259;101
259;249
260;4
260;12
260;39
260;40
260;97
260;177
261;4
261;13
261;28
261;71
261;85
261;184
262;5
262;14
262;29
262;72
262;86
262;201
263;5
263;14
263;28
263;70
263;84
263;196
264;4
264;14
264;28
264;56
264;99
264;183
265;4
265;12
265;28
265;42
265;99
265;260
266;9
266;16
266;32
266;63
266;89
266;224
267;8
267;16
267;31
267;63
267;95
267;219
268;4
268;16
268;31
268;63
268;89
268;275
269;5
269;16
269;31
269;63
269;88
269;198
270;6
270;12
270;23
270;64
270;89
270;160
271;8
271;12
271;25
271;50
271;101
271;441
272;5
272;13
272;25
272;63
272;114
272;202
273;4
273;13
273;25
273;63
273;113
273;201
274;6
274;12
274;24
274;60
274;98
274;197
275;7
275;12
275;37
275;63
275;142
275;266
276;4
276;12
276;25
276;63
276;95
276;266
277;8
277;13
277;25
277;63
277;95
277;242
278;8
278;12
278;25
278;64
278;95
278;241
279;9
279;12
279;23
279;47
279;94
279;220
280;9
280;12
280;24
280;59
280;83
280;201
281;9
281;12
281;24
281;59
281;118
281;200
282;9
282;12
282;23
282;47
282;84
282;326
283;9
283;10
283;28
283;47
283;94
283;331
284;9
284;10
284;38
284;56
284;113
284;240
285;9
285;12
285;24
285;47
285;99
285;236
286;9
286;12
286;24
286;49
286;99
286;241
287;9
287;12
287;28
287;47
287;99
287;241
288;9
288;10
288;28
288;61
288;113
288;350
289;9
289;12
289;28
289;63
289;101
289;369
290;9
290;12
290;24
290;63
290;94
290;240
291;9
291;12
291;24
291;63
291;94
291;229
292;9
292;13
292;25
292;62
292;94
292;229
293;9
293;12
293;28
293;62
293;94
293;163
294;9
294;13
294;28
294;62
294;94
294;162
295;9
295;12
295;28
295;63
295;94
295;163
296;9
296;10
296;28
296;63
296;94
296;162
297;9
297;10
297;28
297;62
297;94
297;163
298;9
298;10
298;28
298;63
298;94
298;163
299;9
299;10
299;28
299;63
299;99
299;227
300;8
300;12
300;24
300;63
300;101
300;177
301;8
301;12
301;24
301;49
301;101
301;164
302;8
302;13
302;26
302;40
302;148
302;162
303;9
303;14
303;28
303;42
303;155
303;239
304;6
304;14
304;28
304;42
304;155
304;239
305;4
305;14
305;28
305;42
305;155
305;239
306;6
306;12
306;28
306;42
306;155
306;239
307;9
307;15
307;31
307;48
307;123
307;325
308;9
308;16
308;31
308;63
308;110
308;313
309;6
309;16
309;31
309;62
309;109
309;201
310;6
310;14
310;28
310;55
310;94
310;229
311;6
311;11
311;32
311;63
311;94
311;229
312;7
312;13
312;30
312;63
312;94
312;229
313;9
313;12
313;37
313;63
313;101
313;230
314;8
314;12
314;37
314;63
314;101
314;230
315;6
315;13
315;26
315;63
315;126
315;169
316;6
316;13
316;37
316;63
316;100
316;332
317;6
317;12
317;38
317;63
317;101
317;321
318;9
318;16
318;32
318;63
318;102
318;208
319;9
319;16
319;31
319;47
319;156
319;202
320;9
320;14
320;28
320;70
320;102
320;195
321;8
321;17
321;33
321;66
321;83
321;199
322;8
322;12
322;34
322;63
322;84
322;201
323;8
323;17
323;34
323;67
323;135
323;203
324;8
324;17
324;34
324;51
324;136
324;203
325;8
325;16
325;32
325;62
325;125
325;204
326;8
326;17
326;34
326;63
326;102
326;165
327;8
327;17
327;33
327;50
327;125
327;233
328;8
328;17
328;33
328;63
328;125
328;182
329;8
329;15
329;31
329;62
329;125
329;239
330;8
330;16
330;32
330;63
330;125
330;239
331;9
331;16
331;32
331;62
331;136
331;227
332;9
332;16
332;31
332;47
332;94
332;235
333;9
333;16
333;32
333;47
333;94
333;239
334;9
334;16
334;32
334;63
334;94
334;206
335;9
335;15
335;28
335;63
335;94
335;205
336;9
336;13
336;28
336;62
336;94
336;228
337;9
337;12
337;28
337;62
337;94
337;228
338;9
338;12
338;28
338;56
338;94
338;170
339;9
339;12
339;28
339;56
339;94
339;163
340;9
340;12
340;28
340;56
340;94
340;170
341;9
341;12
341;23
341;59
341;126
341;220
342;9
342;12
342;25
342;75
342;126
342;213
343;9
343;13
343;37
343;49
343;139
343;240
344;8
344;12
344;21
344;63
344;94
344;242
345;9
345;14
345;28
345;42
345;139
345;241
346;8
346;14
346;28
346;42
346;127
346;226
347;9
347;14
347;28
347;42
347;85
347;226
348;8
348;14
348;27
348;68
348;82
348;241
349;9
349;13
349;29
349;43
349;83
349;298
350;9
350;16
350;32
350;47
350;110
350;221
351;8
351;16
351;32
351;48
351;95
351;175
352;9
352;15
352;30
352;46
352;95
352;184
353;9
353;12
353;25
353;63
353;95
353;207
354;9
354;12
354;23
354;63
354;95
354;207
355;8
355;12
355;25
355;63
355;138
355;225
356;8
356;12
356;25
356;63
356;125
356;199
357;8
357;13
357;26
357;63
357;125
357;229
358;9
358;12
358;25
358;63
358;95
358;240
359;9
359;12
359;24
359;62
359;125
359;240
360;9
360;12
360;25
360;62
360;94
360;166
361;9
361;13
361;25
361;63
361;94
361;187
362;9
362;12
362;24
362;63
362;94
362;240
363;9
363;12
363;35
363;47
363;105
363;209
364;9
364;12
364;24
364;59
364;118
364;224
365;9
365;12
365;24
365;59
365;95
365;213
366;9
366;12
366;23
366;59
366;82
366;224
367;9
367;12
367;35
367;47
367;83
367;238
368;9
368;11
368;35
368;56
368;113
368;241
369;9
369;12
369;24
369;56
369;99
369;241
370;9
370;13
370;26
370;56
370;99
370;241
371;9
371;13
371;28
371;56
371;99
371;241
372;9
372;10
372;28
372;47
372;113
372;241
373;9
373;12
373;28
373;63
373;101
373;161
374;9
374;12
374;25
374;63
374;94
374;212
375;9
375;12
375;25
375;63
375;94
375;229
376;9
376;13
376;26
376;62
376;94
376;191
377;9
377;12
377;28
377;62
377;94
377;163
378;9
378;13
378;28
378;62
378;94
378;229
379;9
379;10
379;28
379;63
379;94
379;163
380;9
380;10
380;28
380;63
380;94
380;162
381;9
381;10
381;28
381;63
381;94
381;162
382;9
382;10
382;28
382;63
382;94
382;169
383;9
383;13
383;30
383;42
383;149
383;182
384;8
384;11
384;38
384;42
384;132
384;163
385;5
385;11
385;21
385;41
385;103
385;163
386;6
386;12
386;21
386;42
386;106
386;317
387;6
387;11
387;21
387;42
387;106
387;318
388;5
388;11
388;21
388;42
388;106
388;317
389;5
389;10
389;21
389;42
389;106
389;317
390;5
390;11
390;21
390;42
390;105
390;316
391;5
391;12
391;21
391;42
391;105
391;316
392;9
392;10
392;28
392;45
392;92
392;163
393;5
393;10
393;21
393;42
393;104
393;207
394;9
394;10
394;39
394;40
394;103
394;163
395;9
395;10
395;37
395;56
395;111
395;315
396;9
396;10
396;38
396;76
396;95
396;322
397;5
397;10
397;38
397;56
397;94
397;319
398;9
398;19
398;38
398;76
398;94
398;320
399;5
399;19
399;39
399;40
399;95
399;163
400;6
400;12
400;25
400;50
400;100
400;276
401;6
401;13
401;25
401;50
401;100
401;201
402;6
402;13
402;25
402;50
402;100
402;201
403;6
403;12
403;25
403;75
403;100
403;201
404;6
404;10
404;25
404;51
404;100
404;160
405;6
405;10
405;28
405;56
405;100
405;163
406;6
406;10
406;24
406;56
406;125
406;163
407;6
407;10
407;24
407;56
407;125
407;163
408;6
408;12
408;25
408;56
408;125
408;455
409;6
409;13
409;25
409;50
409;125
409;322
410;6
410;12
410;24
410;47
410;154
410;165
411;6
411;12
411;24
411;48
411;84
411;169
412;6
412;10
412;21
412;48
412;100
412;249
413;6
413;10
413;21
413;50
413;125
413;162
414;6
414;13
414;25
414;50
414;125
414;163
415;6
415;12
415;37
415;62
415;98
415;209
416;6
416;13
416;37
416;63
416;100
416;200
417;6
417;13
417;38
417;50
417;90
417;205
418;6
418;14
418;28
418;42
418;99
418;213
419;6
419;14
419;28
419;42
419;84
419;309
420;6
420;14
420;28
420;42
420;100
420;214
421;6
421;16
421;32
421;63
421;126
421;223
422;6
422;16
422;32
422;64
422;126
422;222
423;6
423;16
423;32
423;56
423;113
423;222
424;6
424;16
424;31
424;56
424;100
424;220
425;9
425;15
425;31
425;50
425;100
425;218
426;8
426;16
426;33
426;63
426;100
426;183
427;8
427;17
427;33
427;50
427;100
427;183
428;8
428;17
428;34
428;63
428;100
428;236
429;8
429;17
429;34
429;50
429;100
429;168
430;8
430;17
430;33
430;50
430;100
430;183
431;8
431;17
431;33
431;50
431;88
431;182
432;9
432;16
432;31
432;47
432;156
432;172
433;5
433;10
433;31
433;64
433;125
433;233
434;5
434;11
434;32
434;63
434;101
434;208
435;5
435;16
435;32
435;50
435;100
435;206
436;5
436;16
436;32
436;50
436;100
436;206
437;5
437;11
437;31
437;63
437;88
437;203
438;5
438;16
438;31
438;63
438;88
438;214
439;5
439;14
439;28
439;63
439;100
439;223
440;5
440;10
440;28
440;63
440;88
440;163
441;5
441;10
441;39
441;40
441;114
441;163
442;5
442;14
442;28
442;41
442;100
442;163
443;5
443;14
443;28
443;42
443;100
443;168
444;5
444;10
444;28
444;42
444;100
444;163
445;9
445;10
445;29
445;43
445;100
445;163
446;9
446;10
446;27
446;41
446;100
446;163
447;5
447;10
447;28
447;43
447;100
447;173
448;5
448;14
448;28
448;42
448;100
448;163
449;5
449;12
449;35
449;47
449;100
449;238
450;5
450;12
450;37
450;50
450;100
450;173
451;5
451;12
451;37
451;49
451;100
451;172
452;5
452;12
452;35
452;46
452;151
452;175
453;5
453;12
453;36
453;48
453;125
453;240
454;5
454;12
454;36
454;48
454;95
454;163
455;5
455;10
455;37
455;47
455;95
455;166
456;5
456;10
456;37
456;63
456;95
456;163
457;5
457;10
457;28
457;63
457;100
457;409
458;5
458;10
458;38
458;63
458;100
458;163
459;5
459;19
459;38
459;40
459;149
459;309
460;5
460;19
460;20
460;40
460;159
460;215
461;5
461;18
461;37
461;57
461;95
461;185
462;5
462;19
462;38
462;40
462;112
462;206
463;5
463;19
463;38
463;56
463;93
463;300
464;9
464;19
464;38
464;57
464;94
464;301
465;8
465;19
465;38
465;56
465;94
465;281
466;8
466;12
466;28
466;58
466;94
466;300
467;7
467;10
467;38
467;73
467;108
467;162
468;5
468;11
468;21
468;78
468;116
468;193
469;5
469;11
469;38
469;76
469;114
469;322
470;5
470;11
470;21
470;63
470;105
470;210
471;5
471;11
471;21
471;63
471;84
471;209
472;5
472;10
472;21
472;63
472;84
472;211
473;5
473;10
473;21
473;63
473;106
473;211
474;5
474;16
474;21
474;64
474;106
474;213
475;5
475;10
475;22
475;66
475;107
475;216
476;9
476;10
476;28
476;69
476;115
476;209
477;9
477;10
477;28
477;75
477;105
477;211
478;9
478;10
478;28
478;73
478;109
478;219
479;9
479;10
479;28
479;75
479;94
479;207
480;9
480;10
480;28
480;75
480;113
480;320
481;9
481;10
481;28
481;76
481;113
481;208
482;9
482;10
482;38
482;76
482;114
482;209
483;5
483;10
483;38
483;72
483;120
483;212
484;6
484;13
484;38
484;74
484;123
484;163
485;6
485;13
485;25
485;50
485;125
485;163
486;6
486;10
486;25
486;51
486;88
486;163
487;6
487;10
487;25
487;75
487;88
487;162
488;6
488;10
488;25
488;63
488;88
488;163
489;6
489;13
489;38
489;50
489;100
489;162
490;6
490;13
490;25
490;50
490;88
490;163
491;6
491;13
491;37
491;50
491;88
491;162
492;6
492;12
492;38
492;50
492;88
492;163
493;6
493;12
493;38
493;63
493;88
493;163
494;6
494;12
494;25
494;63
494;88
494;163
495;6
495;10
495;25
495;63
495;100
495;162
496;6
496;10
496;38
496;50
496;100
496;163
497;6
497;10
497;28
497;50
497;100
497;163
498;6
498;10
498;25
498;50
498;100
498;455
499;6
499;13
499;25
499;50
499;126
499;226
500;6
500;12
500;25
500;50
500;125
500;163
501;6
501;12
501;25
501;50
501;100
501;201
502;6
502;14
502;29
502;56
502;100
502;202
503;6
503;14
503;28
503;56
503;100
503;223
504;6
504;14
504;31
504;63
504;126
504;180
505;6
505;16
505;32
505;63
505;84
505;221
506;6
506;16
506;32
506;60
506;112
506;222
507;6
507;16
507;32
507;56
507;100
507;163
508;6
508;13
508;27
508;56
508;100
508;240
509;6
509;15
509;32
509;49
509;81
509;166
510;8
510;17
510;34
510;50
510;84
510;163
511;8
511;17
511;34
511;51
511;101
511;306
512;8
512;17
512;33
512;50
512;100
512;215
513;8
513;17
513;33
513;50
513;83
513;163
514;8
514;15
514;30
514;51
514;84
514;163
515;8
515;12
515;22
515;50
515;84
515;388
516;9
516;10
516;21
516;50
516;100
516;163
517;5
517;10
517;27
517;64
517;100
517;164
518;5
518;16
518;31
518;50
518;100
518;204
519;5
519;16
519;32
519;63
519;100
519;207
520;5
520;16
520;31
520;50
520;100
520;221
521;5
521;11
521;31
521;42
521;126
521;217
522;5
522;11
522;21
522;42
522;127
522;160
523;5
523;11
523;21
523;42
523;126
523;160
524;9
524;10
524;21
524;42
524;126
524;160
525;9
525;12
525;39
525;40
525;84
525;240
526;9
526;14
526;28
526;42
526;155
526;169
527;9
527;10
527;28
527;42
527;155
527;169
528;9
528;14
528;28
528;42
528;84
528;167
529;9
529;14
529;29
529;44
529;141
529;160
530;9
530;10
530;28
530;57
530;94
530;170
531;9
531;10
531;28
531;56
531;85
531;168
532;9
532;14
532;28
532;75
532;85
532;169
533;9
533;10
533;28
533;56
533;85
533;169
534;9
534;10
534;28
534;57
534;88
534;178
535;9
535;10
535;38
535;75
535;94
535;178
536;9
536;10
536;38
536;75
536;94
536;178
537;9
537;10
537;38
537;75
537;88
537;178
538;9
538;10
538;38
538;75
538;88
538;178
539;9
539;10
539;37
539;75
539;88
539;178
540;9
540;10
540;37
540;75
540;88
540;178
541;9
541;10
541;37
541;75
541;88
541;178
542;9
542;10
542;37
542;75
542;88
542;178
543;9
543;10
543;25
543;77
543;87
543;178
544;9
544;10
544;25
544;75
544;100
544;178
545;9
545;10
545;25
545;75
545;87
545;197
546;9
546;10
546;25
546;51
546;143
546;214
547;9
547;19
547;25
547;76
547;125
547;200
548;9
548;19
548;25
548;74
548;126
548;201
549;6
549;10
549;25
549;76
549;149
549;173
550;4
550;12
550;25
550;50
550;150
550;178
551;9
551;14
551;25
551;76
551;151
551;178
552;5
552;12
552;26
552;51
552;151
552;178
553;4
553;17
553;33
553;51
553;152
553;202
554;4
554;17
554;25
554;50
554;143
554;197
555;4
555;17
555;26
555;51
555;152
555;175
556;4
556;17
556;24
556;50
556;150
556;175
557;5
557;10
557;25
557;76
557;125
557;227
558;4
558;17
558;25
558;74
558;125
558;224
559;4
559;17
559;26
559;50
559;100
559;227
560;4
560;12
560;25
560;50
560;127
560;225
561;4
561;13
561;25
561;50
561;150
561;178
562;7
562;10
562;37
562;51
562;125
562;225
563;5
563;14
563;28
563;50
563;127
563;227
564;5
564;14
564;28
564;75
564;100
564;223
565;5
565;10
565;28
565;76
565;101
565;203
566;5
566;10
566;28
566;75
566;99
566;224
567;8
567;10
567;25
567;56
567;88
567;222
568;5
568;10
568;28
568;56
568;98
568;224
569;5
569;10
569;28
569;62
569;100
569;168
570;5
570;10
570;21
570;63
570;84
570;167
571;5
571;10
571;32
571;57
571;85
571;224
572;5
572;11
572;21
572;57
572;84
572;280
573;5
573;10
573;28
573;55
573;113
573;227
574;5
574;11
574;27
574;57
574;84
574;166
575;6
575;11
575;31
575;64
575;157
575;184
576;5
576;10
576;25
576;63
576;126
576;221
577;5
577;10
577;25
577;64
577;126
577;221
578;5
578;10
578;25
578;62
578;125
578;218
579;5
579;10
579;25
579;56
579;121
579;238
580;6
580;10
580;25
580;56
580;112
580;213
581;5
581;11
581;32
581;61
581;88
581;166
582;5
582;10
582;21
582;61
582;100
582;202
583;7
583;10
583;21
583;50
583;101
583;202
584;5
584;10
584;25
584;50
584;100
584;164
585;5
585;10
585;25
585;57
585;92
585;176
586;5
586;10
586;32
586;63
586;94
586;188
587;5
587;10
587;25
587;63
587;126
587;219
588;9
588;11
588;29
588;63
588;155
588;218
589;4
589;11
589;32
589;63
589;127
589;221
590;5
590;10
590;31
590;63
590;127
590;188
591;5
591;10
591;32
591;63
591;127
591;224
592;5
592;11
592;28
592;63
592;101
592;189
593;5
593;11
593;34
593;64
593;102
593;257
594;5
594;12
594;38
594;75
594;144
594;187
595;6
595;12
595;38
595;74
595;150
595;186
596;6
596;13
596;32
596;75
596;159
596;160
597;6
597;13
597;32
597;63
597;158
597;218
598;6
598;16
598;31
598;75
598;94
598;218
599;5
599;19
599;25
599;63
599;127
599;316
600;6
600;19
600;31
600;63
600;126
600;282
601;7
601;12
601;25
601;63
601;96
601;285
602;6
602;12
602;25
602;50
602;129
602;193
603;6
603;10
603;37
603;50
603;127
603;218
604;6
604;10
604;29
604;59
604;125
604;160
605;5
605;14
605;28
605;63
605;95
605;317
606;5
606;10
606;28
606;63
606;127
606;317
607;5
607;10
607;28
607;60
607;123
607;216
608;5
608;10
608;28
608;47
608;126
608;218
609;8
609;10
609;30
609;50
609;96
609;209
610;5
610;10
610;31
610;63
610;157
610;186
611;5
611;10
611;32
611;64
611;154
611;160
612;4
612;10
612;34
612;65
612;156
612;160
613;4
613;12
613;33
613;50
613;126
613;186
614;4
614;11
614;21
614;75
614;127
614;192
615;5
615;13
615;32
615;63
615;95
615;186
616;4
616;12
616;32
616;63
616;96
616;161
617;4
617;13
617;32
617;64
617;94
617;166
618;4
618;12
618;38
618;60
618;129
618;224
619;4
619;12
619;26
619;63
619;126
619;170
620;5
620;10
620;28
620;56
620;139
620;172
621;4
621;12
621;25
621;56
621;140
621;252
622;4
622;13
622;25
622;51
622;125
622;220
623;4
623;13
623;38
623;49
623;122
623;227
624;4
624;12
624;25
624;50
624;100
624;225
625;6
625;10
625;25
625;63
625;100
625;207
626;4
626;12
626;25
626;50
626;100
626;163
627;4
627;13
627;28
627;51
627;149
627;163
628;8
628;12
628;25
628;76
628;123
628;326
629;8
629;13
629;21
629;75
629;150
629;170
630;8
630;12
630;21
630;49
630;93
630;200
631;4
631;12
631;25
631;50
631;150
631;201
632;4
632;13
632;25
632;49
632;101
632;174
633;8
633;12
633;25
633;50
633;149
633;225
634;4
634;13
634;26
634;50
634;150
634;225
635;5
635;12
635;25
635;51
635;148
635;203
636;5
636;13
636;25
636;49
636;149
636;175
637;4
637;13
637;25
637;51
637;84
637;176
638;4
638;17
638;25
638;50
638;84
638;175
639;4
639;17
639;25
639;63
639;127
639;225
640;4
640;17
640;25
640;51
640;150
640;169
641;5
641;10
641;25
641;50
641;150
641;175
642;4
642;13
642;38
642;50
642;126
642;175
643;4
643;13
643;21
643;75
643;125
643;176
644;4
644;13
644;21
644;50
644;126
644;225
645;4
645;12
645;25
645;63
645;126
645;221
646;6
646;10
646;25
646;75
646;147
646;166
647;5
647;10
647;25
647;75
647;124
647;223
648;5
648;14
648;28
648;75
648;128
648;223
649;5
649;10
649;28
649;51
649;94
649;175
650;9
650;10
650;28
650;75
650;113
650;190
651;9
651;10
651;26
651;63
651;141
651;233
652;5
652;10
652;28
652;63
652;140
652;196
653;5
653;10
653;24
653;55
653;113
653;169
654;5
654;10
654;25
654;63
654;85
654;225
655;5
655;11
655;21
655;57
655;111
655;192
656;6
656;10
656;21
656;63
656;115
656;173
657;4
657;11
657;28
657;55
657;110
657;224
658;5
658;10
658;21
658;63
658;113
658;163
659;6
659;10
659;31
659;64
659;128
659;160
660;5
660;10
660;25
660;63
660;126
660;346
661;5
661;16
661;32
661;63
661;126
661;346
662;5
662;10
662;25
662;63
662;124
662;217
663;5
663;16
663;25
663;57
663;121
663;163
664;5
664;10
664;21
664;62
664;127
664;165
665;5
665;10
665;32
665;63
665;101
665;164
666;5
666;10
666;21
666;63
666;126
666;164
667;6
667;10
667;25
667;62
667;100
667;202
668;4
668;16
668;25
668;64
668;123
668;164
669;6
669;11
669;26
669;63
669;101
669;175
670;5
670;10
670;26
670;50
670;126
670;163
671;5
671;10
671;26
671;64
671;100
671;191
672;9
672;10
672;21
672;64
672;88
672;166
673;4
673;11
673;25
673;64
673;126
673;163
674;5
674;11
674;26
674;63
674;126
674;170
675;5
675;10
675;26
675;63
675;126
675;191
676;5
676;11
676;28
676;63
676;126
676;163
677;6
677;13
677;37
677;64
677;141
677;213
678;5
678;16
678;37
678;63
678;101
678;188
679;6
679;19
679;25
679;74
679;126
679;186
680;6
680;19
680;32
680;75
680;155
680;216
681;6
681;19
681;31
681;63
681;157
681;164
682;6
682;19
682;31
682;51
682;157
682;191
683;5
683;10
683;32
683;63
683;157
683;188
684;6
684;13
684;31
684;63
684;157
684;187
685;7
685;13
685;32
685;63
685;159
685;188
686;6
686;11
686;32
686;64
686;126
686;189
687;6
687;10
687;31
687;62
687;126
687;185
688;6
688;10
688;37
688;69
688;136
688;166
689;5
689;10
689;28
689;47
689;133
689;189
690;5
690;10
690;28
690;67
690;131
690;368
691;5
691;14
691;28
691;56
691;98
691;163
692;5
692;14
692;28
692;56
692;101
692;221
693;8
693;10
693;21
693;56
693;93
693;208
694;5
694;10
694;30
694;62
694;100
694;186
695;5
695;14
695;28
695;63
695;100
695;238
696;9
696;17
696;28
696;60
696;84
696;169
697;4
697;12
697;33
697;42
697;84
697;224
698;9
698;14
698;21
698;79
698;85
698;169
699;4
699;12
699;24
699;75
699;101
699;242
700;4
700;13
700;25
700;50
700;126
700;191
701;4
701;13
701;26
701;51
701;84
701;174
702;4
702;12
702;25
702;50
702;150
702;222
703;4
703;12
703;25
703;52
703;125
703;225
704;5
704;13
704;25
704;50
704;101
704;204
705;4
705;13
705;25
705;49
705;99
705;226
706;4
706;13
706;25
706;50
706;126
706;169
707;4
707;12
707;21
707;49
707;126
707;170
708;4
708;13
708;25
708;63
708;84
708;202
709;6
709;10
709;21
709;63
709;130
709;194
710;4
710;13
710;25
710;51
710;101
710;163
711;4
711;13
711;25
711;62
711;149
711;163
712;4
712;13
712;38
712;51
712;150
712;164
713;4
713;12
713;38
713;63
713;151
713;241
714;8
714;10
714;24
714;48
714;145
714;171
715;4
715;12
715;25
715;51
715;150
715;177
716;4
716;13
716;25
716;49
716;149
716;227
717;8
717;13
717;25
717;75
717;124
717;322
718;4
718;12
718;38
718;75
718;124
718;176
719;8
719;13
719;21
719;50
719;100
719;177
720;4
720;12
720;33
720;75
720;124
720;199
721;4
721;13
721;34
721;75
721;126
721;226
722;4
722;17
722;25
722;51
722;127
722;203
723;4
723;17
723;33
723;42
723;101
723;168
724;4
724;12
724;25
724;50
724;84
724;480
725;5
725;10
725;25
725;50
725;156
725;176
726;4
726;13
726;25
726;51
726;101
726;177
727;4
727;13
727;25
727;75
727;154
727;176
728;4
728;12
728;25
728;50
728;156
728;176
729;4
729;13
729;26
729;42
729;150
729;224
730;6
730;10
730;37
730;50
730;99
730;175
731;5
731;10
731;28
731;51
731;102
731;203
732;5
732;10
732;28
732;74
732;101
732;201
733;5
733;10
733;28
733;51
733;94
733;163
734;5
734;10
734;25
734;56
734;100
734;175
735;7
735;10
735;28
735;56
735;103
735;169
736;5
736;13
736;29
736;63
736;94
736;170
737;5
737;10
737;28
737;56
737;100
737;166
738;5
738;10
738;32
738;63
738;85
738;227
739;5
739;11
739;25
739;63
739;87
739;232
740;6
740;10
740;25
740;57
740;84
740;306
741;4
741;10
741;29
741;55
741;113
741;175
742;5
742;10
742;31
742;63
742;87
742;187
743;5
743;16
743;31
743;64
743;158
743;218
744;5
744;10
744;25
744;50
744;127
744;349
745;5
745;11
745;32
745;63
745;125
745;220
746;5
746;10
746;30
746;63
746;126
746;218
747;5
747;11
747;25
747;50
747;87
747;189
748;5
748;11
748;31
748;56
748;88
748;169
749;5
749;11
749;32
749;50
749;127
749;189
750;5
750;10
750;26
750;64
750;100
750;202
751;6
751;10
751;21
751;63
751;88
751;169
752;5
752;10
752;26
752;63
752;100
752;163
753;5
753;11
753;31
753;50
753;100
753;276
754;5
754;10
754;32
754;63
754;126
754;164
755;5
755;10
755;32
755;50
755;100
755;163
756;7
756;10
756;25
756;63
756;101
756;164
757;4
757;11
757;25
757;63
757;125
757;164
758;5
758;10
758;25
758;50
758;125
758;164
759;5
759;10
759;26
759;50
759;112
759;168
760;5
760;11
760;28
760;63
760;112
760;169
761;6
761;12
761;38
761;77
761;116
761;221
762;4
762;16
762;31
762;73
762;146
762;185
763;6
763;19
763;25
763;63
763;145
763;163
764;6
764;19
764;32
764;65
764;124
764;218
765;6
765;12
765;32
765;63
765;95
765;191
766;6
766;13
766;25
766;62
766;126
766;221
767;5
767;19
767;32
767;63
767;95
767;221
768;6
768;13
768;32
768;63
768;94
768;221
769;6
769;13
769;31
769;63
769;100
769;221
770;6
770;11
770;32
770;63
770;159
770;160
771;6
771;10
771;31
771;63
771;158
771;189
772;6
772;10
772;33
772;68
772;135
772;167
773;5
773;10
773;28
773;47
773;134
773;302
774;5
774;10
774;28
774;67
774;100
774;166
775;5
775;10
775;28
775;56
775;94
775;169
776;5
776;10
776;28
776;56
776;126
776;170
777;8
777;10
777;33
777;64
777;95
777;196
778;5
778;18
778;32
778;63
778;101
778;188
779;5
779;14
779;24
779;62
779;94
779;187
780;4
780;17
780;29
780;58
780;85
780;170
781;4
781;17
781;25
781;63
781;86
781;256
782;8
782;12
782;21
782;76
782;83
782;192
783;4
783;12
783;24
783;48
783;101
783;206
784;4
784;13
784;25
784;42
784;127
784;196
785;4
785;13
785;24
785;49
785;85
785;175
786;4
786;13
786;38
786;51
786;148
786;222
787;4
787;12
787;25
787;51
787;126
787;203
788;5
788;12
788;37
788;50
788;126
788;206
789;4
789;13
789;25
789;50
789;99
789;223
790;4
790;10
790;21
790;51
790;98
790;169
791;4
791;13
791;25
791;50
791;84
791;169
792;4
792;13
792;25
792;63
792;102
792;176
793;6
793;10
793;21
793;63
793;100
793;210
794;4
794;17
794;21
794;49
794;125
794;163
795;4
795;17
795;21
795;64
795;94
795;163
796;8
796;10
796;38
796;74
796;98
796;223
797;4
797;13
797;24
797;50
797;97
797;226
798;8
798;10
798;25
798;76
798;102
798;224
799;4
799;13
799;25
799;50
799;125
799;275
800;4
800;13
800;25
800;75
800;127
800;224
801;9
801;13
801;38
801;49
801;150
801;223
802;8
802;13
802;38
802;76
802;101
802;163
803;8
803;12
803;20
803;49
803;100
803;184
804;4
804;17
804;25
804;50
804;100
804;175
805;4
805;17
805;25
805;50
805;101
805;175
806;4
806;17
806;25
806;50
806;84
806;178
807;4
807;17
807;33
807;50
807;84
807;170
808;4
808;13
808;33
808;50
808;101
808;174
809;5
809;18
809;25
809;49
809;151
809;177
810;4
810;13
810;25
810;50
810;146
810;174
811;4
811;10
811;25
811;63
811;85
811;177
812;4
812;12
812;25
812;50
812;126
812;200
813;4
813;13
813;21
813;63
813;126
813;175
814;6
814;10
814;27
814;50
814;151
814;177
815;5
815;10
815;28
815;47
815;124
815;197
816;5
816;10
816;28
816;77
816;128
816;310
817;5
817;10
817;28
817;73
817;97
817;190
818;5
818;10
818;28
818;51
818;102
818;174
819;7
819;10
819;27
819;63
819;87
819;169
820;5
820;10
820;28
820;56
820;101
820;166
821;5
821;10
821;28
821;47
821;126
821;193
822;5
822;10
822;25
822;57
822;85
822;168
823;5
823;10
823;25
823;42
823;85
823;192
824;6
824;11
824;21
824;42
824;87
824;224
825;4
825;11
825;28
825;57
825;114
825;224
826;5
826;10
826;25
826;57
826;125
826;163
827;5
827;11
827;31
827;63
827;155
827;188
828;5
828;10
828;25
828;63
828;126
828;221
829;5
829;11
829;32
829;63
829;126
829;220
830;5
830;11
830;25
830;62
830;123
830;163
831;5
831;16
831;31
831;56
831;114
831;163
832;5
832;11
832;31
832;56
832;126
832;165
833;5
833;11
833;32
833;50
833;101
833;164
834;5
834;11
834;38
834;50
834;101
834;164
835;6
835;10
835;25
835;63
835;100
835;169
836;5
836;16
836;25
836;62
836;100
836;235
837;5
837;12
837;26
837;63
837;125
837;175
838;5
838;10
838;32
838;50
838;126
838;318
839;5
839;16
839;31
839;63
839;94
839;176
840;7
840;10
840;32
840;63
840;95
840;224
841;5
841;11
841;25
841;63
841;95
841;221
842;5
842;11
842;31
842;63
842;95
842;220
843;5
843;11
843;32
843;63
843;158
843;188
844;5
844;12
844;30
844;64
844;100
844;219
845;6
845;10
845;34
845;72
845;102
845;210
846;4
846;19
846;38
846;67
846;100
846;299
847;6
847;19
847;38
847;65
847;134
847;164
848;6
848;19
848;31
848;63
848;158
848;196
849;6
849;19
849;32
849;63
849;100
849;189
850;6
850;12
850;32
850;64
850;101
850;188
851;5
851;19
851;32
851;63
851;158
851;190
852;6
852;19
852;32
852;62
852;95
852;190
853;6
853;12
853;31
853;62
853;158
853;190
854;6
854;11
854;25
854;63
854;127
854;190
855;6
855;10
855;28
855;50
855;151
855;254
856;6
856;10
856;28
856;63
856;125
856;312
857;5
857;10
857;28
857;47
857;94
857;188
858;5
858;11
858;28
858;56
858;95
858;228
859;5
859;10
859;28
859;64
859;129
859;162
860;5
860;10
860;32
860;56
860;98
860;215
861;7
861;10
861;31
861;63
861;130
861;161
862;5
862;10
862;31
862;63
862;94
862;190
863;5
863;14
863;32
863;65
863;159
863;160
864;8
864;17
864;21
864;67
864;126
864;189
865;8
865;13
865;25
865;42
865;95
865;186
866;9
866;17
866;32
866;50
866;94
866;312
867;8
867;13
867;21
867;63
867;127
867;318
868;8
868;17
868;21
868;63
868;95
868;318
869;8
869;12
869;32
869;63
869;95
869;164
870;9
870;13
870;38
870;63
870;126
870;160
871;8
871;17
871;31
871;64
871;101
871;177
872;8
872;17
872;38
872;60
872;150
872;221
873;8
873;17
873;38
873;57
873;128
873;224
874;8
874;13
874;38
874;50
874;124
874;220
875;8
875;17
875;37
875;50
875;101
875;225
876;8
876;16
876;33
876;50
876;95
876;221
877;9
877;17
877;33
877;63
877;100
877;225
878;8
878;17
878;37
878;50
878;102
878;163
879;9
879;13
879;38
879;49
879;126
879;163
880;9
880;13
880;38
880;50
880;125
880;168
881;8
881;13
881;33
881;49
881;100
881;175
882;8
882;17
882;38
882;50
882;100
882;166
883;8
883;17
883;38
883;50
883;101
883;168
884;8
884;12
884;33
884;50
884;100
884;167
885;8
885;12
885;33
885;51
885;100
885;167
886;8
886;13
886;33
886;51
886;126
886;169
887;9
887;13
887;25
887;49
887;84
887;171
888;5
888;12
888;21
888;42
888;84
888;268
889;5
889;13
889;21
889;67
889;84
889;253
890;4
890;13
890;21
890;63
890;85
890;170
891;4
891;13
891;21
891;42
891;84
891;168
892;4
892;12
892;21
892;42
892;87
892;172
893;5
893;14
893;21
893;51
893;84
893;190
894;4
894;13
894;25
894;51
894;85
894;168
895;6
895;14
895;37
895;75
895;94
895;228
896;5
896;19
896;28
896;56
896;95
896;240
897;5
897;10
897;23
897;47
897;95
897;284
898;5
898;10
898;29
898;75
898;85
898;188
899;5
899;19
899;28
899;56
899;96
899;284
900;4
900;10
900;24
900;75
900;93
900;284
901;5
901;10
901;24
901;70
901;97
901;284
902;5
902;10
902;24
902;56
902;93
902;190
903;7
903;10
903;32
903;50
903;101
903;201
904;5
904;16
904;21
904;50
904;101
904;169
905;5
905;11
905;21
905;42
905;126
905;160
906;5
906;16
906;26
906;50
906;100
906;160
907;5
907;16
907;21
907;50
907;99
907;160
908;5
908;10
908;24
908;51
908;100
908;160
909;5
909;10
909;31
909;50
909;100
909;160
910;4
910;16
910;32
910;75
910;100
910;160
911;4
911;11
911;32
911;50
911;100
911;160
912;6
912;16
912;25
912;50
912;100
912;169
913;9
913;13
913;22
913;51
913;124
913;206
914;5
914;14
914;22
914;49
914;143
914;190
915;4
915;13
915;21
915;50
915;99
915;190
916;4
916;10
916;21
916;50
916;99
916;161
917;4
917;19
917;20
917;50
917;99
917;189
918;9
918;16
918;39
918;42
918;100
918;210
919;5
919;10
919;26
919;42
919;84
919;170
920;4
920;10
920;21
920;63
920;85
920;170
921;4
921;10
921;21
921;47
921;84
921;169
922;4
922;12
922;24
922;47
922;95
922;167
923;8
923;12
923;24
923;47
923;93
923;284
924;6
924;10
924;20
924;50
924;100
924;201
925;4
925;11
925;25
925;50
925;101
925;203
926;4
926;18
926;25
926;50
926;100
926;452
927;4
927;14
927;28
927;57
927;113
927;170
928;8
928;14
928;28
928;57
928;111
928;170
929;9
929;10
929;32
929;50
929;127
929;170
930;5
930;19
930;25
930;63
930;126
930;316
931;4
931;19
931;25
931;63
931;126
931;201
932;6
932;13
932;25
932;50
932;127
932;251
933;6
933;13
933;25
933;50
933;126
933;252
934;6
934;13
934;25
934;50
934;128
934;190
935;5
935;13
935;25
935;63
935;127
935;201
936;4
936;13
936;38
936;50
936;127
936;190
937;5
937;19
937;20
937;40
937;111
937;228
938;4
938;12
938;24
938;75
938;94
938;242
939;4
939;19
939;24
939;75
939;113
939;225
940;5
940;11
940;24
940;75
940;132
940;228
941;4
941;12
941;20
941;75
941;94
941;188
942;4
942;12
942;20
942;75
942;113
942;301
943;4
943;12
943;20
943;75
943;113
943;226
944;4
944;12
944;38
944;75
944;112
944;168
945;7
945;10
945;20
945;67
945;84
945;201
946;4
946;17
946;21
946;42
946;84
946;213
947;8
947;12
947;21
947;63
947;85
947;211
948;4
948;17
948;21
948;67
948;84
948;168
949;4
949;17
949;21
949;67
949;84
949;169
950;4
950;10
950;25
950;67
950;118
950;192
951;5
951;17
951;21
951;67
951;84
951;210
952;4
952;17
952;21
952;42
952;85
952;169
953;4
953;13
953;33
953;67
953;85
953;256
954;5
954;17
954;22
954;42
954;84
954;252
955;9
955;12
955;20
955;51
955;128
955;172
956;5
956;14
956;21
956;42
956;83
956;190
957;4
957;11
957;22
957;50
957;83
957;190
958;4
958;17
958;21
958;42
958;85
958;189
959;4
959;17
959;21
959;42
959;84
959;210
960;9
960;17
960;25
960;67
960;82
960;190
961;5
961;10
961;24
961;40
961;95
961;190
962;4
962;16
962;24
962;40
962;128
962;189
963;8
963;16
963;22
963;40
963;112
963;379
964;7
964;14
964;28
964;42
964;114
964;169
965;7
965;14
965;28
965;56
965;111
965;170
966;6
966;10
966;26
966;50
966;100
966;201
967;4
967;19
967;25
967;50
967;101
967;203
968;6
968;13
968;25
968;50
968;100
968;201
969;6
969;12
969;30
969;47
969;96
969;240
970;6
970;12
970;24
970;47
970;94
970;240
971;8
971;12
971;20
971;47
971;95
971;205
972;5
972;13
972;21
972;42
972;84
972;256
973;5
973;12
973;21
973;67
973;85
973;301
974;4
974;13
974;21
974;42
974;85
974;170
975;4
975;13
975;21
975;42
975;118
975;170
976;4
976;12
976;21
976;42
976;117
976;172
977;5
977;14
977;34
977;42
977;85
977;190
978;4
978;13
978;33
978;42
978;85
978;169
979;6
979;19
979;24
979;75
979;95
979;215
980;5
980;19
980;24
980;75
980;95
980;237
981;5
981;10
981;38
981;75
981;95
981;190
982;5
982;10
982;24
982;75
982;95
982;289
983;5
983;10
983;24
983;75
983;95
983;263
984;4
984;10
984;38
984;75
984;113
984;284
985;5
985;10
985;38
985;75
985;113
985;284
986;5
986;10
986;37
986;48
986;93
986;189
987;6
987;10
987;31
987;53
987;101
987;201
988;5
988;16
988;26
988;50
988;84
988;160
989;5
989;16
989;26
989;50
989;84
989;160
990;5
990;11
990;25
990;63
990;127
990;253
991;5
991;16
991;21
991;63
991;99
991;201
992;9
992;10
992;24
992;63
992;101
992;160
993;5
993;11
993;32
993;50
993;100
993;160
994;4
994;11
994;32
994;51
994;100
994;160
995;4
995;11
995;32
995;42
995;100
995;169
996;6
996;16
996;25
996;63
996;100
996;160
997;9
997;12
997;20
997;51
997;128
997;172
998;5
998;14
998;21
998;50
998;101
998;190
999;4
999;11
999;25
999;42
999;101
999;190
1000;4
1000;15
1000;25
1000;48
1000;101
1000;227
1001;4
1001;16
1001;31
1001;63
1001;102
1001;189
1002;9
1002;18
1002;20
1002;42
1002;102
1002;210
1003;5
1003;10
1003;21
1003;42
1003;84
1003;211
1004;4
1004;11
1004;21
1004;42
1004;85
1004;169
1005;4
1005;12
1005;22
1005;47
1005;95
1005;289
1006;4
1006;12
1006;24
1006;47
1006;95
1006;240
1007;8
1007;12
1007;24
1007;47
1007;94
1007;189
1008;6
1008;10
1008;24
1008;50
1008;100
1008;201
1009;4
1009;12
1009;25
1009;50
1009;99
1009;202
1010;4
1010;12
1010;25
1010;50
1010;100
1010;301
1011;4
1011;14
1011;28
1011;56
1011;113
1011;170
1012;8
1012;14
1012;28
1012;57
1012;112
1012;170
1013;7
1013;13
1013;25
1013;56
1013;126
1013;257
1014;6
1014;13
1014;25
1014;75
1014;125
1014;301
1015;6
1015;13
1015;25
1015;44
1015;128
1015;301
1016;6
1016;13
1016;25
1016;75
1016;126
1016;253
1017;6
1017;13
1017;25
1017;50
1017;127
1017;253
1018;6
1018;13
1018;25
1018;50
1018;127
1018;190
1019;6
1019;13
1019;25
1019;63
1019;151
1019;253
1020;6
1020;13
1020;25
1020;44
1020;127
1020;190
1021;7
1021;19
1021;37
1021;75
1021;150
1021;229
1022;4
1022;16
1022;20
1022;75
1022;151
1022;190
1023;4
1023;16
1023;32
1023;75
1023;150
1023;228
1024;8
1024;16
1024;32
1024;75
1024;150
1024;191
1025;8
1025;16
1025;32
1025;75
1025;150
1025;190
1026;8
1026;13
1026;20
1026;75
1026;94
1026;300
1027;8
1027;12
1027;21
1027;42
1027;95
1027;214
1028;8
1028;17
1028;21
1028;54
1028;84
1028;268
1029;4
1029;13
1029;21
1029;67
1029;85
1029;169
1030;4
1030;13
1030;21
1030;42
1030;84
1030;256
1031;8
1031;13
1031;21
1031;42
1031;101
1031;211
1032;8
1032;13
1032;21
1032;67
1032;88
1032;253
1033;8
1033;13
1033;21
1033;67
1033;84
1033;211
1034;9
1034;13
1034;21
1034;50
1034;84
1034;256
1035;7
1035;13
1035;21
1035;50
1035;84
1035;190
1036;9
1036;13
1036;25
1036;50
1036;84
1036;169
1037;6
1037;13
1037;33
1037;75
1037;94
1037;296
1038;8
1038;13
1038;33
1038;50
1038;84
1038;214
1039;6
1039;13
1039;34
1039;50
1039;88
1039;203
1040;6
1040;13
1040;34
1040;50
1040;88
1040;210
1041;7
1041;13
1041;33
1041;50
1041;88
1041;214
1042;7
1042;13
1042;33
1042;75
1042;87
1042;160
1043;6
1043;13
1043;21
1043;67
1043;88
1043;175
1044;8
1044;13
1044;33
1044;51
1044;87
1044;169
1045;7
1045;13
1045;33
1045;51
1045;88
1045;210
1046;8
1046;13
1046;21
1046;51
1046;87
1046;211
1047;7
1047;13
1047;33
1047;50
1047;87
1047;212
1048;7
1048;13
1048;37
1048;51
1048;124
1048;211
1049;6
1049;13
1049;33
1049;51
1049;87
1049;210
1050;7
1050;13
1050;33
1050;50
1050;87
1050;210
1051;6
1051;12
1051;37
1051;62
1051;123
1051;209
1052;7
1052;13
1052;37
1052;49
1052;87
1052;210
1053;6
1053;13
1053;38
1053;51
1053;87
1053;210
1054;4
1054;12
1054;21
1054;50
1054;124
1054;210
1055;7
1055;10
1055;24
1055;50
1055;95
1055;232
1056;6
1056;12
1056;24
1056;72
1056;123
1056;210
1057;6
1057;13
1057;25
1057;50
1057;112
1057;202
1058;6
1058;13
1058;39
1058;40
1058;83
1058;301
1059;6
1059;14
1059;28
1059;55
1059;83
1059;201
1060;6
1060;14
1060;28
1060;57
1060;85
1060;196
1061;6
1061;14
1061;29
1061;56
1061;85
1061;168
1062;6
1062;14
1062;28
1062;57
1062;84
1062;250
1063;6
1063;15
1063;28
1063;47
1063;124
1063;170
1064;6
1064;16
1064;32
1064;64
1064;97
1064;207
1065;6
1065;16
1065;31
1065;63
1065;125
1065;204
1066;6
1066;15
1066;31
1066;62
1066;125
1066;226
1067;6
1067;13
1067;26
1067;63
1067;95
1067;205
1068;6
1068;12
1068;25
1068;63
1068;126
1068;163
1069;6
1069;12
1069;25
1069;63
1069;95
1069;251
1070;6
1070;13
1070;25
1070;63
1070;95
1070;176
1071;6
1071;13
1071;26
1071;51
1071;126
1071;201
1072;6
1072;12
1072;24
1072;63
1072;94
1072;177
1073;6
1073;12
1073;25
1073;63
1073;95
1073;177
1074;7
1074;15
1074;31
1074;62
1074;95
1074;220
1075;8
1075;16
1075;31
1075;63
1075;94
1075;316
1076;8
1076;16
1076;32
1076;60
1076;96
1076;220
1077;8
1077;17
1077;34
1077;67
1077;101
1077;169
1078;8
1078;17
1078;34
1078;67
1078;101
1078;168
1079;7
1079;10
1079;34
1079;67
1079;126
1079;167
1080;8
1080;16
1080;33
1080;67
1080;126
1080;164
1081;8
1081;16
1081;32
1081;63
1081;127
1081;168
1082;8
1082;17
1082;34
1082;67
1082;101
1082;168
1083;8
1083;17
1083;33
1083;67
1083;100
1083;218
1084;9
1084;10
1084;33
1084;66
1084;133
1084;166
1085;8
1085;16
1085;32
1085;64
1085;128
1085;160
1086;7
1086;14
1086;29
1086;67
1086;100
1086;166
1087;6
1087;16
1087;32
1087;67
1087;102
1087;239
1088;6
1088;16
1088;31
1088;63
1088;95
1088;187
1089;6
1089;16
1089;31
1089;62
1089;95
1089;238
1090;6
1090;16
1090;32
1090;64
1090;96
1090;237
1091;6
1091;15
1091;31
1091;62
1091;95
1091;185
1092;6
1092;14
1092;29
1092;63
1092;102
1092;196
1093;6
1093;14
1093;32
1093;63
1093;102
1093;190
1094;6
1094;14
1094;31
1094;64
1094;102
1094;188
1095;6
1095;13
1095;32
1095;67
1095;102
1095;188
1096;6
1096;12
1096;31
1096;63
1096;102
1096;185
1097;5
1097;11
1097;37
1097;49
1097;96
1097;165
1098;5
1098;13
1098;25
1098;51
1098;101
1098;202
1099;5
1099;12
1099;25
1099;63
1099;87
1099;163
1100;6
1100;13
1100;27
1100;56
1100;95
1100;296
1101;5
1101;14
1101;28
1101;56
1101;112
1101;224
1102;5
1102;14
1102;28
1102;56
1102;113
1102;225
1103;5
1103;10
1103;25
1103;56
1103;85
1103;426
1104;5
1104;10
1104;28
1104;56
1104;83
1104;463
1105;5
1105;16
1105;32
1105;48
1105;143
1105;224
1106;5
1106;16
1106;32
1106;47
1106;95
1106;160
1107;5
1107;10
1107;31
1107;62
1107;155
1107;324
1108;5
1108;11
1108;27
1108;54
1108;137
1108;207
1109;5
1109;10
1109;31
1109;63
1109;112
1109;319
1110;5
1110;11
1110;21
1110;61
1110;95
1110;165
1111;5
1111;12
1111;25
1111;50
1111;95
1111;163
1112;5
1112;12
1112;25
1112;52
1112;95
1112;225
1113;5
1113;12
1113;24
1113;63
1113;95
1113;201
1114;5
1114;11
1114;25
1114;62
1114;95
1114;163
1115;5
1115;11
1115;24
1115;51
1115;95
1115;188
1116;6
1116;11
1116;37
1116;63
1116;151
1116;161
1117;5
1117;11
1117;25
1117;63
1117;150
1117;189
1118;5
1118;10
1118;28
1118;64
1118;134
1118;200
1119;9
1119;10
1119;24
1119;48
1119;119
1119;270
1120;5
1120;12
1120;28
1120;56
1120;94
1120;270
1121;9
1121;12
1121;24
1121;47
1121;94
1121;259
1122;9
1122;10
1122;28
1122;56
1122;94
1122;190
1123;9
1123;10
1123;28
1123;59
1123;154
1123;189
1124;9
1124;10
1124;24
1124;72
1124;120
1124;191
1125;9
1125;10
1125;24
1125;71
1125;118
1125;200
1126;5
1126;10
1126;24
1126;72
1126;108
1126;180
1127;5
1127;11
1127;28
1127;71
1127;94
1127;471
1128;6
1128;12
1128;28
1128;47
1128;119
1128;259
1129;6
1129;12
1129;25
1129;50
1129;101
1129;177
1130;6
1130;12
1130;25
1130;50
1130;101
1130;188
1131;6
1131;12
1131;25
1131;49
1131;101
1131;188
1132;6
1132;13
1132;38
1132;63
1132;101
1132;177
1133;6
1133;13
1133;38
1133;50
1133;101
1133;177
1134;7
1134;12
1134;31
1134;63
1134;101
1134;196
1135;6
1135;12
1135;31
1135;63
1135;101
1135;201
1136;6
1136;12
1136;22
1136;78
1136;100
1136;222
1137;6
1137;12
1137;20
1137;78
1137;97
1137;213
1138;6
1138;13
1138;22
1138;76
1138;95
1138;207
1139;7
1139;13
1139;24
1139;73
1139;97
1139;207
1140;6
1140;13
1140;25
1140;75
1140;100
1140;212
1141;6
1141;19
1141;25
1141;50
1141;129
1141;204
1142;6
1142;14
1142;28
1142;57
1142;115
1142;188
1143;6
1143;14
1143;28
1143;56
1143;88
1143;181
1144;6
1144;12
1144;28
1144;75
1144;158
1144;476
1145;6
1145;12
1145;31
1145;75
1145;95
1145;322
1146;6
1146;12
1146;28
1146;75
1146;87
1146;201
1147;6
1147;16
1147;32
1147;64
1147;96
1147;230
1148;6
1148;17
1148;33
1148;63
1148;101
1148;234
1149;6
1149;16
1149;31
1149;63
1149;101
1149;224
1150;6
1150;15
1150;27
1150;51
1150;101
1150;226
1151;6
1151;13
1151;25
1151;50
1151;101
1151;221
1152;7
1152;12
1152;25
1152;51
1152;116
1152;178
1153;6
1153;12
1153;37
1153;50
1153;95
1153;185
1154;6
1154;13
1154;38
1154;63
1154;102
1154;178
1155;6
1155;12
1155;24
1155;63
1155;102
1155;196
1156;6
1156;12
1156;24
1156;63
1156;95
1156;163
1157;6
1157;13
1157;29
1157;59
1157;142
1157;160
1158;7
1158;13
1158;31
1158;78
1158;158
1158;188
1159;7
1159;15
1159;38
1159;63
1159;95
1159;243
1160;9
1160;10
1160;33
1160;66
1160;102
1160;165
1161;8
1161;16
1161;34
1161;67
1161;100
1161;168
1162;8
1162;17
1162;34
1162;67
1162;134
1162;167
1163;8
1163;16
1163;33
1163;63
1163;126
1163;163
1164;8
1164;17
1164;34
1164;67
1164;100
1164;458
1165;8
1165;10
1165;33
1165;63
1165;94
1165;167
1166;8
1166;17
1166;34
1166;62
1166;102
1166;204
1167;8
1167;19
1167;38
1167;63
1167;113
1167;227
1168;8
1168;19
1168;37
1168;63
1168;111
1168;226
1169;8
1169;17
1169;34
1169;63
1169;100
1169;227
1170;8
1170;15
1170;31
1170;62
1170;126
1170;190
1171;6
1171;16
1171;33
1171;63
1171;102
1171;238
1172;6
1172;16
1172;32
1172;63
1172;95
1172;190
1173;7
1173;16
1173;31
1173;63
1173;95
1173;188
1174;6
1174;15
1174;31
1174;62
1174;93
1174;248
1175;6
1175;15
1175;29
1175;58
1175;95
1175;243
1176;6
1176;13
1176;31
1176;63
1176;102
1176;196
1177;6
1177;13
1177;31
1177;63
1177;102
1177;189
1178;6
1178;12
1178;32
1178;59
1178;102
1178;188
1179;6
1179;12
1179;31
1179;62
1179;102
1179;187
1180;6
1180;12
1180;34
1180;62
1180;102
1180;181
1181;5
1181;13
1181;26
1181;77
1181;116
1181;165
1182;5
1182;10
1182;24
1182;74
1182;111
1182;198
1183;5
1183;11
1183;25
1183;50
1183;95
1183;188
1184;5
1184;10
1184;28
1184;54
1184;112
1184;317
1185;5
1185;10
1185;28
1185;57
1185;111
1185;320
1186;6
1186;10
1186;28
1186;56
1186;113
1186;169
1187;5
1187;10
1187;28
1187;72
1187;111
1187;198
1188;5
1188;11
1188;28
1188;76
1188;86
1188;422
1189;5
1189;11
1189;33
1189;63
1189;95
1189;164
1190;5
1190;10
1190;32
1190;64
1190;95
1190;236
1191;5
1191;11
1191;31
1191;63
1191;84
1191;251
1192;5
1192;10
1192;33
1192;63
1192;95
1192;256
1193;5
1193;10
1193;32
1193;63
1193;95
1193;296
1194;5
1194;10
1194;33
1194;63
1194;95
1194;165
1195;5
1195;13
1195;25
1195;50
1195;95
1195;175
1196;5
1196;12
1196;25
1196;63
1196;95
1196;250
1197;5
1197;13
1197;25
1197;63
1197;95
1197;201
1198;5
1198;13
1198;25
1198;63
1198;95
1198;176
1199;5
1199;10
1199;26
1199;51
1199;95
1199;161
1200;5
1200;10
1200;25
1200;62
1200;137
1200;161
1201;5
1201;10
1201;26
1201;62
1201;138
1201;178
1202;5
1202;10
1202;22
1202;63
1202;137
1202;260
1203;9
1203;10
1203;28
1203;56
1203;85
1203;270
1204;9
1204;10
1204;24
1204;56
1204;94
1204;270
1205;5
1205;12
1205;24
1205;56
1205;94
1205;190
1206;5
1206;12
1206;24
1206;47
1206;94
1206;200
1207;5
1207;11
1207;35
1207;48
1207;94
1207;166
1208;9
1208;10
1208;24
1208;47
1208;119
1208;214
1209;9
1209;12
1209;23
1209;58
1209;117
1209;210
1210;5
1210;10
1210;25
1210;50
1210;94
1210;227
1211;5
1211;11
1211;37
1211;50
1211;149
1211;223
1212;6
1212;12
1212;35
1212;47
1212;94
1212;227
1213;6
1213;12
1213;25
1213;50
1213;101
1213;175
1214;6
1214;13
1214;38
1214;51
1214;101
1214;179
1215;6
1215;13
1215;38
1215;49
1215;101
1215;172
1216;6
1216;13
1216;38
1216;63
1216;101
1216;176
1217;6
1217;13
1217;37
1217;50
1217;101
1217;175
1218;6
1218;12
1218;37
1218;63
1218;101
1218;177
1219;6
1219;13
1219;26
1219;50
1219;101
1219;199
1220;6
1220;13
1220;25
1220;48
1220;96
1220;178
1221;6
1221;13
1221;31
1221;63
1221;95
1221;283
1222;6
1222;11
1222;28
1222;45
1222;96
1222;170
1223;6
1223;13
1223;37
1223;44
1223;144
1223;214
1224;6
1224;11
1224;39
1224;40
1224;121
1224;319
1225;4
1225;11
1225;21
1225;43
1225;107
1225;322
1226;5
1226;10
1226;21
1226;43
1226;106
1226;320
1227;5
1227;10
1227;21
1227;42
1227;105
1227;315
1228;5
1228;12
1228;22
1228;43
1228;106
1228;320
1229;5
1229;10
1229;21
1229;43
1229;106
1229;320
1230;5
1230;10
1230;21
1230;42
1230;106
1230;317
1231;5
1231;10
1231;24
1231;47
1231;94
1231;211
1232;5
1232;10
1232;21
1232;42
1232;105
1232;209
1233;9
1233;10
1233;38
1233;41
1233;104
1233;211
1234;5
1234;10
1234;37
1234;75
1234;94
1234;316
1235;4
1235;10
1235;37
1235;56
1235;93
1235;318
1236;5
1236;10
1236;38
1236;57
1236;94
1236;226
1237;5
1237;11
1237;38
1237;57
1237;94
1237;227
1238;6
1238;12
1238;38
1238;40
1238;94
1238;212
1239;6
1239;13
1239;24
1239;48
1239;96
1239;217
1240;6
1240;12
1240;25
1240;50
1240;100
1240;200
1241;6
1241;13
1241;25
1241;50
1241;101
1241;201
1242;6
1242;12
1242;25
1242;50
1242;101
1242;202
1243;6
1243;13
1243;25
1243;50
1243;101
1243;177
1244;6
1244;12
1244;25
1244;49
1244;100
1244;172
1245;6
1245;13
1245;25
1245;75
1245;100
1245;178
1246;6
1246;12
1246;26
1246;77
1246;100
1246;180
1247;6
1247;19
1247;25
1247;49
1247;98
1247;221
1248;6
1248;12
1248;38
1248;51
1248;125
1248;342
1249;7
1249;12
1249;27
1249;51
1249;150
1249;175
1250;6
1250;13
1250;25
1250;50
1250;149
1250;174
1251;6
1251;10
1251;20
1251;49
1251;100
1251;173
1252;6
1252;12
1252;21
1252;51
1252;149
1252;214
1253;6
1253;10
1253;28
1253;51
1253;101
1253;173
1254;6
1254;10
1254;25
1254;50
1254;98
1254;195
1255;6
1255;10
1255;24
1255;74
1255;98
1255;321
1256;6
1256;10
1256;28
1256;75
1256;100
1256;325
1257;6
1257;13
1257;27
1257;56
1257;112
1257;219
1258;6
1258;12
1258;28
1258;56
1258;112
1258;197
1259;6
1259;10
1259;28
1259;56
1259;85
1259;197
1260;6
1260;12
1260;32
1260;63
1260;113
1260;191
1261;6
1261;13
1261;31
1261;63
1261;125
1261;219
1262;6
1262;12
1262;31
1262;56
1262;94
1262;220
1263;5
1263;11
1263;31
1263;56
1263;158
1263;220
1264;5
1264;10
1264;28
1264;56
1264;100
1264;193
1265;8
1265;10
1265;33
1265;63
1265;159
1265;184
1266;8
1266;17
1266;21
1266;67
1266;126
1266;200
1267;8
1267;17
1267;21
1267;67
1267;100
1267;234
1268;8
1268;13
1268;34
1268;67
1268;100
1268;167
1269;8
1269;17
1269;21
1269;68
1269;100
1269;172
1270;8
1270;16
1270;21
1270;77
1270;155
1270;185
1271;8
1271;17
1271;21
1271;68
1271;102
1271;170
1272;8
1272;17
1272;32
1272;64
1272;159
1272;163
1273;9
1273;11
1273;32
1273;63
1273;139
1273;221
1274;5
1274;10
1274;31
1274;63
1274;94
1274;220
1275;5
1275;10
1275;32
1275;63
1275;158
1275;221
1276;5
1276;10
1276;32
1276;42
1276;158
1276;190
1277;5
1277;10
1277;31
1277;63
1277;88
1277;221
1278;5
1278;11
1278;28
1278;63
1278;83
1278;194
1279;5
1279;10
1279;28
1279;63
1279;84
1279;169
1280;5
1280;11
1280;26
1280;54
1280;108
1280;216
1281;5
1281;10
1281;37
1281;56
1281;141
1281;170
1282;9
1282;10
1282;24
1282;56
1282;141
1282;169
1283;9
1283;10
1283;24
1283;56
1283;141
1283;169
1284;9
1284;10
1284;28
1284;56
1284;141
1284;169
1285;9
1285;10
1285;28
1285;56
1285;112
1285;169
1286;9
1286;10
1286;28
1286;56
1286;141
1286;169
1287;9
1287;10
1287;28
1287;56
1287;112
1287;168
1288;9
1288;10
1288;25
1288;50
1288;149
1288;254
1289;9
1289;10
1289;25
1289;49
1289;150
1289;174
1290;9
1290;10
1290;25
1290;50
1290;150
1290;175
1291;9
1291;10
1291;24
1291;48
1291;95
1291;169
1292;9
1292;10
1292;37
1292;48
1292;143
1292;167
1293;9
1293;10
1293;24
1293;47
1293;141
1293;165
1294;9
1294;10
1294;25
1294;50
1294;152
1294;177
1295;9
1295;10
1295;23
1295;46
1295;159
1295;162
1296;9
1296;10
1296;38
1296;50
1296;95
1296;165
1297;9
1297;10
1297;37
1297;51
1297;100
1297;163
1298;9
1298;10
1298;38
1298;48
1298;95
1298;166
1299;9
1299;10
1299;37
1299;56
1299;150
1299;205
1300;9
1300;19
1300;38
1300;57
1300;152
1300;209
1301;9
1301;10
1301;36
1301;57
1301;95
1301;192
1302;5
1302;10
1302;37
1302;56
1302;94
1302;299
1303;5
1303;19
1303;38
1303;75
1303;94
1303;205
1304;5
1304;10
1304;38
1304;57
1304;94
1304;166
1305;9
1305;10
1305;38
1305;57
1305;96
1305;292
1306;8
1306;10
1306;28
1306;57
1306;94
1306;204
1307;9
1307;10
1307;32
1307;78
1307;97
1307;310
1308;5
1308;10
1308;21
1308;79
1308;80
1308;320
1309;5
1309;11
1309;21
1309;43
1309;86
1309;215
1310;5
1310;10
1310;21
1310;63
1310;84
1310;210
1311;5
1311;10
1311;21
1311;63
1311;106
1311;211
1312;6
1312;11
1312;21
1312;63
1312;106
1312;211
1313;5
1313;10
1313;21
1313;63
1313;84
1313;210
1314;5
1314;11
1314;21
1314;64
1314;106
1314;213
1315;9
1315;10
1315;38
1315;71
1315;119
1315;214
1316;9
1316;10
1316;28
1316;75
1316;84
1316;215
1317;5
1317;10
1317;28
1317;74
1317;112
1317;223
1318;9
1318;10
1318;28
1318;75
1318;94
1318;340
1319;9
1319;10
1319;28
1319;75
1319;94
1319;337
1320;9
1320;10
1320;28
1320;75
1320;113
1320;338
1321;9
1321;10
1321;38
1321;75
1321;113
1321;339
1322;5
1322;11
1322;28
1322;79
1322;97
1322;327
1323;6
1323;12
1323;38
1323;71
1323;119
1323;334
1324;6
1324;12
1324;38
1324;72
1324;120
1324;312
1325;6
1325;13
1325;25
1325;75
1325;126
1325;327
1326;6
1326;12
1326;25
1326;75
1326;126
1326;352
1327;6
1327;12
1327;38
1327;75
1327;125
1327;225
1328;6
1328;12
1328;38
1328;75
1328;155
1328;180
1329;6
1329;12
1329;25
1329;49
1329;147
1329;171
1330;6
1330;12
1330;25
1330;51
1330;154
1330;180
1331;6
1331;13
1331;25
1331;50
1331;88
1331;225
1332;6
1332;12
1332;28
1332;50
1332;88
1332;176
1333;7
1333;13
1333;25
1333;62
1333;88
1333;400
1334;6
1334;12
1334;25
1334;50
1334;88
1334;169
1335;6
1335;12
1335;28
1335;50
1335;100
1335;169
1336;6
1336;12
1336;37
1336;50
1336;100
1336;163
1337;6
1337;10
1337;25
1337;50
1337;88
1337;190
1338;7
1338;19
1338;22
1338;45
1338;153
1338;165
1339;6
1339;19
1339;25
1339;50
1339;126
1339;177
1340;6
1340;10
1340;24
1340;50
1340;150
1340;200
1341;6
1341;13
1341;28
1341;56
1341;100
1341;198
1342;6
1342;14
1342;28
1342;63
1342;100
1342;197
1343;6
1343;14
1343;26
1343;57
1343;100
1343;198
1344;6
1344;10
1344;32
1344;63
1344;95
1344;221
1345;6
1345;10
1345;32
1345;63
1345;95
1345;222
1346;6
1346;10
1346;32
1346;63
1346;94
1346;189
1347;5
1347;10
1347;32
1347;63
1347;95
1347;222
1348;4
1348;12
1348;30
1348;60
1348;95
1348;169
1349;9
1349;10
1349;21
1349;67
1349;100
1349;163
1350;8
1350;13
1350;34
1350;67
1350;101
1350;202
1351;8
1351;12
1351;33
1351;66
1351;100
1351;333
1352;8
1352;12
1352;21
1352;63
1352;126
1352;223
1353;8
1353;17
1353;28
1353;57
1353;84
1353;227
1354;8
1354;17
1354;27
1354;55
1354;84
1354;166
1355;8
1355;12
1355;26
1355;60
1355;84
1355;388
1356;9
1356;10
1356;25
1356;42
1356;84
1356;201
1357;6
1357;10
1357;31
1357;63
1357;100
1357;190
1358;5
1358;10
1358;32
1358;50
1358;126
1358;189
1359;5
1359;10
1359;32
1359;50
1359;100
1359;189
1360;5
1360;10
1360;31
1360;50
1360;125
1360;218
1361;5
1361;10
1361;30
1361;42
1361;95
1361;208
1362;5
1362;10
1362;29
1362;42
1362;127
1362;203
1363;5
1363;11
1363;28
1363;50
1363;125
1363;188
1364;5
1364;15
1364;27
1364;54
1364;159
1364;160
1365;9
1365;10
1365;28
1365;56
1365;113
1365;169
1366;9
1366;10
1366;28
1366;56
1366;85
1366;169
1367;9
1367;10
1367;24
1367;56
1367;85
1367;169
1368;9
1368;10
1368;38
1368;56
1368;141
1368;169
1369;9
1369;10
1369;28
1369;57
1369;142
1369;171
1370;9
1370;10
1370;28
1370;56
1370;113
1370;166
1371;9
1371;10
1371;28
1371;57
1371;94
1371;166
1372;9
1372;10
1372;28
1372;56
1372;88
1372;171
1373;9
1373;10
1373;28
1373;75
1373;159
1373;178
1374;9
1374;10
1374;28
1374;75
1374;85
1374;226
1375;9
1375;10
1375;28
1375;55
1375;94
1375;178
1376;9
1376;10
1376;38
1376;76
1376;88
1376;178
1377;9
1377;10
1377;25
1377;75
1377;94
1377;178
1378;9
1378;10
1378;37
1378;75
1378;88
1378;178
1379;9
1379;10
1379;37
1379;75
1379;88
1379;178
1380;9
1380;10
1380;37
1380;75
1380;88
1380;178
1381;9
1381;10
1381;38
1381;75
1381;152
1381;218
1382;9
1382;10
1382;25
1382;75
1382;88
1382;178
1383;9
1383;10
1383;25
1383;75
1383;94
1383;228
1384;9
1384;10
1384;25
1384;76
1384;127
1384;201
1385;9
1385;10
1385;26
1385;76
1385;152
1385;178
1386;6
1386;12
1386;24
1386;73
1386;124
1386;168
1387;3
1387;19
1387;25
1387;75
1387;125
1387;176
1388;9
1388;12
1388;25
1388;75
1388;150
1388;175
1389;5
1389;13
1389;25
1389;50
1389;149
1389;174
1390;4
1390;12
1390;25
1390;50
1390;150
1390;251
1391;7
1391;10
1391;25
1391;51
1391;151
1391;224
1392;5
1392;13
1392;25
1392;51
1392;150
1392;225
1393;4
1393;17
1393;25
1393;50
1393;149
1393;201
1394;4
1394;17
1394;25
1394;48
1394;143
1394;191
1395;4
1395;13
1395;33
1395;50
1395;153
1395;177
1396;7
1396;10
1396;25
1396;51
1396;150
1396;251
1397;5
1397;17
1397;25
1397;50
1397;100
1397;175
1398;4
1398;17
1398;25
1398;50
1398;126
1398;175
1399;4
1399;12
1399;25
1399;75
1399;149
1399;226
1400;4
1400;13
1400;25
1400;50
1400;84
1400;225
1401;4
1401;12
1401;25
1401;49
1401;125
1401;224
1402;5
1402;10
1402;24
1402;50
1402;125
1402;225
1403;5
1403;10
1403;28
1403;47
1403;103
1403;205
1404;4
1404;10
1404;28
1404;73
1404;100
1404;317
1405;5
1405;10
1405;28
1405;50
1405;100
1405;225
1406;5
1406;10
1406;28
1406;51
1406;100
1406;166
1407;6
1407;11
1407;28
1407;42
1407;100
1407;223
1408;5
1408;10
1408;28
1408;56
1408;100
1408;252
1409;5
1409;10
1409;33
1409;58
1409;143
1409;169
1410;5
1410;10
1410;25
1410;50
1410;141
1410;169
1411;5
1411;10
1411;25
1411;50
1411;86
1411;286
1412;7
1412;10
1412;21
1412;56
1412;83
1412;305
1413;4
1413;11
1413;28
1413;57
1413;113
1413;163
1414;5
1414;11
1414;30
1414;63
1414;113
1414;175
1415;5
1415;10
1415;25
1415;64
1415;125
1415;345
1416;5
1416;10
1416;25
1416;65
1416;126
1416;221
1417;9
1417;10
1417;32
1417;63
1417;126
1417;221
1418;4
1418;16
1418;25
1418;62
1418;124
1418;216
1419;5
1419;10
1419;21
1419;57
1419;114
1419;228
1420;5
1420;10
1420;28
1420;55
1420;126
1420;189
1421;5
1421;10
1421;25
1421;64
1421;101
1421;241
1422;5
1422;10
1422;21
1422;50
1422;101
1422;220
1423;5
1423;11
1423;22
1423;63
1423;101
1423;201
1424;5
1424;10
1424;21
1424;57
1424;127
1424;235
1425;6
1425;10
1425;25
1425;78
1425;127
1425;223
1426;5
1426;10
1426;25
1426;63
1426;94
1426;190
1427;5
1427;10
1427;25
1427;64
1427;94
1427;214
1428;6
1428;11
1428;25
1428;56
1428;125
1428;189
1429;5
1429;11
1429;25
1429;64
1429;127
1429;191
1430;5
1430;11
1430;25
1430;64
1430;155
1430;190
1431;5
1431;10
1431;31
1431;63
1431;127
1431;218
1432;5
1432;11
1432;28
1432;63
1432;126
1432;189
1433;7
1433;10
1433;37
1433;40
1433;95
1433;179
1434;4
1434;12
1434;38
1434;74
1434;149
1434;186
1435;6
1435;12
1435;38
1435;50
1435;148
1435;215
1436;6
1436;12
1436;31
1436;63
1436;95
1436;187
1437;6
1437;12
1437;32
1437;50
1437;159
1437;218
1438;9
1438;10
1438;31
1438;65
1438;95
1438;218
1439;4
1439;19
1439;25
1439;63
1439;95
1439;284
1440;6
1440;13
1440;25
1440;62
1440;126
1440;285
1441;6
1441;12
1441;25
1441;62
1441;93
1441;281
1442;6
1442;11
1442;25
1442;63
1442;130
1442;185
1443;6
1443;12
1443;27
1443;51
1443;127
1443;218
1444;5
1444;19
1444;28
1444;63
1444;125
1444;190
1445;5
1445;10
1445;28
1445;63
1445;127
1445;190
1446;4
1446;10
1446;28
1446;63
1446;127
1446;318
1447;5
1447;10
1447;28
1447;60
1447;127
1447;219
1448;5
1448;10
1448;28
1448;56
1448;142
1448;170
1449;5
1449;11
1449;32
1449;63
1449;127
1449;219
1450;5
1450;10
1450;31
1450;63
1450;157
1450;185
1451;4
1451;10
1451;31
1451;63
1451;155
1451;185
1452;4
1452;17
1452;33
1452;64
1452;95
1452;314
1453;4
1453;13
1453;33
1453;50
1453;127
1453;282
1454;7
1454;10
1454;21
1454;64
1454;131
1454;295
1455;5
1455;12
1455;31
1455;79
1455;125
1455;221
1456;4
1456;13
1456;21
1456;63
1456;127
1456;319
1457;4
1457;17
1457;38
1457;50
1457;128
1457;224
1458;4
1458;10
1458;38
1458;57
1458;126
1458;220
1459;7
1459;10
1459;29
1459;63
1459;94
1459;247
1460;5
1460;13
1460;28
1460;56
1460;139
1460;167
1461;4
1461;13
1461;28
1461;56
1461;140
1461;253
1462;4
1462;13
1462;25
1462;51
1462;125
1462;169
1463;4
1463;13
1463;21
1463;50
1463;124
1463;225
1464;4
1464;14
1464;21
1464;51
1464;97
1464;224
1465;5
1465;13
1465;21
1465;50
1465;140
1465;163
1466;4
1466;12
1466;25
1466;50
1466;100
1466;163
1467;4
1467;13
1467;25
1467;50
1467;148
1467;163
1468;4
1468;13
1468;25
1468;75
1468;125
1468;227
1469;4
1469;13
1469;21
1469;51
1469;132
1469;226
1470;6
1470;10
1470;25
1470;50
1470;156
1470;174
1471;4
1471;12
1471;25
1471;51
1471;125
1471;252
1472;4
1472;13
1472;21
1472;50
1472;151
1472;175
1473;4
1473;13
1473;25
1473;50
1473;150
1473;163
1474;4
1474;12
1474;25
1474;49
1474;100
1474;225
1475;7
1475;10
1475;25
1475;51
1475;150
1475;176
1476;5
1476;13
1476;25
1476;50
1476;84
1476;174
1477;4
1477;12
1477;25
1477;50
1477;151
1477;174
1478;4
1478;13
1478;25
1478;50
1478;126
1478;175
1479;4
1479;13
1479;25
1479;51
1479;84
1479;176
1480;7
1480;10
1480;25
1480;52
1480;100
1480;173
1481;5
1481;13
1481;25
1481;50
1481;127
1481;176
1482;4
1482;13
1482;38
1482;50
1482;148
1482;175
1483;4
1483;13
1483;21
1483;75
1483;125
1483;221
1484;4
1484;13
1484;25
1484;49
1484;149
1484;172
1485;4
1485;10
1485;21
1485;62
1485;99
1485;175
1486;5
1486;10
1486;25
1486;75
1486;125
1486;175
1487;5
1487;10
1487;28
1487;77
1487;128
1487;223
1488;4
1488;10
1488;28
1488;74
1488;124
1488;222
1489;5
1489;10
1489;28
1489;56
1489;95
1489;487
1490;5
1490;10
1490;28
1490;56
1490;127
1490;164
1491;5
1491;10
1491;28
1491;56
1491;140
1491;253
1492;5
1492;10
1492;27
1492;63
1492;84
1492;224
1493;4
1493;10
1493;31
1493;57
1493;117
1493;202
1494;5
1494;10
1494;28
1494;63
1494;84
1494;214
1495;5
1495;10
1495;25
1495;63
1495;87
1495;229
1496;7
1496;10
1496;21
1496;57
1496;111
1496;169
1497;4
1497;11
1497;21
1497;55
1497;115
1497;163
1498;5
1498;11
1498;21
1498;50
1498;115
1498;318
1499;5
1499;10
1499;21
1499;64
1499;127
1499;221
1500;5
1500;11
1500;25
1500;63
1500;126
1500;347
1501;8
1501;10
1501;25
1501;63
1501;125
1501;188
1502;4
1502;11
1502;25
1502;62
1502;125
1502;163
1503;5
1503;11
1503;25
1503;57
1503;119
1503;221
1504;5
1504;10
1504;32
1504;54
1504;127
1504;165
1505;5
1505;10
1505;25
1505;64
1505;100
1505;164
1506;5
1506;13
1506;21
1506;63
1506;101
1506;252
1507;5
1507;11
1507;25
1507;64
1507;100
1507;234
1508;5
1508;10
1508;25
1508;57
1508;100
1508;165
1509;6
1509;10
1509;27
1509;63
1509;101
1509;165
1510;5
1510;10
1510;25
1510;63
1510;126
1510;163
1511;5
1511;10
1511;25
1511;64
1511;100
1511;176
1512;5
1512;10
1512;25
1512;63
1512;100
1512;166
1513;5
1513;11
1513;25
1513;50
1513;126
1513;164
1514;5
1514;11
1514;25
1514;63
1514;126
1514;169
1515;5
1515;10
1515;25
1515;50
1515;127
1515;256
1516;5
1516;11
1516;25
1516;63
1516;100
1516;163
1517;7
1517;10
1517;38
1517;63
1517;154
1517;231
1518;4
1518;13
1518;37
1518;50
1518;101
1518;186
1519;6
1519;12
1519;25
1519;50
1519;113
1519;220
1520;6
1520;13
1520;32
1520;63
1520;154
1520;224
1521;6
1521;19
1521;32
1521;63
1521;157
1521;188
1522;9
1522;10
1522;29
1522;50
1522;124
1522;219
1523;4
1523;13
1523;31
1523;63
1523;157
1523;190
1524;6
1524;13
1524;32
1524;65
1524;157
1524;187
1525;6
1525;13
1525;25
1525;63
1525;95
1525;189
1526;6
1526;11
1526;32
1526;63
1526;158
1526;189
1527;6
1527;11
1527;32
1527;48
1527;157
1527;161
1528;5
1528;10
1528;38
1528;47
1528;133
1528;200
1529;5
1529;10
1529;28
1529;47
1529;133
1529;301
1530;4
1530;10
1530;28
1530;66
1530;133
1530;166
1531;5
1531;10
1531;28
1531;56
1531;98
1531;167
1532;5
1532;14
1532;29
1532;56
1532;99
1532;191
1533;5
1533;11
1533;31
1533;62
1533;95
1533;208
1534;5
1534;14
1534;32
1534;63
1534;100
1534;187
1535;4
1535;10
1535;34
1535;43
1535;106
1535;170
1536;4
1536;13
1536;33
1536;50
1536;86
1536;230
1537;4
1537;12
1537;34
1537;50
1537;83
1537;304
1538;7
1538;10
1538;22
1538;75
1538;129
1538;218
1539;5
1539;13
1539;25
1539;75
1539;102
1539;221
1540;4
1540;13
1540;25
1540;50
1540;100
1540;169
1541;4
1541;12
1541;25
1541;51
1541;156
1541;172
1542;4
1542;13
1542;38
1542;50
1542;149
1542;225
1543;7
1543;10
1543;21
1543;49
1543;126
1543;200
1544;5
1544;13
1544;25
1544;50
1544;125
1544;225
1545;4
1545;13
1545;25
1545;51
1545;97
1545;228
1546;4
1546;10
1546;25
1546;50
1546;151
1546;169
1547;4
1547;12
1547;38
1547;50
1547;125
1547;169
1548;4
1548;11
1548;21
1548;63
1548;92
1548;169
1549;5
1549;13
1549;21
1549;63
1549;100
1549;163
1550;4
1550;13
1550;25
1550;63
1550;100
1550;163
1551;4
1551;10
1551;21
1551;63
1551;125
1551;163
1552;4
1552;12
1552;25
1552;75
1552;102
1552;164
1553;4
1553;12
1553;25
1553;63
1553;101
1553;202
1554;5
1554;10
1554;25
1554;50
1554;97
1554;175
1555;5
1555;13
1555;25
1555;50
1555;100
1555;175
1556;4
1556;13
1556;25
1556;75
1556;125
1556;177
1557;4
1557;12
1557;25
1557;75
1557;125
1557;164
1558;4
1558;12
1558;24
1558;57
1558;124
1558;163
1559;7
1559;10
1559;25
1559;50
1559;130
1559;177
1560;5
1560;13
1560;25
1560;75
1560;124
1560;202
1561;4
1561;13
1561;33
1561;75
1561;127
1561;200
1562;4
1562;13
1562;24
1562;49
1562;127
1562;177
1563;4
1563;13
1563;33
1563;63
1563;126
1563;176
1564;7
1564;10
1564;25
1564;64
1564;101
1564;172
1565;5
1565;16
1565;25
1565;50
1565;155
1565;175
1566;4
1566;13
1566;25
1566;75
1566;152
1566;176
1567;4
1567;12
1567;25
1567;50
1567;155
1567;176
1568;4
1568;12
1568;25
1568;50
1568;84
1568;176
1569;9
1569;10
1569;24
1569;52
1569;150
1569;193
1570;5
1570;10
1570;38
1570;75
1570;100
1570;225
1571;5
1571;10
1571;28
1571;52
1571;102
1571;205
1572;4
1572;10
1572;25
1572;74
1572;98
1572;170
1573;5
1573;10
1573;25
1573;76
1573;100
1573;200
1574;5
1574;10
1574;28
1574;56
1574;99
1574;219
1575;5
1575;11
1575;28
1575;56
1575;138
1575;168
1576;5
1576;10
1576;28
1576;63
1576;101
1576;169
1577;4
1577;10
1577;30
1577;56
1577;83
1577;166
1578;5
1578;11
1578;32
1578;63
1578;85
1578;224
1579;5
1579;11
1579;29
1579;50
1579;87
1579;192
1580;6
1580;10
1580;28
1580;56
1580;114
1580;169
1581;4
1581;11
1581;28
1581;55
1581;88
1581;163
1582;5
1582;11
1582;31
1582;63
1582;87
1582;185
1583;5
1583;11
1583;25
1583;63
1583;157
1583;347
1584;5
1584;10
1584;25
1584;63
1584;126
1584;218
1585;7
1585;10
1585;25
1585;63
1585;125
1585;218
1586;4
1586;16
1586;25
1586;57
1586;125
1586;218
1587;5
1587;11
1587;25
1587;50
1587;113
1587;191
1588;5
1588;10
1588;32
1588;51
1588;125
1588;165
1589;5
1589;10
1589;21
1589;64
1589;100
1589;189
1590;5
1590;10
1590;21
1590;63
1590;101
1590;241
1591;5
1591;11
1591;32
1591;50
1591;100
1591;183
1592;5
1592;10
1592;25
1592;63
1592;128
1592;276
1593;6
1593;11
1593;25
1593;63
1593;125
1593;166
1594;5
1594;10
1594;25
1594;63
1594;126
1594;202
1595;5
1595;10
1595;25
1595;64
1595;100
1595;163
1596;5
1596;10
1596;25
1596;63
1596;125
1596;164
1597;5
1597;16
1597;25
1597;63
1597;125
1597;163
1598;6
1598;10
1598;26
1598;63
1598;95
1598;166
1599;5
1599;10
1599;28
1599;63
1599;112
1599;169
1600;5
1600;11
1600;36
1600;63
1600;113
1600;189
1601;6
1601;10
1601;38
1601;76
1601;108
1601;225
1602;4
1602;12
1602;25
1602;72
1602;146
1602;203
1603;6
1603;12
1603;25
1603;75
1603;88
1603;178
1604;6
1604;12
1604;31
1604;75
1604;124
1604;218
1605;6
1605;12
1605;31
1605;63
1605;112
1605;186
1606;7
1606;10
1606;31
1606;64
1606;94
1606;226
1607;4
1607;19
1607;32
1607;63
1607;94
1607;221
1608;6
1608;19
1608;32
1608;63
1608;95
1608;221
1609;6
1609;12
1609;31
1609;63
1609;159
1609;186
1610;6
1610;19
1610;32
1610;63
1610;159
1610;190
1611;6
1611;11
1611;31
1611;64
1611;158
1611;189
1612;4
1612;10
1612;38
1612;68
1612;135
1612;236
1613;5
1613;10
1613;28
1613;75
1613;134
1613;302
1614;4
1614;10
1614;28
1614;47
1614;132
1614;332
1615;5
1615;10
1615;28
1615;47
1615;100
1615;170
1616;5
1616;10
1616;28
1616;47
1616;100
1616;209
1617;5
1617;11
1617;33
1617;46
1617;158
1617;165
1618;5
1618;14
1618;32
1618;63
1618;95
1618;189
1619;4
1619;10
1619;34
1619;64
1619;135
1619;169
1620;4
1620;17
1620;33
1620;50
1620;87
1620;175
1621;4
1621;12
1621;33
1621;50
1621;83
1621;167
1622;6
1622;10
1622;25
1622;76
1622;83
1622;226
1623;5
1623;13
1623;25
1623;76
1623;103
1623;188
1624;4
1624;12
1624;24
1624;49
1624;125
1624;196
1625;4
1625;12
1625;38
1625;50
1625;147
1625;176
1626;4
1626;12
1626;25
1626;51
1626;128
1626;231
1627;7
1627;10
1627;21
1627;49
1627;122
1627;176
1628;5
1628;13
1628;25
1628;50
1628;150
1628;222
1629;4
1629;12
1629;25
1629;50
1629;100
1629;168
1630;4
1630;12
1630;25
1630;42
1630;101
1630;166
1631;4
1631;13
1631;38
1631;76
1631;102
1631;202
1632;4
1632;12
1632;22
1632;63
1632;85
1632;251
1633;5
1633;17
1633;21
1633;63
1633;149
1633;163
1634;4
1634;17
1634;25
1634;42
1634;88
1634;163
1635;4
1635;10
1635;38
1635;72
1635;95
1635;190
1636;4
1636;17
1636;38
1636;75
1636;100
1636;224
1637;4
1637;17
1637;25
1637;64
1637;98
1637;181
1638;5
1638;10
1638;25
1638;76
1638;100
1638;224
1639;4
1639;12
1639;25
1639;75
1639;100
1639;201
1640;4
1640;13
1640;25
1640;75
1640;150
1640;227
1641;4
1641;12
1641;26
1641;75
1641;150
1641;164
1642;4
1642;12
1642;21
1642;63
1642;101
1642;163
1643;6
1643;10
1643;25
1643;50
1643;84
1643;178
1644;5
1644;17
1644;25
1644;63
1644;124
1644;171
1645;4
1645;17
1645;33
1645;49
1645;84
1645;174
1646;4
1646;17
1646;25
1646;63
1646;84
1646;178
1647;4
1647;17
1647;33
1647;49
1647;84
1647;191
1648;8
1648;11
1648;24
1648;63
1648;151
1648;165
1649;5
1649;13
1649;25
1649;50
1649;146
1649;175
1650;4
1650;13
1650;25
1650;50
1650;101
1650;175
1651;4
1651;16
1651;25
1651;63
1651;151
1651;176
1652;4
1652;13
1652;25
1652;50
1652;149
1652;175
1653;4
1653;11
1653;20
1653;62
1653;93
1653;200
1654;4
1654;11
1654;28
1654;76
1654;149
1654;202
1655;5
1655;10
1655;28
1655;75
1655;123
1655;200
1656;4
1656;10
1656;25
1656;76
1656;128
1656;180
1657;5
1657;10
1657;28
1657;50
1657;98
1657;200
1658;5
1658;10
1658;28
1658;56
1658;102
1658;176
1659;5
1659;14
1659;28
1659;63
1659;85
1659;170
1660;5
1660;10
1660;28
1660;63
1660;113
1660;166
1661;4
1661;10
1661;28
1661;51
1661;99
1661;170
1662;5
1662;11
1662;25
1662;63
1662;85
1662;170
1663;5
1663;11
1663;21
1663;63
1663;85
1663;233
1664;6
1664;10
1664;21
1664;63
1664;84
1664;223
1665;4
1665;10
1665;28
1665;63
1665;115
1665;170
1666;5
1666;10
1666;31
1666;51
1666;85
1666;184
1667;5
1667;10
1667;25
1667;63
1667;125
1667;220
1668;5
1668;10
1668;25
1668;63
1668;126
1668;222
1669;7
1669;10
1669;25
1669;63
1669;126
1669;219
1670;4
1670;11
1670;25
1670;61
1670;123
1670;163
1671;5
1671;16
1671;25
1671;56
1671;112
1671;218
1672;5
1672;10
1672;32
1672;63
1672;101
1672;165
1673;5
1673;10
1673;38
1673;50
1673;101
1673;164
1674;5
1674;11
1674;25
1674;63
1674;100
1674;173
1675;5
1675;10
1675;25
1675;64
1675;100
1675;206
1676;5
1676;10
1676;25
1676;62
1676;123
1676;218
1677;4
1677;11
1677;26
1677;50
1677;126
1677;221
1678;5
1678;10
1678;31
1678;63
1678;118
1678;163
1679;5
1679;10
1679;31
1679;50
1679;115
1679;222
1680;5
1680;11
1680;32
1680;64
1680;95
1680;221
1681;5
1681;10
1681;31
1681;63
1681;95
1681;222
1682;6
1682;11
1682;32
1682;63
1682;159
1682;189
1683;5
1683;11
1683;32
1683;50
1683;158
1683;218
1684;5
1684;12
1684;29
1684;63
1684;100
1684;222
1685;6
1685;10
1685;38
1685;69
1685;133
1685;163
1686;6
1686;13
1686;38
1686;67
1686;100
1686;300
1687;6
1687;13
1687;32
1687;64
1687;100
1687;163
1688;6
1688;19
1688;31
1688;76
1688;98
1688;190
1689;6
1689;19
1689;32
1689;50
1689;134
1689;190
1690;8
1690;10
1690;32
1690;51
1690;158
1690;188
1691;4
1691;12
1691;32
1691;63
1691;158
1691;221
1692;6
1692;13
1692;32
1692;64
1692;101
1692;190
1693;6
1693;12
1693;31
1693;63
1693;94
1693;221
1694;6
1694;11
1694;25
1694;50
1694;113
1694;190
1695;6
1695;10
1695;27
1695;57
1695;80
1695;190
1696;4
1696;10
1696;28
1696;47
1696;125
1696;312
1697;5
1697;10
1697;28
1697;47
1697;97
1697;189
1698;4
1698;10
1698;28
1698;47
1698;126
1698;165
1699;5
1699;10
1699;28
1699;56
1699;158
1699;162
1700;5
1700;10
1700;28
1700;57
1700;94
1700;188
1701;5
1701;10
1701;32
1701;63
1701;157
1701;188
1702;9
1702;19
1702;28
1702;63
1702;156
1702;218
1703;9
1703;10
1703;34
1703;64
1703;127
1703;161
1704;8
1704;17
1704;25
1704;63
1704;126
1704;188
1705;8
1705;13
1705;25
1705;63
1705;127
1705;190
1706;9
1706;16
1706;21
1706;64
1706;94
1706;189
1707;5
1707;17
1707;32
1707;50
1707;94
1707;315
1708;8
1708;16
1708;32
1708;63
1708;127
1708;316
1709;8
1709;12
1709;32
1709;63
1709;128
1709;223
1710;9
1710;17
1710;32
1710;63
1710;95
1710;221
1711;7
1711;16
1711;30
1711;58
1711;125
1711;175
1712;8
1712;16
1712;28
1712;56
1712;140
1712;169
1713;7
1713;17
1713;28
1713;55
1713;135
1713;175
1714;6
1714;16
1714;25
1714;50
1714;125
1714;221
1715;6
1715;19
1715;33
1715;50
1715;128
1715;226
1716;6
1716;13
1716;33
1716;50
1716;101
1716;221
1717;8
1717;16
1717;37
1717;51
1717;126
1717;225
1718;7
1718;17
1718;38
1718;49
1718;99
1718;233
1719;8
1719;18
1719;25
1719;48
1719;101
1719;175
1720;5
1720;19
1720;34
1720;50
1720;101
1720;201
1721;9
1721;12
1721;33
1721;50
1721;98
1721;168
1722;8
1722;19
1722;33
1722;51
1722;126
1722;169
1723;8
1723;17
1723;34
1723;51
1723;134
1723;169
1724;8
1724;13
1724;33
1724;51
1724;134
1724;168
1725;8
1725;12
1725;33
1725;42
1725;84
1725;253
1726;8
1726;12
1726;21
1726;51
1726;84
1726;169
1727;5
1727;10
1727;21
1727;51
1727;84
1727;303
1728;4
1728;17
1728;21
1728;50
1728;84
1728;408
1729;8
1729;14
1729;21
1729;63
1729;88
1729;192
1730;4
1730;13
1730;21
1730;67
1730;85
1730;169
1731;4
1731;13
1731;25
1731;50
1731;88
1731;169
1732;6
1732;10
1732;20
1732;42
1732;125
1732;243
1733;4
1733;12
1733;25
1733;68
1733;126
1733;243
1734;4
1734;13
1734;38
1734;67
1734;85
1734;409
1735;5
1735;19
1735;38
1735;75
1735;94
1735;215
1736;5
1736;14
1736;37
1736;75
1736;95
1736;190
1737;5
1737;11
1737;20
1737;47
1737;101
1737;177
1738;5
1738;10
1738;24
1738;75
1738;92
1738;218
1739;4
1739;10
1739;24
1739;42
1739;96
1739;189
1740;4
1740;10
1740;38
1740;71
1740;95
1740;279
1741;5
1741;10
1741;38
1741;66
1741;95
1741;191
1742;5
1742;13
1742;26
1742;75
1742;98
1742;190
1743;5
1743;15
1743;21
1743;79
1743;115
1743;165
1744;5
1744;11
1744;21
1744;42
1744;101
1744;160
1745;6
1745;11
1745;21
1745;43
1745;100
1745;160
1746;5
1746;16
1746;25
1746;79
1746;101
1746;160
1747;5
1747;11
1747;26
1747;53
1747;98
1747;160
1748;5
1748;10
1748;20
1748;75
1748;101
1748;162
1749;4
1749;11
1749;25
1749;50
1749;94
1749;182
1750;4
1750;16
1750;20
1750;57
1750;99
1750;166
1751;4
1751;17
1751;33
1751;67
1751;84
1751;202
1752;5
1752;17
1752;33
1752;50
1752;84
1752;182
1753;7
1753;10
1753;34
1753;42
1753;143
1753;176
1754;4
1754;17
1754;33
1754;67
1754;100
1754;201
1755;4
1755;16
1755;32
1755;79
1755;95
1755;206
1756;4
1756;16
1756;32
1756;47
1756;142
1756;205
1757;8
1757;16
1757;32
1757;47
1757;142
1757;347
1758;9
1758;11
1758;31
1758;50
1758;108
1758;301
1759;5
1759;11
1759;21
1759;42
1759;84
1759;214
1760;4
1760;11
1760;21
1760;53
1760;85
1760;170
1761;4
1761;11
1761;21
1761;71
1761;95
1761;240
1762;5
1762;10
1762;21
1762;71
1762;95
1762;240
1763;9
1763;10
1763;23
1763;42
1763;95
1763;254
1764;5
1764;15
1764;26
1764;50
1764;99
1764;396
1765;4
1765;10
1765;25
1765;50
1765;100
1765;203
1766;4
1766;11
1766;28
1766;56
1766;112
1766;169
1767;4
1767;14
1767;28
1767;56
1767;114
1767;197
1768;0
1768;11
1768;28
1768;56
1768;111
1768;170
1769;6
1769;10
1769;26
1769;75
1769;126
1769;209
1770;4
1770;19
1770;32
1770;75
1770;126
1770;253
1771;6
1771;13
1771;38
1771;63
1771;127
1771;253
1772;6
1772;19
1772;25
1772;63
1772;126
1772;201
1773;6
1773;19
1773;25
1773;44
1773;95
1773;252
1774;6
1774;10
1774;20
1774;42
1774;125
1774;181
1775;4
1775;19
1775;32
1775;50
1775;126
1775;252
1776;4
1776;19
1776;38
1776;74
1776;126
1776;252
1777;4
1777;12
1777;24
1777;75
1777;111
1777;208
1778;4
1778;12
1778;20
1778;75
1778;143
1778;332
1779;4
1779;10
1779;20
1779;50
1779;149
1779;198
1780;5
1780;16
1780;20
1780;75
1780;150
1780;200
1781;4
1781;16
1781;20
1781;75
1781;126
1781;198
1782;4
1782;16
1782;38
1782;76
1782;95
1782;188
1783;4
1783;12
1783;38
1783;77
1783;150
1783;189
1784;8
1784;13
1784;38
1784;75
1784;150
1784;187
1785;5
1785;16
1785;21
1785;67
1785;84
1785;170
1786;4
1786;17
1786;21
1786;67
1786;84
1786;201
1787;4
1787;13
1787;21
1787;43
1787;84
1787;164
1788;4
1788;17
1788;21
1788;67
1788;85
1788;268
1789;4
1789;17
1789;21
1789;42
1789;84
1789;198
1790;5
1790;10
1790;20
1790;50
1790;150
1790;169
1791;4
1791;13
1791;21
1791;67
1791;101
1791;170
1792;4
1792;13
1792;38
1792;50
1792;100
1792;166
1793;4
1793;13
1793;25
1793;50
1793;113
1793;163
1794;0
1794;13
1794;25
1794;50
1794;84
1794;169
1795;7
1795;10
1795;22
1795;55
1795;134
1795;190
1796;4
1796;11
1796;21
1796;63
1796;83
1796;171
1797;4
1797;12
1797;24
1797;47
1797;83
1797;166
1798;4
1798;16
1798;24
1798;40
1798;103
1798;166
1799;8
1799;16
1799;32
1799;47
1799;87
1799;174
1800;9
1800;10
1800;23
1800;56
1800;127
1800;222
1801;5
1801;16
1801;24
1801;63
1801;126
1801;253
1802;4
1802;16
1802;32
1802;63
1802;128
1802;190
1803;7
1803;16
1803;21
1803;57
1803;112
1803;170
1804;7
1804;16
1804;21
1804;57
1804;113
1804;169
1805;7
1805;14
1805;21
1805;56
1805;110
1805;169
1806;5
1806;13
1806;25
1806;50
1806;100
1806;396
1807;4
1807;13
1807;25
1807;50
1807;100
1807;201
1808;4
1808;12
1808;25
1808;47
1808;94
1808;240
1809;6
1809;12
1809;24
1809;47
1809;95
1809;167
1810;6
1810;12
1810;23
1810;47
1810;94
1810;240
1811;5
1811;10
1811;26
1811;42
1811;85
1811;324
1812;4
1812;12
1812;25
1812;42
1812;84
1812;167
1813;8
1813;13
1813;21
1813;42
1813;84
1813;201
1814;4
1814;13
1814;21
1814;67
1814;84
1814;169
1815;4
1815;12
1815;21
1815;42
1815;84
1815;167
1816;6
1816;10
1816;20
1816;46
1816;125
1816;247
1817;4
1817;13
1817;21
1817;64
1817;128
1817;255
1818;4
1818;12
1818;38
1818;63
1818;126
1818;256
1819;5
1819;14
1819;24
1819;75
1819;95
1819;289
1820;5
1820;14
1820;24
1820;75
1820;95
1820;332
1821;5
1821;11
1821;20
1821;47
1821;113
1821;191
1822;5
1822;10
1822;23
1822;75
1822;94
1822;301
1823;4
1823;10
1823;24
1823;42
1823;100
1823;237
1824;5
1824;10
1824;38
1824;75
1824;95
1824;403
1825;5
1825;10
1825;38
1825;47
1825;97
1825;188
1826;5
1826;13
1826;38
1826;75
1826;98
1826;188
1827;5
1827;14
1827;25
1827;50
1827;101
1827;164
1828;4
1828;16
1828;25
1828;50
1828;100
1828;160
1829;6
1829;17
1829;21
1829;76
1829;101
1829;160
1830;5
1830;11
1830;21
1830;75
1830;101
1830;160
1831;5
1831;11
1831;21
1831;74
1831;99
1831;160
1832;5
1832;10
1832;27
1832;42
1832;85
1832;167
1833;4
1833;10
1833;32
1833;50
1833;103
1833;160
1834;4
1834;11
1834;25
1834;50
1834;101
1834;201
1835;4
1835;13
1835;25
1835;50
1835;101
1835;201
1836;5
1836;16
1836;25
1836;50
1836;101
1836;251
1837;6
1837;10
1837;26
1837;42
1837;143
1837;184
1838;4
1838;17
1838;24
1838;47
1838;101
1838;214
1839;4
1839;12
1839;24
1839;47
1839;95
1839;190
1840;4
1840;16
1840;24
1840;47
1840;95
1840;166
1841;8
1841;17
1841;24
1841;71
1841;101
1841;379
1842;9
1842;10
1842;23
1842;50
1842;142
1842;173
1843;5
1843;16
1843;21
1843;42
1843;85
1843;170
1844;4
1844;16
1844;32
1844;42
1844;85
1844;253
1845;4
1845;16
1845;31
1845;47
1845;95
1845;190
1846;8
1846;16
1846;32
1846;71
1846;95
1846;285
1847;8
1847;15
1847;31
1847;79
1847;93
1847;237
1848;5
1848;14
1848;26
1848;50
1848;101
1848;503
1849;4
1849;16
1849;25
1849;50
1849;100
1849;203
1850;4
1850;16
1850;28
1850;57
1850;113
1850;170
1851;4
1851;14
1851;28
1851;56
1851;115
1851;170
1852;0
1852;16
1852;28
1852;56
1852;112
1852;225
1853;6
1853;19
1853;28
1853;75
1853;127
1853;230
1854;6
1854;19
1854;38
1854;56
1854;125
1854;301
1855;6
1855;13
1855;38
1855;64
1855;128
1855;316
1856;6
1856;13
1856;25
1856;63
1856;127
1856;176
1857;6
1857;13
1857;25
1857;44
1857;126
1857;301
1858;6
1858;13
1858;25
1858;63
1858;127
1858;221
1859;6
1859;13
1859;25
1859;63
1859;101
1859;301
1860;6
1860;13
1860;25
1860;50
1860;100
1860;379
1861;4
1861;11
1861;38
1861;75
1861;150
1861;189
1862;4
1862;12
1862;38
1862;75
1862;152
1862;191
1863;3
1863;12
1863;38
1863;47
1863;150
1863;228
1864;4
1864;16
1864;38
1864;75
1864;150
1864;209
1865;4
1865;12
1865;20
1865;75
1865;150
1865;201
1866;4
1866;13
1866;21
1866;67
1866;94
1866;189
1867;4
1867;17
1867;21
1867;42
1867;96
1867;198
1868;4
1868;13
1868;21
1868;42
1868;88
1868;194
1869;4
1869;13
1869;21
1869;67
1869;85
1869;170
1870;4
1870;13
1870;21
1870;67
1870;84
1870;163
1871;8
1871;13
1871;21
1871;55
1871;88
1871;169
1872;8
1872;13
1872;33
1872;50
1872;84
1872;190
1873;8
1873;13
1873;34
1873;56
1873;85
1873;173
1874;8
1874;13
1874;38
1874;50
1874;84
1874;168
1875;8
1875;17
1875;38
1875;56
1875;101
1875;168
1876;9
1876;13
1876;38
1876;50
1876;100
1876;166
1877;9
1877;13
1877;38
1877;50
1877;113
1877;188
1878;6
1878;13
1878;25
1878;50
1878;88
1878;176
1879;9
1879;11
1879;32
1879;53
1879;95
1879;190
1880;9
1880;11
1880;31
1880;63
1880;83
1880;166
1881;1
1881;12
1881;24
1881;47
1881;83
1881;166
1882;8
1882;16
1882;39
1882;40
1882;126
1882;192
1883;8
1883;16
1883;39
1883;40
1883;128
1883;285
1884;8
1884;16
1884;39
1884;56
1884;113
1884;170
1885;7
1885;16
1885;28
1885;56
1885;113
1885;170
1886;7
1886;16
1886;32
1886;56
1886;113
1886;170
1887;6
1887;19
1887;38
1887;44
1887;100
1887;238
1888;6
1888;19
1888;25
1888;44
1888;102
1888;203
1889;6
1889;16
1889;25
1889;50
1889;100
1889;237
1890;6
1890;18
1890;35
1890;47
1890;95
1890;284
1891;6
1891;18
1891;24
1891;47
1891;101
1891;237
1892;7
1892;17
1892;34
1892;50
1892;84
1892;169
1893;8
1893;16
1893;21
1893;67
1893;85
1893;168
1894;4
1894;16
1894;21
1894;67
1894;84
1894;169
1895;5
1895;10
1895;27
1895;75
1895;85
1895;317
1896;4
1896;12
1896;21
1896;67
1896;83
1896;408
1897;8
1897;13
1897;21
1897;67
1897;83
1897;214
1898;4
1898;13
1898;21
1898;67
1898;84
1898;169
1899;4
1899;12
1899;21
1899;42
1899;92
1899;253
1900;6
1900;10
1900;20
1900;69
1900;127
1900;506
1901;4
1901;12
1901;21
1901;64
1901;128
1901;384
1902;4
1902;13
1902;38
1902;74
1902;116
1902;409
1903;5
1903;19
1903;24
1903;47
1903;95
1903;301
1904;5
1904;14
1904;24
1904;42
1904;96
1904;160
1905;8
1905;11
1905;21
1905;47
1905;95
1905;182
1906;5
1906;10
1906;38
1906;75
1906;101
1906;317
1907;4
1907;10
1907;38
1907;42
1907;100
1907;214
1908;4
1908;10
1908;38
1908;71
1908;95
1908;185
1909;5
1909;10
1909;38
1909;66
1909;95
1909;182
1910;9
1910;13
1910;26
1910;75
1910;116
1910;191
1911;5
1911;11
1911;21
1911;50
1911;115
1911;170
1912;4
1912;11
1912;21
1912;50
1912;100
1912;170
1913;6
1913;11
1913;21
1913;56
1913;100
1913;160
1914;5
1914;11
1914;21
1914;50
1914;101
1914;160
1915;5
1915;11
1915;21
1915;74
1915;100
1915;160
1916;5
1916;10
1916;27
1916;75
1916;147
1916;167
1917;4
1917;11
1917;21
1917;71
1917;115
1917;166
1918;4
1918;17
1918;21
1918;67
1918;100
1918;202
1919;4
1919;17
1919;33
1919;50
1919;84
1919;201
1920;6
1920;17
1920;33
1920;50
1920;84
1920;182
1921;6
1921;10
1921;26
1921;42
1921;92
1921;184
1922;4
1922;17
1922;32
1922;63
1922;115
1922;217
1923;4
1923;16
1923;32
1923;79
1923;95
1923;174
1924;4
1924;16
1924;32
1924;47
1924;142
1924;174
1925;8
1925;16
1925;32
1925;47
1925;115
1925;174
1926;9
1926;10
1926;32
1926;50
1926;85
1926;207
1927;5
1927;11
1927;21
1927;42
1927;106
1927;170
1928;4
1928;11
1928;21
1928;42
1928;84
1928;169
1929;4
1929;10
1929;24
1929;47
1929;95
1929;240
1930;5
1930;11
1930;24
1930;71
1930;96
1930;240
1931;9
1931;10
1931;24
1931;47
1931;95
1931;184
1932;5
1932;14
1932;25
1932;50
1932;115
1932;406
1933;4
1933;10
1933;25
1933;50
1933;99
1933;201
1934;4
1934;13
1934;28
1934;56
1934;113
1934;170
1935;4
1935;14
1935;28
1935;56
1935;113
1935;170
1936;0
1936;10
1936;28
1936;56
1936;113
1936;169
1937;5
1937;10
1937;25
1937;50
1937;128
1937;251
1938;4
1938;13
1938;25
1938;50
1938;100
1938;250
1939;6
1939;13
1939;25
1939;56
1939;128
1939;222
1940;6
1940;19
1940;25
1940;50
1940;125
1940;190
1941;6
1941;19
1941;25
1941;63
1941;126
1941;201
1942;6
1942;10
1942;22
1942;42
1942;125
1942;506
1943;4
1943;13
1943;32
1943;63
1943;128
1943;255
1944;4
1944;13
1944;38
1944;63
1944;127
1944;255
1945;4
1945;12
1945;24
1945;75
1945;150
1945;179
1946;4
1946;12
1946;24
1946;75
1946;153
1946;300
1947;7
1947;10
1947;28
1947;50
1947;150
1947;202
1948;5
1948;16
1948;20
1948;75
1948;152
1948;200
1949;4
1949;16
1949;20
1949;75
1949;148
1949;198
1950;4
1950;12
1950;38
1950;75
1950;150
1950;189
1951;4
1951;12
1951;38
1951;50
1951;149
1951;189
1952;8
1952;13
1952;20
1952;75
1952;99
1952;190
1953;5
1953;14
1953;21
1953;67
1953;95
1953;170
1954;4
1954;16
1954;21
1954;67
1954;101
1954;164
1955;4
1955;13
1955;21
1955;67
1955;95
1955;193
1956;4
1956;13
1956;21
1956;67
1956;84
1956;214
1957;4
1957;12
1957;21
1957;50
1957;88
1957;167
1958;5
1958;10
1958;26
1958;45
1958;158
1958;168
1959;4
1959;12
1959;21
1959;67
1959;101
1959;171
1960;4
1960;13
1960;38
1960;50
1960;100
1960;164
1961;4
1961;13
1961;25
1961;50
1961;113
1961;201
1962;8
1962;13
1962;25
1962;50
1962;101
1962;176
1963;6
1963;10
1963;22
1963;53
1963;134
1963;360
1964;4
1964;12
1964;24
1964;63
1964;83
1964;194
1965;4
1965;12
1965;24
1965;47
1965;83
1965;166
1966;8
1966;16
1966;24
1966;40
1966;103
1966;174
1967;8
1967;16
1967;32
1967;47
1967;95
1967;167
1968;9
1968;10
1968;22
1968;56
1968;127
1968;284
1969;5
1969;16
1969;24
1969;63
1969;127
1969;192
1970;4
1970;16
1970;24
1970;63
1970;126
1970;174
1971;7
1971;16
1971;21
1971;56
1971;113
1971;170
1972;7
1972;16
1972;21
1972;56
1972;112
1972;170
1973;7
1973;14
1973;21
1973;42
1973;112
1973;238
1974;5
1974;13
1974;25
1974;44
1974;101
1974;203
1975;4
1975;13
1975;25
1975;44
1975;100
1975;301
1976;5
1976;12
1976;24
1976;47
1976;95
1976;167
1977;6
1977;12
1977;24
1977;47
1977;95
1977;167
1978;6
1978;12
1978;35
1978;47
1978;95
1978;237
1979;5
1979;12
1979;21
1979;67
1979;85
1979;170
1980;4
1980;17
1980;21
1980;42
1980;126
1980;276
1981;8
1981;13
1981;21
1981;47
1981;84
1981;169
1982;4
1982;12
1982;21
1982;67
1982;84
1982;169
1983;4
1983;12
1983;21
1983;50
1983;85
1983;169
1984;6
1984;10
1984;20
1984;42
1984;125
1984;506
1985;4
1985;13
1985;21
1985;64
1985;126
1985;255
1986;4
1986;13
1986;38
1986;63
1986;122
1986;250
1987;5
1987;14
1987;24
1987;75
1987;95
1987;189
1988;5
1988;14
1988;24
1988;75
1988;95
1988;284
1989;8
1989;11
1989;20
1989;50
1989;93
1989;189
1990;5
1990;10
1990;38
1990;47
1990;95
1990;240
1991;4
1991;10
1991;38
1991;42
1991;98
1991;188
1992;4
1992;10
1992;38
1992;42
1992;95
1992;188
1993;5
1993;10
1993;38
1993;50
1993;99
1993;191
1994;9
1994;11
1994;38
1994;75
1994;100
1994;207
1995;5
1995;15
1995;21
1995;42
1995;85
1995;164
1996;4
1996;11
1996;21
1996;42
1996;99
1996;160
1997;6
1997;11
1997;21
1997;50
1997;100
1997;258
1998;5
1998;11
1998;21
1998;50
1998;100
1998;160
1999;5
1999;11
1999;21
1999;63
1999;101
1999;160
2000;5
2000;10
2000;27
2000;50
2000;84
2000;174
2001;4
2001;11
2001;31
2001;50
2001;100
2001;160
2002;4
2002;11
2002;25
2002;50
2002;100
2002;176
2003;4
2003;13
2003;25
2003;50
2003;101
2003;201
2004;5
2004;14
2004;25
2004;50
2004;100
2004;176
2005;6
2005;10
2005;26
2005;42
2005;143
2005;407
2006;4
2006;17
2006;24
2006;47
2006;95
2006;166
2007;4
2007;12
2007;24
2007;47
2007;95
2007;190
2008;4
2008;17
2008;24
2008;47
2008;142
2008;166
2009;8
2009;17
2009;24
2009;71
2009;143
2009;379
2010;9
2010;10
2010;22
2010;43
2010;84
2010;217
2011;5
2011;16
2011;21
2011;63
2011;86
2011;295
2012;4
2012;16
2012;21
2012;63
2012;84
2012;170
2013;4
2013;16
2013;32
2013;47
2013;95
2013;284
2014;8
2014;16
2014;24
2014;48
2014;95
2014;190
2015;9
2015;14
2015;23
2015;79
2015;95
2015;238
2016;5
2016;15
2016;25
2016;50
2016;101
2016;356
2017;4
2017;16
2017;25
2017;47
2017;100
2017;251
2018;4
2018;16
2018;28
2018;56
2018;113
2018;198
2019;4
2019;14
2019;28
2019;56
2019;113
2019;170
2020;0
2020;15
2020;28
2020;56
2020;113
2020;338
2021;6
2021;19
2021;25
2021;44
2021;101
2021;190
2022;6
2022;13
2022;25
2022;44
2022;126
2022;253
2023;6
2023;13
2023;25
2023;56
2023;126
2023;253
2024;6
2024;19
2024;25
2024;44
2024;100
2024;253
2025;6
2025;13
2025;25
2025;50
2025;128
2025;301
2026;6
2026;13
2026;25
2026;63
2026;127
2026;189
2027;6
2027;13
2027;38
2027;56
2027;126
2027;261
2028;6
2028;12
2028;37
2028;75
2028;122
2028;250
2029;4
2029;12
2029;32
2029;75
2029;150
2029;209
2030;4
2030;12
2030;32
2030;75
2030;152
2030;188
2031;3
2031;12
2031;20
2031;78
2031;150
2031;202
2032;4
2032;12
2032;32
2032;75
2032;151
2032;200
2033;4
2033;12
2033;24
2033;75
2033;148
2033;201
2034;4
2034;12
2034;24
2034;75
2034;149
2034;189
2035;8
2035;12
2035;24
2035;79
2035;150
2035;184
2036;8
2036;12
2036;36
2036;44
2036;94
2036;194
2037;4
2037;17
2037;21
2037;42
2037;95
2037;170
2038;4
2038;17
2038;21
2038;42
2038;84
2038;167
2039;4
2039;13
2039;21
2039;43
2039;84
2039;164
2040;4
2040;17
2040;21
2040;63
2040;84
2040;268
2041;4
2041;17
2041;21
2041;42
2041;88
2041;169
2042;4
2042;17
2042;21
2042;42
2042;88
2042;170
2043;4
2043;12
2043;21
2043;67
2043;84
2043;167
2044;4
2044;13
2044;21
2044;42
2044;84
2044;164
2045;4
2045;13
2045;21
2045;50
2045;84
2045;167
2046;4
2046;13
2046;34
2046;42
2046;84
2046;166
2047;4
2047;13
2047;34
2047;67
2047;88
2047;170
2048;7
2048;12
2048;33
2048;43
2048;94
2048;168
2049;4
2049;13
2049;34
2049;42
2049;88
2049;168
2050;4
2050;13
2050;34
2050;67
2050;88
2050;167
2051;4
2051;13
2051;33
2051;67
2051;95
2051;192
2052;4
2052;12
2052;34
2052;42
2052;88
2052;291
2053;4
2053;17
2053;21
2053;42
2053;88
2053;174
2054;6
2054;16
2054;21
2054;63
2054;88
2054;162
2055;6
2055;13
2055;21
2055;67
2055;88
2055;192
2056;8
2056;13
2056;21
2056;48
2056;100
2056;329
2057;4
2057;12
2057;21
2057;47
2057;95
2057;238
2058;4
2058;13
2058;21
2058;66
2058;84
2058;166
2059;4
2059;18
2059;33
2059;50
2059;88
2059;169
2060;4
2060;13
2060;33
2060;43
2060;88
2060;192
2061;4
2061;13
2061;27
2061;43
2061;159
2061;169
2062;4
2062;12
2062;29
2062;46
2062;146
2062;185
2063;5
2063;11
2063;24
2063;47
2063;85
2063;161
2064;6
2064;11
2064;21
2064;48
2064;101
2064;188
2065;6
2065;12
2065;21
2065;42
2065;82
2065;161
2066;8
2066;12
2066;20
2066;40
2066;95
2066;223
2067;7
2067;11
2067;23
2067;50
2067;82
2067;176
2068;5
2068;12
2068;20
2068;43
2068;82
2068;189
2069;6
2069;11
2069;20
2069;40
2069;88
2069;182
2070;5
2070;12
2070;22
2070;40
2070;98
2070;218
2071;6
2071;12
2071;22
2071;48
2071;89
2071;209
2072;5
2072;12
2072;22
2072;43
2072;82
2072;190
2073;6
2073;10
2073;23
2073;42
2073;82
2073;165
2074;6
2074;10
2074;22
2074;43
2074;86
2074;168
2075;5
2075;12
2075;25
2075;62
2075;87
2075;165
2076;8
2076;13
2076;22
2076;41
2076;101
2076;160
2077;5
2077;12
2077;22
2077;54
2077;88
2077;169
2078;4
2078;12
2078;22
2078;43
2078;99
2078;219
2079;9
2079;10
2079;21
2079;47
2079;89
2079;160
2080;6
2080;11
2080;27
2080;60
2080;82
2080;176
2081;5
2081;12
2081;21
2081;47
2081;98
2081;166
2082;5
2082;11
2082;22
2082;41
2082;80
2082;165
2083;6
2083;10
2083;31
2083;54
2083;98
2083;172
2084;6
2084;13
2084;24
2084;43
2084;88
2084;185
2085;6
2085;11
2085;22
2085;43
2085;82
2085;166
2086;8
2086;13
2086;22
2086;48
2086;89
2086;187
2087;4
2087;11
2087;24
2087;73
2087;85
2087;161
2088;5
2088;11
2088;23
2088;43
2088;97
2088;161
2089;5
2089;12
2089;22
2089;43
2089;86
2089;198
2090;9
2090;14
2090;24
2090;43
2090;99
2090;175
2091;9
2091;12
2091;22
2091;53
2091;100
2091;171
2092;5
2092;11
2092;23
2092;43
2092;86
2092;161
2093;5
2093;10
2093;20
2093;40
2093;86
2093;161
2094;9
2094;12
2094;23
2094;42
2094;99
2094;185
2095;8
2095;11
2095;23
2095;55
2095;81
2095;166
2096;9
2096;11
2096;22
2096;43
2096;82
2096;172
2097;9
2097;13
2097;23
2097;43
2097;80
2097;202
2098;6
2098;13
2098;22
2098;42
2098;85
2098;176
2099;5
2099;12
2099;23
2099;48
2099;86
2099;172
2100;6
2100;11
2100;30
2100;40
2100;82
2100;174
2101;5
2101;11
2101;23
2101;43
2101;90
2101;160
2102;5
2102;10
2102;23
2102;41
2102;82
2102;160
2103;8
2103;11
2103;30
2103;43
2103;82
2103;187
2104;5
2104;12
2104;21
2104;43
2104;85
2104;160
2105;9
2105;11
2105;22
2105;42
2105;86
2105;160
2106;5
2106;12
2106;36
2106;45
2106;82
2106;190
2107;8
2107;11
2107;23
2107;42
2107;86
2107;160
2108;8
2108;10
2108;22
2108;43
2108;81
2108;161
2109;6
2109;12
2109;23
2109;41
2109;88
2109;170
2110;5
2110;11
2110;22
2110;42
2110;85
2110;171
2111;6
2111;12
2111;22
2111;42
2111;86
2111;160
2112;5
2112;12
2112;22
2112;48
2112;85
2112;169
2113;9
2113;14
2113;22
2113;41
2113;82
2113;187
2114;5
2114;12
2114;22
2114;43
2114;98
2114;208
2115;4
2115;12
2115;23
2115;55
2115;82
2115;170
2116;5
2116;12
2116;32
2116;55
2116;82
2116;210
2117;5
2117;10
2117;23
2117;47
2117;82
2117;200
2118;9
2118;11
2118;22
2118;42
2118;98
2118;188
2119;5
2119;12
2119;22
2119;45
2119;89
2119;167
2120;6
2120;10
2120;24
2120;61
2120;82
2120;408
2121;9
2121;12
2121;22
2121;40
2121;140
2121;389
2122;6
2122;12
2122;22
2122;41
2122;82
2122;279
2123;6
2123;10
2123;25
2123;61
2123;148
2123;226
2124;9
2124;13
2124;37
2124;54
2124;85
2124;437
2125;2
2125;16
2125;27
2125;66
2125;91
2125;462
2126;4
2126;11
2126;27
2126;76
2126;88
2126;262
