0;2
0;10
1;2
2;2
3;2
4;2
5;2
6;2
7;2
8;2
9;2
10;2
11;2
12;2
13;2
14;2
15;2
16;2
17;2
18;2
19;2
20;2
21;2
22;2
23;2
24;2
25;2
26;2
27;2
28;2
29;2
30;2
31;2
32;2
33;2
34;2
35;2
36;2
37;2
38;2
39;2
40;2
41;2
42;2
43;2
44;2
45;2
46;2
47;2
48;2
49;2
50;2
51;2
52;2
53;2
54;2
55;2
56;2
57;2
58;2
59;2
60;2
61;2
62;2
63;2
64;2
65;2
66;2
67;2
68;2
69;2
70;2
71;2
72;2
73;2
74;2
75;2
76;2
77;2
78;2
79;2
80;2
81;2
82;2
83;2
84;2
85;2
86;2
87;2
88;2
89;2
90;2
91;2
92;2
93;3
94;3
95;3
96;3
97;3
98;3
99;3
100;3
101;3
102;3
103;3
104;3
105;3
106;3
107;3
108;3
109;3
110;3
111;3
112;3
113;3
114;3
115;3
116;3
117;3
118;3
119;3
120;3
121;3
122;3
123;3
124;3
125;3
126;3
127;3
128;3
129;3
130;3
131;3
132;3
133;3
134;3
135;3
136;3
137;3
138;3
139;3
140;3
141;3
142;3
143;3
144;3
145;3
146;3
147;3
148;3
149;3
150;3
151;3
152;3
153;3
154;3
155;3
156;3
157;3
158;3
159;3
160;3
161;3
162;3
163;3
164;3
165;3
166;3
167;3
168;3
169;3
170;3
171;3
172;3
173;3
174;3
175;3
176;4
177;4
178;4
179;4
180;4
181;4
182;4
183;4
184;4
185;4
186;4
187;4
188;4
189;4
190;4
191;4
192;4
193;4
194;4
195;4
196;4
197;4
198;4
199;4
200;4
201;4
202;4
203;4
204;4
205;4
206;4
207;4
208;4
209;4
210;4
211;4
212;4
213;4
214;4
215;4
216;4
217;4
218;4
219;4
220;4
221;4
222;4
223;4
224;4
225;4
226;4
227;4
228;4
229;4
230;4
231;4
232;4
233;4
234;4
235;4
236;5
237;5
238;5
239;5
240;5
241;5
242;5
243;5
244;5
245;5
246;5
247;5
248;5
249;5
250;5
251;5
252;5
253;5
254;5
255;5
256;5
257;5
258;5
259;5
260;5
261;5
262;5
263;5
264;5
265;5
266;5
267;5
268;5
269;5
270;5
271;5
272;5
273;5
274;5
275;5
276;5
277;5
278;5
279;5
280;5
281;5
282;5
283;5
284;5
285;5
286;6
287;6
288;6
289;6
290;6
291;6
292;6
293;6
294;6
295;6
296;6
297;6
298;6
299;6
300;6
301;6
302;6
303;6
304;6
305;6
306;6
307;6
308;6
309;6
310;6
311;6
312;6
313;6
314;6
315;6
316;6
317;6
318;6
319;6
320;6
321;6
322;6
323;6
324;6
325;6
326;7
326;11
327;7
328;7
329;7
330;7
331;7
332;7
333;7
334;7
335;7
336;7
337;7
338;7
339;7
340;7
341;7
342;7
343;7
344;7
345;7
346;7
347;7
348;7
349;7
350;7
351;7
352;7
353;7
354;7
355;7
356;7
357;7
358;7
359;7
360;7
361;8
362;8
363;8
364;8
365;8
366;8
367;8
368;8
369;8
369;10
370;8
371;8
372;8
373;8
374;8
375;8
376;8
377;8
378;8
379;8
380;8
381;8
381;10
382;8
382;10
383;8
383;10
384;8
384;10
385;8
385;10
386;8
386;10
387;8
387;10
388;8
388;10
389;8
389;10
390;8
390;10
391;8
391;10
392;9
392;10
393;9
393;10
394;9
394;10
395;9
395;10
396;9
396;10
397;9
397;10
398;9
398;10
399;9
399;10
400;9
400;10
401;9
401;10
402;9
402;10
403;9
403;10
404;9
404;10
405;9
405;10
406;9
406;10
407;9
407;10
408;9
408;10
409;9
409;10
410;9
410;10
411;9
411;10
412;9
412;10
413;9
413;10
414;9
414;10
415;9
415;10
416;9
416;10
417;9
417;10
418;9
418;10
419;9
419;10
420;9
420;10
421;9
421;10
422;9
422;10
423;9
423;10
424;9
424;10
425;9
425;10
426;9
426;10
427;9
427;10
428;9
428;10
429;9
429;10
430;9
430;10
431;9
431;10
432;9
432;10
433;9
433;10
434;9
434;10
435;9
435;10
436;9
436;10
437;9
437;10
438;9
438;10
439;9
439;10
440;9
440;10
441;9
441;10
442;9
442;10
443;9
443;11
444;9
444;11
445;9
445;11
446;9
446;11
447;9
447;11
448;9
448;11
449;9
449;11
450;9
450;11
451;9
451;11
452;11
453;11
454;11
455;11
456;11
457;11
458;11
459;11
460;11
461;11
462;11
463;11
464;11
465;11
466;12
467;12
468;12
469;12
470;12
471;12
472;12
473;12
474;12
475;12
476;12
477;12
478;12
479;12
480;12
481;12
482;12
483;12
484;12
485;12
486;13
487;13
488;13
489;13
490;13
491;13
492;13
493;13
494;13
495;13
496;13
497;13
498;13
499;13
500;13
501;13
502;13
503;13
504;13
505;14
506;14
507;14
508;14
509;14
510;14
511;14
512;14
513;14
514;14
515;14
516;14
517;14
518;14
519;14
520;14
521;14
522;15
523;15
524;15
525;15
526;15
527;15
528;15
529;15
530;15
531;15
532;15
533;15
534;15
535;15
536;15
537;15
538;15
539;16
540;16
541;16
542;16
543;16
544;16
545;16
546;16
547;16
548;16
549;16
550;16
551;16
552;16
553;16
554;17
555;17
556;17
557;17
558;17
559;17
560;17
561;17
562;17
563;17
564;17
565;17
566;17
567;17
568;18
569;18
570;18
571;18
572;18
573;18
574;18
575;18
576;18
577;18
577;20
578;0
578;18
578;20
579;18
579;20
580;18
580;20
581;18
581;20
582;19
582;20
583;19
583;20
584;19
584;20
585;19
585;20
586;19
586;20
587;19
587;20
588;19
588;20
589;19
589;20
590;19
590;20
591;19
591;20
592;19
592;20
593;19
593;20
594;19
594;20
595;19
595;20
596;19
596;20
597;19
597;20
598;19
598;20
599;19
599;20
600;19
600;20
601;19
601;20
602;19
602;20
603;19
603;20
604;19
604;20
605;19
605;20
606;19
606;20
607;19
607;21
608;19
608;21
609;19
609;21
610;19
610;21
611;19
611;21
612;21
613;21
614;21
615;21
616;21
617;21
618;21
619;22
620;22
621;22
622;22
623;22
624;22
625;22
626;22
627;22
628;22
629;22
630;23
631;23
632;23
633;23
634;23
635;23
636;23
637;23
638;23
639;23
640;24
641;24
642;24
643;24
644;24
645;24
646;24
647;24
648;24
649;24
650;25
651;25
652;25
653;25
654;25
655;25
656;25
657;25
658;25
659;25
660;26
661;26
662;26
663;26
664;26
665;26
666;26
667;26
668;26
669;26
670;27
671;27
672;27
673;27
674;27
675;27
676;27
677;27
678;27
679;28
680;28
681;28
682;28
683;28
684;28
685;28
686;28
687;29
688;29
689;29
690;29
691;29
692;29
693;29
694;29
695;29
696;30
697;30
698;30
699;30
700;30
701;30
702;30
703;30
704;31
705;31
706;31
707;31
708;31
709;31
710;31
711;31
712;32
713;32
714;32
715;32
716;32
717;32
718;32
719;33
720;33
721;33
722;33
723;33
724;33
725;33
726;33
727;34
728;34
729;34
730;34
731;34
732;34
733;34
734;35
735;35
736;35
737;35
738;35
739;35
740;35
741;36
742;36
743;36
744;36
745;36
746;36
747;36
748;37
749;37
750;37
751;37
752;37
753;37
754;38
755;38
756;38
757;38
758;38
758;40
759;38
759;40
760;38
760;40
761;39
761;40
762;39
762;40
763;39
763;40
764;39
764;40
765;39
765;40
766;39
766;40
767;39
767;40
768;39
768;40
769;39
769;40
770;39
770;40
771;39
771;40
772;39
772;40
773;39
773;41
774;39
774;41
775;39
775;41
776;41
777;41
778;41
779;42
780;42
781;42
782;42
783;42
784;42
785;43
786;43
787;43
788;43
789;43
790;43
791;44
792;44
793;44
794;44
795;44
796;45
797;45
798;45
799;45
800;45
801;45
802;46
803;46
804;46
805;46
806;46
807;47
808;47
809;47
810;47
811;47
812;48
813;48
814;48
815;48
816;48
817;49
818;49
819;49
820;49
821;49
822;50
823;50
824;50
825;50
826;50
827;51
828;51
829;51
830;51
831;51
832;52
833;52
834;52
835;52
836;53
837;53
838;53
839;53
840;53
841;54
842;54
843;54
844;54
845;54
846;55
847;55
848;55
849;55
850;56
851;56
852;56
853;56
854;57
855;57
856;57
857;57
858;57
859;58
860;58
861;58
862;58
863;59
864;59
865;59
866;59
867;60
868;60
869;60
870;60
871;61
872;61
873;61
874;61
875;62
876;62
877;62
878;62
879;63
880;63
881;63
882;63
883;64
884;64
885;64
886;64
887;65
888;65
889;65
890;66
891;66
892;66
893;66
894;67
895;67
896;67
897;67
898;68
899;68
900;68
901;69
902;69
903;69
904;69
905;70
906;70
907;70
908;71
909;71
910;71
911;71
912;72
913;72
914;72
915;73
916;73
917;73
918;73
919;74
920;74
921;74
922;75
923;75
924;75
925;76
926;76
927;76
928;77
929;77
930;77
931;77
932;78
933;78
933;80
934;78
934;80
935;79
935;80
936;79
936;80
937;79
937;80
938;79
938;80
939;79
939;80
940;79
940;80
941;79
941;81
942;79
942;81
943;81
944;82
945;82
946;82
947;83
948;83
949;83
950;84
951;84
952;84
953;85
954;85
955;85
956;86
957;86
958;87
959;87
960;87
961;88
962;88
963;88
964;89
965;89
966;89
967;90
968;90
969;91
970;91
971;91
972;92
973;92
974;92
975;93
976;93
977;94
978;94
979;94
980;95
981;95
982;95
983;96
984;96
985;97
986;97
987;97
988;98
989;98
990;99
991;99
992;99
993;100
994;100
995;101
996;101
997;102
998;102
999;102
1000;103
1001;103
1002;104
1003;104
1004;104
1005;105
1006;105
1007;106
1008;106
1009;107
1010;107
1011;108
1012;108
1013;108
1014;109
1015;109
1016;110
1017;110
1018;111
1019;111
1020;112
1021;112
1022;112
1023;113
1024;113
1025;114
1026;114
1027;115
1028;115
1029;116
1030;116
1031;117
1032;117
1033;118
1034;118
1035;119
1036;119
1037;120
1038;120
1039;121
1040;121
1041;122
1042;122
1043;123
1044;123
1045;124
1046;124
1047;125
1048;125
1049;126
1050;126
1051;127
1052;127
1053;128
1054;128
1055;129
1056;129
1057;130
1058;130
1059;131
1060;131
1061;132
1062;132
1063;133
1064;134
1065;134
1066;135
1067;135
1068;136
1069;136
1070;137
1071;137
1072;138
1073;139
1074;139
1075;140
1076;140
1077;141
1078;141
1079;142
1080;143
1081;143
1082;144
1083;144
1084;145
1085;146
1086;146
1087;147
1088;147
1089;148
1090;149
1091;149
1092;150
1093;150
1094;151
1095;152
1096;152
1097;153
1098;154
1099;154
1100;155
1101;155
1102;156
1103;157
1104;157
1105;158
1105;160
1106;159
1106;160
1107;159
1107;160
1108;159
1108;160
1109;159
1109;161
1110;159
1110;161
1111;162
1112;163
1113;163
1114;164
1115;165
1116;165
1117;166
1118;167
1119;167
1120;168
1121;169
1122;169
1123;170
1124;171
1125;172
1126;172
1127;173
1128;174
1129;174
1130;175
1131;176
1132;176
1133;177
1134;178
1135;179
1136;179
1137;180
1138;181
1139;182
1140;182
1141;183
1142;184
1143;185
1144;185
1145;186
1146;187
1147;188
1148;188
1149;189
1150;190
1151;191
1152;192
1153;192
1154;193
1155;194
1156;195
1157;196
1158;196
1159;197
1160;198
1161;199
1162;200
1163;200
1164;201
1165;202
1166;203
1167;204
1168;205
1169;205
1170;206
1171;207
1172;208
1173;209
1174;210
1175;210
1176;211
1177;212
1178;213
1179;214
1180;215
1181;216
1182;217
1183;217
1184;218
1185;219
1186;220
1187;221
1188;222
1189;223
1190;224
1191;225
1192;226
1193;227
1194;228
1195;228
1196;229
1197;230
1198;231
1199;232
1200;233
1201;234
1202;235
1203;236
1204;237
1205;238
1206;239
1207;240
1208;241
1209;242
1210;243
1211;244
1212;245
1213;246
1214;247
1215;248
1216;249
1217;250
1218;251
1219;252
1220;253
1221;254
1222;255
1223;256
1224;257
1225;258
1226;259
1227;260
1228;262
1229;263
1230;264
1231;265
1232;266
1233;267
1234;268
1235;269
1236;270
1237;271
1238;272
1239;274
1240;275
1241;276
1242;277
1243;278
1244;279
1245;280
1246;282
1247;283
1248;284
1249;285
1250;286
1251;287
1252;289
1253;290
1254;291
1255;292
1256;293
1257;294
1258;296
1259;297
1260;298
1261;299
1262;301
1263;302
1264;303
1265;304
1266;306
1267;307
1268;308
1269;309
1270;311
1271;312
1272;313
1273;314
1274;316
1275;317
1276;318
1277;320
1278;321
1279;322
1280;324
1281;325
1282;326
1283;328
1284;329
1285;330
1286;332
1287;333
1288;334
1289;336
1290;337
1291;339
1292;340
1293;341
1294;343
1295;344
1296;346
1297;347
1298;348
1299;350
1300;351
1301;353
1302;354
1303;356
1304;357
1305;358
1306;360
1307;361
1308;363
1309;364
1310;366
1311;367
1312;369
1313;370
1314;372
1315;373
1316;375
1317;377
1318;378
1319;380
1320;381
1321;383
1322;384
1323;386
1324;387
1325;389
1326;391
1327;392
1328;394
1329;396
1330;397
1331;399
1332;400
1333;402
1334;404
1335;405
1336;407
1337;409
1338;410
1339;412
1340;414
1341;415
1342;417
1343;419
1344;421
1345;422
1346;424
1347;426
1348;428
1349;429
1350;431
1351;433
1352;435
1353;436
1354;438
1355;440
1356;442
1357;444
1358;445
1359;447
1360;449
1361;451
1362;453
1363;455
1364;456
1365;458
1366;460
1367;462
1368;464
1369;466
1370;468
1371;470
1372;472
1373;474
1374;476
1375;478
1376;479
1377;481
1378;483
1379;485
1380;487
1381;489
1382;491
1383;493
1384;495
1385;497
1386;500
1387;502
1388;504
1389;506
1390;508
1391;510
1392;511
1393;510
1394;508
1395;506
1396;504
1397;501
1398;499
1399;497
1400;495
1401;493
1402;491
1403;488
1404;486
1405;484
1406;482
1407;480
1408;477
1409;475
1410;473
1411;471
1412;468
1413;466
1414;464
1415;461
1416;459
1417;457
1418;455
1419;452
1420;450
1421;447
1422;445
1423;443
1424;440
1425;438
1426;436
1427;433
1428;431
1429;428
1430;426
1431;423
1432;421
1433;418
1434;416
1435;413
1436;411
1437;408
1438;406
1439;403
1440;401
1441;398
1442;396
1443;393
1444;391
1445;388
1446;385
1447;383
1448;380
1449;377
1450;375
1451;372
1452;369
1453;367
1454;364
1455;361
1456;359
1457;356
1458;353
1459;350
1460;348
1461;345
1462;342
1463;339
1464;336
1465;334
1466;331
1467;328
1468;325
1469;322
1470;319
1471;316
1472;314
1473;311
1474;308
1475;305
1476;302
1477;299
1478;296
1479;293
1480;290
1481;287
1482;284
1483;281
1484;278
1485;275
1486;272
1487;269
1488;265
1489;262
1490;259
1491;256
1492;253
1493;250
1494;247
1495;243
1496;240
1497;237
1498;234
1499;230
1500;227
1501;224
1502;221
1503;217
1504;214
1505;211
1506;207
1507;204
1508;201
1509;197
1510;194
1511;190
1512;187
1513;184
1514;180
1515;177
1516;173
1517;170
1518;166
1519;163
1520;159
1520;160
1521;156
1522;152
1523;149
1524;145
1525;141
1526;138
1527;134
1528;130
1529;127
1530;123
1531;119
1532;116
1533;112
1534;108
1535;104
1536;101
1537;97
1538;93
1539;89
1540;85
1541;82
1542;78
1543;74
1544;70
1545;66
1546;62
1547;58
1548;54
1549;50
1550;46
1551;42
1552;38
1553;34
1554;30
1555;26
1556;22
1568;29
1569;33
1570;37
1571;42
1572;46
1573;51
1574;55
1575;59
1576;64
1577;68
1578;73
1579;77
1580;82
1581;86
1582;91
1583;95
1584;100
1585;105
1586;109
1587;114
1588;119
1589;123
1590;128
1591;133
1592;137
1593;142
1594;147
1595;152
1596;157
1597;162
1598;166
1599;171
1600;176
1601;181
1602;186
1603;191
1604;196
1605;201
1606;206
1607;211
1608;216
1609;221
1610;226
1611;231
1612;237
1613;242
1614;247
1615;252
1616;257
1617;263
1618;268
1619;273
1620;279
1621;284
1622;289
1623;295
1624;300
1625;306
1626;311
1627;317
1628;322
1629;328
1630;333
1631;339
1632;344
1633;350
1634;355
1635;361
1636;367
1637;373
1638;378
1639;384
1640;390
1641;396
1642;401
1643;407
1644;413
1645;419
1646;425
