2;0
2;19
2;25
2;40
2;100
2;239
3;9
3;10
3;20
3;40
3;100
3;214
4;9
4;10
4;25
4;50
4;151
4;269
5;9
5;10
5;25
5;40
5;121
5;398
6;9
6;10
6;30
6;51
6;102
6;182
7;9
7;10
7;26
7;51
7;156
7;184
8;9
8;10
8;26
8;52
8;104
8;186
9;9
9;16
9;21
9;53
9;80
9;160
10;9
10;16
10;32
10;40
10;80
10;161
11;5
11;11
11;32
11;41
11;81
11;163
12;8
12;11
12;22
12;42
12;83
12;167
13;5
13;11
13;28
13;42
13;112
13;168
14;9
14;11
14;34
14;57
14;86
14;172
15;6
15;12
15;29
15;58
15;88
15;177
16;5
16;12
16;30
16;53
16;89
16;177
17;5
17;12
17;24
17;48
17;122
17;218
18;6
18;12
18;31
18;47
18;93
18;186
19;6
19;12
19;31
19;47
19;125
19;187
20;7
20;13
20;32
20;48
20;96
20;192
21;5
21;13
21;32
21;49
21;97
21;195
22;5
22;13
22;33
22;40
22;100
22;199
23;5
23;13
23;34
23;41
23;81
23;162
24;5
24;14
24;35
24;41
24;105
24;209
25;5
25;14
25;36
25;43
25;107
25;171
26;8
26;16
26;37
26;43
26;87
26;165
27;8
27;15
27;37
27;44
27;149
27;177
28;9
28;15
28;37
28;45
28;89
28;168
29;6
29;15
29;22
29;57
29;150
29;169
30;6
30;19
30;37
30;57
30;89
30;178
31;7
31;19
31;30
31;40
31;89
31;179
32;5
32;15
32;37
32;57
32;90
32;169
33;5
33;15
33;38
33;45
33;113
33;169
34;5
34;15
34;38
34;45
34;89
34;180
35;8
35;15
35;30
35;45
35;89
35;169
36;5
36;15
36;30
36;40
36;112
36;188
37;9
37;15
37;30
37;44
37;89
37;170
38;5
38;15
38;30
38;45
38;150
38;188
39;8
39;15
39;30
39;45
39;112
39;169
40;5
40;15
40;30
40;44
40;90
40;190
41;5
41;15
41;30
41;44
41;113
41;169
42;5
42;15
42;30
42;76
42;89
42;335
43;8
43;15
43;37
43;40
43;89
43;335
44;5
44;18
44;38
44;78
44;151
44;169
45;5
45;15
45;38
45;51
45;112
45;226
46;9
46;15
46;38
46;45
46;113
46;169
47;5
47;19
47;38
47;75
47;112
47;168
48;7
48;17
48;38
48;45
48;89
48;169
49;7
49;19
49;38
49;67
49;113
49;169
50;9
50;15
50;37
50;51
50;112
50;168
51;8
51;15
51;38
51;75
51;112
51;169
52;5
52;15
52;37
52;40
52;112
52;168
53;9
53;15
53;38
53;76
53;89
53;179
54;5
54;15
54;38
54;56
54;112
54;269
55;8
55;15
55;38
55;75
55;90
55;269
56;5
56;15
56;38
56;75
56;113
56;179
57;8
57;15
57;38
57;76
57;90
57;180
58;5
58;15
58;38
58;75
58;89
58;179
59;0
59;15
59;37
59;75
59;149
59;180
60;5
60;15
60;38
60;45
60;112
60;179
61;5
61;15
61;38
61;45
61;89
61;180
62;8
62;19
62;38
62;45
62;89
62;179
63;8
63;15
63;34
63;57
63;112
63;180
64;5
64;17
64;34
64;57
64;113
64;180
65;6
65;15
65;30
65;56
65;89
65;180
66;8
66;15
66;38
66;67
66;90
66;180
67;8
67;15
67;22
67;45
67;112
67;178
68;7
68;15
68;30
68;67
68;89
68;179
69;8
69;15
69;30
69;67
69;112
69;229
70;6
70;15
70;38
70;45
70;113
70;179
71;8
71;19
71;37
71;60
71;89
71;306
72;9
72;19
72;38
72;67
72;151
72;179
73;6
73;15
73;37
73;68
73;89
73;179
74;9
74;11
74;29
74;60
74;89
74;179
75;9
75;11
75;30
75;45
75;89
75;180
76;9
76;11
76;36
76;42
76;84
76;179
77;9
77;11
77;34
77;42
77;84
77;170
78;9
78;11
78;33
78;42
78;100
78;202
79;9
79;11
79;33
79;42
79;100
79;201
80;9
80;11
80;33
80;42
80;100
80;202
81;7
81;11
81;34
81;42
81;84
81;168
82;5
82;11
82;33
82;42
82;100
82;202
83;5
83;11
83;34
83;42
83;84
83;168
84;8
84;11
84;33
84;42
84;100
84;201
85;5
85;11
85;34
85;42
85;84
85;168
86;9
86;11
86;33
86;42
86;101
86;169
87;8
87;11
87;33
87;42
87;84
87;167
88;9
88;18
88;33
88;42
88;127
88;201
89;5
89;19
89;38
89;42
89;84
89;201
90;9
90;19
90;33
90;42
90;85
90;226
91;7
91;19
91;33
91;42
91;141
91;202
92;9
92;19
92;36
92;42
92;85
92;169
93;9
93;18
93;37
93;42
93;84
93;169
94;8
94;19
94;34
94;42
94;89
94;169
95;9
95;19
95;38
95;42
95;127
95;169
96;9
96;11
96;33
96;42
96;84
96;168
97;9
97;19
97;37
97;42
97;89
97;169
98;5
98;19
98;34
98;42
98;84
98;201
99;9
99;11
99;28
99;42
99;89
99;166
100;8
100;11
100;33
100;50
100;85
100;169
101;5
101;11
101;33
101;42
101;90
101;169
102;9
102;11
102;34
102;42
102;84
102;169
103;5
103;11
103;28
103;42
103;89
103;169
104;5
104;19
104;33
104;42
104;85
104;169
105;5
105;11
105;33
105;42
105;134
105;169
106;5
106;11
106;33
106;42
106;135
106;169
107;5
107;19
107;34
107;42
107;84
107;169
108;8
108;11
108;33
108;42
108;84
108;168
109;5
109;11
109;34
109;42
109;135
109;202
110;9
110;11
110;33
110;40
110;80
110;200
111;6
111;11
111;33
111;40
111;80
111;203
112;5
112;11
112;39
112;40
112;80
112;270
113;6
113;19
113;34
113;40
113;89
113;169
114;9
114;11
114;33
114;40
114;114
114;169
115;5
115;18
115;33
115;40
115;80
115;160
116;5
116;11
116;33
116;40
116;80
116;168
117;5
117;19
117;34
117;40
117;80
117;160
118;5
118;11
118;33
118;40
118;80
118;201
119;8
119;11
119;33
119;40
119;80
119;160
120;6
120;11
120;39
120;40
120;135
120;201
121;8
121;15
121;39
121;40
121;135
121;160
122;8
122;15
122;30
122;40
122;134
122;169
123;9
123;15
123;38
123;40
123;89
123;226
124;9
124;15
124;30
124;56
124;89
124;225
125;8
125;15
125;30
125;56
125;89
125;169
126;9
126;15
126;30
126;45
126;90
126;169
127;8
127;15
127;30
127;56
127;113
127;178
128;5
128;15
128;38
128;56
128;113
128;170
129;5
129;15
129;38
129;57
129;113
129;179
130;5
130;15
130;38
130;45
130;113
130;169
131;6
131;15
131;38
131;45
131;90
131;180
132;7
132;15
132;30
132;45
132;151
132;171
133;5
133;17
133;38
133;45
133;113
133;180
134;7
134;16
134;37
134;51
134;90
134;171
135;5
135;17
135;38
135;76
135;150
135;180
136;7
136;15
136;37
136;45
136;113
136;170
137;6
137;15
137;38
137;45
137;90
137;335
138;7
138;15
138;38
138;45
138;113
138;335
139;7
139;15
139;38
139;45
139;113
139;169
140;8
140;15
140;30
140;45
140;112
140;179
141;9
141;16
141;30
141;45
141;151
141;170
142;9
142;19
142;20
142;45
142;90
142;257
143;8
143;19
143;30
143;44
143;89
143;303
144;8
144;19
144;37
144;45
144;89
144;179
145;8
145;17
145;38
145;45
145;151
145;169
146;8
146;16
146;30
146;75
146;89
146;179
147;5
147;15
147;30
147;45
147;89
147;169
148;5
148;15
148;38
148;75
148;150
148;178
149;8
149;15
149;30
149;44
149;112
149;269
150;7
150;19
150;38
150;75
150;113
150;269
151;5
151;15
151;30
151;45
151;90
151;269
152;8
152;19
152;38
152;44
152;113
152;180
153;5
153;15
153;37
153;75
153;90
153;179
154;8
154;15
154;38
154;76
154;89
154;180
155;9
155;18
155;37
155;44
155;90
155;179
156;5
156;15
156;37
156;51
156;90
156;180
157;5
157;19
157;34
157;45
157;89
157;179
158;6
158;19
158;38
158;56
158;112
158;180
159;5
159;15
159;30
159;56
159;112
159;179
160;7
160;15
160;36
160;57
160;113
160;179
161;8
161;15
161;37
161;56
161;89
161;180
162;9
162;15
162;30
162;67
162;89
162;180
163;6
163;15
163;30
163;45
163;90
163;180
164;7
164;15
164;38
164;68
164;89
164;229
165;8
165;15
165;37
165;67
165;90
165;226
166;6
166;15
166;37
166;68
166;113
166;180
167;5
167;15
167;30
167;60
167;89
167;239
168;7
168;19
168;30
168;67
168;90
168;180
169;8
169;10
169;30
169;60
169;90
169;179
170;4
170;12
170;28
170;60
170;90
170;180
171;3
171;11
171;28
171;67
171;84
171;178
172;3
172;11
172;33
172;42
172;85
172;178
173;3
173;11
173;34
173;42
173;100
173;168
174;2
174;11
174;33
174;50
174;100
174;202
175;9
175;11
175;33
175;43
175;85
175;168
176;9
176;11
176;28
176;51
176;89
176;179
177;9
177;11
177;33
177;42
177;84
177;201
178;9
178;11
178;28
178;42
178;100
178;201
179;9
179;11
179;34
179;42
179;85
179;201
180;9
180;11
180;33
180;42
180;84
180;202
181;6
181;10
181;33
181;42
181;111
181;201
182;4
182;11
182;33
182;42
182;126
182;202
183;3
183;11
183;28
183;42
183;84
183;201
184;3
184;11
184;28
184;42
184;126
184;226
185;3
185;11
185;34
185;42
185;84
185;226
186;2
186;17
186;33
186;42
186;84
186;226
187;9
187;19
187;34
187;42
187;84
187;164
188;9
188;19
188;34
188;42
188;85
188;169
189;9
189;11
189;28
189;42
189;101
189;169
190;9
190;17
190;34
190;42
190;89
190;169
191;9
191;17
191;38
191;45
191;81
191;169
192;9
192;11
192;35
192;42
192;84
192;169
193;6
193;11
193;34
193;42
193;84
193;169
194;4
194;17
194;33
194;42
194;89
194;169
195;3
195;11
195;34
195;42
195;84
195;169
196;3
196;11
196;34
196;50
196;89
196;169
197;3
197;11
197;34
197;42
197;85
197;169
198;2
198;17
198;34
198;42
198;84
198;169
199;9
199;17
199;33
199;42
199;84
199;169
200;9
200;11
200;34
200;42
200;84
200;169
201;5
201;11
201;34
201;42
201;135
201;169
202;5
202;10
202;20
202;42
202;101
202;168
203;4
203;17
203;33
203;42
203;89
203;169
204;3
204;17
204;34
204;57
204;100
204;169
205;5
205;10
205;22
205;67
205;80
205;169
206;4
206;19
206;39
206;57
206;95
206;475
207;3
207;12
207;26
207;69
207;88
207;174
208;3
208;15
208;35
208;71
208;106
208;166
209;3
209;18
209;36
209;72
209;108
209;181
210;2
210;19
210;37
210;74
210;111
210;295
211;8
211;14
211;29
211;46
211;93
211;174
212;8
212;16
212;32
212;59
212;99
212;309
213;7
213;17
213;33
213;40
213;117
213;197
214;3
214;19
214;31
214;79
214;80
214;320
215;9
215;18
215;31
215;41
215;82
215;191
216;7
216;18
216;34
216;41
216;83
216;175
217;5
217;10
217;38
217;40
217;89
217;167
218;4
218;15
218;38
218;57
218;113
218;171
219;3
219;15
219;38
219;56
219;113
219;171
220;3
220;15
220;37
220;56
220;89
220;170
221;3
221;15
221;37
221;44
221;111
221;170
222;2
222;15
222;38
222;44
222;111
222;167
223;5
223;10
223;20
223;63
223;158
223;494
224;4
224;17
224;33
224;66
224;148
224;492
225;3
225;16
225;31
225;56
225;132
225;365
226;5
226;18
226;20
226;40
226;143
226;162
227;4
227;13
227;24
227;72
227;96
227;167
228;3
228;19
228;25
228;74
228;80
228;170
229;3
229;19
229;28
229;45
229;152
229;178
230;3
230;15
230;28
230;57
230;84
230;169
231;0
231;15
231;28
231;56
231;85
231;311
232;7
232;15
232;26
232;56
232;111
232;167
233;3
233;15
233;25
233;50
233;151
233;176
234;0
234;15
234;25
234;75
234;99
234;174
235;0
235;15
235;25
235;50
235;100
235;299
236;4
236;15
236;25
236;50
236;126
236;301
237;8
237;17
237;24
237;50
237;100
237;295
238;5
238;14
238;27
238;55
238;81
238;283
239;9
239;15
239;28
239;57
239;85
239;396
240;9
240;16
240;39
240;40
240;159
240;414
241;9
241;15
241;38
241;45
241;113
241;473
242;6
242;15
242;23
242;46
242;159
242;161
243;3
243;15
243;23
243;69
243;137
243;161
244;7
244;15
244;23
244;69
244;140
244;163
245;2
245;15
245;25
245;75
245;151
245;176
246;2
246;15
246;25
246;75
246;150
246;175
247;3
247;15
247;25
247;75
247;150
247;175
248;7
248;15
248;25
248;75
248;150
248;175
249;1
249;15
249;25
249;50
249;151
249;403
250;4
250;12
250;25
250;49
250;151
250;300
251;4
251;13
251;22
251;44
251;154
251;198
252;3
252;19
252;22
252;45
252;134
252;201
253;3
253;16
253;22
253;45
253;145
253;178
254;3
254;15
254;22
254;57
254;114
254;202
255;2
255;15
255;22
255;56
255;90
255;195
256;4
256;15
256;24
256;56
256;111
256;197
257;1
257;15
257;37
257;44
257;88
257;171
258;5
258;15
258;37
258;44
258;111
258;169
259;1
259;15
259;22
259;44
259;112
259;167
260;6
260;15
260;22
260;44
260;89
260;169
261;1
261;15
261;22
261;56
261;134
261;167
262;6
262;15
262;22
262;56
262;113
262;169
263;5
263;15
263;22
263;56
263;94
263;171
264;3
264;15
264;22
264;44
264;92
264;169
265;4
265;12
265;34
265;42
265;84
265;186
266;4
266;14
266;34
266;51
266;101
266;186
267;3
267;17
267;21
267;42
267;101
267;224
268;3
268;17
268;34
268;50
268;99
268;185
269;2
269;17
269;33
269;50
269;84
269;381
270;0
270;16
270;33
270;49
270;99
270;265
271;4
271;17
271;34
271;51
271;84
271;203
272;3
272;17
272;33
272;50
272;84
272;268
273;3
273;17
273;34
273;50
273;99
273;242
274;4
274;12
274;24
274;47
274;97
274;403
275;3
275;10
275;26
275;49
275;154
275;479
276;3
276;17
276;25
276;46
276;148
276;485
277;3
277;14
277;28
277;43
277;84
277;178
278;2
278;14
278;27
278;51
278;139
278;167
279;6
279;14
279;26
279;42
279;84
279;438
280;4
280;14
280;25
280;50
280;99
280;393
281;1
281;14
281;23
281;50
281;84
281;166
282;5
282;14
282;33
282;42
282;136
282;419
283;9
283;19
283;25
283;51
283;150
283;378
284;9
284;18
284;25
284;49
284;150
284;326
285;2
285;14
285;25
285;49
285;150
285;491
286;0
286;19
286;22
286;45
286;112
286;290
287;7
287;18
287;22
287;44
287;151
287;173
288;9
288;13
288;39
288;43
288;130
288;178
289;6
289;19
289;20
289;51
289;81
289;248
290;5
290;19
290;21
290;65
290;86
290;259
291;6
291;19
291;22
291;66
291;119
291;357
292;7
292;18
292;25
292;74
292;124
292;174
293;9
293;19
293;25
293;74
293;149
293;299
294;6
294;19
294;25
294;75
294;150
294;175
295;7
295;16
295;25
295;75
295;150
295;375
296;9
296;19
296;25
296;50
296;152
296;307
297;9
297;15
297;25
297;50
297;153
297;303
298;2
298;19
298;22
298;44
298;154
298;301
299;9
299;17
299;22
299;44
299;156
299;311
300;6
300;16
300;22
300;67
300;156
300;178
301;5
301;19
301;22
301;45
301;80
301;178
302;5
302;11
302;22
302;57
302;155
302;310
303;6
303;18
303;22
303;56
303;89
303;178
304;7
304;14
304;22
304;56
304;88
304;170
305;7
305;15
305;22
305;40
305;112
305;171
306;6
306;16
306;22
306;56
306;111
306;364
307;8
307;19
307;20
307;40
307;150
307;289
308;4
308;18
308;36
308;72
308;89
308;289
309;2
309;17
309;35
309;70
309;87
309;278
310;8
310;18
310;22
310;44
310;112
310;264
311;9
311;18
311;22
311;56
311;111
311;170
312;7
312;10
312;38
312;46
312;85
312;199
313;4
313;15
313;38
313;57
313;114
313;168
314;3
314;15
314;38
314;57
314;113
314;170
315;3
315;15
315;37
315;44
315;89
315;357
316;3
316;15
316;37
316;56
316;154
316;160
317;2
317;15
317;37
317;44
317;111
317;160
318;7
318;15
318;37
318;44
318;111
318;330
319;4
319;17
319;34
319;51
319;151
319;168
320;3
320;17
320;33
320;67
320;100
320;167
321;3
321;17
321;33
321;68
321;86
321;186
322;4
322;14
322;25
322;51
322;80
322;204
323;3
323;15
323;26
323;67
323;158
323;477
324;3
324;17
324;39
324;40
324;155
324;177
325;3
325;15
325;29
325;57
325;136
325;178
326;2
326;15
326;28
326;57
326;114
326;199
327;9
327;15
327;37
327;45
327;89
327;402
328;0
328;15
328;25
328;50
328;100
328;174
329;2
329;15
329;25
329;74
329;149
329;297
330;9
330;15
330;25
330;50
330;151
330;176
331;1
331;15
331;25
331;75
331;101
331;177
332;1
332;15
332;25
332;74
332;148
332;172
333;8
333;17
333;27
333;56
333;83
333;167
334;5
334;15
334;25
334;56
334;85
334;169
335;9
335;15
335;25
335;56
335;83
335;167
336;6
336;10
336;38
336;40
336;92
336;167
337;5
337;15
337;22
337;45
337;89
337;466
338;4
338;15
338;22
338;67
338;89
338;267
339;8
339;15
339;23
339;68
339;91
339;350
340;6
340;15
340;24
340;73
340;97
340;339
341;1
341;15
341;24
341;73
341;97
341;171
342;0
342;15
342;25
342;74
342;98
342;172
343;3
343;15
343;25
343;74
343;99
343;173
344;8
344;16
344;25
344;49
344;99
344;174
345;5
345;10
345;22
345;49
345;98
345;298
346;4
346;11
346;22
346;44
346;88
346;310
347;3
347;10
347;22
347;44
347;88
347;308
348;3
348;14
348;22
348;45
348;154
348;178
349;3
349;15
349;38
349;57
349;113
349;171
350;2
350;15
350;38
350;56
350;90
350;169
351;6
351;15
351;37
351;56
351;111
351;167
352;0
352;15
352;37
352;44
352;112
352;169
353;6
353;15
353;37
353;56
353;111
353;171
354;5
354;15
354;37
354;44
354;111
354;169
355;6
355;15
355;37
355;44
355;112
355;169
356;6
356;15
356;38
356;45
356;112
356;167
357;6
357;15
357;37
357;44
357;111
357;170
358;5
358;15
358;37
358;44
358;89
358;170
359;9
359;15
359;37
359;44
359;113
359;169
360;5
360;10
360;34
360;43
360;85
360;187
361;4
361;14
361;34
361;51
361;101
361;212
362;3
362;14
362;34
362;50
362;101
362;189
363;3
363;16
363;33
363;42
363;83
363;178
364;3
364;17
364;33
364;50
364;100
364;176
365;2
365;17
365;34
365;50
365;152
365;368
366;5
366;17
366;33
366;66
366;99
366;165
367;4
367;17
367;34
367;68
367;152
367;169
368;3
368;17
368;34
368;69
368;86
368;166
369;5
369;10
369;23
369;45
369;89
369;470
370;4
370;18
370;25
370;50
370;149
370;275
371;3
371;17
371;29
371;57
371;114
371;390
372;3
372;14
372;28
372;57
372;84
372;178
373;3
373;14
373;28
373;56
373;84
373;169
374;2
374;14
374;28
374;51
374;85
374;200
375;6
375;14
375;25
375;51
375;99
375;295
376;0
376;14
376;25
376;50
376;152
376;178
377;8
377;14
377;23
377;50
377;84
377;290
378;7
378;14
378;24
378;42
378;120
378;485
379;0
379;14
379;25
379;50
379;99
379;493
380;9
380;15
380;25
380;50
380;101
380;277
381;0
381;19
381;22
381;44
381;87
381;284
382;9
382;16
382;22
382;44
382;133
382;176
383;6
383;12
383;22
383;44
383;101
383;222
384;4
384;12
384;22
384;65
384;87
384;172
385;4
385;12
385;22
385;67
385;89
385;178
386;3
386;19
386;24
386;73
386;99
386;313
387;3
387;16
387;25
387;75
387;100
387;324
388;3
388;16
388;25
388;75
388;100
388;326
389;2
389;18
389;25
389;75
389;100
389;175
390;9
390;19
390;25
390;75
390;100
390;324
391;5
391;17
391;25
391;75
391;100
391;326
392;3
392;19
392;24
392;73
392;100
392;341
393;2
393;19
393;25
393;75
393;117
393;417
394;1
394;19
394;23
394;45
394;135
394;295
395;8
395;19
395;22
395;45
395;89
395;382
396;9
396;18
396;22
396;45
396;89
396;379
397;3
397;17
397;22
397;44
397;101
397;205
398;2
398;16
398;22
398;45
398;111
398;224
399;2
399;19
399;22
399;44
399;157
399;292
400;4
400;19
400;20
400;45
400;156
400;305
401;6
401;18
401;22
401;45
401;105
401;429
402;7
402;19
402;20
402;40
402;112
402;295
403;6
403;17
403;34
403;52
403;101
403;290
404;8
404;17
404;33
404;50
404;103
404;279
405;8
405;17
405;35
405;75
405;98
405;201
406;2
406;18
406;22
406;76
406;87
406;457
407;7
407;18
407;37
407;74
407;148
407;459
408;4
408;10
408;28
408;45
408;100
408;349
409;4
409;10
409;35
409;57
409;113
409;171
410;3
410;15
410;28
410;56
410;83
410;166
411;4
411;11
411;28
411;56
411;85
411;167
412;4
412;11
412;28
412;56
412;112
412;493
413;4
413;15
413;37
413;56
413;111
413;484
414;4
414;12
414;28
414;56
414;84
414;167
415;4
415;13
415;27
415;75
415;82
415;166
416;3
416;12
416;25
416;51
416;150
416;404
417;4
417;12
417;25
417;75
417;150
417;176
418;4
418;10
418;25
418;76
418;151
418;176
419;3
419;10
419;25
419;40
419;125
419;167
420;7
420;15
420;25
420;57
420;92
420;231
421;7
421;15
421;38
421;57
421;114
421;179
422;7
422;15
422;25
422;56
422;112
422;174
423;7
423;15
423;24
423;56
423;112
423;410
424;7
424;15
424;24
424;56
424;112
424;410
425;7
425;15
425;25
425;56
425;111
425;497
426;6
426;11
426;25
426;49
426;99
426;301
427;6
427;18
427;24
427;43
427;153
427;407
428;6
428;15
428;22
428;45
428;90
428;202
429;6
429;15
429;22
429;44
429;87
429;200
430;6
430;10
430;22
430;51
430;81
430;199
431;6
431;13
431;38
431;40
431;159
431;166
432;6
432;15
432;38
432;45
432;90
432;250
433;6
433;15
433;38
433;57
433;114
433;171
434;6
434;15
434;37
434;56
434;112
434;169
435;6
435;15
435;37
435;56
435;111
435;440
436;6
436;19
436;23
436;56
436;111
436;389
437;6
437;15
437;25
437;44
437;88
437;470
438;6
438;19
438;22
438;43
438;87
438;175
439;6
439;19
439;22
439;43
439;108
439;482
440;9
440;18
440;25
440;75
440;101
440;168
441;4
441;12
441;24
441;71
441;142
441;351
442;3
442;15
442;25
442;74
442;124
442;348
443;3
443;19
443;25
443;75
443;150
443;176
444;3
444;15
444;25
444;75
444;100
444;176
445;2
445;15
445;25
445;57
445;114
445;175
446;8
446;15
446;22
446;44
446;90
446;301
447;5
447;14
447;22
447;56
447;112
447;173
448;5
448;15
448;37
448;45
448;89
448;485
449;5
449;15
449;37
449;44
449;111
449;476
450;6
450;17
450;28
450;61
450;89
450;177
451;5
451;11
451;27
451;41
451;155
451;325
452;5
452;11
452;22
452;73
452;146
452;326
453;6
453;19
453;31
453;44
453;125
453;187
454;6
454;18
454;21
454;40
454;109
454;172
455;6
455;10
455;22
455;59
455;159
455;420
456;4
456;14
456;22
456;43
456;85
456;169
457;3
457;10
457;25
457;51
457;101
457;271
458;3
458;14
458;30
458;51
458;101
458;180
459;3
459;11
459;27
459;50
459;82
459;163
460;3
460;10
460;28
460;50
460;85
460;168
461;3
461;14
461;28
461;50
461;100
461;454
462;4
462;13
462;28
462;58
462;85
462;165
463;3
463;16
463;28
463;76
463;84
463;169
464;3
464;13
464;25
464;49
464;98
464;194
465;4
465;12
465;25
465;41
465;111
465;176
466;3
466;16
466;25
466;50
466;101
466;177
467;3
467;15
467;25
467;67
467;148
467;176
468;7
468;15
468;25
468;50
468;98
468;224
469;7
469;14
469;23
469;51
469;101
469;199
470;7
470;14
470;25
470;75
470;125
470;350
471;7
471;14
471;25
471;50
471;123
471;173
472;7
472;14
472;28
472;55
472;85
472;309
473;8
473;14
473;20
473;50
473;100
473;162
474;6
474;18
474;25
474;51
474;152
474;178
475;6
475;18
475;24
475;48
475;99
475;306
476;6
476;19
476;22
476;44
476;87
476;327
477;6
477;10
477;22
477;67
477;88
477;437
478;6
478;19
478;22
478;50
478;83
478;305
479;6
479;12
479;36
479;41
479;80
479;179
480;4
480;12
480;23
480;51
480;101
480;317
481;3
481;12
481;22
481;60
481;121
481;181
482;3
482;13
482;23
482;50
482;119
482;179
483;4
483;12
483;39
483;59
483;118
483;445
484;4
484;19
484;20
484;41
484;99
484;241
485;6
485;10
485;22
485;59
485;118
485;339
486;4
486;19
486;21
486;42
486;85
486;170
487;3
487;19
487;20
487;42
487;157
487;170
488;5
488;10
488;25
488;50
488;99
488;175
489;4
489;11
489;24
489;73
489;101
489;172
490;3
490;13
490;25
490;75
490;100
490;175
491;3
491;15
491;25
491;40
491;101
491;175
492;6
492;16
492;25
492;57
492;114
492;327
493;5
493;16
493;23
493;57
493;113
493;472
494;5
494;19
494;22
494;44
494;118
494;178
495;6
495;13
495;22
495;44
495;112
495;197
496;6
496;12
496;22
496;44
496;111
496;201
497;6
497;15
497;39
497;44
497;114
497;182
498;6
498;18
498;39
498;40
498;102
498;307
499;0
499;14
499;39
499;40
499;106
499;206
500;8
500;19
500;23
500;47
500;114
500;165
501;1
501;19
501;23
501;74
501;99
501;451
502;5
502;19
502;26
502;75
502;149
502;188
503;5
503;12
503;22
503;46
503;90
503;190
504;4
504;11
504;25
504;51
504;114
504;202
505;3
505;15
505;28
505;57
505;90
505;311
506;2
506;15
506;37
506;56
506;88
506;487
507;4
507;15
507;22
507;44
507;88
507;287
508;4
508;15
508;22
508;44
508;156
508;266
509;5
509;10
509;23
509;42
509;100
509;439
510;4
510;12
510;22
510;45
510;89
510;200
511;3
511;17
511;22
511;44
511;86
511;199
512;5
512;12
512;24
512;74
512;99
512;196
513;4
513;10
513;25
513;75
513;149
513;174
514;3
514;15
514;25
514;75
514;150
514;326
515;7
515;15
515;25
515;76
515;133
515;230
516;7
516;15
516;26
516;57
516;103
516;316
517;7
517;15
517;28
517;56
517;85
517;369
518;7
518;15
518;24
518;56
518;111
518;167
519;7
519;15
519;22
519;44
519;90
519;376
520;7
520;15
520;38
520;44
520;111
520;171
521;7
521;19
521;22
521;45
521;100
521;162
522;6
522;18
522;22
522;45
522;88
522;203
523;6
523;19
523;22
523;44
523;112
523;201
524;6
524;19
524;24
524;51
524;146
524;198
525;6
525;10
525;25
525;50
525;100
525;202
526;6
526;14
526;25
526;50
526;85
526;424
527;7
527;19
527;38
527;46
527;89
527;162
528;6
528;15
528;26
528;57
528;114
528;205
529;6
529;15
529;29
529;57
529;113
529;170
530;6
530;15
530;37
530;56
530;111
530;464
531;6
531;15
531;22
531;56
531;112
531;246
532;6
532;15
532;38
532;44
532;111
532;171
533;6
533;19
533;20
533;42
533;125
533;418
534;6
534;19
534;22
534;44
534;134
534;288
535;0
535;19
535;21
535;44
535;118
535;421
536;4
536;12
536;25
536;50
536;99
536;373
537;4
537;10
537;25
537;50
537;80
537;369
538;3
538;10
538;25
538;45
538;151
538;162
539;3
539;15
539;25
539;51
539;127
539;230
540;3
540;15
540;27
540;54
540;81
540;163
541;0
541;15
541;38
541;56
541;112
541;169
542;5
542;15
542;22
542;44
542;88
542;288
543;5
543;14
543;22
543;44
543;155
543;378
544;4
544;15
544;38
544;47
544;159
544;166
545;6
545;16
545;22
545;68
545;159
545;160
546;5
546;16
546;22
546;44
546;155
546;178
547;5
547;19
547;22
547;45
547;159
547;160
548;6
548;10
548;25
548;50
548;148
548;297
549;6
549;12
549;25
549;74
549;99
549;294
550;6
550;12
550;24
550;43
550;148
550;187
551;4
551;12
551;25
551;51
551;154
551;230
552;4
552;10
552;25
552;50
552;101
552;174
553;3
553;14
553;28
553;56
553;84
553;197
554;3
554;14
554;23
554;50
554;99
554;298
555;4
555;14
555;22
555;50
555;99
555;173
556;4
556;14
556;22
556;50
556;99
556;171
557;4
557;12
557;22
557;44
557;89
557;200
558;4
558;12
558;22
558;45
558;89
558;292
559;3
559;19
559;20
559;45
559;90
559;468
560;4
560;13
560;22
560;44
560;90
560;457
561;3
561;14
561;22
561;43
561;89
561;484
562;3
562;19
562;34
562;42
562;100
562;165
563;6
563;15
563;34
563;53
563;87
563;231
564;7
564;17
564;33
564;51
564;101
564;169
565;7
565;17
565;21
565;50
565;101
565;218
566;7
566;14
566;33
566;50
566;99
566;357
567;7
567;14
567;33
567;50
567;99
567;184
568;7
568;14
568;33
568;50
568;99
568;349
569;6
569;19
569;25
569;56
569;81
569;163
570;6
570;18
570;30
570;49
570;150
570;335
571;6
571;12
571;34
571;50
571;148
571;328
572;6
572;10
572;25
572;50
572;100
572;446
573;6
573;18
573;37
573;41
573;149
573;421
574;6
574;17
574;39
574;51
574;101
574;176
575;4
575;12
575;25
575;74
575;148
575;181
576;4
576;12
576;27
576;50
576;84
576;179
577;3
577;10
577;26
577;59
577;118
577;363
578;4
578;11
578;22
578;45
578;100
578;289
579;4
579;11
579;22
579;45
579;90
579;270
580;4
580;11
580;22
580;44
580;91
580;178
581;4
581;12
581;23
581;46
581;115
581;478
582;3
582;18
582;39
582;40
582;80
582;282
583;3
583;14
583;25
583;40
583;90
583;268
584;4
584;12
584;22
584;45
584;134
584;489
585;3
585;11
585;22
585;46
585;92
585;505
586;3
586;17
586;22
586;40
586;159
586;393
587;3
587;19
587;37
587;56
587;101
587;173
588;2
588;19
588;20
588;40
588;103
588;362
589;9
589;19
589;22
589;76
589;123
589;172
590;1
590;19
590;20
590;63
590;103
590;418
591;1
591;19
591;22
591;76
591;124
591;160
592;4
592;19
592;22
592;67
592;103
592;205
593;9
593;19
593;21
593;48
593;101
593;187
594;9
594;19
594;23
594;76
594;102
594;205
595;1
595;19
595;20
595;77
595;101
595;184
596;4
596;19
596;20
596;71
596;101
596;173
597;7
597;19
597;20
597;76
597;101
597;184
598;8
598;10
598;39
598;40
598;111
598;167
599;4
599;12
599;30
599;61
599;90
599;206
600;3
600;14
600;31
600;61
600;89
600;238
601;7
601;11
601;37
601;66
601;101
601;166
602;5
602;10
602;34
602;67
602;89
602;167
603;9
603;10
603;37
603;55
603;88
603;175
604;5
604;10
604;38
604;44
604;106
604;333
605;4
605;11
605;38
605;45
605;100
605;199
606;3
606;11
606;37
606;44
606;98
606;196
607;6
607;11
607;38
607;45
607;89
607;168
608;4
608;12
608;38
608;45
608;113
608;226
609;3
609;12
609;37
609;44
609;111
609;166
610;6
610;12
610;38
610;45
610;154
610;168
611;7
611;15
611;33
611;67
611;100
611;164
612;7
612;11
612;33
612;67
612;111
612;167
613;4
613;11
613;34
613;45
613;113
613;168
614;4
614;15
614;33
614;67
614;101
614;167
615;4
615;15
615;33
615;44
615;109
615;167
616;4
616;15
616;37
616;56
616;112
616;169
617;4
617;15
617;38
617;45
617;101
617;167
618;4
618;15
618;37
618;56
618;112
618;168
619;4
619;15
619;38
619;56
619;112
619;167
620;4
620;15
620;38
620;45
620;101
620;170
621;4
621;15
621;37
621;56
621;112
621;168
622;4
622;19
622;34
622;44
622;113
622;372
623;6
623;15
623;34
623;45
623;97
623;300
624;7
624;16
624;22
624;67
624;133
624;301
625;2
625;15
625;34
625;67
625;100
625;301
626;0
626;15
626;34
626;67
626;101
626;336
627;8
627;15
627;33
627;45
627;113
627;339
628;4
628;15
628;37
628;56
628;112
628;168
629;5
629;15
629;38
629;45
629;90
629;169
630;1
630;15
630;38
630;45
630;135
630;170
631;6
631;10
631;37
631;56
631;113
631;167
632;4
632;12
632;38
632;45
632;112
632;223
633;3
633;11
633;38
633;45
633;134
633;425
634;3
634;15
634;31
634;56
634;154
634;245
635;7
635;15
635;34
635;68
635;99
635;173
636;7
636;15
636;37
636;69
636;99
636;404
637;7
637;15
637;38
637;76
637;115
637;380
638;7
638;15
638;31
638;45
638;100
638;169
639;7
639;15
639;28
639;56
639;99
639;284
640;9
640;10
640;29
640;56
640;133
640;202
641;4
641;11
641;29
641;56
641;89
641;179
642;4
642;11
642;30
642;45
642;88
642;176
643;4
643;11
643;33
643;56
643;89
643;177
644;4
644;11
644;33
644;44
644;89
644;179
645;4
645;11
645;34
645;45
645;88
645;170
646;5
646;10
646;34
646;51
646;102
646;482
647;4
647;14
647;33
647;50
647;100
647;221
648;7
648;14
648;34
648;50
648;137
648;217
649;8
649;10
649;33
649;42
649;141
649;169
650;8
650;14
650;33
650;50
650;84
650;175
651;8
651;14
651;34
651;43
651;101
651;178
652;5
652;12
652;33
652;50
652;101
652;199
653;4
653;11
653;33
653;42
653;100
653;199
654;3
654;11
654;33
654;50
654;101
654;174
655;5
655;10
655;34
655;52
655;102
655;179
656;4
656;12
656;33
656;76
656;102
656;305
657;6
657;12
657;33
657;50
657;102
657;169
658;7
658;15
658;33
658;50
658;101
658;178
659;7
659;10
659;28
659;50
659;100
659;199
660;7
660;10
660;33
660;51
660;109
660;283
661;7
661;14
661;33
661;50
661;100
661;199
662;7
662;14
662;28
662;50
662;100
662;168
663;7
663;14
663;28
663;50
663;100
663;299
664;9
664;10
664;25
664;76
664;103
664;258
665;7
665;19
665;20
665;50
665;100
665;182
666;7
666;14
666;28
666;42
666;100
666;282
667;7
667;14
667;22
667;50
667;124
667;274
668;7
668;19
668;22
668;42
668;100
668;167
669;7
669;17
669;21
669;42
669;100
669;169
670;4
670;12
670;22
670;42
670;100
670;481
671;4
671;17
671;22
671;50
671;99
671;182
672;3
672;17
672;22
672;50
672;150
672;166
673;6
673;17
673;22
673;74
673;148
673;270
674;6
674;17
674;22
674;50
674;100
674;225
675;6
675;11
675;25
675;76
675;151
675;252
676;4
676;12
676;21
676;50
676;150
676;250
677;4
677;11
677;25
677;50
677;149
677;174
678;3
678;11
678;25
678;50
678;152
678;203
679;4
679;12
679;22
679;50
679;152
679;181
680;4
680;11
680;25
680;50
680;148
680;174
681;3
681;11
681;39
681;50
681;150
681;165
682;6
682;18
682;20
682;51
682;112
682;207
683;6
683;16
683;33
683;73
683;112
683;166
684;6
684;11
684;33
684;75
684;151
684;176
685;6
685;12
685;29
685;40
685;99
685;221
686;6
686;11
686;28
686;45
686;100
686;281
687;6
687;11
687;28
687;40
687;111
687;181
688;9
688;10
688;25
688;45
688;89
688;251
689;8
689;19
689;25
689;51
689;90
689;179
690;8
690;19
690;21
690;40
690;89
690;281
691;9
691;10
691;21
691;40
691;89
691;270
692;8
692;19
692;22
692;40
692;90
692;226
693;8
693;17
693;21
693;40
693;89
693;170
694;4
694;12
694;30
694;61
694;88
694;297
695;4
695;17
695;30
695;61
695;89
695;304
696;3
696;17
696;33
696;67
696;134
696;167
697;7
697;10
697;33
697;66
697;89
697;167
698;9
698;10
698;33
698;67
698;90
698;201
699;5
699;10
699;38
699;45
699;90
699;204
700;4
700;11
700;22
700;45
700;101
700;168
701;3
701;11
701;38
701;45
701;90
701;202
702;3
702;11
702;38
702;56
702;90
702;167
703;4
703;12
703;20
703;45
703;112
703;162
704;4
704;12
704;38
704;57
704;113
704;170
705;3
705;12
705;37
705;44
705;113
705;168
706;3
706;15
706;33
706;67
706;100
706;178
707;4
707;11
707;34
707;44
707;103
707;301
708;4
708;11
708;33
708;67
708;114
708;302
709;4
709;11
709;33
709;67
709;100
709;167
710;4
710;15
710;33
710;67
710;102
710;302
711;4
711;15
711;34
711;45
711;114
711;167
712;4
712;11
712;37
712;56
712;100
712;167
713;4
713;15
713;38
713;45
713;103
713;167
714;4
714;15
714;37
714;56
714;114
714;168
715;4
715;15
715;37
715;44
715;100
715;167
716;4
716;15
716;38
716;45
716;91
716;169
717;4
717;17
717;38
717;56
717;113
717;167
718;4
718;17
718;34
718;45
718;135
718;302
719;3
719;15
719;33
719;67
719;133
719;300
720;7
720;15
720;33
720;67
720;133
720;300
721;4
721;15
721;34
721;67
721;101
721;303
722;5
722;15
722;33
722;66
722;100
722;166
723;8
723;15
723;34
723;45
723;113
723;170
724;9
724;14
724;37
724;44
724;112
724;168
725;8
725;15
725;38
725;45
725;113
725;169
726;9
726;15
726;38
726;45
726;135
726;170
727;4
727;13
727;37
727;44
727;99
727;197
728;3
728;11
728;38
728;45
728;98
728;395
729;3
729;11
729;38
729;45
729;100
729;384
730;7
730;15
730;34
730;68
730;88
730;170
731;7
731;15
731;34
731;67
731;88
731;175
732;7
732;15
732;39
732;77
732;89
732;195
733;7
733;15
733;34
733;73
733;88
733;205
734;7
734;15
734;29
734;60
734;88
734;175
735;7
735;13
735;29
735;45
735;91
735;205
736;4
736;12
736;28
736;45
736;88
736;285
737;4
737;11
737;29
737;45
737;112
737;168
738;4
738;11
738;32
738;45
738;135
738;170
739;4
739;11
739;33
739;44
739;134
739;168
740;4
740;11
740;34
740;44
740;134
740;168
741;4
741;11
741;34
741;45
741;101
741;170
742;4
742;11
742;34
742;51
742;102
742;187
743;3
743;11
743;34
743;74
743;153
743;222
744;3
744;15
744;33
744;42
744;84
744;225
745;8
745;13
745;33
745;50
745;89
745;178
746;8
746;12
746;33
746;74
746;88
746;175
747;8
747;13
747;33
747;67
747;141
747;283
748;4
748;11
748;34
748;67
748;101
748;170
749;3
749;11
749;33
749;42
749;99
749;199
750;6
750;11
750;33
750;50
750;134
750;224
751;4
751;12
751;34
751;75
751;113
751;227
752;3
752;12
752;33
752;75
752;112
752;175
753;3
753;15
753;33
753;50
753;101
753;240
754;7
754;15
754;34
754;74
754;101
754;178
755;7
755;14
755;33
755;75
755;111
755;174
756;7
756;11
756;33
756;50
756;150
756;175
757;7
757;19
757;28
757;49
757;101
757;280
758;7
758;19
758;28
758;50
758;111
758;166
759;7
759;19
759;25
759;76
759;101
759;277
760;4
760;19
760;25
760;76
760;101
760;252
761;4
761;19
761;27
761;57
761;85
761;315
762;4
762;18
762;27
762;50
762;86
762;288
763;3
763;19
763;26
763;42
763;101
763;282
764;3
764;18
764;21
764;50
764;150
764;271
765;6
765;11
765;21
765;43
765;100
765;246
766;4
766;11
766;22
766;51
766;84
766;265
767;3
767;12
767;26
767;50
767;101
767;167
768;6
768;13
768;22
768;50
768;100
768;178
769;6
769;11
769;22
769;51
769;99
769;181
770;6
770;12
770;22
770;40
770;120
770;179
771;5
771;11
771;26
771;50
771;100
771;246
772;4
772;11
772;25
772;74
772;99
772;173
773;3
773;12
773;24
773;50
773;99
773;173
774;6
774;11
774;25
774;50
774;149
774;224
775;4
775;11
775;25
775;50
775;100
775;174
776;3
776;12
776;24
776;50
776;100
776;174
777;6
777;19
777;20
777;40
777;113
777;379
778;6
778;16
778;33
778;75
778;112
778;176
779;6
779;16
779;34
779;76
779;101
779;202
780;5
780;12
780;31
780;44
780;112
780;177
781;5
781;11
781;28
781;40
781;112
781;177
782;6
782;12
782;28
782;40
782;120
782;199
783;9
783;10
783;25
783;44
783;100
783;255
784;8
784;19
784;25
784;40
784;100
784;252
785;8
785;19
785;27
785;40
785;99
785;276
786;9
786;10
786;27
786;40
786;100
786;270
787;8
787;10
787;24
787;40
787;100
787;166
788;8
788;16
788;21
788;40
788;100
788;169
789;8
789;17
789;22
789;44
789;119
789;263
790;8
790;17
790;22
790;44
790;155
790;182
791;8
791;17
791;23
791;44
791;133
791;167
792;8
792;17
792;22
792;44
792;133
792;355
793;8
793;17
793;22
793;45
793;118
793;360
794;0
794;17
794;25
794;43
794;89
794;175
795;8
795;17
795;25
795;44
795;100
795;202
796;9
796;17
796;22
796;44
796;101
796;198
797;4
797;17
797;22
797;44
797;89
797;176
798;8
798;17
798;25
798;44
798;133
798;206
799;2
799;17
799;22
799;44
799;132
799;175
800;0
800;17
800;22
800;44
800;133
800;176
801;3
801;17
801;25
801;44
801;102
801;204
802;7
802;17
802;25
802;54
802;101
802;204
803;6
803;17
803;28
803;78
803;113
803;226
804;6
804;17
804;22
804;77
804;117
804;197
805;1
805;17
805;22
805;44
805;89
805;179
806;9
806;17
806;25
806;44
806;105
806;182
807;9
807;16
807;22
807;44
807;112
807;227
808;4
808;17
808;22
808;52
808;103
808;207
809;5
809;17
809;22
809;53
809;104
809;207
810;9
810;17
810;21
810;70
810;100
810;196
811;8
811;17
811;22
811;75
811;89
811;177
812;6
812;17
812;37
812;74
812;150
812;187
813;4
813;10
813;38
813;46
813;89
813;167
814;4
814;15
814;38
814;57
814;89
814;167
815;3
815;15
815;38
815;57
815;89
815;170
816;3
816;15
816;37
816;56
816;89
816;445
817;3
817;15
817;37
817;75
817;89
817;170
818;1
818;17
818;22
818;75
818;89
818;346
819;4
819;17
819;34
819;51
819;152
819;463
820;4
820;17
820;33
820;66
820;150
820;166
821;3
821;19
821;20
821;75
821;89
821;162
822;4
822;12
822;23
822;75
822;89
822;166
823;4
823;19
823;25
823;50
823;89
823;278
824;3
824;19
824;26
824;75
824;89
824;278
825;3
825;15
825;28
825;56
825;111
825;195
826;3
826;15
826;28
826;56
826;84
826;169
827;6
827;15
827;37
827;56
827;113
827;195
828;6
828;15
828;25
828;56
828;151
828;305
829;2
829;15
829;25
829;50
829;101
829;302
830;7
830;15
830;25
830;76
830;90
830;301
831;2
831;19
831;25
831;75
831;148
831;172
832;8
832;15
832;25
832;75
832;125
832;326
833;7
833;15
833;25
833;75
833;125
833;175
834;8
834;19
834;28
834;57
834;86
834;173
835;7
835;14
835;28
835;55
835;139
835;166
836;6
836;12
836;38
836;62
836;158
836;167
837;3
837;15
837;25
837;74
837;148
837;301
838;5
838;15
838;25
838;75
838;125
838;301
839;8
839;15
839;25
839;75
839;150
839;299
840;4
840;15
840;24
840;74
840;148
840;172
841;9
841;15
841;22
841;44
841;153
841;175
842;1
842;15
842;22
842;43
842;152
842;502
843;2
843;15
843;22
843;44
843;154
843;263
844;5
844;16
844;22
844;44
844;134
844;284
845;5
845;19
845;22
845;42
845;135
845;457
846;4
846;12
846;21
846;46
846;134
846;502
847;3
847;15
847;28
847;45
847;148
847;414
848;3
848;15
848;28
848;45
848;90
848;282
849;3
849;15
849;22
849;66
849;152
849;282
850;2
850;15
850;22
850;67
850;157
850;269
851;8
851;15
851;23
851;68
851;136
851;290
852;4
852;15
852;24
852;74
852;147
852;294
853;2
853;15
853;25
853;74
853;148
853;295
854;1
854;15
854;25
854;74
854;149
854;299
855;1
855;15
855;22
855;44
855;113
855;307
856;0
856;15
856;22
856;44
856;112
856;197
857;7
857;19
857;22
857;75
857;113
857;495
858;7
858;15
858;28
858;75
858;113
858;468
859;7
859;15
859;28
859;75
859;113
859;491
860;6
860;16
860;28
860;75
860;113
860;436
861;4
861;14
861;34
861;43
861;85
861;189
862;3
862;14
862;34
862;51
862;101
862;181
863;3
863;14
863;34
863;51
863;101
863;336
864;3
864;14
864;33
864;50
864;147
864;320
865;2
865;14
865;33
865;50
865;99
865;356
866;6
866;14
866;33
866;50
866;99
866;446
867;4
867;16
867;33
867;49
867;114
867;261
868;3
868;16
868;33
868;66
868;115
868;181
869;3
869;16
869;33
869;76
869;81
869;329
870;4
870;12
870;22
870;67
870;88
870;306
871;3
871;17
871;27
871;53
871;158
871;162
872;3
872;18
872;26
872;75
872;153
872;460
873;3
873;15
873;28
873;43
873;85
873;168
874;2
874;14
874;28
874;51
874;83
874;167
875;7
875;14
875;27
875;50
875;101
875;166
876;5
876;14
876;25
876;50
876;99
876;295
877;4
877;14
877;25
877;50
877;101
877;176
878;1
878;14
878;25
878;75
878;149
878;348
879;7
879;14
879;25
879;75
879;100
879;326
880;6
880;14
880;25
880;75
880;149
880;323
881;7
881;18
881;25
881;75
881;151
881;175
882;6
882;14
882;28
882;42
882;84
882;168
883;7
883;14
883;26
883;42
883;83
883;167
884;8
884;10
884;25
884;41
884;85
884;175
885;4
885;19
885;25
885;52
885;87
885;171
886;3
886;19
886;24
886;73
886;146
886;168
887;3
887;18
887;24
887;73
887;97
887;170
888;3
888;18
888;24
888;72
888;83
888;166
889;2
889;19
889;22
889;66
889;88
889;330
890;7
890;10
890;22
890;67
890;156
890;178
891;4
891;12
891;22
891;45
891;85
891;314
892;3
892;18
892;22
892;44
892;89
892;312
893;3
893;10
893;22
893;43
893;85
893;177
894;4
894;12
894;34
894;60
894;85
894;481
895;3
895;19
895;28
895;60
895;85
895;312
896;3
896;16
896;28
896;41
896;127
896;176
897;3
897;15
897;25
897;73
897;147
897;294
898;5
898;19
898;24
898;72
898;144
898;289
899;5
899;16
899;24
899;74
899;147
899;295
900;6
900;19
900;25
900;75
900;84
900;298
901;6
901;19
901;25
901;75
901;80
901;299
902;6
902;15
902;25
902;49
902;149
902;168
903;7
903;18
903;22
903;45
903;80
903;179
904;8
904;17
904;22
904;44
904;80
904;222
905;0
905;18
905;22
905;45
905;80
905;223
906;8
906;18
906;22
906;45
906;113
906;471
907;6
907;19
907;28
907;42
907;113
907;481
908;6
908;10
908;20
908;45
908;114
908;165
909;4
909;15
909;38
909;57
909;156
909;329
910;3
910;15
910;38
910;57
910;89
910;170
911;3
911;15
911;37
911;56
911;90
911;343
912;3
912;15
912;33
912;66
912;132
912;165
913;0
913;15
913;33
913;66
913;99
913;165
914;6
914;10
914;34
914;67
914;134
914;168
915;4
915;15
915;28
915;56
915;114
915;168
916;3
916;15
916;28
916;56
916;89
916;168
917;5
917;10
917;20
917;75
917;89
917;460
918;4
918;11
918;28
918;56
918;84
918;168
919;3
919;15
919;28
919;75
919;85
919;366
920;3
920;15
920;26
920;75
920;155
920;231
921;3
921;15
921;30
921;59
921;148
921;178
922;2
922;15
922;28
922;57
922;110
922;330
923;7
923;15
923;28
923;56
923;112
923;374
924;6
924;15
924;24
924;56
924;98
924;171
925;7
925;15
925;25
925;50
925;100
925;175
926;6
926;15
926;25
926;44
926;101
926;177
927;6
927;15
927;25
927;75
927;100
927;200
928;7
928;15
928;25
928;75
928;100
928;175
929;5
929;14
929;28
929;57
929;85
929;169
930;6
930;15
930;27
930;76
930;90
930;490
931;9
931;15
931;28
931;75
931;90
931;504
932;6
932;11
932;38
932;40
932;90
932;168
933;3
933;15
933;25
933;51
933;100
933;174
934;3
934;15
934;25
934;74
934;99
934;296
935;1
935;15
935;25
935;75
935;150
935;175
936;0
936;15
936;25
936;75
936;150
936;299
937;0
937;15
937;25
937;75
937;151
937;176
938;5
938;15
938;24
938;48
938;134
938;175
939;5
939;15
939;22
939;44
939;135
939;177
940;0
940;19
940;22
940;44
940;134
940;178
941;5
941;10
941;22
941;67
941;134
941;165
942;4
942;12
942;28
942;45
942;152
942;294
943;3
943;15
943;28
943;45
943;89
943;166
944;3
944;15
944;26
944;51
944;103
944;230
945;3
945;15
945;25
945;49
945;99
945;296
946;6
946;15
946;38
946;56
946;112
946;169
947;3
947;15
947;21
947;56
947;150
947;167
948;1
948;15
948;22
948;44
948;89
948;421
949;6
949;15
949;22
949;44
949;155
949;177
950;5
950;15
950;23
950;47
950;95
950;305
951;6
951;15
951;25
951;75
951;113
951;177
952;6
952;15
952;25
952;75
952;113
952;175
953;7
953;19
953;22
953;75
953;113
953;293
954;7
954;18
954;22
954;75
954;113
954;179
955;9
955;13
955;22
955;44
955;88
955;199
956;5
956;10
956;22
956;43
956;85
956;446
957;4
957;14
957;25
957;50
957;125
957;276
958;3
958;14
958;25
958;50
958;101
958;294
959;3
959;14
959;25
959;75
959;100
959;301
960;3
960;14
960;25
960;50
960;126
960;302
961;2
961;14
961;22
961;76
961;99
961;482
962;4
962;10
962;25
962;51
962;101
962;177
963;4
963;14
963;26
963;76
963;85
963;199
964;3
964;14
964;28
964;57
964;85
964;169
965;4
965;12
965;21
965;76
965;82
965;454
966;4
966;14
966;38
966;75
966;152
966;298
967;3
967;15
967;34
967;76
967;85
967;166
968;3
968;15
968;25
968;42
968;85
968;230
969;3
969;14
969;25
969;50
969;149
969;272
970;6
970;14
970;25
970;42
970;101
970;388
971;4
971;14
971;22
971;50
971;83
971;461
972;2
972;14
972;22
972;44
972;89
972;177
973;3
973;14
973;22
973;45
973;90
973;180
974;8
974;14
974;25
974;50
974;99
974;403
975;6
975;14
975;25
975;50
975;101
975;176
976;4
976;18
976;24
976;46
976;101
976;176
977;7
977;19
977;22
977;44
977;132
977;331
978;7
978;19
978;20
978;75
978;132
978;175
979;6
979;19
979;22
979;51
979;101
979;182
980;4
980;12
980;24
980;74
980;149
980;167
981;4
981;17
981;25
981;75
981;150
981;300
982;3
982;14
982;25
982;75
982;100
982;301
983;3
983;16
983;25
983;75
983;151
983;175
984;2
984;16
984;23
984;50
984;102
984;179
985;2
985;19
985;22
985;59
985;99
985;181
986;4
986;12
986;25
986;52
986;102
986;180
987;4
987;12
987;25
987;50
987;101
987;176
988;3
988;17
988;28
988;57
988;85
988;199
989;4
989;12
989;28
989;55
989;83
989;196
990;4
990;10
990;34
990;50
990;119
990;193
991;3
991;18
991;39
991;40
991;81
991;199
992;3
992;15
992;23
992;57
992;108
992;231
993;2
993;15
993;22
993;56
993;120
993;168
994;8
994;19
994;39
994;56
994;120
994;167
995;9
995;15
995;22
995;56
995;80
995;231
996;5
996;15
996;22
996;56
996;80
996;168
997;8
997;17
997;22
997;44
997;80
997;167
998;9
998;15
998;22
998;66
998;80
998;231
999;7
999;19
999;22
999;44
999;156
999;400
1000;6
1000;18
1000;22
1000;79
1000;80
1000;363
1001;4
1001;15
1001;26
1001;50
1001;113
1001;175
1002;7
1002;19
1002;26
1002;79
1002;113
1002;444
1003;5
1003;19
1003;38
1003;46
1003;112
1003;471
1004;4
1004;11
1004;25
1004;51
1004;113
1004;307
1005;3
1005;11
1005;27
1005;57
1005;113
1005;193
1006;3
1006;15
1006;37
1006;56
1006;112
1006;484
1007;3
1007;15
1007;22
1007;44
1007;89
1007;287
1008;4
1008;15
1008;23
1008;68
1008;89
1008;160
1009;4
1009;15
1009;20
1009;44
1009;89
1009;204
1010;4
1010;10
1010;22
1010;44
1010;89
1010;198
1011;3
1011;15
1011;22
1011;67
1011;89
1011;180
1012;3
1012;19
1012;26
1012;75
1012;89
1012;194
1013;3
1013;19
1013;25
1013;75
1013;89
1013;174
1014;8
1014;15
1014;25
1014;75
1014;90
1014;175
1015;8
1015;15
1015;25
1015;75
1015;126
1015;327
1016;4
1016;16
1016;25
1016;75
1016;89
1016;178
1017;7
1017;15
1017;27
1017;57
1017;84
1017;332
1018;7
1018;15
1018;27
1018;45
1018;89
1018;168
1019;7
1019;15
1019;22
1019;44
1019;89
1019;393
1020;7
1020;15
1020;22
1020;44
1020;90
1020;387
1021;7
1021;15
1021;38
1021;76
1021;90
1021;171
1022;4
1022;19
1022;22
1022;45
1022;89
1022;176
1023;3
1023;18
1023;22
1023;45
1023;90
1023;269
1024;6
1024;19
1024;20
1024;76
1024;90
1024;271
1025;6
1025;10
1025;25
1025;50
1025;90
1025;298
1026;6
1026;15
1026;24
1026;45
1026;90
1026;297
1027;6
1027;10
1027;37
1027;45
1027;90
1027;408
1028;4
1028;11
1028;25
1028;45
1028;101
1028;202
1029;3
1029;11
1029;28
1029;57
1029;114
1029;171
1030;3
1030;15
1030;38
1030;56
1030;112
1030;169
1031;3
1031;15
1031;21
1031;43
1031;89
1031;257
1032;4
1032;15
1032;37
1032;44
1032;89
1032;171
1033;4
1033;15
1033;37
1033;44
1033;135
1033;160
1034;4
1034;19
1034;22
1034;45
1034;133
1034;403
1035;5
1035;19
1035;21
1035;44
1035;113
1035;333
1036;7
1036;10
1036;30
1036;75
1036;126
1036;404
1037;4
1037;12
1037;25
1037;49
1037;98
1037;294
1038;3
1038;16
1038;24
1038;74
1038;89
1038;456
1039;3
1039;17
1039;30
1039;40
1039;90
1039;170
1040;3
1040;15
1040;25
1040;50
1040;100
1040;173
1041;2
1041;15
1041;28
1041;55
1041;85
1041;172
1042;8
1042;15
1042;37
1042;56
1042;112
1042;167
1043;5
1043;14
1043;22
1043;44
1043;88
1043;389
1044;5
1044;15
1044;22
1044;44
1044;88
1044;173
1045;5
1045;15
1045;30
1045;45
1045;112
1045;180
1046;6
1046;17
1046;23
1046;45
1046;159
1046;161
1047;5
1047;16
1047;22
1047;75
1047;156
1047;401
1048;6
1048;19
1048;22
1048;75
1048;96
1048;168
1049;6
1049;19
1049;25
1049;50
1049;100
1049;175
1050;6
1050;18
1050;25
1050;75
1050;100
1050;349
1051;6
1051;15
1051;25
1051;43
1051;128
1051;178
1052;4
1052;10
1052;25
1052;43
1052;101
1052;177
1053;3
1053;10
1053;28
1053;56
1053;85
1053;170
1054;3
1054;14
1054;25
1054;50
1054;101
1054;183
1055;3
1055;14
1055;22
1055;45
1055;101
1055;269
1056;4
1056;14
1056;20
1056;50
1056;101
1056;458
1057;6
1057;10
1057;20
1057;44
1057;85
1057;167
1058;4
1058;12
1058;22
1058;45
1058;89
1058;358
1059;3
1059;12
1059;22
1059;44
1059;90
1059;292
1060;3
1060;19
1060;22
1060;45
1060;101
1060;310
1061;8
1061;10
1061;20
1061;45
1061;101
1061;454
1062;8
1062;14
1062;21
1062;56
1062;101
1062;461
1063;4
1063;16
1063;29
1063;50
1063;85
1063;176
1064;4
1064;16
1064;33
1064;42
1064;101
1064;208
1065;7
1065;16
1065;21
1065;42
1065;100
1065;177
1066;3
1066;14
1066;33
1066;50
1066;99
1066;446
1067;7
1067;14
1067;33
1067;42
1067;101
1067;223
1068;7
1068;14
1068;34
1068;50
1068;99
1068;221
1069;5
1069;10
1069;28
1069;42
1069;100
1069;163
1070;4
1070;18
1070;28
1070;67
1070;101
1070;161
1071;3
1071;18
1071;28
1071;42
1071;100
1071;196
1072;6
1072;14
1072;28
1072;42
1072;100
1072;445
1073;6
1073;14
1073;28
1073;42
1073;84
1073;172
1074;6
1074;18
1074;28
1074;42
1074;84
1074;460
1075;6
1075;10
1075;24
1075;52
1075;82
1075;298
1076;4
1076;12
1076;26
1076;76
1076;151
1076;314
1077;3
1077;13
1077;28
1077;56
1077;83
1077;165
1078;3
1078;11
1078;23
1078;51
1078;83
1078;167
1079;3
1079;11
1079;22
1079;43
1079;100
1079;279
1080;0
1080;11
1080;22
1080;43
1080;129
1080;282
1081;5
1081;10
1081;22
1081;44
1081;88
1081;376
1082;4
1082;11
1082;22
1082;44
1082;89
1082;386
1083;3
1083;11
1083;33
1083;42
1083;114
1083;170
1084;5
1084;10
1084;23
1084;45
1084;111
1084;169
1085;4
1085;11
1085;20
1085;43
1085;113
1085;169
1086;3
1086;11
1086;20
1086;66
1086;112
1086;168
1087;3
1087;15
1087;27
1087;49
1087;108
1087;171
1088;7
1088;12
1088;20
1088;40
1088;81
1088;285
1089;7
1089;19
1089;20
1089;42
1089;115
1089;232
1090;7
1090;11
1090;20
1090;48
1090;118
1090;404
1091;7
1091;11
1091;20
1091;41
1091;115
1091;403
1092;7
1092;19
1092;20
1092;52
1092;114
1092;405
1093;9
1093;13
1093;26
1093;63
1093;114
1093;225
1094;9
1094;10
1094;37
1094;41
1094;103
1094;169
1095;9
1095;10
1095;37
1095;42
1095;104
1095;310
1096;9
1096;10
1096;26
1096;71
1096;112
1096;169
1097;9
1097;10
1097;20
1097;75
1097;89
1097;181
1098;9
1098;10
1098;38
1098;74
1098;150
1098;188
1099;4
1099;12
1099;30
1099;57
1099;82
1099;177
1100;4
1100;15
1100;31
1100;57
1100;90
1100;190
1101;3
1101;15
1101;33
1101;44
1101;90
1101;202
1102;9
1102;10
1102;33
1102;67
1102;106
1102;167
1103;5
1103;10
1103;33
1103;44
1103;89
1103;201
1104;5
1104;10
1104;38
1104;56
1104;90
1104;202
1105;4
1105;11
1105;23
1105;57
1105;99
1105;199
1106;4
1106;11
1106;38
1106;56
1106;100
1106;200
1107;3
1107;11
1107;38
1107;45
1107;100
1107;166
1108;4
1108;18
1108;26
1108;57
1108;112
1108;175
1109;4
1109;12
1109;37
1109;56
1109;112
1109;167
1110;3
1110;12
1110;38
1110;45
1110;100
1110;166
1111;7
1111;15
1111;29
1111;45
1111;100
1111;178
1112;7
1112;11
1112;33
1112;44
1112;101
1112;168
1113;7
1113;15
1113;34
1113;56
1113;113
1113;301
1114;7
1114;15
1114;33
1114;67
1114;101
1114;167
1115;7
1115;15
1115;34
1115;44
1115;100
1115;168
1116;7
1116;15
1116;37
1116;56
1116;114
1116;167
1117;4
1117;15
1117;38
1117;45
1117;101
1117;167
1118;4
1118;15
1118;37
1118;45
1118;100
1118;169
1119;4
1119;15
1119;37
1119;56
1119;114
1119;168
1120;4
1120;15
1120;38
1120;45
1120;101
1120;170
1121;4
1121;15
1121;37
1121;45
1121;114
1121;169
1122;4
1122;15
1122;37
1122;44
1122;91
1122;168
1123;5
1123;15
1123;34
1123;76
1123;114
1123;487
1124;5
1124;15
1124;33
1124;67
1124;113
1124;300
1125;5
1125;15
1125;33
1125;56
1125;113
1125;300
1126;9
1126;15
1126;34
1126;67
1126;101
1126;303
1127;6
1127;15
1127;33
1127;67
1127;100
1127;167
1128;0
1128;15
1128;37
1128;44
1128;111
1128;167
1129;8
1129;15
1129;37
1129;56
1129;90
1129;439
1130;8
1130;15
1130;38
1130;45
1130;113
1130;168
1131;1
1131;15
1131;37
1131;44
1131;133
1131;167
1132;4
1132;10
1132;37
1132;56
1132;112
1132;224
1133;3
1133;11
1133;38
1133;45
1133;110
1133;395
1134;3
1134;11
1134;37
1134;44
1134;111
1134;164
1135;8
1135;15
1135;34
1135;68
1135;100
1135;185
1136;7
1136;15
1136;34
1136;67
1136;98
1136;473
1137;7
1137;15
1137;38
1137;77
1137;99
1137;380
1138;7
1138;15
1138;38
1138;45
1138;100
1138;378
1139;7
1139;15
1139;29
1139;56
1139;98
1139;170
1140;7
1140;15
1140;29
1140;44
1140;99
1140;202
1141;5
1141;16
1141;29
1141;56
1141;90
1141;169
1142;4
1142;11
1142;29
1142;45
1142;88
1142;175
1143;4
1143;11
1143;31
1143;56
1143;89
1143;177
1144;4
1144;11
1144;33
1144;56
1144;89
1144;167
1145;4
1145;11
1145;33
1145;45
1145;88
1145;175
1146;4
1146;11
1146;34
1146;56
1146;89
1146;169
1147;4
1147;15
1147;34
1147;51
1147;102
1147;481
1148;3
1148;14
1148;33
1148;51
1148;149
1148;203
1149;3
1149;14
1149;33
1149;42
1149;141
1149;170
1150;8
1150;14
1150;34
1150;50
1150;86
1150;171
1151;8
1151;14
1151;33
1151;50
1151;84
1151;177
1152;4
1152;14
1152;33
1152;42
1152;101
1152;199
1153;4
1153;11
1153;33
1153;57
1153;100
1153;199
1154;3
1154;11
1154;33
1154;67
1154;101
1154;202
1155;3
1155;11
1155;33
1155;50
1155;147
1155;296
1156;4
1156;13
1156;34
1156;77
1156;102
1156;224
1157;3
1157;12
1157;33
1157;50
1157;101
1157;177
1158;6
1158;12
1158;33
1158;50
1158;103
1158;175
1159;7
1159;15
1159;33
1159;51
1159;100
1159;178
1160;7
1160;14
1160;28
1160;50
1160;102
1160;174
1161;7
1161;14
1161;32
1161;50
1161;113
1161;199
1162;7
1162;14
1162;28
1162;49
1162;100
1162;281
1163;7
1163;14
1163;28
1163;50
1163;101
1163;280
1164;7
1164;14
1164;25
1164;50
1164;100
1164;279
1165;7
1165;14
1165;25
1165;42
1165;100
1165;257
1166;7
1166;14
1166;27
1166;42
1166;100
1166;179
1167;7
1167;14
1167;28
1167;43
1167;112
1167;280
1168;7
1168;14
1168;25
1168;50
1168;99
1168;167
1169;7
1169;18
1169;21
1169;42
1169;102
1169;169
1170;7
1170;17
1170;22
1170;42
1170;80
1170;169
1171;4
1171;17
1171;21
1171;51
1171;101
1171;180
1172;3
1172;17
1172;22
1172;50
1172;120
1172;181
1173;6
1173;17
1173;22
1173;75
1173;125
1173;274
1174;6
1174;17
1174;22
1174;59
1174;99
1174;200
1175;6
1175;17
1175;25
1175;40
1175;151
1175;175
1176;5
1176;11
1176;25
1176;75
1176;150
1176;175
1177;4
1177;12
1177;25
1177;50
1177;151
1177;250
1178;3
1178;11
1178;25
1178;50
1178;150
1178;174
1179;6
1179;11
1179;25
1179;50
1179;151
1179;176
1180;4
1180;17
1180;25
1180;40
1180;149
1180;164
1181;3
1181;11
1181;25
1181;50
1181;148
1181;161
1182;6
1182;19
1182;22
1182;50
1182;80
1182;175
1183;6
1183;17
1183;33
1183;57
1183;111
1183;173
1184;6
1184;16
1184;34
1184;75
1184;151
1184;176
1185;6
1185;13
1185;32
1185;75
1185;100
1185;175
1186;6
1186;11
1186;28
1186;45
1186;99
1186;198
1187;6
1187;12
1187;28
1187;44
1187;111
1187;308
1188;9
1188;10
1188;28
1188;40
1188;158
1188;165
1189;9
1189;10
1189;25
1189;45
1189;89
1189;179
1190;8
1190;19
1190;26
1190;40
1190;88
1190;177
1191;9
1191;11
1191;28
1191;40
1191;90
1191;279
1192;9
1192;10
1192;20
1192;40
1192;89
1192;179
1193;8
1193;19
1193;21
1193;40
1193;88
1193;176
1194;7
1194;10
1194;21
1194;45
1194;90
1194;181
1195;4
1195;15
1195;31
1195;61
1195;92
1195;184
1196;3
1196;15
1196;31
1196;44
1196;90
1196;160
1197;3
1197;11
1197;22
1197;67
1197;134
1197;166
1198;9
1198;10
1198;34
1198;67
1198;90
1198;167
1199;9
1199;10
1199;32
1199;56
1199;89
1199;177
1200;5
1200;10
1200;22
1200;45
1200;90
1200;167
1201;4
1201;11
1201;22
1201;45
1201;101
1201;202
1202;3
1202;11
1202;22
1202;56
1202;89
1202;177
1203;6
1203;18
1203;20
1203;45
1203;89
1203;169
1204;4
1204;12
1204;38
1204;45
1204;113
1204;227
1205;6
1205;12
1205;38
1205;56
1205;112
1205;168
1206;7
1206;16
1206;38
1206;40
1206;155
1206;235
1207;7
1207;15
1207;34
1207;45
1207;101
1207;167
1208;7
1208;15
1208;34
1208;56
1208;112
1208;301
1209;4
1209;15
1209;33
1209;67
1209;114
1209;167
1210;4
1210;15
1210;33
1210;67
1210;101
1210;167
1211;4
1211;15
1211;33
1211;45
1211;112
1211;177
1212;4
1212;15
1212;37
1212;56
1212;111
1212;167
1213;4
1213;15
1213;38
1213;45
1213;101
1213;167
1214;4
1214;15
1214;33
1214;45
1214;114
1214;170
1215;4
1215;11
1215;33
1215;44
1215;89
1215;168
1216;4
1216;15
1216;38
1216;45
1216;101
1216;266
1217;4
1217;15
1217;38
1217;45
1217;114
1217;170
1218;7
1218;16
1218;33
1218;40
1218;90
1218;166
1219;4
1219;15
1219;33
1219;67
1219;113
1219;303
1220;6
1220;15
1220;33
1220;57
1220;113
1220;301
1221;0
1221;15
1221;33
1221;67
1221;113
1221;302
1222;0
1222;15
1222;34
1222;67
1222;101
1222;336
1223;2
1223;15
1223;33
1223;45
1223;114
1223;339
1224;4
1224;15
1224;33
1224;44
1224;114
1224;168
1225;1
1225;15
1225;37
1225;44
1225;90
1225;169
1226;8
1226;15
1226;38
1226;45
1226;135
1226;170
1227;5
1227;10
1227;20
1227;44
1227;100
1227;201
1228;4
1228;11
1228;37
1228;44
1228;100
1228;200
1229;3
1229;11
1229;38
1229;45
1229;99
1229;170
1230;9
1230;14
1230;34
1230;46
1230;88
1230;501
1231;7
1231;15
1231;34
1231;68
1231;89
1231;177
1232;7
1232;15
1232;38
1232;68
1232;89
1232;237
1233;7
1233;15
1233;37
1233;55
1233;102
1233;237
1234;7
1234;15
1234;30
1234;44
1234;89
1234;193
1235;7
1235;15
1235;28
1235;45
1235;99
1235;198
1236;6
1236;10
1236;29
1236;45
1236;107
1236;201
1237;4
1237;11
1237;29
1237;44
1237;112
1237;335
1238;4
1238;11
1238;30
1238;45
1238;90
1238;246
1239;4
1239;11
1239;33
1239;56
1239;134
1239;168
1240;4
1240;11
1240;33
1240;44
1240;134
1240;167
1241;4
1241;11
1241;34
1241;45
1241;134
1241;180
1242;5
1242;14
1242;34
1242;67
1242;100
1242;482
1243;4
1243;14
1243;33
1243;50
1243;101
1243;223
1244;7
1244;14
1244;34
1244;42
1244;140
1244;225
1245;3
1245;10
1245;34
1245;50
1245;84
1245;168
1246;4
1246;14
1246;34
1246;42
1246;88
1246;176
1247;4
1247;14
1247;34
1247;50
1247;142
1247;198
1248;5
1248;12
1248;33
1248;67
1248;100
1248;200
1249;4
1249;11
1249;33
1249;67
1249;100
1249;225
1250;3
1250;11
1250;33
1250;50
1250;101
1250;167
1251;4
1251;10
1251;34
1251;42
1251;112
1251;167
1252;4
1252;12
1252;33
1252;75
1252;112
1252;174
1253;6
1253;12
1253;34
1253;76
1253;101
1253;178
1254;7
1254;15
1254;33
1254;42
1254;100
1254;178
1255;7
1255;14
1255;33
1255;50
1255;100
1255;200
1256;7
1256;14
1256;34
1256;50
1256;113
1256;174
1257;7
1257;14
1257;34
1257;50
1257;150
1257;175
1258;7
1258;14
1258;33
1258;42
1258;101
1258;281
1259;7
1259;14
1259;28
1259;75
1259;100
1259;279
1260;7
1260;14
1260;21
1260;76
1260;101
1260;251
1261;3
1261;19
1261;28
1261;55
1261;111
1261;177
1262;4
1262;17
1262;28
1262;42
1262;84
1262;282
1263;4
1263;18
1263;25
1263;50
1263;111
1263;168
1264;4
1264;19
1264;22
1264;42
1264;111
1264;169
1265;6
1265;17
1265;21
1265;51
1265;80
1265;213
1266;4
1266;11
1266;21
1266;60
1266;120
1266;282
1267;4
1267;17
1267;22
1267;50
1267;101
1267;182
1268;3
1268;17
1268;22
1268;49
1268;99
1268;202
1269;6
1269;12
1269;22
1269;50
1269;149
1269;444
1270;6
1270;11
1270;39
1270;40
1270;119
1270;200
1271;6
1271;12
1271;39
1271;59
1271;100
1271;176
1272;4
1272;11
1272;25
1272;74
1272;100
1272;230
1273;4
1273;11
1273;25
1273;49
1273;150
1273;174
1274;3
1274;11
1274;25
1274;49
1274;99
1274;173
1275;4
1275;11
1275;25
1275;50
1275;99
1275;224
1276;4
1276;11
1276;25
1276;50
1276;100
1276;174
1277;3
1277;12
1277;39
1277;50
1277;80
1277;181
1278;6
1278;17
1278;33
1278;57
1278;113
1278;404
1279;6
1279;16
1279;33
1279;76
1279;112
1279;202
1280;6
1280;11
1280;33
1280;45
1280;80
1280;207
1281;6
1281;12
1281;28
1281;40
1281;111
1281;282
1282;6
1282;11
1282;28
1282;40
1282;112
1282;199
1283;6
1283;11
1283;28
1283;40
1283;99
1283;169
1284;9
1284;10
1284;25
1284;45
1284;100
1284;201
1285;8
1285;19
1285;26
1285;41
1285;99
1285;178
1286;8
1286;17
1286;28
1286;40
1286;113
1286;281
1287;9
1287;10
1287;21
1287;40
1287;100
1287;200
1288;8
1288;19
1288;22
1288;40
1288;99
1288;170
1289;8
1289;17
1289;21
1289;45
1289;90
1289;181
1290;4
1290;17
1290;22
1290;45
1290;100
1290;262
1291;4
1291;17
1291;22
1291;44
1291;90
1291;182
1292;4
1292;17
1292;37
1292;44
1292;88
1292;175
1293;4
1293;17
1293;22
1293;44
1293;116
1293;166
1294;4
1294;17
1294;22
1294;56
1294;134
1294;168
1295;4
1295;11
1295;31
1295;61
1295;91
1295;180
1296;4
1296;11
1296;32
1296;64
1296;96
1296;160
1297;7
1297;11
1297;33
1297;67
1297;100
1297;162
1298;7
1298;14
1298;34
1298;67
1298;134
1298;166
1299;4
1299;11
1299;37
1299;40
1299;80
1299;461
1300;4
1300;11
1300;37
1300;45
1300;89
1300;462
1301;4
1301;19
1301;34
1301;68
1301;135
1301;169
1302;4
1302;10
1302;33
1302;67
1302;133
1302;167
1303;4
1303;18
1303;33
1303;67
1303;100
1303;201
1304;4
1304;11
1304;33
1304;45
1304;100
1304;167
1305;4
1305;11
1305;37
1305;44
1305;112
1305;167
1306;7
1306;11
1306;38
1306;56
1306;113
1306;448
1307;7
1307;11
1307;38
1307;44
1307;143
1307;167
1308;7
1308;19
1308;37
1308;44
1308;80
1308;384
1309;7
1309;19
1309;38
1309;56
1309;110
1309;374
1310;7
1310;11
1310;28
1310;57
1310;90
1310;382
1311;7
1311;19
1311;28
1311;56
1311;84
1311;375
1312;4
1312;11
1312;38
1312;45
1312;86
1312;163
1313;4
1313;15
1313;28
1313;51
1313;147
1313;164
1314;4
1314;15
1314;29
1314;58
1314;116
1314;375
1315;4
1315;19
1315;28
1315;43
1315;141
1315;279
1316;4
1316;19
1316;37
1316;44
1316;111
1316;297
1317;4
1317;19
1317;37
1317;44
1317;112
1317;293
1318;4
1318;19
1318;29
1318;44
1318;133
1318;299
1319;4
1319;15
1319;30
1319;60
1319;89
1319;178
1320;4
1320;15
1320;30
1320;60
1320;149
1320;328
1321;4
1321;11
1321;30
1321;45
1321;150
1321;395
1322;4
1322;15
1322;33
1322;67
1322;133
1322;367
1323;4
1323;11
1323;33
1323;66
1323;133
1323;333
1324;4
1324;19
1324;29
1324;67
1324;133
1324;341
1325;4
1325;11
1325;28
1325;67
1325;133
1325;383
1326;4
1326;15
1326;22
1326;45
1326;159
1326;386
1327;4
1327;19
1327;20
1327;56
1327;142
1327;162
1328;4
1328;19
1328;21
1328;44
1328;128
1328;287
1329;4
1329;15
1329;22
1329;44
1329;89
1329;368
1330;4
1330;19
1330;22
1330;44
1330;111
1330;165
1331;4
1331;19
1331;22
1331;44
1331;111
1331;375
1332;4
1332;11
1332;22
1332;45
1332;158
1332;315
1333;4
1333;11
1333;25
1333;50
1333;100
1333;300
1334;4
1334;11
1334;25
1334;50
1334;100
1334;398
1335;4
1335;11
1335;25
1335;50
1335;101
1335;402
1336;4
1336;11
1336;25
1336;50
1336;134
1336;281
1337;7
1337;19
1337;25
1337;45
1337;80
1337;180
1338;4
1338;14
1338;25
1338;50
1338;152
1338;300
1339;4
1339;10
1339;35
1339;50
1339;101
1339;168
1340;4
1340;11
1340;36
1340;42
1340;100
1340;168
1341;3
1341;11
1341;36
1341;50
1341;101
1341;169
1342;4
1342;10
1342;34
1342;42
1342;102
1342;168
1343;4
1343;10
1343;36
1343;42
1343;101
1343;231
1344;7
1344;10
1344;38
1344;43
1344;101
1344;273
1345;7
1345;10
1345;30
1345;60
1345;90
1345;300
1346;4
1346;10
1346;31
1346;62
1346;149
1346;162
1347;4
1347;11
1347;33
1347;66
1347;99
1347;166
1348;4
1348;14
1348;34
1348;68
1348;102
1348;169
1349;7
1349;11
1349;28
1349;50
1349;100
1349;166
1350;4
1350;11
1350;28
1350;50
1350;100
1350;166
1351;3
1351;11
1351;33
1351;67
1351;100
1351;300
1352;7
1352;10
1352;33
1352;67
1352;134
1352;201
1353;7
1353;11
1353;33
1353;67
1353;101
1353;302
1354;7
1354;11
1354;33
1354;67
1354;100
1354;167
1355;7
1355;11
1355;32
1355;41
1355;100
1355;226
1356;7
1356;10
1356;28
1356;42
1356;154
1356;166
1357;6
1357;17
1357;34
1357;50
1357;100
1357;400
1358;3
1358;10
1358;38
1358;50
1358;100
1358;307
1359;4
1359;14
1359;27
1359;50
1359;85
1359;363
1360;4
1360;11
1360;28
1360;55
1360;111
1360;391
1361;4
1361;11
1361;34
1361;42
1361;83
1361;215
1362;6
1362;11
1362;28
1362;50
1362;132
1362;407
1363;5
1363;17
1363;29
1363;58
1363;86
1363;172
1364;5
1364;17
1364;28
1364;50
1364;83
1364;167
1365;6
1365;11
1365;28
1365;40
1365;85
1365;169
1366;6
1366;11
1366;28
1366;60
1366;141
1366;169
1367;6
1367;17
1367;30
1367;61
1367;91
1367;182
1368;6
1368;17
1368;29
1368;59
1368;88
1368;177
1369;6
1369;17
1369;30
1369;59
1369;89
1369;178
1370;5
1370;11
1370;30
1370;59
1370;151
1370;178
1371;5
1371;11
1371;33
1371;67
1371;100
1371;166
1372;6
1372;11
1372;34
1372;68
1372;134
1372;201
1373;6
1373;11
1373;25
1373;67
1373;154
1373;287
1374;6
1374;19
1374;22
1374;67
1374;118
1374;201
1375;6
1375;11
1375;21
1375;42
1375;126
1375;273
1376;6
1376;11
1376;22
1376;44
1376;109
1376;306
1377;6
1377;17
1377;22
1377;44
1377;110
1377;303
1378;6
1378;11
1378;22
1378;45
1378;112
1378;378
1379;6
1379;11
1379;22
1379;57
1379;85
1379;410
1380;6
1380;17
1380;28
1380;57
1380;113
1380;412
1381;6
1381;17
1381;25
1381;50
1381;115
1381;200
1382;6
1382;11
1382;25
1382;50
1382;119
1382;299
1383;5
1383;11
1383;25
1383;50
1383;151
1383;176
1384;5
1384;17
1384;33
1384;66
1384;132
1384;480
1385;5
1385;11
1385;33
1385;67
1385;135
1385;304
1386;4
1386;11
1386;33
1386;56
1386;81
1386;300
1387;4
1387;11
1387;39
1387;40
1387;80
1387;298
1388;4
1388;17
1388;28
1388;42
1388;141
1388;311
1389;4
1389;15
1389;28
1389;42
1389;141
1389;366
1390;4
1390;15
1390;37
1390;44
1390;89
1390;167
1391;4
1391;11
1391;29
1391;46
1391;90
1391;347
1392;4
1392;11
1392;29
1392;44
1392;153
1392;386
1393;4
1393;11
1393;29
1393;58
1393;87
1393;292
1394;4
1394;11
1394;30
1394;45
1394;153
1394;160
1395;4
1395;15
1395;33
1395;67
1395;101
1395;169
1396;4
1396;11
1396;34
1396;66
1396;132
1396;166
1397;4
1397;11
1397;29
1397;45
1397;134
1397;204
1398;4
1398;15
1398;26
1398;45
1398;90
1398;169
1399;7
1399;11
1399;33
1399;67
1399;109
1399;300
1400;7
1400;11
1400;33
1400;67
1400;83
1400;200
1401;7
1401;15
1401;34
1401;67
1401;89
1401;202
1402;8
1402;10
1402;34
1402;44
1402;89
1402;165
1403;7
1403;10
1403;29
1403;56
1403;87
1403;320
1404;7
1404;15
1404;30
1404;45
1404;134
1404;177
1405;7
1405;11
1405;29
1405;44
1405;89
1405;375
1406;4
1406;11
1406;29
1406;45
1406;89
1406;418
1407;4
1407;17
1407;28
1407;45
1407;85
1407;391
1408;4
1408;19
1408;28
1408;45
1408;134
1408;301
1409;4
1409;11
1409;32
1409;45
1409;134
1409;178
1410;4
1410;11
1410;35
1410;44
1410;90
1410;279
1411;8
1411;11
1411;28
1411;45
1411;114
1411;282
1412;8
1412;11
1412;28
1412;44
1412;142
1412;170
1413;4
1413;11
1413;37
1413;44
1413;133
1413;460
1414;4
1414;19
1414;38
1414;44
1414;89
1414;337
1415;4
1415;15
1415;30
1415;60
1415;89
1415;179
1416;4
1416;11
1416;29
1416;45
1416;89
1416;177
1417;4
1417;11
1417;29
1417;59
1417;88
1417;176
1418;4
1418;11
1418;30
1418;66
1418;89
1418;164
1419;7
1419;11
1419;33
1419;67
1419;100
1419;166
1420;7
1420;11
1420;29
1420;45
1420;134
1420;181
1421;4
1421;19
1421;28
1421;45
1421;89
1421;505
1422;4
1422;11
1422;29
1422;45
1422;90
1422;405
1423;4
1423;11
1423;22
1423;44
1423;151
1423;172
1424;4
1424;11
1424;21
1424;45
1424;85
1424;275
1425;4
1425;17
1425;22
1425;43
1425;108
1425;367
1426;4
1426;11
1426;21
1426;43
1426;86
1426;366
1427;7
1427;17
1427;22
1427;44
1427;90
1427;229
1428;8
1428;17
1428;22
1428;44
1428;90
1428;286
1429;4
1429;19
1429;24
1429;45
1429;137
1429;272
1430;7
1430;19
1430;25
1430;44
1430;88
1430;294
1431;4
1431;11
1431;25
1431;50
1431;100
1431;401
1432;4
1432;11
1432;25
1432;50
1432;100
1432;250
1433;4
1433;10
1433;25
1433;51
1433;101
1433;202
1434;3
1434;11
1434;36
1434;50
1434;100
1434;300
1435;7
1435;14
1435;36
1435;50
1435;101
1435;303
1436;7
1436;18
1436;36
1436;49
1436;101
1436;315
1437;4
1437;11
1437;33
1437;41
1437;101
1437;322
1438;4
1438;11
1438;22
1438;42
1438;101
1438;231
1439;4
1439;11
1439;36
1439;50
1439;101
1439;272
1440;4
1440;19
1440;25
1440;64
1440;100
1440;300
1441;4
1441;10
1441;30
1441;61
1441;91
1441;305
1442;4
1442;11
1442;30
1442;60
1442;90
1442;300
1443;7
1443;10
1443;34
1443;67
1443;101
1443;168
1444;7
1444;19
1444;34
1444;67
1444;100
1444;168
1445;4
1445;10
1445;28
1445;67
1445;101
1445;167
1446;4
1446;14
1446;28
1446;50
1446;100
1446;187
1447;7
1447;10
1447;33
1447;67
1447;100
1447;167
1448;4
1448;11
1448;33
1448;67
1448;101
1448;201
1449;4
1449;19
1449;33
1449;67
1449;102
1449;201
1450;4
1450;19
1450;34
1450;42
1450;102
1450;169
1451;3
1451;11
1451;28
1451;67
1451;100
1451;162
1452;7
1452;11
1452;28
1452;67
1452;100
1452;162
1453;7
1453;17
1453;38
1453;67
1453;100
1453;331
1454;3
1454;17
1454;28
1454;45
1454;100
1454;364
1455;3
1455;17
1455;28
1455;56
1455;84
1455;360
1456;7
1456;11
1456;28
1456;50
1456;112
1456;172
1457;6
1457;11
1457;25
1457;50
1457;126
1457;472
1458;6
1458;11
1458;29
1458;50
1458;100
1458;377
1459;6
1459;11
1459;28
1459;56
1459;84
1459;306
1460;5
1460;11
1460;28
1460;56
1460;84
1460;336
1461;6
1461;11
1461;28
1461;56
1461;85
1461;339
1462;6
1462;17
1462;28
1462;50
1462;83
1462;166
1463;6
1463;11
1463;30
1463;60
1463;84
1463;181
1464;6
1464;17
1464;30
1464;60
1464;90
1464;179
1465;6
1465;11
1465;30
1465;60
1465;90
1465;179
1466;6
1466;11
1466;33
1466;68
1466;135
1466;169
1467;6
1467;11
1467;35
1467;70
1467;139
1467;313
1468;6
1468;11
1468;29
1468;51
1468;80
1468;175
1469;4
1469;17
1469;34
1469;66
1469;81
1469;166
1470;7
1470;18
1470;22
1470;45
1470;111
1470;269
1471;4
1471;16
1471;22
1471;45
1471;89
1471;269
1472;8
1472;17
1472;22
1472;44
1472;110
1472;372
1473;7
1473;17
1473;22
1473;45
1473;112
1473;362
1474;5
1474;17
1474;22
1474;45
1474;158
1474;406
1475;5
1475;17
1475;30
1475;61
1475;91
1475;303
1476;6
1476;17
1476;25
1476;49
1476;89
1476;172
1477;7
1477;17
1477;25
1477;50
1477;89
1477;173
1478;7
1478;17
1478;25
1478;50
1478;134
1478;174
1479;5
1479;16
1479;25
1479;51
1479;133
1479;178
1480;6
1480;10
1480;25
1480;40
1480;112
1480;166
1481;4
1481;15
1481;33
1481;45
1481;90
1481;415
1482;3
1482;15
1482;25
1482;41
1482;82
1482;411
1483;3
1483;15
1483;25
1483;42
1483;83
1483;174
1484;3
1484;15
1484;25
1484;44
1484;133
1484;305
1485;2
1485;15
1485;25
1485;44
1485;134
1485;177
1486;6
1486;10
1486;25
1486;45
1486;134
1486;173
1487;4
1487;13
1487;21
1487;45
1487;134
1487;173
1488;3
1488;17
1488;21
1488;45
1488;134
1488;176
1489;3
1489;15
1489;22
1489;45
1489;134
1489;177
1490;3
1490;15
1490;22
1490;45
1490;135
1490;178
1491;2
1491;19
1491;22
1491;45
1491;134
1491;174
1492;6
1492;10
1492;20
1492;45
1492;134
1492;170
1493;4
1493;15
1493;25
1493;45
1493;134
1493;178
1494;3
1494;15
1494;33
1494;45
1494;134
1494;166
1495;3
1495;15
1495;32
1495;56
1495;112
1495;169
1496;3
1496;15
1496;34
1496;45
1496;134
1496;168
1497;2
1497;15
1497;33
1497;45
1497;134
1497;169
1498;5
1498;10
1498;33
1498;45
1498;89
1498;168
1499;4
1499;15
1499;33
1499;45
1499;113
1499;169
1500;3
1500;15
1500;33
1500;57
1500;113
1500;170
1501;3
1501;15
1501;33
1501;45
1501;113
1501;169
1502;3
1502;15
1502;33
1502;45
1502;112
1502;169
1503;2
1503;15
1503;34
1503;57
1503;113
1503;169
1504;5
1504;12
1504;33
1504;57
1504;114
1504;172
1505;4
1505;11
1505;38
1505;59
1505;119
1505;279
1506;3
1506;11
1506;33
1506;57
1506;132
1506;271
1507;3
1507;15
1507;24
1507;66
1507;133
1507;174
1508;3
1508;11
1508;33
1508;45
1508;133
1508;173
1509;9
1509;11
1509;33
1509;50
1509;135
1509;175
1510;5
1510;12
1510;21
1510;50
1510;133
1510;176
1511;4
1511;11
1511;33
1511;67
1511;106
1511;201
1512;3
1512;11
1512;34
1512;45
1512;135
1512;177
1513;3
1513;10
1513;33
1513;50
1513;134
1513;200
1514;9
1514;10
1514;34
1514;50
1514;134
1514;269
1515;9
1515;10
1515;33
1515;50
1515;101
1515;178
1516;5
1516;11
1516;25
1516;51
1516;133
1516;161
1517;4
1517;10
1517;38
1517;56
1517;112
1517;175
1518;3
1518;10
1518;38
1518;60
1518;119
1518;179
1519;3
1519;12
1519;30
1519;59
1519;119
1519;296
1520;9
1520;10
1520;25
1520;56
1520;88
1520;177
1521;9
1521;10
1521;25
1521;57
1521;89
1521;169
1522;5
1522;12
1522;24
1522;56
1522;87
1522;169
1523;4
1523;10
1523;25
1523;56
1523;87
1523;169
1524;3
1524;16
1524;22
1524;56
1524;112
1524;281
1525;5
1525;16
1525;25
1525;58
1525;113
1525;173
1526;4
1526;16
1526;24
1526;48
1526;113
1526;281
1527;3
1527;16
1527;25
1527;73
1527;87
1527;219
1528;7
1528;10
1528;20
1528;57
1528;113
1528;181
1529;4
1529;15
1529;31
1529;61
1529;90
1529;168
1530;3
1530;15
1530;22
1530;57
1530;90
1530;166
1531;9
1531;10
1531;33
1531;44
1531;89
1531;167
1532;9
1532;10
1532;34
1532;62
1532;90
1532;201
1533;9
1533;10
1533;38
1533;56
1533;88
1533;203
1534;5
1534;11
1534;22
1534;56
1534;90
1534;189
1535;4
1535;11
1535;38
1535;45
1535;100
1535;199
1536;3
1536;11
1536;38
1536;76
1536;99
1536;168
1537;5
1537;13
1537;20
1537;45
1537;90
1537;162
1538;4
1538;12
1538;37
1538;56
1538;113
1538;226
1539;6
1539;12
1539;37
1539;45
1539;90
1539;166
1540;7
1540;15
1540;29
1540;45
1540;99
1540;209
1541;7
1541;15
1541;33
1541;57
1541;101
1541;235
1542;7
1542;15
1542;33
1542;56
1542;111
1542;301
1543;4
1543;15
1543;33
1543;67
1543;89
1543;167
1544;4
1544;15
1544;34
1544;44
1544;101
1544;167
1545;4
1545;15
1545;37
1545;56
1545;90
1545;168
1546;4
1546;15
1546;38
1546;45
1546;89
1546;169
1547;4
1547;15
1547;37
1547;56
1547;89
1547;168
1548;4
1548;15
1548;37
1548;56
1548;90
1548;168
1549;4
1549;15
1549;38
1549;56
1549;89
1549;169
1550;4
1550;15
1550;30
1550;56
1550;89
1550;168
1551;4
1551;19
1551;38
1551;56
1551;90
1551;168
1552;7
1552;15
1552;34
1552;45
1552;89
1552;423
1553;6
1553;15
1553;33
1553;67
1553;113
1553;300
1554;7
1554;15
1554;33
1554;67
1554;100
1554;300
1555;8
1555;15
1555;34
1555;67
1555;101
1555;303
1556;6
1556;15
1556;33
1556;66
1556;100
1556;166
1557;8
1557;15
1557;37
1557;56
1557;90
1557;169
1558;7
1558;15
1558;22
1558;45
1558;89
1558;170
1559;8
1559;15
1559;38
1559;45
1559;89
1559;169
1560;7
1560;15
1560;38
1560;56
1560;90
1560;169
1561;4
1561;10
1561;37
1561;45
1561;111
1561;222
1562;3
1562;11
1562;38
1562;45
1562;111
1562;395
1563;3
1563;11
1563;38
1563;56
1563;112
1563;164
1564;8
1564;15
1564;34
1564;45
1564;113
1564;185
1565;7
1565;15
1565;34
1565;67
1565;99
1565;473
1566;7
1566;15
1566;38
1566;77
1566;90
1566;380
1567;7
1567;15
1567;36
1567;74
1567;90
1567;167
1568;7
1568;15
1568;29
1568;45
1568;99
1568;169
1569;7
1569;15
1569;29
1569;45
1569;100
1569;202
1570;5
1570;14
1570;29
1570;45
1570;89
1570;199
1571;4
1571;11
1571;29
1571;57
1571;89
1571;178
1572;4
1572;11
1572;29
1572;56
1572;89
1572;168
1573;4
1573;15
1573;33
1573;56
1573;88
1573;177
1574;4
1574;15
1574;33
1574;45
1574;89
1574;178
1575;4
1575;11
1575;34
1575;56
1575;89
1575;168
1576;4
1576;15
1576;34
1576;51
1576;85
1576;447
1577;3
1577;10
1577;33
1577;50
1577;100
1577;221
1578;7
1578;14
1578;34
1578;51
1578;100
1578;170
1579;5
1579;10
1579;34
1579;58
1579;101
1579;171
1580;4
1580;14
1580;33
1580;42
1580;84
1580;176
1581;4
1581;14
1581;33
1581;42
1581;100
1581;199
1582;4
1582;11
1582;33
1582;42
1582;101
1582;199
1583;3
1583;11
1583;33
1583;42
1583;100
1583;199
1584;3
1584;11
1584;33
1584;42
1584;100
1584;297
1585;4
1585;13
1585;34
1585;42
1585;102
1585;225
1586;6
1586;12
1586;33
1586;42
1586;101
1586;169
1587;6
1587;12
1587;33
1587;67
1587;99
1587;188
1588;7
1588;15
1588;34
1588;42
1588;101
1588;178
1589;7
1589;14
1589;25
1589;50
1589;100
1589;198
1590;7
1590;14
1590;32
1590;42
1590;112
1590;199
1591;7
1591;14
1591;28
1591;49
1591;101
1591;168
1592;7
1592;14
1592;28
1592;50
1592;100
1592;294
1593;7
1593;17
1593;25
1593;50
1593;100
1593;279
1594;7
1594;14
1594;25
1594;50
1594;101
1594;257
1595;7
1595;14
1595;26
1595;50
1595;150
1595;182
1596;7
1596;14
1596;28
1596;43
1596;85
1596;281
1597;7
1597;19
1597;25
1597;49
1597;85
1597;288
1598;7
1598;19
1598;21
1598;50
1598;100
1598;169
1599;7
1599;14
1599;22
1599;43
1599;80
1599;170
1600;4
1600;14
1600;22
1600;50
1600;101
1600;180
1601;3
1601;11
1601;22
1601;50
1601;120
1601;181
1602;6
1602;11
1602;22
1602;75
1602;125
1602;275
1603;6
1603;11
1603;22
1603;75
1603;150
1603;200
1604;6
1604;11
1604;22
1604;40
1604;151
1604;175
1605;5
1605;11
1605;25
1605;75
1605;150
1605;175
1606;4
1606;12
1606;39
1606;50
1606;150
1606;175
1607;3
1607;11
1607;25
1607;50
1607;150
1607;175
1608;6
1608;11
1608;25
1608;50
1608;151
1608;176
1609;4
1609;13
1609;39
1609;40
1609;100
1609;165
1610;3
1610;11
1610;39
1610;50
1610;148
1610;161
1611;6
1611;19
1611;21
1611;50
1611;80
1611;161
1612;6
1612;17
1612;33
1612;57
1612;113
1612;167
1613;6
1613;11
1613;34
1613;75
1613;151
1613;174
1614;6
1614;11
1614;32
1614;45
1614;112
1614;175
1615;6
1615;12
1615;28
1615;40
1615;99
1615;197
1616;6
1616;11
1616;28
1616;56
1616;112
1616;280
1617;9
1617;11
1617;25
1617;40
1617;158
1617;279
1618;9
1618;10
1618;25
1618;45
1618;89
1618;177
1619;8
1619;19
1619;26
1619;40
1619;89
1619;178
1620;9
1620;10
1620;28
1620;40
1620;89
1620;288
1621;9
1621;10
1621;25
1621;40
1621;89
1621;176
1622;8
1622;19
1622;21
1622;40
1622;89
1622;178
1623;7
1623;10
1623;22
1623;45
1623;90
1623;196
1624;4
1624;15
1624;31
1624;58
1624;113
1624;167
1625;3
1625;15
1625;38
1625;68
1625;90
1625;204
1626;7
1626;15
1626;22
1626;67
1626;133
1626;167
1627;9
1627;10
1627;34
1627;45
1627;90
1627;167
1628;5
1628;10
1628;32
1628;55
1628;89
1628;178
1629;5
1629;10
1629;38
1629;66
1629;90
1629;167
1630;4
1630;11
1630;33
1630;45
1630;100
1630;200
1631;3
1631;10
1631;38
1631;76
1631;90
1631;179
1632;6
1632;10
1632;25
1632;45
1632;90
1632;167
1633;4
1633;12
1633;38
1633;45
1633;112
1633;225
1634;3
1634;12
1634;38
1634;56
1634;112
1634;168
1635;3
1635;15
1635;22
1635;76
1635;90
1635;177
1636;7
1636;15
1636;38
1636;57
1636;100
1636;172
1637;7
1637;15
1637;34
1637;57
1637;110
1637;301
1638;4
1638;15
1638;33
1638;45
1638;90
1638;167
1639;4
1639;15
1639;33
1639;56
1639;100
1639;167
1640;4
1640;15
1640;33
1640;45
1640;110
1640;177
1641;4
1641;15
1641;37
1641;56
1641;89
1641;167
1642;4
1642;15
1642;38
1642;45
1642;90
1642;167
1643;4
1643;15
1643;38
1643;45
1643;89
1643;180
1644;4
1644;15
1644;37
1644;44
1644;89
1644;167
1645;4
1645;15
1645;38
1645;45
1645;89
1645;168
1646;4
1646;19
1646;37
1646;45
1646;89
1646;169
1647;7
1647;14
1647;39
1647;45
1647;90
1647;166
1648;5
1648;15
1648;33
1648;67
1648;113
1648;300
1649;7
1649;15
1649;33
1649;67
1649;113
1649;301
1650;5
1650;15
1650;33
1650;67
1650;112
1650;301
1651;4
1651;15
1651;34
1651;67
1651;101
1651;336
1652;8
1652;15
1652;33
1652;45
1652;89
1652;340
1653;8
1653;15
1653;37
1653;56
1653;89
1653;167
1654;7
1654;19
1654;38
1654;56
1654;90
1654;168
1655;8
1655;19
1655;30
1655;45
1655;89
1655;169
1656;5
1656;10
1656;20
1656;44
1656;101
1656;207
1657;4
1657;15
1657;38
1657;44
1657;99
1657;198
1658;3
1658;15
1658;38
1658;45
1658;99
1658;442
1659;9
1659;14
1659;34
1659;75
1659;88
1659;177
1660;7
1660;15
1660;34
1660;68
1660;89
1660;177
1661;7
1661;15
1661;38
1661;56
1661;88
1661;404
1662;7
1662;15
1662;38
1662;75
1662;88
1662;381
1663;7
1663;15
1663;30
1663;45
1663;88
1663;177
1664;7
1664;15
1664;28
1664;57
1664;88
1664;284
1665;6
1665;10
1665;29
1665;45
1665;90
1665;201
1666;4
1666;11
1666;29
1666;45
1666;88
1666;200
1667;4
1667;11
1667;30
1667;45
1667;149
1667;475
1668;4
1668;11
1668;33
1668;45
1668;134
1668;167
1669;4
1669;11
1669;33
1669;44
1669;133
1669;167
1670;4
1670;11
1670;34
1670;67
1670;135
1670;170
1671;4
1671;14
1671;33
1671;67
1671;101
1671;168
1672;4
1672;14
1672;33
1672;75
1672;101
1672;225
1673;3
1673;14
1673;34
1673;50
1673;100
1673;168
1674;7
1674;10
1674;33
1674;42
1674;112
1674;167
1675;4
1675;14
1675;33
1675;50
1675;89
1675;178
1676;4
1676;13
1676;34
1676;42
1676;85
1676;170
1677;4
1677;12
1677;33
1677;42
1677;99
1677;198
1678;4
1678;11
1678;33
1678;56
1678;100
1678;225
1679;3
1679;11
1679;33
1679;42
1679;99
1679;182
1680;5
1680;12
1680;34
1680;50
1680;111
1680;162
1681;4
1681;12
1681;33
1681;74
1681;100
1681;174
1682;3
1682;12
1682;34
1682;50
1682;99
1682;167
1683;7
1683;15
1683;33
1683;42
1683;99
1683;178
1684;7
1684;14
1684;33
1684;51
1684;101
1684;202
1685;7
1685;14
1685;33
1685;75
1685;112
1685;174
1686;7
1686;14
1686;33
1686;50
1686;150
1686;175
1687;7
1687;14
1687;33
1687;50
1687;101
1687;281
1688;7
1688;14
1688;33
1688;50
1688;100
1688;282
1689;4
1689;14
1689;21
1689;76
1689;101
1689;251
1690;3
1690;19
1690;28
1690;50
1690;110
1690;177
1691;3
1691;14
1691;28
1691;42
1691;85
1691;282
1692;3
1692;18
1692;25
1692;42
1692;101
1692;373
1693;3
1693;14
1693;24
1693;49
1693;101
1693;167
1694;6
1694;17
1694;21
1694;51
1694;80
1694;222
1695;4
1695;11
1695;21
1695;60
1695;120
1695;246
1696;4
1696;12
1696;22
1696;50
1696;80
1696;182
1697;3
1697;17
1697;22
1697;50
1697;85
1697;177
1698;5
1698;12
1698;22
1698;50
1698;101
1698;180
1699;6
1699;11
1699;26
1699;59
1699;120
1699;179
1700;6
1700;12
1700;22
1700;59
1700;119
1700;178
1701;4
1701;11
1701;25
1701;50
1701;100
1701;230
1702;4
1702;11
1702;25
1702;49
1702;150
1702;174
1703;3
1703;11
1703;25
1703;49
1703;99
1703;173
1704;4
1704;11
1704;25
1704;50
1704;100
1704;224
1705;4
1705;11
1705;25
1705;50
1705;100
1705;175
1706;3
1706;12
1706;39
1706;41
1706;80
1706;160
1707;6
1707;17
1707;25
1707;57
1707;114
1707;185
1708;6
1708;16
1708;33
1708;76
1708;113
1708;202
1709;6
1709;11
1709;33
1709;45
1709;80
1709;210
1710;6
1710;12
1710;28
1710;45
1710;112
1710;202
1711;6
1711;11
1711;28
1711;56
1711;113
1711;199
1712;6
1712;11
1712;28
1712;40
1712;100
1712;281
1713;9
1713;10
1713;25
1713;40
1713;99
1713;198
1714;8
1714;19
1714;25
1714;40
1714;100
1714;179
1715;8
1715;10
1715;28
1715;44
1715;100
1715;281
1716;9
1716;10
1716;21
1716;40
1716;99
1716;198
1717;8
1717;19
1717;22
1717;40
1717;99
1717;170
1718;8
1718;17
1718;21
1718;45
1718;90
1718;199
1719;4
1719;13
1719;21
1719;45
1719;113
1719;180
1720;3
1720;16
1720;22
1720;57
1720;113
1720;171
1721;3
1721;15
1721;37
1721;44
1721;113
1721;169
1722;9
1722;10
1722;22
1722;56
1722;88
1722;179
1723;9
1723;10
1723;38
1723;56
1723;90
1723;177
1724;9
1724;10
1724;38
1724;44
1724;89
1724;176
1725;4
1725;10
1725;22
1725;56
1725;99
1725;200
1726;3
1726;11
1726;37
1726;45
1726;99
1726;202
1727;7
1727;19
1727;38
1727;45
1727;90
1727;199
1728;4
1728;12
1728;21
1728;56
1728;112
1728;226
1729;3
1729;12
1729;38
1729;45
1729;112
1729;227
1730;3
1730;12
1730;38
1730;75
1730;90
1730;167
1731;7
1731;15
1731;38
1731;55
1731;100
1731;201
1732;7
1732;15
1732;38
1732;57
1732;113
1732;202
1733;4
1733;15
1733;37
1733;45
1733;112
1733;224
1734;4
1734;15
1734;38
1734;56
1734;99
1734;201
1735;4
1735;15
1735;38
1735;45
1735;90
1735;199
1736;4
1736;15
1736;38
1736;56
1736;89
1736;225
1737;4
1737;15
1737;38
1737;44
1737;89
1737;201
1738;4
1738;17
1738;38
1738;56
1738;89
1738;200
1739;4
1739;15
1739;38
1739;57
1739;89
1739;170
1740;4
1740;19
1740;38
1740;45
1740;89
1740;168
1741;4
1741;15
1741;38
1741;45
1741;89
1741;170
1742;4
1742;16
1742;38
1742;76
1742;90
1742;167
1743;6
1743;15
1743;38
1743;45
1743;113
1743;168
1744;8
1744;15
1744;38
1744;45
1744;113
1744;171
1745;7
1745;15
1745;37
1745;56
1745;113
1745;169
1746;7
1746;15
1746;37
1746;45
1746;89
1746;168
1747;8
1747;15
1747;38
1747;44
1747;112
1747;168
1748;7
1748;15
1748;38
1748;45
1748;90
1748;171
1749;7
1749;15
1749;37
1749;56
1749;90
1749;168
1750;7
1750;17
1750;38
1750;45
1750;90
1750;168
1751;7
1751;10
1751;38
1751;45
1751;116
1751;224
1752;4
1752;12
1752;37
1752;45
1752;110
1752;220
1753;3
1753;11
1753;38
1753;56
1753;112
1753;224
1754;3
1754;15
1754;38
1754;45
1754;91
1754;167
1755;7
1755;15
1755;38
1755;75
1755;99
1755;197
1756;7
1756;15
1756;38
1756;56
1756;99
1756;380
1757;7
1757;15
1757;37
1757;45
1757;113
1757;199
1758;7
1758;15
1758;37
1758;44
1758;99
1758;197
1759;7
1759;15
1759;37
1759;56
1759;99
1759;199
1760;7
1760;14
1760;37
1760;45
1760;135
1760;200
1761;4
1761;11
1761;38
1761;45
1761;89
1761;178
1762;4
1762;11
1762;37
1762;44
1762;89
1762;179
1763;4
1763;11
1763;38
1763;56
1763;88
1763;179
1764;4
1764;11
1764;38
1764;45
1764;88
1764;178
1765;4
1765;15
1765;37
1765;44
1765;100
1765;178
1766;8
1766;11
1766;25
1766;50
1766;101
1766;178
1767;4
1767;14
1767;29
1767;50
1767;102
1767;295
1768;3
1768;14
1768;30
1768;50
1768;100
1768;202
1769;3
1769;14
1769;33
1769;42
1769;85
1769;170
1770;4
1770;14
1770;34
1770;42
1770;100
1770;178
1771;8
1771;15
1771;28
1771;50
1771;84
1771;176
1772;4
1772;14
1772;34
1772;42
1772;100
1772;199
1773;4
1773;11
1773;33
1773;56
1773;101
1773;201
1774;3
1774;11
1774;33
1774;42
1774;100
1774;389
1775;7
1775;11
1775;29
1775;51
1775;151
1775;226
1776;4
1776;12
1776;30
1776;43
1776;113
1776;226
1777;3
1777;12
1777;30
1777;50
1777;112
1777;226
1778;3
1778;16
1778;29
1778;50
1778;99
1778;218
1779;7
1779;15
1779;29
1779;76
1779;100
1779;209
1780;7
1780;14
1780;28
1780;51
1780;104
1780;227
1781;7
1781;14
1781;30
1781;50
1781;111
1781;227
1782;7
1782;14
1782;30
1782;50
1782;101
1782;203
1783;7
1783;14
1783;30
1783;50
1783;100
1783;228
1784;9
1784;11
1784;30
1784;76
1784;101
1784;227
1785;7
1785;14
1785;29
1785;50
1785;100
1785;200
1786;7
1786;14
1786;29
1786;42
1786;101
1786;228
1787;7
1787;14
1787;30
1787;42
1787;100
1787;226
1788;7
1788;14
1788;34
1788;50
1788;101
1788;201
1789;7
1789;14
1789;21
1789;42
1789;100
1789;169
1790;5
1790;12
1790;23
1790;42
1790;80
1790;177
1791;4
1791;11
1791;23
1791;51
1791;101
1791;180
1792;3
1792;11
1792;23
1792;60
1792;101
1792;181
1793;6
1793;11
1793;30
1793;74
1793;148
1793;295
1794;6
1794;11
1794;30
1794;50
1794;150
1794;200
1795;6
1795;11
1795;30
1795;50
1795;150
1795;176
1796;5
1796;12
1796;30
1796;50
1796;150
1796;269
1797;4
1797;11
1797;30
1797;59
1797;150
1797;174
1798;3
1798;11
1798;30
1798;50
1798;151
1798;202
1799;6
1799;12
1799;29
1799;40
1799;89
1799;174
1800;4
1800;11
1800;31
1800;50
1800;148
1800;174
1801;3
1801;11
1801;30
1801;50
1801;120
1801;165
1802;6
1802;19
1802;20
1802;40
1802;80
1802;244
1803;6
1803;16
1803;30
1803;40
1803;110
1803;222
1804;6
1804;16
1804;30
1804;76
1804;151
1804;177
1805;6
1805;12
1805;32
1805;40
1805;100
1805;197
1806;6
1806;11
1806;30
1806;56
1806;99
1806;177
1807;6
1807;12
1807;30
1807;56
1807;100
1807;177
1808;9
1808;10
1808;20
1808;40
1808;100
1808;172
1809;8
1809;19
1809;39
1809;45
1809;89
1809;177
1810;8
1810;19
1810;33
1810;40
1810;90
1810;180
1811;9
1811;10
1811;23
1811;45
1811;113
1811;179
1812;8
1812;10
1812;30
1812;74
1812;89
1812;178
1813;8
1813;11
1813;30
1813;40
1813;90
1813;180
1814;5
1814;10
1814;20
1814;46
1814;89
1814;163
1815;4
1815;15
1815;30
1815;57
1815;113
1815;297
1816;3
1816;15
1816;22
1816;45
1816;91
1816;179
1817;9
1817;10
1817;22
1817;56
1817;113
1817;168
1818;9
1818;10
1818;27
1818;45
1818;89
1818;178
1819;9
1819;15
1819;38
1819;56
1819;90
1819;178
1820;4
1820;10
1820;21
1820;45
1820;90
1820;201
1821;4
1821;11
1821;37
1821;56
1821;89
1821;178
1822;3
1822;11
1822;38
1822;76
1822;90
1822;177
1823;5
1823;10
1823;21
1823;45
1823;90
1823;224
1824;4
1824;12
1824;28
1824;56
1824;112
1824;224
1825;3
1825;12
1825;38
1825;45
1825;90
1825;223
1826;7
1826;16
1826;38
1826;45
1826;101
1826;178
1827;4
1827;15
1827;22
1827;57
1827;113
1827;228
1828;4
1828;15
1828;22
1828;45
1828;113
1828;225
1829;4
1829;15
1829;22
1829;44
1829;90
1829;225
1830;4
1830;15
1830;22
1830;44
1830;100
1830;228
1831;4
1831;15
1831;37
1831;56
1831;113
1831;219
1832;4
1832;15
1832;38
1832;45
1832;90
1832;201
1833;4
1833;15
1833;37
1833;44
1833;89
1833;228
1834;4
1834;15
1834;38
1834;45
1834;89
1834;223
1835;4
1835;15
1835;38
1835;45
1835;89
1835;201
1836;4
1836;19
1836;30
1836;45
1836;89
1836;178
1837;4
1837;15
1837;37
1837;56
1837;89
1837;168
1838;7
1838;14
1838;22
1838;63
1838;90
1838;481
1839;7
1839;15
1839;38
1839;67
1839;113
1839;171
1840;7
1840;15
1840;28
1840;56
1840;89
1840;169
1841;7
1841;15
1841;22
1841;56
1841;113
1841;170
1842;8
1842;15
1842;22
1842;44
1842;89
1842;168
1843;7
1843;15
1843;37
1843;44
1843;89
1843;180
1844;7
1844;15
1844;38
1844;57
1844;90
1844;170
1845;8
1845;15
1845;38
1845;45
1845;90
1845;169
1846;7
1846;15
1846;38
1846;56
1846;89
1846;168
1847;4
1847;10
1847;38
1847;57
1847;100
1847;199
1848;3
1848;18
1848;38
1848;45
1848;98
1848;201
1849;3
1849;11
1849;30
1849;44
1849;100
1849;198
1850;8
1850;15
1850;38
1850;58
1850;89
1850;177
1851;7
1851;15
1851;38
1851;57
1851;88
1851;176
1852;7
1852;15
1852;37
1852;67
1852;88
1852;177
1853;7
1853;15
1853;37
1853;45
1853;89
1853;177
1854;7
1854;15
1854;38
1854;56
1854;88
1854;175
1855;7
1855;15
1855;30
1855;44
1855;88
1855;177
1856;5
1856;14
1856;37
1856;45
1856;89
1856;177
1857;4
1857;11
1857;38
1857;68
1857;88
1857;200
1858;4
1858;11
1858;37
1858;44
1858;90
1858;179
1859;4
1859;11
1859;38
1859;68
1859;101
1859;204
1860;4
1860;15
1860;36
1860;45
1860;90
1860;169
1861;4
1861;13
1861;34
1861;44
1861;85
1861;180
1862;4
1862;12
1862;30
1862;43
1862;100
1862;446
1863;3
1863;14
1863;30
1863;74
1863;148
1863;275
1864;3
1864;14
1864;33
1864;42
1864;140
1864;169
1865;4
1865;14
1865;33
1865;50
1865;88
1865;177
1866;4
1866;14
1866;34
1866;75
1866;114
1866;177
1867;4
1867;14
1867;33
1867;42
1867;141
1867;198
1868;4
1868;11
1868;34
1868;50
1868;100
1868;201
1869;3
1869;11
1869;33
1869;56
1869;100
1869;225
1870;7
1870;11
1870;33
1870;42
1870;101
1870;201
1871;4
1871;12
1871;29
1871;75
1871;100
1871;225
1872;3
1872;12
1872;29
1872;75
1872;100
1872;174
1873;3
1873;12
1873;29
1873;50
1873;85
1873;202
1874;3
1874;15
1874;34
1874;42
1874;100
1874;201
1875;3
1875;14
1875;30
1875;50
1875;150
1875;202
1876;3
1876;14
1876;30
1876;50
1876;113
1876;227
1877;4
1877;14
1877;30
1877;42
1877;149
1877;202
1878;4
1878;14
1878;30
1878;42
1878;104
1878;199
1879;4
1879;14
1879;30
1879;75
1879;100
1879;226
1880;3
1880;14
1880;31
1880;76
1880;101
1880;201
1881;3
1881;14
1881;33
1881;56
1881;85
1881;203
1882;3
1882;14
1882;33
1882;51
1882;86
1882;201
1883;3
1883;14
1883;28
1883;50
1883;100
1883;167
1884;3
1884;14
1884;34
1884;42
1884;80
1884;177
1885;7
1885;15
1885;39
1885;51
1885;101
1885;202
1886;4
1886;11
1886;23
1886;50
1886;80
1886;282
1887;3
1887;11
1887;39
1887;40
1887;120
1887;170
1888;6
1888;11
1888;23
1888;50
1888;85
1888;180
1889;6
1889;12
1889;22
1889;50
1889;150
1889;177
1890;6
1890;11
1890;23
1890;60
1890;86
1890;178
1891;5
1891;11
1891;30
1891;40
1891;92
1891;376
1892;4
1892;12
1892;30
1892;50
1892;100
1892;302
1893;3
1893;11
1893;30
1893;50
1893;149
1893;173
1894;6
1894;11
1894;30
1894;49
1894;99
1894;173
1895;4
1895;11
1895;30
1895;50
1895;100
1895;224
1896;3
1896;12
1896;25
1896;50
1896;110
1896;174
1897;6
1897;11
1897;30
1897;40
1897;115
1897;225
1898;9
1898;10
1898;30
1898;75
1898;100
1898;167
1899;6
1899;10
1899;30
1899;76
1899;112
1899;202
1900;6
1900;10
1900;34
1900;40
1900;81
1900;203
1901;6
1901;10
1901;28
1901;40
1901;113
1901;224
1902;9
1902;10
1902;28
1902;40
1902;112
1902;199
1903;9
1903;10
1903;28
1903;45
1903;102
1903;200
1904;9
1904;10
1904;25
1904;56
1904;99
1904;198
1905;8
1905;17
1905;26
1905;44
1905;100
1905;199
1906;7
1906;16
1906;28
1906;40
1906;102
1906;199
1907;9
1907;10
1907;20
1907;45
1907;99
1907;198
1908;7
1908;17
1908;22
1908;44
1908;100
1908;197
1909;7
1909;13
1909;22
1909;40
1909;120
1909;163
1910;8
1910;17
1910;21
1910;44
1910;99
1910;266
1911;8
1911;17
1911;22
1911;44
1911;154
1911;167
1912;8
1912;17
1912;22
1912;44
1912;133
1912;354
1913;1
1913;17
1913;22
1913;45
1913;118
1913;364
1914;6
1914;16
1914;22
1914;44
1914;88
1914;364
1915;3
1915;17
1915;22
1915;44
1915;101
1915;167
1916;0
1916;17
1916;22
1916;44
1916;99
1916;175
1917;4
1917;17
1917;22
1917;44
1917;89
1917;175
1918;5
1918;17
1918;21
1918;44
1918;99
1918;175
1919;7
1919;17
1919;22
1919;44
1919;155
1919;174
1920;7
1920;17
1920;24
1920;44
1920;99
1920;356
1921;2
1921;17
1921;22
1921;44
1921;132
1921;321
1922;5
1922;17
1922;22
1922;44
1922;87
1922;286
1923;7
1923;19
1923;25
1923;42
1923;89
1923;292
1924;6
1924;17
1924;22
1924;44
1924;85
1924;280
1925;6
1925;17
1925;22
1925;44
1925;82
1925;280
1926;5
1926;17
1926;22
1926;44
1926;95
1926;224
1927;3
1927;17
1927;22
1927;44
1927;83
1927;252
1928;6
1928;17
1928;22
1928;44
1928;81
1928;287
1929;0
1929;17
1929;22
1929;44
1929;90
1929;251
1930;6
1930;17
1930;22
1930;43
1930;85
1930;219
1931;8
1931;17
1931;22
1931;44
1931;87
1931;217
1932;7
1932;17
1932;25
1932;44
1932;95
1932;220
1933;5
1933;17
1933;25
1933;45
1933;88
1933;218
1934;5
1934;17
1934;22
1934;44
1934;83
1934;218
1935;5
1935;17
1935;22
1935;74
1935;90
1935;258
1936;6
1936;17
1936;22
1936;51
1936;89
1936;303
1937;5
1937;19
1937;22
1937;73
1937;82
1937;196
1938;7
1938;17
1938;28
1938;45
1938;95
1938;228
1939;7
1939;17
1939;22
1939;44
1939;84
1939;284
1940;8
1940;17
1940;21
1940;44
1940;80
1940;208
1941;5
1941;17
1941;22
1941;63
1941;86
1941;235
1942;6
1942;17
1942;22
1942;52
1942;86
1942;221
1943;6
1943;17
1943;22
1943;67
1943;82
1943;268
1944;7
1944;16
1944;22
1944;58
1944;95
1944;247
1945;8
1945;13
1945;22
1945;73
1945;80
1945;265
1946;5
1946;13
1946;22
1946;79
1946;81
1946;248
1947;4
1947;19
1947;28
1947;74
1947;86
1947;262
1948;6
1948;13
1948;22
1948;53
1948;81
1948;273
