5;6
5;10
5;20
5;63
5;101
5;188
6;9
6;10
6;20
6;49
6;81
6;275
7;4
7;10
7;24
7;43
7;89
7;195
8;5
8;10
8;26
8;41
8;93
8;494
9;4
9;13
9;36
9;51
9;94
9;362
10;5
10;13
10;26
10;52
10;81
10;177
11;5
11;15
11;27
11;56
11;85
11;163
12;6
12;13
12;20
12;40
12;83
12;301
13;4
13;10
13;27
13;57
13;88
13;173
14;6
14;13
14;30
14;60
14;90
14;181
15;5
15;12
15;26
15;52
15;80
15;205
16;5
16;17
16;24
16;49
16;98
16;196
17;5
17;18
17;25
17;49
17;122
17;196
18;5
18;19
18;22
18;49
18;122
18;194
19;4
19;12
19;25
19;50
19;124
19;495
20;4
20;12
20;27
20;49
20;156
20;181
21;5
21;10
21;33
21;66
21;99
21;298
22;5
22;19
22;31
22;62
22;152
22;275
23;4
23;10
23;30
23;59
23;89
23;327
24;4
24;19
24;30
24;58
24;88
24;160
25;5
25;19
25;30
25;59
25;89
25;166
26;5
26;19
26;25
26;50
26;98
26;221
27;4
27;10
27;25
27;50
27;100
27;510
28;4
28;18
28;25
28;49
28;99
28;409
29;4
29;10
29;25
29;50
29;98
29;386
30;4
30;10
30;30
30;60
30;89
30;297
31;4
31;19
31;29
31;59
31;88
31;294
32;4
32;10
32;30
32;60
32;91
32;160
33;4
33;10
33;30
33;59
33;88
33;267
34;9
34;11
34;20
34;49
34;98
34;165
35;4
35;11
35;20
35;40
35;113
35;164
36;5
36;10
36;20
36;43
36;87
36;178
37;5
37;11
37;20
37;43
37;92
37;185
38;5
38;13
38;35
38;51
38;88
38;510
39;4
39;13
39;28
39;51
39;104
39;267
40;5
40;11
40;28
40;57
40;143
40;200
41;5
41;10
41;27
41;54
41;135
41;297
42;4
42;11
42;30
42;59
42;148
42;178
43;5
43;10
43;28
43;57
43;86
43;172
44;5
44;17
44;25
44;50
44;124
44;172
45;4
45;17
45;25
45;49
45;95
45;174
46;4
46;10
46;25
46;49
46;134
46;161
47;4
47;10
47;25
47;49
47;123
47;173
48;4
48;10
48;25
48;50
48;147
48;172
49;4
49;10
49;25
49;51
49;100
49;200
50;4
50;19
50;25
50;51
50;125
50;500
51;4
51;10
51;26
51;50
51;150
51;174
52;4
52;16
52;30
52;60
52;120
52;358
53;5
53;16
53;26
53;56
53;143
53;186
54;4
54;16
54;25
54;49
54;99
54;222
55;4
55;17
55;25
55;49
55;123
55;494
56;4
56;16
56;25
56;50
56;124
56;174
57;4
57;17
57;25
57;49
57;151
57;176
58;4
58;18
58;24
58;48
58;145
58;218
59;5
59;16
59;24
59;48
59;140
59;498
60;6
60;14
60;25
60;48
60;83
60;184
61;5
61;14
61;20
61;48
61;92
61;163
62;8
62;10
62;20
62;49
62;106
62;164
63;4
63;12
63;21
63;40
63;80
63;174
64;4
64;10
64;24
64;48
64;93
64;183
65;5
65;12
65;26
65;59
65;133
65;361
66;5
66;13
66;29
66;59
66;89
66;177
67;5
67;15
67;29
67;58
67;87
67;204
68;5
68;10
68;28
68;55
68;84
68;331
69;5
69;10
69;29
69;59
69;88
69;175
70;5
70;11
70;27
70;55
70;82
70;162
71;7
71;13
71;25
71;50
71;99
71;174
72;6
72;10
72;25
72;49
72;82
72;172
73;6
73;10
73;25
73;49
73;99
73;198
74;5
74;11
74;25
74;49
74;123
74;197
75;4
75;10
75;24
75;48
75;124
75;396
76;4
76;11
76;27
76;48
76;81
76;201
77;5
77;10
77;32
77;64
77;97
77;225
78;6
78;10
78;31
78;64
78;151
78;190
79;4
79;10
79;29
79;59
79;88
79;175
80;4
80;19
80;28
80;59
80;88
80;353
81;4
81;10
81;30
81;59
81;88
81;344
82;4
82;17
82;24
82;49
82;147
82;344
83;5
83;10
83;25
83;50
83;98
83;366
84;5
84;12
84;25
84;51
84;101
84;333
85;4
85;10
85;25
85;51
85;128
85;206
86;4
86;10
86;25
86;51
86;101
86;351
87;4
87;10
87;30
87;60
87;149
87;179
88;5
88;10
88;30
88;59
88;148
88;177
89;5
89;11
89;30
89;59
89;148
89;178
90;7
90;12
90;29
90;59
90;87
90;205
91;4
91;13
91;31
91;61
91;91
91;183
92;5
92;13
92;29
92;59
92;89
92;175
93;5
93;12
93;21
93;46
93;117
93;392
94;5
94;13
94;29
94;57
94;86
94;172
95;4
95;13
95;29
95;57
95;85
95;170
96;4
96;10
96;29
96;57
96;143
96;390
97;5
97;14
97;24
97;49
97;122
97;172
98;5
98;10
98;20
98;46
98;122
98;163
99;4
99;10
99;23
99;44
99;111
99;178
100;5
100;19
100;21
100;43
100;110
100;183
101;5
101;13
101;22
101;44
101;94
101;465
102;4
102;19
102;21
102;40
102;158
102;261
103;4
103;19
103;20
103;40
103;99
103;318
104;5
104;14
104;20
104;40
104;121
104;160
105;5
105;11
105;20
105;41
105;88
105;170
106;5
106;19
106;20
106;40
106;88
106;163
107;5
107;19
107;20
107;41
107;119
107;496
108;5
108;11
108;36
108;41
108;110
108;498
109;5
109;19
109;35
109;40
109;111
109;495
110;5
110;10
110;20
110;43
110;111
110;496
111;5
111;16
111;20
111;50
111;123
111;494
112;5
112;10
112;20
112;47
112;153
112;493
113;6
113;10
113;20
113;51
113;137
113;164
114;6
114;11
114;20
114;44
114;157
114;190
115;6
115;10
115;25
115;51
115;159
115;161
116;4
116;10
116;20
116;67
116;154
116;500
117;9
117;10
117;20
117;47
117;139
117;374
118;8
118;15
118;30
118;44
118;104
118;170
119;8
119;15
119;31
119;61
119;122
119;164
120;8
120;15
120;33
120;66
120;132
120;164
121;7
121;15
121;33
121;67
121;133
121;166
122;8
122;15
122;30
122;60
122;120
122;161
123;8
123;15
123;30
123;61
123;151
123;510
124;7
124;15
124;30
124;45
124;90
124;511
125;5
125;12
125;24
125;47
125;94
125;189
126;7
126;11
126;23
126;47
126;94
126;164
127;7
127;13
127;23
127;68
127;91
127;160
128;6
128;13
128;23
128;67
128;90
128;203
129;7
129;13
129;22
129;43
129;113
129;164
130;7
130;13
130;22
130;40
130;93
130;508
131;6
131;14
131;20
131;41
131;82
131;204
132;5
132;10
132;20
132;40
132;80
132;190
133;5
133;10
133;20
133;41
133;100
133;162
134;5
134;10
134;20
134;40
134;99
134;215
135;5
135;10
135;21
135;41
135;151
135;507
136;5
136;10
136;20
136;40
136;156
136;508
137;5
137;10
137;20
137;40
137;91
137;503
138;5
138;10
138;20
138;40
138;80
138;495
139;5
139;10
139;20
139;40
139;133
139;495
140;5
140;10
140;20
140;40
140;80
140;506
141;5
141;10
141;25
141;45
141;81
141;498
142;5
142;10
142;20
142;45
142;128
142;510
143;5
143;10
143;25
143;45
143;80
143;498
144;5
144;10
144;20
144;40
144;119
144;495
145;5
145;13
145;30
145;46
145;124
145;171
146;5
146;19
146;20
146;50
146;82
146;188
147;5
147;11
147;20
147;50
147;92
147;171
148;5
148;10
148;20
148;50
148;87
148;172
149;5
149;10
149;25
149;63
149;81
149;180
150;5
150;10
150;28
150;56
150;84
150;198
151;5
151;15
151;30
151;60
151;90
151;208
152;5
152;10
152;29
152;59
152;89
152;177
153;4
153;10
153;21
153;59
153;89
153;177
154;5
154;15
154;26
154;77
154;80
154;161
155;5
155;10
155;25
155;76
155;152
155;278
156;5
156;10
156;23
156;46
156;159
156;160
157;5
157;10
157;25
157;49
157;123
157;172
158;5
158;10
158;25
158;49
158;123
158;172
159;5
159;10
159;25
159;50
159;126
159;201
160;5
160;10
160;25
160;55
160;81
160;187
161;5
161;10
161;25
161;51
161;143
161;313
162;5
162;10
162;21
162;50
162;82
162;160
163;5
163;19
163;31
163;59
163;148
163;178
164;5
164;10
164;30
164;58
164;144
164;173
165;4
165;15
165;23
165;46
165;113
165;273
166;8
166;11
166;23
166;48
166;97
166;361
167;7
167;11
167;24
167;49
167;98
167;171
168;7
168;11
168;24
168;49
168;99
168;172
169;7
169;19
169;29
169;58
169;99
169;184
170;8
170;10
170;28
170;57
170;85
170;283
171;8
171;11
171;30
171;60
171;90
171;271
172;9
172;18
172;30
172;58
172;88
172;178
173;5
173;10
173;30
173;46
173;80
173;185
174;5
174;10
174;25
174;40
174;88
174;180
175;5
175;10
175;20
175;42
175;89
175;200
176;5
176;10
176;20
176;45
176;82
176;175
177;5
177;10
177;21
177;41
177;148
177;200
178;5
178;10
178;25
178;45
178;95
178;397
179;5
179;10
179;29
179;58
179;88
179;203
180;5
180;12
180;27
180;54
180;137
180;323
181;5
181;11
181;28
181;58
181;143
181;171
182;5
182;10
182;27
182;55
182;83
182;163
183;5
183;10
183;25
183;50
183;100
183;175
184;5
184;10
184;25
184;50
184;100
184;199
185;5
185;10
185;24
185;49
185;100
185;176
186;5
186;10
186;25
186;49
186;100
186;299
187;5
187;10
187;20
187;49
187;125
187;160
188;5
188;10
188;27
188;52
188;80
188;203
189;5
189;10
189;21
189;42
189;84
189;206
190;5
190;10
190;25
190;52
190;124
190;345
191;5
191;10
191;20
191;45
191;123
191;360
192;5
192;10
192;28
192;57
192;86
192;293
193;4
193;19
193;22
193;45
193;119
193;209
194;4
194;19
194;20
194;42
194;118
194;185
195;7
195;11
195;24
195;49
195;97
195;222
196;7
196;19
196;24
196;49
196;100
196;217
197;7
197;11
197;26
197;40
197;120
197;185
198;8
198;11
198;24
198;48
198;81
198;168
199;8
199;19
199;25
199;40
199;81
199;177
200;5
200;19
200;20
200;45
200;135
200;161
201;5
201;11
201;30
201;51
201;83
201;163
202;4
202;10
202;30
202;53
202;133
202;164
203;5
203;10
203;25
203;40
203;87
203;177
204;5
204;10
204;20
204;50
204;87
204;195
205;5
205;10
205;29
205;41
205;87
205;233
206;5
206;10
206;29
206;57
206;86
206;200
207;5
207;10
207;29
207;57
207;86
207;200
208;5
208;10
208;29
208;58
208;86
208;202
209;5
209;19
209;28
209;56
209;84
209;199
210;5
210;10
210;25
210;75
210;150
210;175
211;5
211;10
211;25
211;49
211;150
211;170
212;5
212;12
212;25
212;50
212;124
212;174
213;5
213;15
213;26
213;51
213;102
213;179
214;5
214;10
214;25
214;50
214;101
214;176
215;5
215;10
215;24
215;51
215;148
215;168
216;5
216;10
216;20
216;56
216;85
216;499
217;5
217;10
217;20
217;50
217;80
217;495
218;5
218;10
218;30
218;52
218;83
218;358
219;5
219;12
219;30
219;60
219;90
219;179
220;4
220;10
220;24
220;59
220;87
220;263
221;4
221;19
221;20
221;50
221;123
221;170
222;9
222;19
222;24
222;49
222;98
222;511
223;7
223;11
223;20
223;51
223;102
223;180
224;7
224;19
224;21
224;49
224;80
224;210
225;8
225;19
225;25
225;40
225;100
225;185
226;8
226;13
226;25
226;50
226;100
226;160
227;9
227;10
227;20
227;50
227;80
227;200
228;9
228;19
228;29
228;58
228;144
228;173
229;7
229;12
229;29
229;58
229;87
229;203
230;4
230;15
230;30
230;59
230;109
230;235
231;4
231;19
231;20
231;44
231;99
231;168
232;8
232;19
232;20
232;45
232;99
232;164
233;8
233;19
233;29
233;58
233;117
233;205
234;8
234;15
234;25
234;50
234;101
234;198
235;7
235;15
235;24
235;50
235;99
235;268
236;6
236;15
236;24
236;49
236;134
236;265
237;4
237;13
237;20
237;49
237;148
237;168
238;4
238;13
238;23
238;46
238;134
238;205
239;7
239;13
239;22
239;49
239;134
239;315
240;7
240;14
240;21
240;44
240;102
240;361
241;7
241;13
241;21
241;45
241;101
241;297
242;7
242;13
242;20
242;40
242;101
242;236
243;6
243;10
243;20
243;40
243;107
243;171
244;4
244;10
244;20
244;40
244;88
244;307
245;4
245;10
245;20
245;40
245;100
245;302
246;5
246;10
246;20
246;50
246;80
246;171
247;5
247;10
247;25
247;40
247;88
247;498
248;5
248;10
248;20
248;44
248;88
248;201
249;5
249;10
249;30
249;45
249;134
249;203
250;5
250;15
250;24
250;50
250;100
250;186
251;5
251;19
251;20
251;50
251;100
251;208
252;5
252;12
252;30
252;44
252;99
252;188
253;5
253;10
253;24
253;44
253;99
253;207
254;5
254;19
254;20
254;44
254;99
254;160
255;5
255;19
255;20
255;45
255;148
255;164
256;5
256;19
256;20
256;45
256;149
256;270
257;6
257;10
257;30
257;42
257;88
257;206
258;4
258;10
258;30
258;45
258;120
258;180
259;4
259;15
259;33
259;66
259;99
259;165
260;7
260;15
260;33
260;66
260;132
260;165
261;8
261;11
261;30
261;45
261;88
261;206
262;7
262;19
262;30
262;45
262;89
262;208
263;7
263;14
263;30
263;40
263;148
263;211
264;5
264;16
264;20
264;41
264;88
264;160
265;5
265;13
265;23
265;45
265;137
265;160
266;4
266;13
266;22
266;40
266;156
266;200
267;6
267;13
267;22
267;42
267;148
267;211
268;7
268;13
268;20
268;45
268;88
268;160
269;7
269;13
269;20
269;40
269;142
269;210
270;7
270;19
270;30
270;40
270;99
270;160
271;6
271;10
271;20
271;40
271;141
271;201
272;5
272;10
272;20
272;40
272;80
272;163
273;5
273;19
273;20
273;40
273;159
273;161
274;5
274;10
274;30
274;40
274;139
274;214
275;5
275;19
275;20
275;40
275;157
275;176
276;5
276;19
276;20
276;76
276;152
276;209
277;9
277;10
277;22
277;55
277;94
277;164
278;5
278;11
278;38
278;56
278;108
278;363
279;5
279;10
279;37
279;56
279;93
279;261
280;4
280;10
280;37
280;55
280;92
280;259
281;9
281;10
281;36
281;54
281;107
281;173
282;9
282;10
282;33
282;50
282;99
282;173
283;9
283;17
283;33
283;50
283;100
283;173
284;7
284;17
284;33
284;50
284;82
284;173
285;6
285;10
285;33
285;48
285;96
285;248
286;5
286;12
286;33
286;50
286;99
286;190
287;8
287;16
287;33
287;49
287;115
287;171
288;4
288;16
288;33
288;49
288;149
288;165
289;4
289;17
289;33
289;49
289;82
289;181
290;8
290;17
290;39
290;51
290;80
290;173
291;8
291;19
291;20
291;55
291;101
291;173
292;8
292;19
292;20
292;40
292;100
292;179
293;8
293;19
293;20
293;40
293;148
293;202
294;8
294;18
294;38
294;50
294;148
294;173
295;9
295;19
295;20
295;41
295;100
295;214
296;8
296;19
296;20
296;40
296;99
296;179
297;8
297;12
297;20
297;40
297;99
297;179
298;8
298;11
298;20
298;40
298;99
298;277
299;5
299;10
299;20
299;53
299;93
299;173
300;5
300;15
300;20
300;47
300;141
300;171
301;4
301;13
301;20
301;40
301;100
301;179
302;9
302;10
302;21
302;40
302;84
302;161
303;4
303;19
303;22
303;43
303;88
303;219
304;7
304;19
304;21
304;43
304;100
304;183
305;4
305;11
305;24
305;49
305;97
305;194
306;9
306;10
306;23
306;67
306;137
306;169
307;9
307;10
307;20
307;61
307;82
307;163
308;9
308;19
308;20
308;58
308;100
308;177
309;8
309;14
309;23
309;44
309;80
309;171
310;5
310;19
310;20
310;40
310;99
310;276
311;4
311;19
311;20
311;40
311;101
311;216
312;4
312;16
312;39
312;40
312;89
312;179
313;5
313;10
313;39
313;40
313;94
313;179
314;5
314;10
314;39
314;40
314;118
314;179
315;4
315;10
315;25
315;40
315;104
315;269
316;5
316;10
316;20
316;40
316;99
316;179
317;5
317;10
317;21
317;43
317;99
317;216
318;5
318;10
318;21
318;43
318;100
318;216
319;5
319;10
319;25
319;45
319;125
319;193
320;5
320;18
320;25
320;49
320;97
320;192
321;4
321;18
321;24
321;48
321;81
321;164
322;8
322;11
322;25
322;49
322;97
322;166
323;9
323;10
323;20
323;69
323;83
323;194
324;5
324;10
324;30
324;50
324;80
324;180
325;5
325;10
325;22
325;41
325;100
325;181
326;5
326;10
326;20
326;41
326;99
326;180
327;5
327;10
327;22
327;48
327;87
327;499
328;4
328;10
328;20
328;76
328;80
328;492
329;4
329;10
329;20
329;79
329;80
329;179
330;4
330;10
330;21
330;40
330;88
330;509
331;4
331;11
331;20
331;40
331;80
331;179
332;4
332;19
332;21
332;40
332;104
332;194
333;4
333;19
333;21
333;40
333;159
333;168
334;5
334;10
334;30
334;79
334;119
334;179
335;5
335;10
335;20
335;40
335;80
335;179
336;5
336;10
336;30
336;79
336;119
336;179
337;6
337;12
337;30
337;40
337;80
337;208
338;7
338;13
338;27
338;40
338;99
338;219
339;7
339;17
339;31
339;47
339;98
339;180
340;7
340;14
340;30
340;42
340;89
340;248
341;5
341;15
341;30
341;49
341;100
341;180
342;4
342;15
342;24
342;75
342;95
342;167
343;7
343;15
343;21
343;45
343;90
343;210
344;8
344;11
344;23
344;50
344;120
344;210
345;8
345;15
345;24
345;67
345;120
345;180
346;8
346;15
346;25
346;48
346;93
346;180
347;8
347;15
347;22
347;44
347;89
347;160
348;7
348;18
348;22
348;66
348;87
348;235
349;7
349;19
349;23
349;66
349;89
349;177
350;7
350;14
350;22
350;44
350;104
350;180
351;7
351;15
351;29
351;41
351;94
351;300
352;7
352;14
352;21
352;44
352;151
352;300
353;7
353;14
353;21
353;43
353;107
353;180
354;9
354;12
354;23
354;45
354;91
354;180
355;5
355;13
355;22
355;43
355;80
355;300
356;4
356;13
356;27
356;44
356;80
356;270
357;7
357;13
357;39
357;40
357;89
357;179
358;7
358;13
358;22
358;66
358;88
358;179
359;7
359;13
359;27
359;79
359;80
359;179
360;7
360;13
360;24
360;49
360;128
360;209
361;7
361;13
361;26
361;79
361;88
361;179
362;7
362;18
362;22
362;44
362;136
362;204
363;7
363;19
363;38
363;43
363;88
363;208
364;7
364;14
364;39
364;41
364;89
364;212
365;5
365;19
365;38
365;40
365;119
365;449
366;5
366;19
366;20
366;59
366;157
366;216
367;4
367;19
367;20
367;40
367;139
367;218
368;5
368;19
368;20
368;59
368;80
368;216
369;5
369;10
369;20
369;59
369;98
369;195
370;4
370;10
370;21
370;59
370;98
370;353
371;4
371;10
371;25
371;40
371;80
371;179
372;5
372;10
372;20
372;40
372;80
372;179
373;5
373;10
373;20
373;40
373;80
373;179
374;5
374;10
374;36
374;51
374;99
374;179
375;5
375;10
375;26
375;74
375;124
375;192
376;7
376;18
376;26
376;70
376;138
376;238
377;8
377;18
377;20
377;51
377;107
377;501
378;9
378;11
378;21
378;43
378;126
378;265
379;9
379;10
379;20
379;40
379;99
379;179
380;5
380;10
380;20
380;40
380;89
380;179
381;5
381;10
381;21
381;42
381;87
381;508
382;9
382;10
382;20
382;46
382;107
382;172
383;5
383;14
383;38
383;59
383;87
383;501
384;4
384;15
384;36
384;40
384;84
384;180
385;4
385;10
385;20
385;40
385;149
385;179
386;9
386;10
386;20
386;42
386;86
386;180
387;4
387;19
387;20
387;40
387;104
387;180
388;7
388;18
388;30
388;40
388;104
388;180
389;5
389;11
389;30
389;40
389;123
389;179
390;9
390;18
390;38
390;55
390;110
390;180
391;9
391;19
391;37
391;55
391;110
391;256
392;5
392;18
392;37
392;54
392;109
392;273
393;5
393;17
393;34
393;51
393;103
393;160
394;7
394;17
394;33
394;50
394;100
394;180
395;8
395;15
395;20
395;47
395;89
395;179
396;9
396;10
396;20
396;52
396;101
396;218
397;5
397;16
397;32
397;49
397;100
397;449
398;4
398;16
398;33
398;49
398;98
398;209
399;4
399;16
399;32
399;49
399;130
399;243
400;8
400;17
400;32
400;49
400;100
400;163
401;8
401;16
401;33
401;49
401;81
401;179
402;4
402;18
402;34
402;52
402;100
402;185
403;9
403;19
403;20
403;40
403;95
403;172
404;8
404;19
404;20
404;59
404;111
404;215
405;8
405;11
405;20
405;41
405;83
405;164
406;8
406;19
406;20
406;40
406;80
406;172
407;8
407;19
407;20
407;40
407;100
407;301
408;8
408;19
408;20
408;40
408;101
408;181
409;8
409;19
409;38
409;40
409;100
409;160
410;9
410;10
410;20
410;46
410;85
410;169
411;5
411;19
411;20
411;40
411;80
411;161
412;4
412;18
412;34
412;40
412;80
412;180
413;4
413;19
413;20
413;40
413;101
413;240
414;4
414;10
414;20
414;69
414;93
414;180
415;4
415;19
415;24
415;48
415;96
415;193
416;7
416;11
416;24
416;48
416;100
416;166
417;9
417;18
417;24
417;41
417;98
417;194
418;9
418;10
418;22
418;46
418;137
418;169
419;9
419;10
419;20
419;60
419;80
419;161
420;9
420;19
420;38
420;58
420;136
420;213
421;5
421;12
421;20
421;40
421;139
421;199
422;4
422;19
422;20
422;57
422;95
422;208
423;4
423;19
423;20
423;58
423;155
423;175
424;9
424;10
424;20
424;41
424;80
424;245
425;5
425;10
425;38
425;56
425;80
425;171
426;4
426;10
426;20
426;58
426;96
426;173
427;5
427;10
427;39
427;58
427;96
427;174
428;5
428;19
428;38
428;58
428;153
428;269
429;5
429;19
429;38
429;58
429;134
429;289
430;9
430;10
430;20
430;41
430;80
430;285
431;9
431;18
431;23
431;43
431;99
431;160
432;7
432;18
432;23
432;70
432;81
432;214
433;4
433;11
433;25
433;49
433;99
433;160
434;7
434;13
434;23
434;71
434;80
434;215
435;5
435;10
435;20
435;40
435;80
435;179
436;5
436;10
436;25
436;40
436;80
436;210
437;5
437;10
437;20
437;40
437;100
437;496
438;6
438;10
438;20
438;53
438;88
438;246
439;5
439;19
439;20
439;40
439;80
439;179
440;4
440;10
440;20
440;46
440;89
440;179
441;4
441;10
441;20
441;40
441;89
441;179
442;7
442;10
442;20
442;40
442;99
442;179
443;4
443;12
443;20
443;40
443;100
443;180
444;4
444;19
444;20
444;40
444;99
444;179
445;5
445;10
445;20
445;43
445;110
445;201
446;5
446;10
446;20
446;40
446;80
446;179
447;5
447;10
447;20
447;40
447;89
447;180
448;5
448;10
448;20
448;40
448;119
448;179
449;7
449;13
449;20
449;40
449;89
449;179
450;7
450;13
450;20
450;40
450;90
450;260
451;7
451;16
451;31
451;47
451;104
451;173
452;6
452;10
452;31
452;42
452;93
452;180
453;5
453;19
453;39
453;49
453;105
453;274
454;4
454;15
454;23
454;46
454;104
454;450
455;7
455;15
455;25
455;74
455;82
455;180
456;8
456;15
456;24
456;67
456;94
456;179
457;8
457;11
457;20
457;67
457;90
457;450
458;7
458;15
458;24
458;49
458;120
458;179
459;8
459;18
459;23
459;45
459;153
459;173
460;7
460;11
460;21
460;42
460;86
460;172
461;7
461;14
461;22
461;43
461;88
461;195
462;9
462;17
462;20
462;40
462;93
462;302
463;7
463;15
463;21
463;44
463;88
463;177
464;8
464;15
464;22
464;43
464;130
464;175
465;7
465;17
465;23
465;45
465;80
465;179
466;6
466;12
466;22
466;45
466;90
466;172
467;5
467;14
467;22
467;43
467;119
467;179
468;4
468;13
468;22
468;44
468;153
468;179
469;7
469;13
469;21
469;43
469;152
469;259
470;7
470;13
470;22
470;43
470;87
470;300
471;7
471;14
471;24
471;74
471;94
471;209
472;7
472;13
472;23
472;47
472;94
472;180
473;7
473;18
473;21
473;43
473;108
473;186
474;7
474;19
474;20
474;41
474;98
474;160
475;7
475;19
475;20
475;40
475;96
475;169
476;9
476;19
476;39
476;40
476;97
476;194
477;5
477;19
477;20
477;58
477;97
477;195
478;4
478;14
478;21
478;44
478;89
478;180
479;4
479;14
479;28
479;43
479;100
479;160
480;5
480;10
480;35
480;53
480;87
480;164
481;5
481;10
481;36
481;54
481;90
481;179
482;4
482;19
482;20
482;58
482;81
482;239
483;5
483;19
483;20
483;40
483;104
483;179
484;5
484;10
484;20
484;40
484;119
484;179
485;6
485;11
485;21
485;40
485;90
485;180
486;5
486;10
486;35
486;40
486;126
486;179
487;5
487;18
487;25
487;61
487;98
487;192
488;4
488;10
488;20
488;43
488;81
488;180
489;7
489;19
489;20
489;40
489;82
489;164
490;5
490;19
490;23
490;44
490;88
490;179
491;5
491;10
491;20
491;40
491;80
491;180
492;5
492;10
492;25
492;41
492;87
492;506
493;5
493;10
493;20
493;50
493;84
493;179
494;5
494;10
494;22
494;53
494;87
494;180
495;5
495;16
495;20
495;40
495;90
495;180
496;4
496;10
496;35
496;40
496;90
496;450
497;5
497;10
497;20
497;50
497;87
497;179
498;4
498;19
498;20
498;40
498;104
498;180
499;7
499;11
499;20
499;70
499;80
499;180
500;6
500;12
500;20
500;44
500;100
500;164
501;5
501;10
501;20
501;60
501;81
501;193
502;5
502;10
502;30
502;40
502;89
502;179
503;5
503;10
503;20
503;40
503;89
503;179
504;5
504;10
504;20
504;40
504;89
504;179
505;7
505;11
505;20
505;40
505;89
505;239
506;6
506;11
506;21
506;42
506;80
506;238
507;6
507;11
507;20
507;40
507;89
507;269
508;5
508;10
508;30
508;40
508;104
508;194
509;5
509;10
509;20
509;40
509;104
509;194
510;4
510;10
510;30
510;40
510;89
510;194
511;5
511;10
511;20
511;40
511;89
511;179
512;5
512;10
512;25
512;40
512;80
512;300
513;5
513;10
513;20
513;40
513;80
513;450
514;5
514;10
514;30
514;40
514;149
514;179
515;6
515;18
515;29
515;43
515;108
515;189
516;7
516;19
516;20
516;44
516;81
516;179
517;8
517;10
517;20
517;40
517;80
517;160
518;9
518;10
518;20
518;42
518;82
518;179
519;5
519;10
519;30
519;40
519;80
519;450
520;5
520;10
520;20
520;40
520;87
520;220
521;9
521;19
521;20
521;41
521;99
521;180
522;5
522;14
522;20
522;40
522;87
522;499
523;4
523;10
523;20
523;40
523;99
523;239
524;4
524;10
524;20
524;40
524;89
524;300
525;4
525;12
525;20
525;41
525;100
525;503
526;4
526;19
526;20
526;40
526;104
526;179
527;7
527;10
527;30
527;40
527;100
527;240
528;5
528;12
528;29
528;44
528;100
528;160
529;5
529;10
529;30
529;43
529;104
529;180
530;5
530;10
530;20
530;40
530;80
530;179
531;5
531;10
531;20
531;40
531;89
531;179
532;9
532;11
532;21
532;41
532;80
532;180
533;9
533;10
533;20
533;40
533;89
533;179
534;7
534;19
534;30
534;40
534;104
534;180
535;9
535;10
535;30
535;40
535;89
535;179
536;4
536;10
536;30
536;45
536;89
536;362
537;5
537;10
537;20
537;40
537;90
537;173
538;5
538;10
538;25
538;40
538;120
538;173
539;5
539;10
539;23
539;48
539;120
539;172
540;5
540;10
540;27
540;53
540;80
540;160
541;5
541;19
541;29
541;58
541;87
541;174
542;5
542;11
542;29
542;59
542;146
542;175
543;5
543;10
543;29
543;58
543;87
543;174
544;5
544;10
544;29
544;59
544;87
544;174
545;5
545;10
545;25
545;58
545;119
545;367
546;5
546;19
546;24
546;49
546;119
546;205
547;5
547;10
547;25
547;49
547;119
547;222
548;5
548;11
548;25
548;50
548;89
548;202
549;5
549;11
549;21
549;43
549;89
549;188
550;4
550;11
550;31
550;65
550;89
550;227
551;4
551;13
551;33
551;66
551;99
551;230
552;5
552;10
552;30
552;60
552;149
552;209
553;5
553;19
553;29
553;59
553;88
553;205
554;4
554;10
554;25
554;55
554;83
554;178
555;6
555;12
555;25
555;50
555;89
555;171
556;6
556;11
556;25
556;51
556;127
556;207
557;5
557;11
557;20
557;60
557;119
557;500
558;4
558;14
558;20
558;40
558;89
558;161
559;7
559;19
559;30
559;60
559;89
559;178
560;8
560;11
560;30
560;61
560;91
560;305
561;8
561;12
561;29
561;59
561;88
561;176
562;9
562;19
562;30
562;60
562;90
562;178
563;9
563;10
563;20
563;58
563;86
563;168
564;4
564;10
564;20
564;60
564;89
564;180
565;4
565;10
565;20
565;60
565;89
565;205
566;5
566;10
566;25
566;60
566;80
566;179
567;5
567;10
567;20
567;40
567;89
567;179
568;5
568;15
568;25
568;58
568;100
568;162
569;5
569;10
569;26
569;57
569;119
569;179
570;6
570;10
570;25
570;42
570;89
570;162
571;5
571;10
571;29
571;58
571;144
571;173
572;5
572;12
572;27
572;54
572;90
572;162
573;5
573;10
573;25
573;50
573;148
573;173
574;5
574;10
574;24
574;49
574;122
574;204
575;5
575;15
575;24
575;48
575;98
575;179
576;5
576;10
576;25
576;49
576;119
576;178
577;9
577;10
577;29
577;58
577;119
577;169
578;4
578;10
578;20
578;65
578;98
578;163
579;5
579;10
579;32
579;63
579;96
579;160
580;5
580;10
580;30
580;59
580;89
580;324
581;5
581;10
581;29
581;59
581;89
581;297
582;5
582;10
582;30
582;59
582;89
582;177
583;7
583;12
583;29
583;59
583;88
583;206
584;6
584;15
584;25
584;75
584;119
584;200
585;5
585;11
585;25
585;50
585;89
585;199
586;7
586;19
586;20
586;50
586;89
586;179
587;7
587;19
587;20
587;49
587;119
587;172
588;8
588;19
588;25
588;50
588;119
588;304
589;8
589;11
589;24
589;47
589;119
589;164
590;9
590;19
590;20
590;44
590;119
590;238
591;9
591;12
591;25
591;40
591;119
591;246
592;4
592;10
592;30
592;59
592;119
592;163
593;4
593;10
593;25
593;42
593;119
593;185
594;5
594;10
594;20
594;60
594;89
594;179
595;5
595;10
595;30
595;59
595;89
595;177
596;5
596;10
596;30
596;59
596;90
596;177
597;5
597;10
597;25
597;59
597;120
597;425
598;6
598;15
598;29
598;47
598;119
598;176
599;5
599;15
599;28
599;56
599;80
599;179
600;4
600;10
600;25
600;52
600;100
600;179
601;5
601;10
601;25
601;74
601;89
601;172
602;5
602;12
602;24
602;49
602;97
602;170
603;5
603;10
603;25
603;50
603;119
603;178
604;5
604;10
604;25
604;49
604;89
604;170
605;7
605;10
605;32
605;64
605;97
605;160
606;4
606;10
606;32
606;65
606;98
606;163
607;4
607;10
607;31
607;63
607;97
607;160
608;5
608;10
608;29
608;58
608;87
608;204
609;4
609;10
609;29
609;58
609;89
609;179
610;9
610;10
610;25
610;59
610;89
610;180
611;8
611;15
611;25
611;50
611;99
611;179
612;6
612;12
612;25
612;50
612;80
612;171
613;5
613;11
613;20
613;50
613;120
613;179
614;7
614;19
614;20
614;40
614;119
614;209
615;8
615;19
615;20
615;40
615;89
615;181
616;8
616;11
616;29
616;59
616;88
616;175
617;9
617;11
617;29
617;58
617;87
617;174
618;5
618;19
618;20
618;58
618;87
618;175
619;7
619;10
619;30
619;59
619;119
619;176
620;4
620;19
620;20
620;40
620;89
620;176
621;8
621;19
621;20
621;40
621;89
621;179
622;8
622;15
622;30
622;56
622;89
622;208
623;8
623;11
623;28
623;56
623;89
623;198
624;8
624;19
624;20
624;48
624;101
624;215
625;7
625;19
625;20
625;50
625;89
625;191
626;5
626;15
626;33
626;49
626;97
626;168
627;5
627;13
627;24
627;49
627;98
627;179
628;7
628;13
628;27
628;50
628;89
628;179
629;7
629;13
629;22
629;44
629;89
629;199
630;7
630;11
630;20
630;45
630;89
630;179
631;7
631;14
631;20
631;43
631;89
631;191
632;7
632;19
632;20
632;63
632;89
632;191
633;7
633;10
633;20
633;60
633;119
633;199
634;4
634;10
634;20
634;40
634;80
634;199
635;4
635;10
635;25
635;40
635;80
635;181
636;5
636;10
636;25
636;40
636;119
636;175
637;5
637;10
637;20
637;40
637;119
637;174
638;5
638;13
638;25
638;47
638;119
638;161
639;5
639;10
639;20
639;40
639;119
639;162
640;5
640;14
640;20
640;59
640;119
640;175
641;5
641;10
641;30
641;60
641;151
641;495
642;4
642;10
642;25
642;59
642;80
642;164
643;5
643;10
643;20
643;40
643;159
643;208
644;5
644;10
644;20
644;40
644;119
644;161
645;5
645;19
645;20
645;40
645;150
645;204
646;5
646;19
646;30
646;45
646;120
646;301
647;7
647;12
647;30
647;44
647;89
647;185
648;4
648;15
648;32
648;45
648;90
648;222
649;7
649;15
649;33
649;66
649;89
649;166
650;7
650;15
650;33
650;65
650;89
650;163
651;7
651;15
651;30
651;45
651;89
651;178
652;7
652;15
652;20
652;41
652;89
652;209
653;7
653;19
653;20
653;40
653;89
653;208
654;5
654;14
654;23
654;41
654;101
654;160
655;4
655;19
655;22
655;67
655;157
655;224
656;7
656;13
656;22
656;66
656;156
656;200
657;7
657;13
657;22
657;67
657;155
657;199
658;7
658;14
658;30
658;40
658;100
658;218
659;7
659;19
659;20
659;44
659;100
659;160
660;7
660;19
660;30
660;40
660;156
660;160
661;5
661;10
661;20
661;60
661;97
661;175
662;4
662;11
662;20
662;60
662;89
662;202
663;5
663;10
663;20
663;60
663;89
663;216
664;5
664;19
664;20
664;60
664;89
664;163
665;5
665;10
665;30
665;60
665;89
665;202
666;5
666;12
666;20
666;46
666;89
666;183
667;5
667;15
667;20
667;40
667;89
667;179
668;5
668;15
668;20
668;41
668;89
668;161
669;4
669;10
669;20
669;44
669;89
669;178
670;5
670;10
670;20
670;60
670;119
670;179
671;5
671;10
671;20
671;60
671;89
671;160
672;5
672;11
672;30
672;60
672;90
672;164
673;5
673;11
673;29
673;44
673;90
673;201
674;5
674;10
674;30
674;45
674;89
674;168
675;5
675;11
675;29
675;41
675;119
675;171
676;4
676;10
676;20
676;40
676;119
676;177
677;5
677;10
677;20
677;40
677;119
677;190
678;5
678;10
678;20
678;52
678;120
678;357
679;5
679;15
679;30
679;59
679;89
679;209
680;5
680;10
680;29
680;59
680;119
680;387
681;5
681;10
681;20
681;59
681;119
681;398
682;5
682;10
682;29
682;59
682;90
682;205
683;4
683;10
683;25
683;50
683;100
683;375
684;5
684;10
684;25
684;50
684;101
684;402
685;5
685;10
685;24
685;50
685;119
685;178
686;5
686;10
686;25
686;50
686;126
686;202
687;5
687;10
687;20
687;60
687;159
687;366
688;5
688;11
688;20
688;50
688;120
688;391
689;5
689;12
689;32
689;65
689;88
689;199
690;4
690;10
690;30
690;63
690;119
690;220
691;5
691;10
691;29
691;59
691;88
691;205
692;5
692;10
692;20
692;54
692;88
692;162
693;4
693;11
693;20
693;59
693;88
693;391
694;4
694;12
694;20
694;47
694;119
694;172
695;7
695;19
695;24
695;49
695;123
695;222
696;5
696;12
696;24
696;48
696;97
696;218
697;4
697;14
697;25
697;50
697;126
697;168
698;7
698;19
698;20
698;40
698;119
698;239
699;8
699;10
699;24
699;49
699;119
699;201
700;8
700;11
700;20
700;45
700;119
700;235
701;9
701;19
701;20
701;44
701;119
701;185
702;5
702;10
702;20
702;45
702;100
702;168
703;5
703;10
703;20
703;60
703;82
703;200
704;5
704;10
704;30
704;40
704;120
704;207
705;5
705;10
705;30
705;45
705;120
705;279
706;5
706;10
706;28
706;57
706;119
706;228
707;5
707;10
707;29
707;57
707;143
707;228
708;5
708;10
708;20
708;59
708;145
708;327
709;5
709;10
709;20
709;47
709;100
709;163
710;5
710;10
710;28
710;56
710;85
710;163
711;4
711;10
711;25
711;50
711;101
711;402
712;5
712;10
712;25
712;50
712;100
712;274
713;5
713;11
713;24
713;48
713;120
713;199
714;5
714;10
714;25
714;49
714;99
714;173
715;5
715;19
715;25
715;49
715;119
715;200
716;5
716;11
716;22
716;45
716;119
716;179
717;5
717;12
717;30
717;60
717;89
717;182
718;4
718;10
718;33
718;66
718;100
718;166
719;5
719;15
719;20
719;60
719;120
719;182
720;5
720;19
720;20
720;57
720;80
720;203
721;5
721;10
721;20
721;40
721;119
721;160
722;5
722;11
722;20
722;42
722;105
722;182
723;9
723;11
723;24
723;50
723;99
723;160
724;5
724;11
724;20
724;74
724;123
724;172
725;7
725;11
725;20
725;77
725;128
725;283
726;7
726;14
726;27
726;72
726;96
726;161
727;8
727;11
727;20
727;76
727;127
727;204
728;8
728;11
728;25
728;50
728;97
728;299
729;9
729;19
729;30
729;45
729;119
729;201
730;9
730;11
730;20
730;50
730;119
730;163
731;5
731;10
731;20
731;40
731;119
731;164
732;5
732;10
732;20
732;60
732;85
732;205
733;5
733;19
733;20
733;50
733;119
733;160
734;5
734;19
734;20
734;57
734;159
734;200
735;5
735;10
735;20
735;58
735;87
735;205
736;5
736;10
736;20
736;40
736;119
736;202
737;5
737;15
737;21
737;58
737;159
737;173
738;5
738;19
738;29
738;44
738;86
738;201
739;5
739;10
739;28
739;55
739;83
739;222
740;5
740;10
740;25
740;50
740;100
740;201
741;5
741;10
741;20
741;45
741;119
741;203
742;5
742;10
742;20
742;50
742;120
742;200
743;5
743;19
743;25
743;50
743;150
743;175
744;5
744;10
744;24
744;49
744;146
744;170
745;5
745;10
745;27
745;52
745;80
745;183
746;4
746;10
746;20
746;50
746;119
746;398
747;5
747;10
747;20
747;60
747;119
747;397
748;5
748;12
748;29
748;58
748;87
748;203
749;4
749;10
749;26
749;50
749;134
749;160
750;8
750;19
750;25
750;50
750;101
750;202
751;6
751;12
751;25
751;49
751;98
751;170
752;5
752;15
752;25
752;50
752;119
752;160
753;7
753;13
753;20
753;50
753;99
753;174
754;8
754;12
754;25
754;49
754;100
754;173
755;8
755;12
755;30
755;59
755;89
755;209
756;9
756;10
756;29
756;59
756;88
756;206
757;9
757;19
757;20
757;44
757;119
757;206
758;9
758;10
758;21
758;59
758;119
758;207
759;4
759;18
759;31
759;62
759;93
759;246
760;4
760;15
760;33
760;40
760;100
760;200
761;7
761;15
761;33
761;66
761;89
761;193
762;7
762;15
762;20
762;60
762;90
762;180
763;8
763;15
763;31
763;61
763;89
763;160
764;7
764;15
764;20
764;50
764;100
764;201
765;6
765;11
765;24
765;50
765;152
765;168
766;5
766;13
766;20
766;40
766;80
766;160
767;7
767;13
767;20
767;45
767;90
767;161
768;7
768;13
768;27
768;79
768;80
768;410
769;7
769;11
769;30
769;40
769;80
769;207
770;7
770;13
770;21
770;40
770;100
770;177
771;7
771;19
771;20
771;40
771;98
771;275
772;7
772;12
772;20
772;78
772;80
772;171
773;4
773;11
773;20
773;60
773;80
773;160
774;5
774;10
774;39
774;58
774;135
774;498
775;5
775;10
775;20
775;40
775;119
775;284
776;5
776;10
776;20
776;45
776;119
776;183
777;5
777;10
777;20
777;40
777;119
777;184
778;5
778;10
778;20
778;60
778;89
778;173
779;5
779;15
779;20
779;43
779;107
779;173
780;5
780;10
780;20
780;44
780;120
780;198
781;4
781;10
781;20
781;47
781;105
781;165
782;5
782;11
782;20
782;40
782;120
782;160
783;5
783;11
783;30
783;45
783;89
783;207
784;5
784;11
784;31
784;62
784;92
784;216
785;5
785;19
785;20
785;45
785;100
785;301
786;6
786;10
786;29
786;45
786;87
786;198
787;4
787;11
787;30
787;45
787;93
787;206
788;4
788;11
788;33
788;66
788;99
788;197
789;7
789;11
789;32
789;65
789;97
789;259
790;7
790;11
790;30
790;60
790;89
790;179
791;7
791;11
791;30
791;62
791;90
791;183
792;7
792;15
792;30
792;60
792;89
792;211
793;6
793;14
793;22
793;43
793;148
793;188
794;5
794;13
794;20
794;40
794;90
794;160
795;7
795;17
795;20
795;41
795;101
795;160
796;7
796;13
796;26
796;46
796;93
796;186
797;7
797;13
797;30
797;40
797;100
797;160
798;7
798;13
798;30
798;40
798;80
798;160
799;7
799;14
799;39
799;40
799;99
799;276
800;6
800;10
800;20
800;59
800;118
800;275
801;4
801;10
801;20
801;59
801;138
801;275
802;5
802;10
802;25
802;61
802;81
802;264
803;5
803;10
803;20
803;56
803;81
803;278
804;5
804;10
804;20
804;57
804;80
804;280
805;4
805;19
805;20
805;60
805;80
805;281
806;7
806;19
806;20
806;56
806;94
806;160
807;9
807;18
807;20
807;54
807;107
807;362
808;9
808;19
808;37
808;55
808;110
808;347
809;9
809;19
809;37
809;55
809;91
809;366
810;9
810;18
810;36
810;54
810;107
810;173
811;8
811;17
811;22
811;50
811;100
811;170
812;8
812;16
812;33
812;49
812;99
812;173
813;8
813;19
813;20
813;50
813;100
813;173
814;6
814;10
814;20
814;48
814;96
814;245
815;5
815;16
815;25
815;49
815;99
815;363
816;4
816;17
816;33
816;49
816;116
816;324
817;4
817;17
817;33
817;49
817;149
817;165
818;4
818;16
818;33
818;49
818;100
818;180
819;9
819;12
819;33
819;50
819;119
819;311
820;8
820;19
820;39
820;40
820;100
820;173
821;8
821;19
821;25
821;70
821;100
821;173
822;8
822;19
822;20
822;40
822;119
822;214
823;8
823;19
823;20
823;57
823;119
823;170
824;9
824;15
824;21
824;41
824;100
824;215
825;8
825;19
825;20
825;40
825;100
825;179
826;8
826;12
826;20
826;40
826;100
826;180
827;8
827;11
827;25
827;40
827;100
827;357
828;6
828;10
828;20
828;53
828;119
828;171
829;5
829;15
829;20
829;67
829;100
829;203
830;4
830;13
830;20
830;52
830;100
830;301
831;9
831;19
831;20
831;41
831;100
831;185
832;7
832;19
832;24
832;47
832;94
832;188
833;8
833;19
833;25
833;49
833;119
833;174
834;6
834;11
834;21
834;48
834;119
834;169
835;9
835;18
835;22
835;44
835;101
835;189
836;9
836;10
836;21
836;65
836;84
836;167
837;9
837;19
837;20
837;60
837;80
837;160
838;8
838;15
838;23
838;40
838;107
838;179
839;5
839;19
839;20
839;59
839;98
839;160
840;4
840;11
840;36
840;62
840;89
840;177
841;4
841;17
841;20
841;78
841;89
841;179
842;5
842;10
842;20
842;61
842;80
842;179
843;5
843;10
843;25
843;57
843;119
843;200
844;4
844;10
844;39
844;40
844;119
844;200
845;5
845;10
845;20
845;40
845;120
845;200
846;5
846;10
846;20
846;40
846;89
846;160
847;5
847;10
847;23
847;42
847;100
847;216
848;5
848;10
848;24
848;46
848;119
848;200
849;7
849;18
849;25
849;70
849;108
849;192
850;7
850;11
850;25
850;40
850;89
850;160
851;8
851;19
851;24
851;40
851;152
851;283
852;9
852;10
852;24
852;40
852;119
852;283
853;5
853;10
853;24
853;40
853;80
853;180
854;5
854;10
854;21
854;40
854;152
854;203
855;5
855;19
855;20
855;60
855;89
855;283
856;5
856;10
856;22
856;42
856;152
856;180
857;5
857;11
857;25
857;75
857;89
857;180
858;4
858;10
858;30
858;79
858;89
858;179
859;9
859;10
859;20
859;40
859;119
859;179
860;4
860;11
860;20
860;40
860;119
860;179
861;4
861;11
861;20
861;40
861;152
861;181
862;7
862;11
862;20
862;40
862;89
862;179
863;5
863;10
863;36
863;40
863;152
863;236
864;5
864;10
864;20
864;40
864;119
864;179
865;5
865;10
865;20
865;79
865;119
865;179
866;6
866;13
866;30
866;79
866;80
866;209
867;7
867;13
867;20
867;40
867;119
867;219
868;7
868;17
868;34
868;50
868;84
868;167
869;7
869;17
869;34
869;48
869;119
869;221
870;5
870;15
870;25
870;48
870;93
870;180
871;4
871;15
871;24
871;73
871;90
871;220
872;4
872;15
872;23
872;45
872;89
872;180
873;8
873;15
873;25
873;50
873;123
873;197
874;7
874;15
874;24
874;72
874;120
874;180
875;8
875;14
875;21
875;48
875;92
875;226
876;7
876;15
876;22
876;66
876;89
876;162
877;7
877;18
877;22
877;66
877;90
877;236
878;9
878;11
878;30
878;68
878;90
878;188
879;7
879;14
879;22
879;44
879;89
879;179
880;7
880;15
880;22
880;44
880;89
880;300
881;7
881;14
881;22
881;44
881;155
881;300
882;7
882;19
882;22
882;43
882;90
882;179
883;7
883;14
883;22
883;43
883;90
883;280
884;5
884;14
884;27
884;47
884;80
884;300
885;4
885;13
885;22
885;44
885;80
885;270
886;7
886;13
886;22
886;42
886;101
886;200
887;7
887;13
887;22
887;44
887;152
887;174
888;7
888;13
888;22
888;44
888;80
888;179
889;7
889;13
889;23
889;49
889;119
889;209
890;7
890;13
890;26
890;40
890;89
890;187
891;7
891;18
891;22
891;44
891;81
891;197
892;7
892;19
892;20
892;58
892;87
892;193
893;7
893;14
893;22
893;44
893;119
893;176
894;6
894;15
894;26
894;58
894;96
894;270
895;5
895;19
895;38
895;59
895;80
895;174
896;4
896;14
896;27
896;58
896;88
896;398
897;4
897;13
897;20
897;40
897;80
897;463
898;5
898;10
898;35
898;52
898;119
898;276
899;4
899;10
899;20
899;73
899;80
899;273
900;4
900;10
900;20
900;60
900;81
900;160
901;6
901;10
901;20
901;58
901;82
901;179
902;5
902;10
902;20
902;60
902;120
902;179
903;5
903;10
903;35
903;51
903;80
903;179
904;5
904;10
904;20
904;40
904;80
904;191
905;5
905;11
905;20
905;70
905;119
905;212
906;8
906;11
906;20
906;79
906;80
906;281
907;9
907;11
907;20
907;40
907;89
907;180
908;5
908;10
908;39
908;40
908;89
908;180
909;5
909;10
909;20
909;40
909;120
909;179
910;5
910;10
910;39
910;40
910;119
910;180
911;9
911;11
911;20
911;67
911;119
911;169
912;5
912;14
912;20
912;40
912;119
912;179
913;4
913;10
913;20
913;40
913;119
913;210
914;4
914;10
914;20
914;40
914;119
914;179
915;9
915;10
915;20
915;60
915;119
915;180
916;4
916;19
916;20
916;60
916;89
916;179
917;7
917;11
917;20
917;40
917;89
917;180
918;5
918;18
918;25
918;72
918;81
918;231
919;9
919;10
919;36
919;55
919;110
919;164
920;9
920;10
920;36
920;53
920;109
920;264
921;5
921;18
921;35
921;53
921;89
921;227
922;5
922;17
922;34
922;51
922;84
922;226
923;9
923;17
923;33
923;50
923;101
923;226
924;8
924;15
924;20
924;60
924;89
924;179
925;9
925;15
925;23
925;42
925;101
925;179
926;5
926;13
926;32
926;48
926;95
926;199
927;4
927;15
927;32
927;47
927;95
927;199
928;8
928;16
928;32
928;47
928;112
928;209
929;8
929;16
929;32
929;48
929;119
929;161
930;9
930;16
930;32
930;48
930;80
930;191
931;8
931;18
931;34
931;50
931;100
931;179
932;9
932;17
932;20
932;40
932;97
932;196
933;4
933;19
933;20
933;76
933;101
933;235
934;8
934;19
934;20
934;40
934;101
934;204
935;9
935;19
935;20
935;40
935;119
935;283
936;8
936;13
936;20
936;40
936;101
936;180
937;8
937;19
937;20
937;50
937;101
937;256
938;8
938;19
938;20
938;40
938;100
938;160
939;9
939;10
939;20
939;41
939;101
939;247
940;5
940;14
940;20
940;45
940;100
940;160
941;4
941;13
941;34
941;40
941;100
941;180
942;4
942;17
942;25
942;40
942;100
942;240
943;8
943;19
943;22
943;43
943;84
943;225
944;4
944;17
944;25
944;47
944;119
944;180
945;7
945;11
945;24
945;48
945;119
945;239
946;9
946;18
946;24
946;45
946;100
946;185
947;9
947;10
947;22
947;41
947;89
947;248
948;9
948;10
948;39
948;40
948;89
948;217
949;9
949;18
949;38
949;40
949;90
949;195
950;5
950;19
950;38
950;58
950;153
950;288
951;4
951;19
951;39
951;59
951;97
951;214
952;4
952;18
952;21
952;58
952;89
952;179
953;9
953;10
953;22
953;40
953;80
953;189
954;5
954;19
954;20
954;59
954;97
954;200
955;4
955;19
955;20
955;58
955;97
955;212
956;4
956;19
956;20
956;58
956;119
956;214
957;5
957;10
957;20
957;40
957;100
957;346
958;5
958;16
958;36
958;40
958;80
958;361
959;9
959;10
959;21
959;43
959;119
959;199
960;9
960;18
960;25
960;46
960;109
960;189
961;7
961;19
961;24
961;44
961;119
961;160
962;9
962;15
962;24
962;60
962;151
962;283
963;6
963;11
963;24
963;72
963;89
963;160
964;5
964;10
964;30
964;40
964;89
964;179
965;5
965;10
965;20
965;40
965;151
965;199
966;5
966;10
966;20
966;40
966;119
966;283
967;9
967;10
967;20
967;54
967;119
967;179
968;5
968;13
968;20
968;79
968;89
968;282
969;4
969;10
969;35
969;60
969;89
969;179
970;4
970;10
970;20
970;60
970;89
970;179
971;4
971;10
971;20
971;40
971;119
971;179
972;4
972;11
972;20
972;40
972;89
972;180
973;4
973;11
973;20
973;40
973;151
973;180
974;5
974;10
974;25
974;43
974;110
974;177
975;5
975;10
975;20
975;40
975;119
975;164
976;5
976;10
976;20
976;60
976;89
976;180
977;5
977;10
977;20
977;40
977;89
977;168
978;7
978;13
978;20
978;47
978;89
978;179
979;7
979;19
979;20
979;40
979;120
979;341
980;7
980;14
980;20
980;40
980;120
980;349
981;6
981;10
981;22
981;51
981;93
981;180
982;5
982;15
982;24
982;47
982;119
982;202
983;4
983;15
983;24
983;48
983;89
983;200
984;7
984;15
984;24
984;45
984;89
984;179
985;8
985;15
985;24
985;48
985;90
985;195
986;8
986;11
986;22
986;41
986;89
986;334
987;8
987;15
987;23
987;48
987;89
987;184
988;7
988;18
988;21
988;43
988;89
988;179
989;7
989;19
989;22
989;42
989;89
989;187
990;7
990;14
990;21
990;43
990;89
990;169
991;9
991;18
991;23
991;43
991;89
991;179
992;7
992;15
992;21
992;40
992;89
992;265
993;8
993;19
993;20
993;65
993;88
993;259
994;7
994;13
994;22
994;67
994;89
994;160
995;6
995;10
995;20
995;63
995;89
995;180
996;5
996;13
996;22
996;66
996;90
996;179
997;4
997;13
997;22
997;66
997;119
997;176
998;7
998;13
998;22
998;43
998;80
998;178
999;7
999;13
999;27
999;40
999;119
999;301
1000;7
1000;13
1000;27
1000;40
1000;119
1000;204
1001;7
1001;19
1001;20
1001;47
1001;101
1001;210
1002;7
1002;18
1002;22
1002;65
1002;110
1002;201
1003;7
1003;19
1003;20
1003;61
1003;81
1003;214
1004;7
1004;19
1004;22
1004;58
1004;100
1004;180
1005;9
1005;10
1005;22
1005;40
1005;119
1005;160
1006;5
1006;19
1006;20
1006;40
1006;80
1006;160
1007;4
1007;19
1007;21
1007;44
1007;119
1007;171
1008;4
1008;14
1008;29
1008;40
1008;80
1008;484
1009;5
1009;10
1009;20
1009;53
1009;81
1009;181
1010;5
1010;10
1010;20
1010;70
1010;90
1010;171
1011;4
1011;10
1011;37
1011;55
1011;80
1011;284
1012;4
1012;10
1012;20
1012;77
1012;119
1012;179
1013;5
1013;10
1013;20
1013;59
1013;89
1013;179
1014;5
1014;10
1014;20
1014;40
1014;80
1014;180
1015;5
1015;10
1015;35
1015;40
1015;90
1015;179
1016;5
1016;18
1016;25
1016;43
1016;98
1016;192
1017;4
1017;11
1017;20
1017;60
1017;119
1017;281
1018;7
1018;19
1018;20
1018;40
1018;89
1018;281
1019;5
1019;11
1019;24
1019;40
1019;89
1019;179
1020;5
1020;10
1020;20
1020;79
1020;80
1020;180
1021;5
1021;10
1021;20
1021;40
1021;119
1021;178
1022;5
1022;10
1022;20
1022;40
1022;119
1022;179
1023;5
1023;10
1023;22
1023;59
1023;87
1023;180
1024;5
1024;16
1024;20
1024;60
1024;89
1024;180
1025;4
1025;10
1025;35
1025;40
1025;90
1025;239
1026;5
1026;10
1026;20
1026;60
1026;89
1026;179
1027;4
1027;10
1027;20
1027;60
1027;119
1027;283
1028;4
1028;11
1028;20
1028;79
1028;119
1028;209
1029;6
1029;11
1029;20
1029;44
1029;119
1029;179
1030;5
1030;10
1030;30
1030;43
1030;89
1030;179
1031;5
1031;10
1031;20
1031;40
1031;89
1031;179
1032;5
1032;10
1032;20
1032;40
1032;119
1032;179
1033;5
1033;10
1033;29
1033;40
1033;119
1033;227
1034;7
1034;10
1034;20
1034;40
1034;89
1034;227
1035;6
1035;11
1035;20
1035;40
1035;80
1035;227
1036;6
1036;11
1036;30
1036;40
1036;119
1036;160
1037;5
1037;10
1037;20
1037;40
1037;104
1037;194
1038;5
1038;10
1038;20
1038;40
1038;119
1038;240
1039;4
1039;10
1039;30
1039;40
1039;89
1039;239
1040;5
1040;10
1040;20
1040;40
1040;89
1040;179
1041;5
1041;10
1041;25
1041;40
1041;80
1041;160
1042;5
1042;10
1042;30
1042;40
1042;80
1042;179
1043;5
1043;10
1043;20
1043;40
1043;119
1043;180
1044;5
1044;18
1044;26
1044;40
1044;106
1044;235
1045;7
1045;19
1045;20
1045;40
1045;89
1045;319
1046;8
1046;10
1046;20
1046;60
1046;119
1046;319
1047;9
1047;10
1047;21
1047;42
1047;119
1047;179
1048;5
1048;10
1048;20
1048;40
1048;119
1048;450
1049;5
1049;10
1049;25
1049;40
1049;89
1049;160
1050;4
1050;12
1050;20
1050;40
1050;119
1050;160
1051;5
1051;10
1051;25
1051;40
1051;119
1051;252
1052;4
1052;10
1052;20
1052;40
1052;119
1052;160
1053;4
1053;10
1053;25
1053;40
1053;80
1053;300
1054;4
1054;10
1054;25
1054;60
1054;89
1054;179
1055;4
1055;19
1055;20
1055;60
1055;89
1055;179
1056;7
1056;10
1056;25
1056;60
1056;120
1056;240
1057;8
1057;19
1057;20
1057;40
1057;119
1057;239
1058;5
1058;10
1058;20
1058;43
1058;119
1058;180
1059;5
1059;10
1059;20
1059;40
1059;119
1059;179
1060;5
1060;10
1060;25
1060;40
1060;89
1060;179
1061;9
1061;11
1061;25
1061;79
1061;89
1061;500
1062;9
1062;15
1062;30
1062;45
1062;119
1062;180
1063;6
1063;10
1063;30
1063;40
1063;119
1063;180
1064;6
1064;12
1064;30
1064;40
1064;90
1064;180
1065;5
1065;10
1065;30
1065;41
1065;81
1065;161
1066;5
1066;10
1066;30
1066;45
1066;135
1066;180
1067;5
1067;10
1067;20
1067;40
1067;80
1067;304
1068;5
1068;10
1068;25
1068;50
1068;100
1068;341
1069;5
1069;10
1069;28
1069;55
1069;83
1069;169
1070;7
1070;10
1070;29
1070;40
1070;144
1070;172
1071;4
1071;12
1071;29
1071;57
1071;142
1071;171
1072;4
1072;12
1072;29
1072;59
1072;88
1072;176
1073;6
1073;11
1073;28
1073;59
1073;87
1073;472
1074;7
1074;14
1074;30
1074;60
1074;88
1074;470
1075;5
1075;11
1075;25
1075;40
1075;137
1075;223
1076;5
1076;10
1076;25
1076;40
1076;137
1076;225
1077;5
1077;11
1077;26
1077;40
1077;137
1077;365
1078;5
1078;10
1078;25
1078;42
1078;156
1078;174
1079;5
1079;10
1079;28
1079;55
1079;83
1079;162
1080;5
1080;10
1080;36
1080;70
1080;82
1080;177
1081;5
1081;10
1081;29
1081;56
1081;82
1081;357
1082;5
1082;10
1082;31
1082;43
1082;83
1082;379
1083;5
1083;10
1083;30
1083;58
1083;87
1083;208
1084;5
1084;10
1084;39
1084;40
1084;137
1084;178
1085;8
1085;10
1085;30
1085;40
1085;137
1085;496
1086;5
1086;11
1086;25
1086;51
1086;102
1086;226
1087;7
1087;19
1087;25
1087;40
1087;120
1087;229
1088;7
1088;11
1088;29
1088;59
1088;100
1088;185
1089;8
1089;13
1089;29
1089;58
1089;87
1089;175
1090;7
1090;19
1090;30
1090;60
1090;91
1090;183
1091;8
1091;19
1091;20
1091;59
1091;89
1091;160
1092;9
1092;19
1092;20
1092;44
1092;134
1092;160
1093;5
1093;10
1093;30
1093;48
1093;91
1093;170
1094;5
1094;10
1094;20
1094;40
1094;88
1094;179
1095;5
1095;10
1095;25
1095;40
1095;133
1095;495
1096;6
1096;10
1096;28
1096;58
1096;86
1096;199
1097;7
1097;13
1097;29
1097;58
1097;87
1097;203
1098;5
1098;12
1098;39
1098;40
1098;137
1098;192
1099;4
1099;12
1099;28
1099;40
1099;153
1099;160
1100;4
1100;12
1100;29
1100;59
1100;147
1100;177
1101;5
1101;11
1101;28
1101;56
1101;83
1101;169
1102;5
1102;18
1102;25
1102;50
1102;150
1102;175
1103;6
1103;11
1103;39
1103;40
1103;137
1103;497
1104;6
1104;17
1104;25
1104;51
1104;125
1104;175
1105;6
1105;19
1105;25
1105;75
1105;126
1105;176
1106;6
1106;10
1106;25
1106;51
1106;125
1106;281
1107;6
1107;10
1107;31
1107;63
1107;88
1107;225
1108;6
1108;10
1108;33
1108;66
1108;131
1108;231
1109;6
1109;10
1109;30
1109;59
1109;89
1109;208
1110;6
1110;10
1110;29
1110;59
1110;88
1110;204
1111;6
1111;19
1111;24
1111;48
1111;142
1111;166
1112;6
1112;10
1112;25
1112;50
1112;100
1112;374
1113;6
1113;10
1113;25
1113;75
1113;124
1113;372
1114;5
1114;11
1114;25
1114;75
1114;126
1114;176
1115;8
1115;11
1115;24
1115;49
1115;97
1115;365
1116;7
1116;19
1116;20
1116;40
1116;159
1116;184
1117;7
1117;19
1117;21
1117;41
1117;80
1117;184
1118;7
1118;19
1118;20
1118;40
1118;133
1118;184
1119;8
1119;19
1119;22
1119;40
1119;146
1119;168
1120;8
1120;11
1120;22
1120;53
1120;102
1120;169
1121;4
1121;11
1121;20
1121;40
1121;133
1121;192
1122;4
1122;10
1122;30
1122;40
1122;84
1122;160
1123;4
1123;10
1123;20
1123;58
1123;86
1123;164
1124;5
1124;18
1124;30
1124;59
1124;88
1124;208
1125;9
1125;15
1125;29
1125;60
1125;88
1125;182
1126;5
1126;12
1126;39
1126;42
1126;88
1126;166
1127;4
1127;12
1127;30
1127;60
1127;148
1127;177
1128;6
1128;10
1128;26
1128;52
1128;80
1128;174
1129;5
1129;10
1129;25
1129;74
1129;149
1129;173
1130;5
1130;11
1130;25
1130;74
1130;124
1130;174
1131;7
1131;10
1131;25
1131;50
1131;126
1131;201
1132;5
1132;10
1132;25
1132;51
1132;126
1132;359
1133;6
1133;10
1133;39
1133;40
1133;101
1133;391
1134;5
1134;10
1134;25
1134;51
1134;126
1134;370
1135;6
1135;10
1135;33
1135;66
1135;99
1135;164
1136;6
1136;10
1136;33
1136;65
1136;98
1136;164
1137;6
1137;10
1137;29
1137;59
1137;148
1137;177
1138;6
1138;10
1138;28
1138;65
1138;97
1138;164
1139;6
1139;10
1139;39
1139;41
1139;98
1139;382
1140;6
1140;10
1140;24
1140;49
1140;137
1140;200
1141;9
1141;11
1141;24
1141;48
1141;96
1141;216
1142;6
1142;11
1142;25
1142;51
1142;101
1142;202
1143;7
1143;19
1143;20
1143;50
1143;119
1143;184
1144;7
1144;19
1144;20
1144;40
1144;120
1144;185
1145;7
1145;19
1145;29
1145;40
1145;88
1145;234
1146;8
1146;17
1146;29
1146;58
1146;146
1146;175
1147;9
1147;10
1147;29
1147;59
1147;147
1147;176
1148;8
1148;11
1148;30
1148;42
1148;87
1148;193
1149;4
1149;18
1149;32
1149;64
1149;94
1149;224
1150;7
1150;19
1150;33
1150;66
1150;99
1150;230
1151;8
1151;19
1151;28
1151;58
1151;87
1151;196
1152;7
1152;15
1152;30
1152;59
1152;89
1152;295
1153;8
1153;15
1153;34
1153;42
1153;91
1153;225
1154;7
1154;19
1154;20
1154;40
1154;89
1154;160
1155;7
1155;10
1155;20
1155;42
1155;100
1155;198
1156;4
1156;13
1156;27
1156;40
1156;89
1156;499
1157;7
1157;17
1157;27
1157;44
1157;87
1157;164
1158;7
1158;13
1158;26
1158;43
1158;100
1158;225
1159;7
1159;13
1159;39
1159;40
1159;137
1159;225
1160;7
1160;13
1160;21
1160;43
1160;137
1160;225
1161;7
1161;11
1161;22
1161;59
1161;99
1161;375
1162;8
1162;12
1162;21
1162;78
1162;136
1162;160
1163;5
1163;10
1163;20
1163;61
1163;82
1163;498
1164;5
1164;10
1164;25
1164;40
1164;137
1164;495
1165;5
1165;10
1165;30
1165;40
1165;82
1165;169
1166;5
1166;10
1166;25
1166;40
1166;80
1166;494
1167;5
1167;10
1167;39
1167;40
1167;137
1167;224
1168;5
1168;10
1168;39
1168;40
1168;137
1168;225
1169;5
1169;15
1169;25
1169;40
1169;138
1169;497
1170;5
1170;15
1170;25
1170;41
1170;137
1170;501
1171;5
1171;10
1171;25
1171;40
1171;155
1171;366
1172;5
1172;10
1172;25
1172;45
1172;151
1172;164
1173;5
1173;10
1173;30
1173;45
1173;136
1173;331
1174;5
1174;10
1174;30
1174;45
1174;88
1174;200
1175;9
1175;15
1175;21
1175;45
1175;80
1175;210
1176;7
1176;10
1176;22
1176;43
1176;89
1176;192
1177;4
1177;11
1177;22
1177;45
1177;94
1177;164
1178;8
1178;15
1178;30
1178;65
1178;98
1178;163
1179;7
1179;15
1179;30
1179;64
1179;97
1179;162
1180;8
1180;11
1180;22
1180;60
1180;90
1180;209
1181;7
1181;11
1181;39
1181;41
1181;90
1181;183
1182;7
1182;19
1182;30
1182;73
1182;89
1182;209
1183;7
1183;12
1183;26
1183;69
1183;91
1183;160
1184;3
1184;13
1184;20
1184;69
1184;92
1184;162
1185;7
1185;13
1185;26
1185;65
1185;87
1185;283
1186;7
1186;17
1186;27
1186;40
1186;87
1186;174
1187;7
1187;13
1187;20
1187;41
1187;81
1187;224
1188;7
1188;14
1188;20
1188;76
1188;95
1188;275
1189;6
1189;10
1189;30
1189;77
1189;96
1189;211
1190;7
1190;10
1190;20
1190;61
1190;81
1190;180
1191;3
1191;10
1191;30
1191;50
1191;96
1191;196
1192;5
1192;19
1192;20
1192;45
1192;81
1192;165
1193;5
1193;10
1193;20
1193;45
1193;81
1193;377
1194;5
1194;10
1194;25
1194;45
1194;120
1194;492
1195;5
1195;10
1195;39
1195;40
1195;137
1195;222
1196;5
1196;10
1196;39
1196;40
1196;119
1196;222
1197;5
1197;10
1197;25
1197;45
1197;137
1197;497
1198;5
1198;12
1198;30
1198;45
1198;119
1198;501
1199;5
1199;12
1199;30
1199;44
1199;119
1199;375
1200;5
1200;10
1200;39
1200;41
1200;137
1200;224
1201;5
1201;19
1201;20
1201;41
1201;134
1201;223
1202;5
1202;19
1202;21
1202;42
1202;134
1202;225
1203;6
1203;19
1203;20
1203;42
1203;134
1203;168
1204;7
1204;10
1204;20
1204;40
1204;137
1204;184
1205;5
1205;10
1205;30
1205;40
1205;119
1205;194
1206;5
1206;15
1206;20
1206;41
1206;119
1206;178
1207;5
1207;10
1207;30
1207;60
1207;101
1207;178
1208;5
1208;10
1208;28
1208;58
1208;87
1208;178
1209;5
1209;10
1209;20
1209;60
1209;120
1209;179
1210;5
1210;10
1210;20
1210;45
1210;120
1210;179
1211;5
1211;10
1211;30
1211;59
1211;90
1211;204
1212;5
1212;15
1212;20
1212;75
1212;151
1212;175
1213;5
1213;10
1213;24
1213;50
1213;150
1213;179
1214;5
1214;10
1214;25
1214;75
1214;119
1214;249
1215;5
1215;13
1215;25
1215;49
1215;147
1215;171
1216;5
1216;11
1216;24
1216;48
1216;95
1216;167
1217;5
1217;10
1217;24
1217;49
1217;147
1217;171
1218;5
1218;10
1218;27
1218;40
1218;100
1218;205
1219;5
1219;13
1219;20
1219;42
1219;119
1219;178
1220;4
1220;11
1220;31
1220;41
1220;119
1220;178
1221;5
1221;17
1221;30
1221;60
1221;90
1221;179
1222;5
1222;10
1222;30
1222;59
1222;148
1222;178
1223;4
1223;12
1223;20
1223;46
1223;91
1223;347
1224;7
1224;11
1224;25
1224;50
1224;119
1224;176
1225;5
1225;10
1225;25
1225;50
1225;99
1225;173
1226;4
1226;14
1226;25
1226;51
1226;120
1226;179
1227;7
1227;19
1227;20
1227;49
1227;119
1227;172
1228;7
1228;11
1228;24
1228;50
1228;119
1228;179
1229;8
1229;11
1229;20
1229;51
1229;100
1229;179
1230;8
1230;19
1230;30
1230;45
1230;120
1230;178
1231;9
1231;19
1231;20
1231;45
1231;119
1231;160
1232;5
1232;10
1232;39
1232;41
1232;119
1232;205
1233;5
1233;10
1233;20
1233;40
1233;89
1233;202
1234;5
1234;10
1234;20
1234;40
1234;119
1234;178
1235;5
1235;10
1235;26
1235;42
1235;119
1235;355
1236;5
1236;10
1236;29
1236;58
1236;88
1236;205
1237;5
1237;10
1237;29
1237;58
1237;87
1237;173
1238;5
1238;10
1238;29
1238;58
1238;144
1238;173
1239;5
1239;10
1239;29
1239;58
1239;144
1239;174
1240;5
1240;10
1240;25
1240;50
1240;101
1240;179
1241;5
1241;10
1241;25
1241;50
1241;90
1241;179
1242;5
1242;11
1242;25
1242;49
1242;119
1242;198
1243;5
1243;10
1243;25
1243;50
1243;149
1243;197
1244;5
1244;10
1244;25
1244;49
1244;123
1244;173
1245;5
1245;10
1245;25
1245;75
1245;126
1245;200
1246;5
1246;12
1246;39
1246;56
1246;81
1246;170
1247;5
1247;10
1247;20
1247;75
1247;119
1247;179
1248;5
1248;10
1248;21
1248;50
1248;119
1248;497
1249;5
1249;11
1249;28
1249;57
1249;142
1249;171
1250;5
1250;11
1250;26
1250;53
1250;119
1250;160
1251;5
1251;12
1251;24
1251;49
1251;98
1251;172
1252;6
1252;11
1252;24
1252;49
1252;98
1252;171
1253;5
1253;19
1253;26
1253;51
1253;102
1253;179
1254;7
1254;11
1254;24
1254;49
1254;97
1254;168
1255;7
1255;11
1255;25
1255;51
1255;100
1255;186
1256;8
1256;19
1256;20
1256;49
1256;100
1256;201
1257;8
1257;19
1257;20
1257;40
1257;120
1257;201
1258;8
1258;19
1258;20
1258;40
1258;89
1258;160
1259;5
1259;16
1259;20
1259;40
1259;89
1259;160
1260;4
1260;19
1260;20
1260;41
1260;89
1260;164
1261;5
1261;10
1261;20
1261;40
1261;86
1261;174
1262;5
1262;19
1262;20
1262;40
1262;89
1262;199
1263;5
1263;10
1263;29
1263;57
1263;86
1263;200
1264;5
1264;10
1264;20
1264;58
1264;86
1264;349
1265;5
1265;10
1265;20
1265;57
1265;85
1265;373
1266;5
1266;11
1266;24
1266;41
1266;86
1266;346
1267;5
1267;10
1267;29
1267;42
1267;86
1267;229
1268;5
1268;10
1268;27
1268;54
1268;89
1268;242
1269;5
1269;10
1269;25
1269;50
1269;89
1269;249
1270;5
1270;10
1270;20
1270;60
1270;89
1270;169
1271;5
1271;10
1271;25
1271;60
1271;90
1271;198
1272;5
1272;10
1272;21
1272;77
1272;103
1272;257
1273;5
1273;10
1273;25
1273;51
1273;153
1273;179
1274;5
1274;19
1274;20
1274;79
1274;87
1274;170
1275;5
1275;19
1275;20
1275;65
1275;98
1275;163
1276;5
1276;11
1276;31
1276;63
1276;91
1276;161
1277;5
1277;19
1277;30
1277;59
1277;89
1277;178
1278;5
1278;10
1278;20
1278;59
1278;87
1278;163
1279;4
1279;12
1279;27
1279;54
1279;136
1279;297
1280;6
1280;11
1280;24
1280;48
1280;97
1280;169
1281;4
1281;19
1281;20
1281;53
1281;80
1281;185
1282;7
1282;19
1282;20
1282;50
1282;89
1282;176
1283;8
1283;19
1283;20
1283;40
1283;119
1283;199
1284;8
1284;11
1284;28
1284;42
1284;99
1284;200
1285;9
1285;19
1285;29
1285;59
1285;87
1285;203
1286;9
1286;10
1286;29
1286;58
1286;87
1286;204
1287;9
1287;10
1287;29
1287;40
1287;144
1287;173
1288;4
1288;18
1288;20
1288;60
1288;89
1288;179
1289;8
1289;18
1289;20
1289;42
1289;99
1289;169
1290;7
1290;19
1290;20
1290;45
1290;89
1290;188
1291;7
1291;10
1291;28
1291;42
1291;89
1291;230
1292;7
1292;19
1292;20
1292;50
1292;90
1292;160
1293;8
1293;19
1293;20
1293;50
1293;100
1293;200
1294;9
1294;10
1294;20
1294;43
1294;89
1294;222
1295;4
1295;13
1295;23
1295;47
1295;134
1295;210
1296;4
1296;13
1296;21
1296;43
1296;85
1296;169
1297;7
1297;13
1297;20
1297;66
1297;155
1297;267
1298;7
1298;14
1298;21
1298;40
1298;100
1298;206
1299;7
1299;19
1299;20
1299;41
1299;100
1299;176
1300;7
1300;13
1300;21
1300;59
1300;99
1300;160
1301;6
1301;11
1301;21
1301;40
1301;97
1301;160
1302;4
1302;19
1302;20
1302;50
1302;100
1302;160
1303;4
1303;10
1303;25
1303;40
1303;119
1303;160
1304;5
1304;10
1304;25
1304;40
1304;119
1304;179
1305;5
1305;10
1305;25
1305;40
1305;87
1305;169
1306;5
1306;10
1306;25
1306;40
1306;89
1306;199
1307;5
1307;19
1307;20
1307;50
1307;90
1307;176
1308;6
1308;10
1308;20
1308;41
1308;87
1308;224
1309;4
1309;19
1309;30
1309;50
1309;89
1309;194
1310;4
1310;12
1310;20
1310;46
1310;105
1310;185
1311;5
1311;19
1311;20
1311;50
1311;100
1311;178
1312;5
1312;19
1312;20
1312;41
1312;89
1312;210
1313;5
1313;11
1313;29
1313;45
1313;88
1313;206
1314;5
1314;19
1314;29
1314;58
1314;86
1314;200
1315;6
1315;10
1315;21
1315;41
1315;90
1315;207
1316;4
1316;11
1316;23
1316;61
1316;89
1316;177
1317;8
1317;15
1317;30
1317;45
1317;90
1317;170
1318;7
1318;15
1318;30
1318;45
1318;89
1318;369
1319;7
1319;15
1319;22
1319;59
1319;89
1319;229
1320;7
1320;15
1320;20
1320;45
1320;89
1320;211
1321;7
1321;14
1321;21
1321;40
1321;90
1321;160
1322;9
1322;10
1322;20
1322;42
1322;137
1322;187
1323;4
1323;13
1323;24
1323;49
1323;134
1323;185
1324;4
1324;13
1324;20
1324;68
1324;134
1324;160
1325;7
1325;13
1325;20
1325;66
1325;87
1325;177
1326;7
1326;13
1326;20
1326;40
1326;99
1326;185
1327;7
1327;13
1327;20
1327;40
1327;88
1327;259
1328;7
1328;19
1328;20
1328;58
1328;98
1328;352
1329;9
1329;10
1329;21
1329;58
1329;97
1329;348
1330;5
1330;10
1330;20
1330;40
1330;101
1330;160
1331;5
1331;10
1331;21
1331;60
1331;101
1331;160
1332;5
1332;10
1332;20
1332;57
1332;96
1332;212
1333;5
1333;10
1333;39
1333;57
1333;96
1333;211
1334;5
1334;10
1334;37
1334;56
1334;92
1334;165
1335;5
1335;18
1335;20
1335;55
1335;109
1335;166
1336;6
1336;19
1336;20
1336;56
1336;91
1336;272
1337;9
1337;10
1337;37
1337;55
1337;91
1337;363
1338;9
1338;10
1338;36
1338;54
1338;91
1338;272
1339;9
1339;10
1339;35
1339;53
1339;89
1339;267
1340;5
1340;10
1340;34
1340;49
1340;103
1340;362
1341;9
1341;10
1341;33
1341;49
1341;98
1341;393
1342;9
1342;10
1342;32
1342;52
1342;103
1342;197
1343;6
1343;10
1343;30
1343;54
1343;81
1343;406
1344;5
1344;16
1344;20
1344;49
1344;100
1344;255
1345;4
1345;17
1345;33
1345;50
1345;116
1345;256
1346;4
1346;16
1346;25
1346;50
1346;150
1346;164
1347;4
1347;16
1347;33
1347;49
1347;101
1347;181
1348;8
1348;17
1348;33
1348;42
1348;101
1348;216
1349;8
1349;17
1349;20
1349;57
1349;100
1349;190
1350;7
1350;17
1350;20
1350;41
1350;95
1350;179
1351;4
1351;19
1351;20
1351;40
1351;100
1351;282
1352;8
1352;19
1352;20
1352;40
1352;100
1352;180
1353;6
1353;19
1353;25
1353;40
1353;100
1353;176
1354;8
1354;19
1354;25
1354;40
1354;100
1354;179
1355;8
1355;12
1355;20
1355;40
1355;151
1355;256
1356;8
1356;17
1356;20
1356;50
1356;100
1356;256
1357;6
1357;10
1357;20
1357;46
1357;100
1357;283
1358;5
1358;17
1358;20
1358;40
1358;119
1358;165
1359;4
1359;13
1359;20
1359;40
1359;101
1359;179
1360;9
1360;19
1360;20
1360;57
1360;101
1360;304
1361;7
1361;19
1361;23
1361;46
1361;95
1361;295
1362;8
1362;19
1362;20
1362;47
1362;95
1362;186
1363;7
1363;11
1363;23
1363;47
1363;135
1363;160
1364;7
1364;10
1364;28
1364;72
1364;111
1364;195
1365;4
1365;10
1365;28
1365;67
1365;100
1365;179
1366;5
1366;19
1366;23
1366;44
1366;90
1366;169
1367;5
1367;15
1367;22
1367;66
1367;89
1367;179
1368;5
1368;14
1368;39
1368;59
1368;91
1368;177
1369;4
1369;19
1369;20
1369;40
1369;89
1369;174
1370;4
1370;19
1370;20
1370;58
1370;91
1370;193
1371;6
1371;10
1371;20
1371;40
1371;87
1371;200
1372;5
1372;10
1372;39
1372;40
1372;120
1372;200
1373;4
1373;10
1373;25
1373;40
1373;119
1373;200
1374;5
1374;10
1374;25
1374;40
1374;89
1374;179
1375;5
1375;10
1375;20
1375;40
1375;119
1375;200
1376;5
1376;10
1376;23
1376;46
1376;89
1376;200
1377;5
1377;10
1377;25
1377;50
1377;100
1377;200
1378;6
1378;10
1378;24
1378;72
1378;97
1378;160
1379;5
1379;18
1379;24
1379;40
1379;120
1379;283
1380;8
1380;11
1380;25
1380;40
1380;120
1380;283
1381;9
1381;10
1381;25
1381;69
1381;100
1381;282
1382;5
1382;10
1382;20
1382;50
1382;151
1382;180
1383;5
1383;10
1383;21
1383;41
1383;100
1383;283
1384;5
1384;19
1384;20
1384;60
1384;119
1384;283
1385;5
1385;10
1385;22
1385;60
1385;119
1385;160
1386;5
1386;15
1386;20
1386;40
1386;100
1386;283
1387;4
1387;10
1387;30
1387;46
1387;89
1387;179
1388;9
1388;10
1388;30
1388;40
1388;119
1388;180
1389;4
1389;19
1389;20
1389;40
1389;119
1389;179
1390;7
1390;11
1390;20
1390;40
1390;89
1390;179
1391;7
1391;19
1391;20
1391;40
1391;100
1391;180
1392;5
1392;10
1392;20
1392;43
1392;119
1392;179
1393;5
1393;10
1393;20
1393;40
1393;100
1393;179
1394;5
1394;10
1394;29
1394;40
1394;120
1394;179
1395;5
1395;10
1395;20
1395;40
1395;89
1395;179
1396;7
1396;13
1396;20
1396;76
1396;119
1396;192
1397;7
1397;19
1397;20
1397;63
1397;89
1397;350
1398;7
1398;16
1398;32
1398;74
1398;89
1398;173
1399;5
1399;15
1399;20
1399;41
1399;93
1399;180
1400;5
1400;15
1400;25
1400;46
1400;89
1400;186
1401;4
1401;15
1401;23
1401;46
1401;89
1401;188
1402;8
1402;15
1402;25
1402;50
1402;90
1402;174
1403;7
1403;15
1403;23
1403;47
1403;89
1403;180
1404;8
1404;10
1404;21
1404;45
1404;89
1404;180
1405;7
1405;15
1405;23
1405;73
1405;89
1405;247
1406;5
1406;18
1406;24
1406;72
1406;93
1406;174
1407;3
1407;19
1407;23
1407;60
1407;90
1407;180
1408;7
1408;14
1408;22
1408;67
1408;89
1408;311
1409;7
1409;18
1409;30
1409;42
1409;89
1409;272
1410;7
1410;14
1410;21
1410;44
1410;89
1410;167
1411;7
1411;14
1411;22
1411;43
1411;89
1411;180
1412;7
1412;14
1412;23
1412;46
1412;109
1412;179
1413;5
1413;14
1413;26
1413;44
1413;88
1413;200
1414;5
1414;13
1414;27
1414;45
1414;113
1414;270
1415;7
1415;13
1415;22
1415;66
1415;87
1415;200
1416;7
1416;13
1416;22
1416;67
1416;152
1416;179
1417;7
1417;13
1417;27
1417;67
1417;90
1417;179
1418;7
1418;13
1418;20
1418;50
1418;89
1418;179
1419;7
1419;14
1419;20
1419;40
1419;120
1419;160
1420;5
1420;18
1420;26
1420;44
1420;136
1420;190
1421;8
1421;14
1421;21
1421;45
1421;92
1421;179
1422;7
1422;14
1422;39
1422;59
1422;81
1422;175
1423;6
1423;15
1423;39
1423;40
1423;81
1423;176
1424;5
1424;11
1424;39
1424;40
1424;81
1424;175
1425;4
1425;19
1425;20
1425;60
1425;80
1425;161
1426;4
1426;13
1426;20
1426;61
1426;80
1426;161
1427;5
1427;11
1427;20
1427;60
1427;81
1427;204
1428;4
1428;10
1428;20
1428;40
1428;80
1428;180
1429;4
1429;10
1429;20
1429;40
1429;120
1429;179
1430;5
1430;11
1430;20
1430;70
1430;119
1430;179
1431;5
1431;10
1431;20
1431;40
1431;119
1431;179
1432;5
1432;19
1432;20
1432;79
1432;89
1432;239
1433;5
1433;10
1433;20
1433;74
1433;127
1433;198
1434;5
1434;11
1434;20
1434;70
1434;119
1434;169
1435;3
1435;11
1435;20
1435;40
1435;119
1435;180
1436;7
1436;11
1436;20
1436;60
1436;119
1436;179
1437;9
1437;10
1437;39
1437;40
1437;80
1437;180
1438;5
1438;10
1438;20
1438;40
1438;89
1438;179
1439;5
1439;10
1439;20
1439;40
1439;87
1439;179
1440;9
1440;11
1440;20
1440;40
1440;120
1440;178
1441;5
1441;14
1441;20
1441;40
1441;119
1441;499
1442;4
1442;10
1442;20
1442;40
1442;80
1442;179
1443;4
1443;10
1443;20
1443;40
1443;119
1443;180
1444;4
1444;10
1444;30
1444;40
1444;120
1444;180
1445;4
1445;19
1445;20
1445;60
1445;119
1445;179
1446;7
1446;19
1446;30
1446;40
1446;89
1446;180
1447;5
1447;11
1447;21
1447;56
1447;90
1447;206
1448;5
1448;10
1448;28
1448;53
1448;110
1448;179
1449;5
1449;10
1449;35
1449;53
1449;89
1449;226
1450;5
1450;18
1450;36
1450;53
1450;107
1450;227
1451;5
1451;17
1451;34
1451;50
1451;82
1451;226
1452;9
1452;17
1452;33
1452;67
1452;83
1452;179
1453;8
1453;19
1453;22
1453;47
1453;134
1453;179
1454;9
1454;12
1454;38
1454;42
1454;90
1454;188
1455;5
1455;17
1455;34
1455;47
1455;100
1455;200
1456;4
1456;12
1456;33
1456;49
1456;98
1456;209
1457;8
1457;16
1457;33
1457;49
1457;115
1457;165
1458;9
1458;16
1458;32
1458;48
1458;100
1458;161
1459;9
1459;16
1459;33
1459;48
1459;102
1459;179
1460;8
1460;16
1460;34
1460;49
1460;100
1460;210
1461;8
1461;19
1461;20
1461;40
1461;100
1461;197
1462;4
1462;19
1462;20
1462;40
1462;101
1462;235
1463;7
1463;19
1463;20
1463;40
1463;100
1463;283
1464;8
1464;19
1464;20
1464;40
1464;100
1464;283
1465;8
1465;13
1465;20
1465;40
1465;101
1465;180
1466;8
1466;19
1466;20
1466;40
1466;101
1466;362
1467;8
1467;19
1467;21
1467;40
1467;99
1467;200
1468;9
1468;10
1468;20
1468;41
1468;101
1468;169
1469;5
1469;14
1469;20
1469;67
1469;101
1469;203
1470;4
1470;13
1470;34
1470;40
1470;80
1470;210
1471;4
1471;17
1471;34
1471;50
1471;102
1471;284
1472;8
1472;19
1472;21
1472;40
1472;88
1472;179
1473;7
1473;19
1473;24
1473;48
1473;96
1473;213
1474;7
1474;11
1474;24
1474;72
1474;96
1474;216
1475;9
1475;11
1475;23
1475;47
1475;140
1475;164
1476;4
1476;10
1476;23
1476;44
1476;112
1476;176
1477;9
1477;10
1477;23
1477;41
1477;89
1477;183
1478;9
1478;10
1478;39
1478;41
1478;91
1478;175
1479;5
1479;14
1479;22
1479;40
1479;90
1479;193
1480;5
1480;11
1480;22
1480;62
1480;91
1480;181
1481;4
1481;11
1481;20
1481;40
1481;90
1481;219
1482;9
1482;12
1482;22
1482;40
1482;91
1482;179
1483;5
1483;19
1483;20
1483;78
1483;81
1483;174
1484;4
1484;19
1484;20
1484;58
1484;96
1484;173
1485;4
1485;10
1485;20
1485;40
1485;100
1485;160
1486;5
1486;10
1486;39
1486;40
1486;100
1486;197
1487;5
1487;10
1487;21
1487;42
1487;82
1487;199
1488;9
1488;10
1488;24
1488;73
1488;101
1488;210
1489;8
1489;11
1489;24
1489;71
1489;123
1489;198
1490;4
1490;18
1490;25
1490;40
1490;151
1490;215
1491;9
1491;19
1491;24
1491;40
1491;120
1491;160
1492;6
1492;11
1492;20
1492;60
1492;151
1492;203
1493;5
1493;10
1493;25
1493;40
1493;90
1493;179
1494;5
1494;10
1494;20
1494;40
1494;151
1494;209
1495;5
1495;10
1495;20
1495;60
1495;101
1495;180
1496;9
1496;10
1496;20
1496;60
1496;100
1496;172
1497;5
1497;13
1497;20
1497;40
1497;100
1497;180
1498;4
1498;10
1498;36
1498;68
1498;99
1498;180
1499;4
1499;10
1499;20
1499;59
1499;90
1499;179
1500;4
1500;10
1500;20
1500;40
1500;120
1500;179
1501;4
1501;19
1501;20
1501;40
1501;119
1501;180
1502;4
1502;19
1502;20
1502;40
1502;119
1502;180
1503;9
1503;10
1503;25
1503;71
1503;110
1503;179
1504;4
1504;10
1504;20
1504;40
1504;104
1504;213
1505;5
1505;10
1505;25
1505;60
1505;120
1505;180
1506;5
1506;10
1506;39
1506;40
1506;119
1506;160
1507;7
1507;14
1507;27
1507;63
1507;88
1507;179
1508;7
1508;15
1508;20
1508;50
1508;88
1508;194
1509;7
1509;14
1509;27
1509;74
1509;80
1509;325
1510;9
1510;10
1510;23
1510;75
1510;89
1510;241
1511;5
1511;15
1511;23
1511;46
1511;89
1511;180
1512;4
1512;15
1512;24
1512;49
1512;90
1512;169
1513;7
1513;15
1513;38
1513;44
1513;89
1513;180
1514;7
1514;15
1514;24
1514;49
1514;90
1514;179
1515;8
1515;11
1515;24
1515;72
1515;89
1515;167
1516;7
1516;15
1516;24
1516;47
1516;95
1516;163
1517;8
1517;10
1517;30
1517;66
1517;89
1517;179
1518;4
1518;11
1518;22
1518;65
1518;88
1518;176
1519;7
1519;14
1519;21
1519;44
1519;112
1519;178
1520;9
1520;18
1520;37
1520;43
1520;88
1520;179
1521;7
1521;15
1521;20
1521;42
1521;90
1521;178
1522;8
1522;15
1522;21
1522;42
1522;127
1522;179
1523;7
1523;13
1523;22
1523;45
1523;89
1523;160
1524;6
1524;10
1524;22
1524;43
1524;89
1524;199
1525;5
1525;13
1525;27
1525;43
1525;100
1525;180
1526;4
1526;13
1526;27
1526;40
1526;81
1526;180
1527;7
1527;13
1527;27
1527;40
1527;94
1527;190
1528;7
1528;13
1528;27
1528;43
1528;108
1528;301
1529;7
1529;13
1529;23
1529;74
1529;94
1529;200
1530;7
1530;13
1530;23
1530;67
1530;97
1530;180
1531;6
1531;10
1531;33
1531;42
1531;111
1531;230
1532;4
1532;19
1532;20
1532;42
1532;81
1532;162
1533;7
1533;14
1533;23
1533;40
1533;87
1533;180
1534;9
1534;10
1534;27
1534;41
1534;81
1534;168
1535;5
1535;13
1535;39
1535;47
1535;81
1535;176
1536;4
1536;14
1536;20
1536;40
1536;81
1536;385
1537;4
1537;14
1537;29
1537;40
1537;81
1537;179
1538;6
1538;10
1538;34
1538;52
1538;104
1538;170
1539;5
1539;10
1539;20
1539;54
1539;108
1539;180
1540;4
1540;10
1540;20
1540;76
1540;80
1540;180
1541;4
1541;19
1541;20
1541;40
1541;99
1541;181
1542;5
1542;10
1542;20
1542;60
1542;120
1542;179
1543;5
1543;10
1543;20
1543;41
1543;89
1543;180
1544;5
1544;10
1544;20
1544;40
1544;119
1544;179
1545;7
1545;10
1545;20
1545;70
1545;109
1545;164
1546;5
1546;19
1546;20
1546;40
1546;120
1546;180
1547;6
1547;10
1547;21
1547;60
1547;100
1547;177
1548;5
1548;10
1548;20
1548;79
1548;120
1548;180
1549;5
1549;10
1549;20
1549;46
1549;120
1549;180
1550;5
1550;10
1550;20
1550;40
1550;119
1550;301
1551;5
1551;10
1551;20
1551;60
1551;89
1551;179
1552;6
1552;10
1552;22
1552;40
1552;89
1552;180
1553;5
1553;15
1553;20
1553;60
1553;100
1553;179
1554;4
1554;10
1554;20
1554;40
1554;100
1554;179
1555;5
1555;10
1555;20
1555;40
1555;100
1555;179
1556;4
1556;19
1556;20
1556;40
1556;100
1556;283
1557;4
1557;19
1557;20
1557;40
1557;100
1557;283
1558;8
1558;19
1558;20
1558;60
1558;89
1558;180
1559;7
1559;18
1559;20
1559;54
1559;106
1559;236
1560;9
1560;18
1560;36
1560;54
1560;91
1560;226
1561;9
1561;10
1561;35
1561;53
1561;89
1561;179
1562;9
1562;17
1562;34
1562;52
1562;103
1562;179
1563;5
1563;10
1563;32
1563;53
1563;98
1563;216
1564;9
1564;16
1564;33
1564;53
1564;89
1564;216
1565;5
1565;19
1565;20
1565;68
1565;89
1565;216
1566;5
1566;10
1566;32
1566;48
1566;101
1566;199
1567;5
1567;17
1567;32
1567;49
1567;98
1567;249
1568;4
1568;17
1568;32
1568;49
1568;115
1568;281
1569;4
1569;16
1569;33
1569;49
1569;100
1569;179
1570;4
1570;16
1570;32
1570;48
1570;100
1570;176
1571;9
1571;17
1571;33
1571;40
1571;100
1571;197
1572;8
1572;18
1572;20
1572;40
1572;100
1572;180
1573;6
1573;17
1573;20
1573;69
1573;108
1573;198
1574;3
1574;19
1574;20
1574;40
1574;101
1574;198
1575;8
1575;19
1575;21
1575;67
1575;100
1575;198
1576;9
1576;19
1576;20
1576;40
1576;100
1576;197
1577;8
1577;18
1577;25
1577;43
1577;100
1577;197
1578;8
1578;19
1578;20
1578;42
1578;119
1578;198
1579;8
1579;19
1579;20
1579;40
1579;100
1579;199
1580;5
1580;10
1580;20
1580;59
1580;100
1580;198
1581;5
1581;17
1581;21
1581;40
1581;149
1581;198
1582;4
1582;13
1582;20
1582;40
1582;101
1582;202
1583;8
1583;13
1583;37
1583;79
1583;80
1583;198
1584;4
1584;17
1584;20
1584;74
1584;99
1584;198
1585;8
1585;19
1585;39
1585;74
1585;98
1585;172
1586;6
1586;11
1586;24
1586;73
1586;123
1586;197
1587;7
1587;10
1587;28
1587;71
1587;137
1587;236
1588;9
1588;10
1588;28
1588;66
1588;86
1588;237
1589;9
1589;10
1589;21
1589;60
1589;122
1589;237
1590;5
1590;15
1590;23
1590;40
1590;112
1590;237
1591;5
1591;14
1591;38
1591;57
1591;112
1591;237
1592;4
1592;10
1592;38
1592;55
1592;88
1592;296
1593;4
1593;10
1593;30
1593;59
1593;88
1593;237
1594;5
1594;10
1594;38
1594;77
1594;91
1594;180
1595;5
1595;19
1595;39
1595;57
1595;95
1595;200
1596;4
1596;19
1596;39
1596;57
1596;115
1596;200
1597;5
1597;19
1597;38
1597;58
1597;100
1597;173
1598;5
1598;10
1598;39
1598;40
1598;100
1598;199
1599;5
1599;10
1599;20
1599;41
1599;100
1599;200
1600;5
1600;10
1600;22
1600;44
1600;99
1600;200
1601;5
1601;18
1601;23
1601;70
1601;120
1601;198
1602;3
1602;19
1602;25
1602;75
1602;100
1602;199
1603;7
1603;19
1603;25
1603;71
1603;152
1603;199
1604;9
1604;10
1604;25
1604;41
1604;152
1604;199
1605;5
1605;10
1605;20
1605;40
1605;119
1605;199
1606;5
1606;10
1606;22
1606;50
1606;100
1606;199
1607;9
1607;19
1607;20
1607;50
1607;120
1607;198
1608;5
1608;10
1608;20
1608;59
1608;120
1608;304
1609;4
1609;19
1609;20
1609;59
1609;100
1609;180
1610;4
1610;10
1610;20
1610;79
1610;119
1610;180
1611;4
1611;10
1611;20
1611;60
1611;119
1611;180
1612;4
1612;19
1612;20
1612;60
1612;100
1612;178
1613;4
1613;11
1613;39
1613;40
1613;100
1613;180
1614;6
1614;13
1614;20
1614;40
1614;90
1614;180
1615;5
1615;10
1615;20
1615;40
1615;119
1615;180
1616;5
1616;10
1616;20
1616;40
1616;119
1616;180
1617;5
1617;10
1617;20
1617;60
1617;150
1617;162
1618;7
1618;13
1618;20
1618;76
1618;151
1618;168
1619;7
1619;13
1619;20
1619;76
1619;119
1619;193
1620;7
1620;16
1620;20
1620;74
1620;81
1620;361
1621;7
1621;10
1621;27
1621;74
1621;121
1621;181
1622;5
1622;15
1622;38
1622;40
1622;100
1622;219
1623;4
1623;15
1623;24
1623;47
1623;90
1623;166
1624;4
1624;15
1624;24
1624;48
1624;90
1624;221
1625;8
1625;11
1625;22
1625;48
1625;91
1625;226
1626;8
1626;11
1626;24
1626;47
1626;143
1626;166
1627;8
1627;15
1627;24
1627;49
1627;97
1627;170
1628;8
1628;15
1628;22
1628;67
1628;88
1628;161
1629;4
1629;18
1629;22
1629;45
1629;88
1629;234
1630;3
1630;15
1630;22
1630;43
1630;107
1630;177
1631;7
1631;19
1631;21
1631;44
1631;88
1631;177
1632;6
1632;15
1632;30
1632;40
1632;91
1632;301
1633;7
1633;11
1633;22
1633;44
1633;133
1633;167
1634;7
1634;15
1634;22
1634;43
1634;87
1634;180
1635;9
1635;12
1635;22
1635;46
1635;90
1635;208
1636;5
1636;14
1636;27
1636;44
1636;80
1636;209
1637;4
1637;13
1637;27
1637;43
1637;106
1637;196
1638;4
1638;13
1638;27
1638;40
1638;158
1638;161
1639;7
1639;13
1639;21
1639;41
1639;104
1639;197
1640;7
1640;17
1640;22
1640;40
1640;90
1640;196
1641;7
1641;19
1641;24
1641;40
1641;96
1641;264
1642;7
1642;11
1642;26
1642;40
1642;80
1642;160
1643;4
1643;13
1643;21
1643;41
1643;81
1643;161
1644;7
1644;14
1644;26
1644;41
1644;93
1644;264
1645;7
1645;14
1645;27
1645;67
1645;105
1645;160
1646;5
1646;15
1646;39
1646;40
1646;97
1646;161
1647;5
1647;15
1647;20
1647;74
1647;106
1647;208
1648;4
1648;14
1648;20
1648;53
1648;158
1648;236
1649;9
1649;12
1649;30
1649;71
1649;81
1649;160
1650;5
1650;10
1650;20
1650;52
1650;103
1650;198
1651;4
1651;10
1651;20
1651;55
1651;90
1651;198
1652;4
1652;10
1652;20
1652;50
1652;100
1652;248
1653;5
1653;10
1653;20
1653;40
1653;119
1653;248
1654;5
1654;10
1654;20
1654;40
1654;89
1654;198
1655;5
1655;10
1655;20
1655;60
1655;89
1655;198
1656;5
1656;10
1656;30
1656;71
1656;124
1656;196
1657;4
1657;18
1657;20
1657;40
1657;100
1657;248
1658;7
1658;11
1658;20
1658;40
1658;120
1658;198
1659;6
1659;11
1659;20
1659;50
1659;119
1659;198
1660;5
1660;10
1660;39
1660;40
1660;119
1660;199
1661;5
1661;10
1661;20
1661;40
1661;119
1661;199
1662;5
1662;10
1662;20
1662;50
1662;119
1662;198
1663;9
1663;10
1663;20
1663;40
1663;119
1663;198
1664;5
1664;14
1664;20
1664;50
1664;119
1664;199
1665;4
1665;10
1665;36
1665;46
1665;119
1665;198
1666;4
1666;10
1666;20
1666;40
1666;119
1666;198
1667;4
1667;10
1667;30
1667;40
1667;119
1667;199
1668;4
1668;19
1668;20
1668;40
1668;119
1668;179
1669;7
1669;11
1669;39
1669;40
1669;119
1669;199
1670;9
1670;10
1670;31
1670;53
1670;120
1670;239
1671;4
1671;10
1671;38
1671;54
1671;90
1671;199
1672;9
1672;10
1672;36
1672;54
1672;107
1672;226
1673;9
1673;18
1673;35
1673;53
1673;106
1673;226
1674;8
1674;17
1674;34
1674;50
1674;89
1674;226
1675;9
1675;17
1675;34
1675;48
1675;101
1675;226
1676;7
1676;19
1676;20
1676;47
1676;112
1676;180
1677;9
1677;10
1677;20
1677;52
1677;119
1677;180
1678;5
1678;16
1678;33
1678;49
1678;98
1678;197
1679;4
1679;17
1679;33
1679;49
1679;120
1679;198
1680;8
1680;16
1680;33
1680;49
1680;82
1680;197
1681;8
1681;17
1681;33
1681;49
1681;119
1681;164
1682;9
1682;17
1682;33
1682;40
1682;119
1682;198
1683;8
1683;17
1683;20
1683;49
1683;100
1683;199
1684;8
1684;10
1684;20
1684;40
1684;100
1684;199
1685;4
1685;19
1685;21
1685;43
1685;120
1685;199
1686;8
1686;19
1686;20
1686;41
1686;101
1686;199
1687;9
1687;19
1687;20
1687;40
1687;100
1687;239
1688;8
1688;19
1688;20
1688;40
1688;119
1688;199
1689;8
1689;13
1689;20
1689;50
1689;100
1689;199
1690;8
1690;19
1690;20
1690;40
1690;119
1690;199
1691;6
1691;10
1691;23
1691;40
1691;119
1691;199
1692;5
1692;13
1692;20
1692;50
1692;100
1692;199
1693;4
1693;12
1693;34
1693;40
1693;80
1693;198
1694;4
1694;17
1694;21
1694;61
1694;119
1694;199
1695;7
1695;19
1695;20
1695;73
1695;97
1695;199
1696;8
1696;17
1696;24
1696;73
1696;97
1696;169
1697;8
1697;11
1697;39
1697;70
1697;96
1697;199
1698;8
1698;10
1698;29
1698;71
1698;120
1698;195
1699;5
1699;10
1699;28
1699;67
1699;89
1699;236
1700;5
1700;10
1700;21
1700;61
1700;86
1700;295
1701;5
1701;10
1701;39
1701;58
1701;115
1701;235
1702;5
1702;19
1702;39
1702;57
1702;96
1702;176
1703;4
1703;19
1703;20
1703;40
1703;90
1703;236
1704;4
1704;11
1704;22
1704;56
1704;90
1704;169
1705;9
1705;10
1705;22
1705;76
1705;107
1705;216
1706;5
1706;10
1706;39
1706;40
1706;98
1706;200
1707;4
1707;10
1707;38
1707;58
1707;116
1707;200
1708;4
1708;19
1708;20
1708;58
1708;155
1708;201
1709;5
1709;10
1709;39
1709;40
1709;101
1709;177
1710;5
1710;10
1710;38
1710;40
1710;99
1710;193
1711;9
1711;10
1711;22
1711;40
1711;148
1711;235
1712;7
1712;12
1712;24
1712;71
1712;98
1712;199
1713;4
1713;11
1713;24
1713;40
1713;119
1713;200
1714;6
1714;19
1714;24
1714;40
1714;100
1714;199
1715;6
1715;10
1715;24
1715;40
1715;151
1715;199
1716;5
1716;10
1716;39
1716;41
1716;100
1716;196
1717;5
1717;10
1717;25
1717;40
1717;151
1717;199
1718;5
1718;10
1718;20
1718;49
1718;151
1718;198
1719;6
1719;10
1719;20
1719;52
1719;100
1719;195
1720;5
1720;13
1720;20
1720;60
1720;100
1720;179
1721;4
1721;10
1721;20
1721;51
1721;119
1721;180
1722;4
1722;10
1722;25
1722;60
1722;90
1722;180
1723;4
1723;11
1723;20
1723;40
1723;119
1723;199
1724;4
1724;10
1724;39
1724;40
1724;100
1724;225
1725;7
1725;10
1725;39
1725;40
1725;151
1725;179
1726;7
1726;10
1726;20
1726;59
1726;110
1726;179
1727;5
1727;10
1727;25
1727;79
1727;120
1727;179
1728;5
1728;10
1728;25
1728;60
1728;101
1728;179
1729;5
1729;10
1729;20
1729;76
1729;119
1729;160
1730;7
1730;14
1730;27
1730;50
1730;88
1730;179
1731;7
1731;16
1731;32
1731;48
1731;81
1731;179
1732;7
1732;14
1732;27
1732;74
1732;101
1732;365
1733;5
1733;10
1733;22
1733;41
1733;94
1733;227
1734;5
1734;15
1734;23
1734;46
1734;89
1734;263
1735;4
1735;15
1735;23
1735;46
1735;88
1735;163
1736;7
1736;19
1736;20
1736;45
1736;90
1736;227
1737;8
1737;15
1737;24
1737;47
1737;141
1737;301
1738;8
1738;15
1738;24
1738;40
1738;93
1738;167
1739;7
1739;15
1739;24
1739;46
1739;91
1739;160
1740;7
1740;10
1740;22
1740;44
1740;87
1740;225
1741;3
1741;11
1741;22
1741;43
1741;86
1741;177
1742;6
1742;14
1742;22
1742;43
1742;89
1742;178
1743;7
1743;19
1743;39
1743;40
1743;88
1743;179
1744;7
1744;15
1744;22
1744;45
1744;133
1744;265
1745;7
1745;14
1745;22
1745;44
1745;142
1745;181
1746;7
1746;19
1746;23
1746;46
1746;101
1746;195
1747;6
1747;13
1747;27
1747;44
1747;89
1747;179
1748;5
1748;13
1748;27
1748;44
1748;119
1748;209
1749;4
1749;13
1749;27
1749;40
1749;157
1749;199
1750;7
1750;13
1750;27
1750;40
1750;158
1750;211
1751;7
1751;13
1751;22
1751;40
1751;90
1751;211
1752;7
1752;14
1752;26
1752;41
1752;88
1752;199
1753;7
1753;13
1753;21
1753;40
1753;106
1753;212
1754;5
1754;18
1754;20
1754;44
1754;108
1754;244
1755;5
1755;19
1755;38
1755;67
1755;94
1755;212
1756;7
1756;14
1756;22
1756;40
1756;120
1756;212
1757;9
1757;10
1757;39
1757;41
1757;81
1757;212
1758;5
1758;18
1758;27
1758;40
1758;81
1758;168
1759;4
1759;13
1759;21
1759;53
1759;81
1759;205
1760;4
1760;14
1760;20
1760;40
1760;159
1760;160
1761;5
1761;10
1761;20
1761;50
1761;102
1761;179
1762;5
1762;10
1762;25
1762;54
1762;119
1762;198
1763;4
1763;10
1763;30
1763;40
1763;119
1763;198
1764;5
1764;10
1764;30
1764;50
1764;100
1764;197
1765;5
1765;10
1765;20
1765;60
1765;119
1765;199
1766;5
1766;10
1766;39
1766;40
1766;119
1766;198
1767;5
1767;10
1767;20
1767;60
1767;119
1767;199
1768;5
1768;18
1768;20
1768;70
1768;99
1768;198
1769;3
1769;19
1769;20
1769;40
1769;119
1769;199
1770;4
1770;11
1770;20
1770;40
1770;119
1770;198
1771;9
1771;11
1771;20
1771;42
1771;119
1771;198
1772;5
1772;10
1772;39
1772;40
1772;99
1772;179
1773;5
1773;10
1773;25
1773;60
1773;100
1773;199
1774;5
1774;10
1774;20
1774;60
1774;89
1774;200
1775;5
1775;14
1775;20
1775;60
1775;100
1775;199
1776;5
1776;10
1776;30
1776;40
1776;120
1776;179
1777;4
1777;10
1777;20
1777;46
1777;120
1777;180
1778;5
1778;10
1778;24
1778;40
1778;119
1778;179
1779;4
1779;19
1779;20
1779;40
1779;100
1779;179
1780;7
1780;10
1780;39
1780;40
1780;119
1780;198
1781;6
1781;11
1781;22
1781;60
1781;119
1781;179
1782;5
1782;10
1782;20
1782;60
1782;119
1782;201
1783;5
1783;10
1783;30
1783;53
1783;89
1783;180
1784;5
1784;10
1784;20
1784;53
1784;119
1784;179
1785;7
1785;19
1785;30
1785;53
1785;119
1785;178
1786;7
1786;11
1786;20
1786;52
1786;119
1786;179
1787;6
1787;11
1787;20
1787;53
1787;119
1787;178
1788;7
1788;14
1788;26
1788;40
1788;119
1788;179
1789;5
1789;10
1789;25
1789;50
1789;90
1789;239
1790;5
1790;10
1790;30
1790;50
1790;101
1790;240
1791;5
1791;10
1791;30
1791;40
1791;120
1791;179
1792;5
1792;10
1792;20
1792;40
1792;119
1792;179
1793;5
1793;10
1793;20
1793;40
1793;119
1793;179
1794;6
1794;10
1794;20
1794;79
1794;80
1794;209
1795;5
1795;10
1795;20
1795;40
1795;89
1795;177
1796;5
1796;19
1796;20
1796;60
1796;120
1796;236
1797;3
1797;10
1797;20
1797;60
1797;119
1797;160
1798;4
1798;11
1798;20
1798;60
1798;119
1798;319
1799;9
1799;11
1799;36
1799;41
1799;80
1799;209
1800;5
1800;10
1800;20
1800;40
1800;119
1800;160
1801;5
1801;10
1801;20
1801;42
1801;119
1801;169
1802;9
1802;12
1802;20
1802;59
1802;119
1802;160
1803;5
1803;12
1803;20
1803;60
1803;89
1803;239
1804;4
1804;19
1804;20
1804;79
1804;89
1804;210
1805;5
1805;10
1805;20
1805;60
1805;90
1805;179
1806;5
1806;10
1806;20
1806;40
1806;120
1806;180
1807;9
1807;19
1807;20
1807;40
1807;120
1807;180
1808;5
1808;19
1808;20
1808;40
1808;119
1808;179
1809;9
1809;10
1809;21
1809;74
1809;82
1809;200
1810;5
1810;10
1810;20
1810;40
1810;89
1810;239
1811;5
1811;10
1811;30
1811;53
1811;89
1811;179
1812;5
1812;10
1812;20
1812;53
1812;119
1812;300
1813;7
1813;19
1813;20
1813;53
1813;89
1813;178
1814;8
1814;18
1814;20
1814;75
1814;89
1814;179
1815;6
1815;18
1815;20
1815;75
1815;119
1815;181
1816;7
1816;14
1816;36
1816;59
1816;119
1816;180
1817;5
1817;10
1817;20
1817;40
1817;80
1817;239
1818;5
1818;10
1818;30
1818;40
1818;119
1818;240
1819;5
1819;10
1819;20
1819;40
1819;80
1819;179
1820;5
1820;10
1820;20
1820;50
1820;100
1820;179
1821;5
1821;10
1821;20
1821;40
1821;100
1821;179
1822;6
1822;10
1822;36
1822;51
1822;80
1822;209
1823;5
1823;10
1823;25
1823;41
1823;119
1823;186
1824;4
1824;12
1824;20
1824;40
1824;119
1824;236
1825;3
1825;19
1825;20
1825;40
1825;88
1825;193
1826;4
1826;11
1826;20
1826;60
1826;119
1826;180
1827;9
1827;10
1827;36
1827;40
1827;119
1827;179
1828;5
1828;10
1828;20
1828;40
1828;119
1828;240
1829;5
1829;10
1829;20
1829;40
1829;119
1829;160
1830;9
1830;10
1830;21
1830;40
1830;119
1830;164
1831;4
1831;19
1831;20
1831;79
1831;119
1831;179
1832;6
1832;11
1832;20
1832;79
1832;84
1832;449
1833;5
1833;10
1833;20
1833;59
1833;89
1833;179
1834;5
1834;10
1834;25
1834;60
1834;87
1834;179
1835;9
1835;19
1835;20
1835;40
1835;99
1835;179
1836;7
1836;19
1836;25
1836;40
1836;120
1836;179
1837;9
1837;10
1837;20
1837;46
1837;83
1837;160
1838;4
1838;10
1838;20
1838;79
1838;80
1838;179
1839;5
1839;10
1839;20
1839;40
1839;104
1839;180
1840;5
1840;10
1840;20
1840;40
1840;80
1840;161
1841;4
1841;10
1841;25
1841;77
1841;83
1841;163
1842;4
1842;10
1842;33
1842;69
1842;125
1842;163
1843;6
1843;10
1843;30
1843;69
1843;134
1843;171
1844;0
1844;12
1844;39
1844;68
1844;125
1844;163
1845;0
1845;13
1845;21
1845;78
1845;125
1845;171
1846;0
1846;13
1846;26
1846;69
1846;126
1846;171
1847;0
1847;13
1847;39
1847;50
1847;128
1847;188
1848;0
1848;13
1848;21
1848;50
1848;152
1848;164
1849;0
1849;13
1849;30
1849;50
1849;152
1849;168
1850;4
1850;13
1850;30
1850;47
1850;124
1850;189
1851;0
1851;13
1851;21
1851;45
1851;80
1851;321
1852;0
1852;13
1852;30
1852;57
1852;133
1852;359
1853;4
1853;13
1853;26
1853;49
1853;126
1853;428
1854;0
1854;12
1854;21
1854;42
1854;103
1854;197
