0;0
0;17
0;39
0;55
0;80
0;235
1;1
1;15
1;38
1;57
1;82
1;170
2;0
2;15
2;22
2;57
2;81
2;170
3;1
3;15
3;22
3;56
3;114
3;169
4;0
4;15
4;22
4;57
4;113
4;170
5;9
5;15
5;22
5;57
5;114
5;170
6;1
6;15
6;38
6;57
6;113
6;169
7;0
7;15
7;38
7;57
7;80
7;170
8;0
8;15
8;38
8;56
8;113
8;333
9;9
9;19
9;23
9;56
9;84
9;173
10;0
10;15
10;38
10;57
10;114
10;171
11;0
11;15
11;22
11;57
11;87
11;170
12;8
12;15
12;22
12;56
12;113
12;169
13;0
13;15
13;22
13;57
13;94
13;170
14;2
14;15
14;38
14;57
14;113
14;170
15;9
15;15
15;38
15;57
15;83
15;162
16;0
16;15
16;38
16;57
16;113
16;170
17;9
17;15
17;38
17;56
17;113
17;382
18;1
18;15
18;38
18;57
18;147
18;362
19;8
19;15
19;38
19;57
19;113
19;170
20;0
20;15
20;22
20;57
20;102
20;466
21;1
21;15
21;22
21;57
21;113
21;170
22;7
22;15
22;22
22;56
22;116
22;446
23;0
23;15
23;38
23;57
23;140
23;500
24;0
24;17
24;26
24;57
24;92
24;171
25;0
25;17
25;25
25;42
25;84
25;170
26;0
26;17
26;25
26;42
26;127
26;170
27;9
27;17
27;25
27;57
27;127
27;170
28;9
28;17
28;25
28;57
28;127
28;464
29;7
29;17
29;25
29;57
29;127
29;170
30;9
30;17
30;25
30;42
30;81
30;180
31;0
31;17
31;25
31;42
31;84
31;170
32;4
32;16
32;25
32;42
32;83
32;170
33;9
33;17
33;25
33;57
33;92
33;175
34;8
34;17
34;25
34;42
34;84
34;170
35;0
35;17
35;25
35;42
35;127
35;170
36;9
36;17
36;25
36;57
36;84
36;170
37;8
37;17
37;25
37;57
37;127
37;195
38;3
38;17
38;25
38;57
38;83
38;170
39;1
39;17
39;25
39;42
39;85
39;162
40;0
40;17
40;25
40;42
40;127
40;170
41;0
41;17
41;25
41;42
41;127
41;170
42;9
42;17
42;25
42;57
42;126
42;488
43;5
43;17
43;25
43;57
43;84
43;432
44;0
44;17
44;25
44;57
44;80
44;170
45;9
45;17
45;25
45;42
45;84
45;430
46;1
46;17
46;25
46;42
46;127
46;333
47;7
47;17
47;25
47;42
47;82
47;307
48;1
48;19
48;28
48;42
48;88
48;182
49;0
49;19
49;28
49;42
49;85
49;212
50;0
50;19
50;28
50;42
50;85
50;252
51;9
51;19
51;28
51;51
51;85
51;402
52;0
52;19
52;20
52;50
52;127
52;212
53;0
53;19
53;28
53;50
53;151
53;212
54;1
54;19
54;28
54;42
54;84
54;493
55;1
55;19
55;28
55;42
55;85
55;481
56;9
56;18
56;28
56;42
56;83
56;161
57;1
57;19
57;28
57;42
57;86
57;160
58;0
58;19
58;34
58;42
58;100
58;169
59;8
59;19
59;34
59;42
59;94
59;168
60;9
60;19
60;34
60;50
60;151
60;240
61;0
61;19
61;34
61;50
61;127
61;415
62;4
62;19
62;28
62;50
62;101
62;449
63;9
63;19
63;34
63;42
63;127
63;252
64;9
64;19
64;34
64;42
64;151
64;448
65;7
65;19
65;34
65;42
65;101
65;444
66;2
66;19
66;34
66;50
66;101
66;421
67;1
67;19
67;34
67;50
67;127
67;328
68;8
68;19
68;34
68;50
68;101
68;504
69;4
69;19
69;34
69;42
69;127
69;491
70;9
70;19
70;20
70;42
70;80
70;510
71;1
71;19
71;28
71;42
71;80
71;160
72;0
72;19
72;28
72;42
72;81
72;170
73;0
73;19
73;28
73;42
73;143
73;449
74;0
74;19
74;28
74;43
74;85
74;213
75;1
75;19
75;28
75;48
75;85
75;384
76;0
76;19
76;20
76;48
76;127
76;427
77;9
77;19
77;28
77;48
77;87
77;175
78;1
78;18
78;28
78;42
78;85
78;359
79;6
79;19
79;28
79;42
79;143
79;372
80;1
80;19
80;28
80;42
80;85
80;445
81;9
81;19
81;28
81;48
81;85
81;437
82;9
82;19
82;20
82;40
82;81
82;170
83;0
83;19
83;34
83;48
83;85
83;162
84;9
84;19
84;34
84;48
84;143
84;168
85;9
85;19
85;28
85;48
85;100
85;238
86;9
86;19
86;28
86;48
86;142
86;238
87;1
87;19
87;34
87;50
87;82
87;169
88;1
88;19
88;34
88;50
88;80
88;168
89;6
89;12
89;34
89;48
89;101
89;168
90;6
90;11
90;34
90;57
90;80
90;175
91;6
91;12
91;34
91;57
91;101
91;161
92;6
92;12
92;34
92;57
92;101
92;170
93;7
93;13
93;34
93;50
93;83
93;170
94;7
94;14
94;33
94;57
94;81
94;169
95;7
95;15
95;30
95;60
95;83
95;173
96;7
96;15
96;30
96;60
96;82
96;189
97;7
97;15
97;30
97;55
97;90
97;180
98;7
98;15
98;30
98;56
98;83
98;165
99;7
99;15
99;38
99;56
99;81
99;180
100;7
100;15
100;38
100;49
100;85
100;175
101;7
101;15
101;38
101;49
101;83
101;179
102;7
102;15
102;38
102;50
102;97
102;184
103;7
103;15
103;31
103;56
103;80
103;168
104;7
104;15
104;38
104;57
104;84
104;160
105;7
105;15
105;38
105;57
105;83
105;169
106;7
106;15
106;30
106;56
106;90
106;169
107;7
107;15
107;37
107;57
107;89
107;170
108;7
108;15
108;38
108;57
108;84
108;169
109;7
109;15
109;30
109;50
109;81
109;229
110;7
110;13
110;38
110;50
110;90
110;162
111;7
111;13
111;38
111;57
111;85
111;176
112;7
112;15
112;30
112;56
112;90
112;175
113;7
113;15
113;38
113;57
113;90
113;169
114;7
114;15
114;22
114;57
114;84
114;188
115;8
115;15
115;23
115;50
115;83
115;171
116;7
116;15
116;22
116;45
116;82
116;168
117;8
117;15
117;23
117;57
117;80
117;167
118;8
118;17
118;33
118;57
118;80
118;173
119;8
119;17
119;25
119;57
119;101
119;170
120;8
120;16
120;25
120;57
120;85
120;171
121;8
121;17
121;25
121;55
121;83
121;170
122;8
122;17
122;25
122;56
122;81
122;172
123;8
123;17
123;25
123;57
123;83
123;163
124;8
124;17
124;34
124;49
124;80
124;166
125;8
125;17
125;34
125;50
125;84
125;169
126;8
126;17
126;34
126;57
126;83
126;170
127;8
127;17
127;25
127;42
127;89
127;170
128;8
128;10
128;25
128;57
128;85
128;212
129;8
129;17
129;25
129;56
129;128
129;167
130;8
130;17
130;25
130;57
130;84
130;169
131;8
131;17
131;25
131;56
131;89
131;168
132;8
132;17
132;25
132;57
132;105
132;170
133;7
133;15
133;22
133;43
133;94
133;170
134;7
134;15
134;25
134;42
134;127
134;197
135;8
135;15
135;25
135;42
135;114
135;172
136;8
136;17
136;25
136;57
136;85
136;193
137;8
137;17
137;25
137;57
137;80
137;165
138;8
138;17
138;25
138;57
138;85
138;170
139;8
139;17
139;25
139;42
139;80
139;184
140;9
140;17
140;26
140;42
140;82
140;166
141;9
141;10
141;20
141;57
141;84
141;472
142;9
142;19
142;28
142;57
142;85
142;160
143;9
143;19
143;28
143;57
143;80
143;170
144;9
144;10
144;28
144;56
144;113
144;189
145;9
145;10
145;20
145;55
145;83
145;166
146;9
146;10
146;20
146;56
146;84
146;170
147;9
147;10
147;20
147;57
147;81
147;169
148;9
148;10
148;20
148;49
148;81
148;180
149;9
149;10
149;20
149;50
149;86
149;178
150;9
150;19
150;20
150;41
150;82
150;160
151;9
151;19
151;28
151;42
151;85
151;171
152;9
152;10
152;28
152;42
152;151
152;169
153;9
153;10
153;28
153;42
153;85
153;207
154;9
154;10
154;20
154;57
154;84
154;175
155;9
155;10
155;20
155;50
155;84
155;166
156;9
156;10
156;20
156;42
156;85
156;160
157;9
157;10
157;20
157;42
157;127
157;192
158;9
158;10
158;20
158;42
158;85
158;169
159;9
159;10
159;28
159;50
159;82
159;171
160;9
160;10
160;28
160;50
160;92
160;164
161;9
161;10
161;28
161;50
161;141
161;214
162;9
162;10
162;37
162;43
162;83
162;168
163;8
163;10
163;37
163;40
163;115
163;167
164;6
164;18
164;37
164;43
164;103
164;171
165;5
165;19
165;28
165;48
165;82
165;198
166;5
166;19
166;28
166;48
166;85
166;181
167;4
167;19
167;28
167;42
167;127
167;160
168;3
168;19
168;28
168;47
168;85
168;212
169;0
169;19
169;37
169;48
169;127
169;250
170;0
170;19
170;37
170;48
170;92
170;304
171;1
171;19
171;28
171;42
171;127
171;221
172;8
172;19
172;38
172;42
172;142
172;321
173;2
173;19
173;28
173;42
173;127
173;462
174;1
174;19
174;28
174;48
174;85
174;495
175;8
175;19
175;28
175;48
175;127
175;486
176;8
176;19
176;20
176;48
176;91
176;168
177;0
177;19
177;34
177;48
177;85
177;160
178;1
178;19
178;28
178;48
178;90
178;168
179;9
179;19
179;28
179;48
179;85
179;168
180;0
180;19
180;28
180;48
180;85
180;163
181;0
181;18
181;38
181;50
181;80
181;160
182;0
182;19
182;34
182;50
182;82
182;253
183;7
183;19
183;34
183;48
183;85
183;183
184;1
184;19
184;34
184;57
184;86
184;170
185;5
185;19
185;34
185;57
185;149
185;170
186;5
186;14
186;21
186;50
186;157
186;272
187;1
187;13
187;27
187;41
187;148
187;272
188;8
188;19
188;29
188;56
188;80
188;511
189;6
189;13
189;30
189;60
189;159
189;160
190;7
190;13
190;38
190;52
190;80
190;181
191;6
191;13
191;38
191;54
191;157
191;161
192;6
192;19
192;26
192;52
192;102
192;259
193;6
193;11
193;25
193;50
193;101
193;272
194;7
194;13
194;25
194;50
194;80
194;177
195;1
195;19
195;25
195;51
195;90
195;177
196;1
196;19
196;22
196;46
196;91
196;272
197;7
197;13
197;37
197;57
197;90
197;259
198;6
198;13
198;22
198;45
198;90
198;336
199;6
199;13
199;22
199;45
199;90
199;338
200;6
200;19
200;26
200;53
200;132
200;266
201;4
201;19
201;26
201;51
201;129
201;285
202;5
202;19
202;23
202;57
202;90
202;280
203;5
203;19
203;38
203;45
203;90
203;183
204;5
204;13
204;38
204;45
204;90
204;266
205;5
205;17
205;38
205;45
205;89
205;169
206;9
206;19
206;30
206;74
206;94
206;167
207;9
207;12
207;30
207;57
207;84
207;271
208;6
208;16
208;30
208;45
208;89
208;288
209;1
209;15
209;30
209;44
209;105
209;409
210;8
210;14
210;38
210;74
210;80
210;168
211;0
211;15
211;38
211;57
211;155
211;493
212;5
212;10
212;20
212;52
212;102
212;178
213;5
213;11
213;27
213;55
213;82
213;167
214;5
214;10
214;20
214;53
214;83
214;164
215;5
215;11
215;25
215;76
215;151
215;176
216;0
216;19
216;25
216;50
216;101
216;176
217;9
217;10
217;26
217;57
217;81
217;166
218;8
218;11
218;25
218;50
218;150
218;225
219;0
219;19
219;26
219;51
219;103
219;260
220;9
220;11
220;21
220;43
220;85
220;166
221;5
221;10
221;23
221;50
221;136
221;204
222;9
222;10
222;23
222;46
222;93
222;185
223;5
223;10
223;23
223;51
223;159
223;257
224;8
224;19
224;25
224;51
224;102
224;177
225;0
225;19
225;20
225;51
225;154
225;171
226;5
226;12
226;38
226;51
226;151
226;177
227;5
227;19
227;38
227;50
227;90
227;182
228;5
228;19
228;38
228;50
228;139
228;174
229;9
229;19
229;39
229;74
229;80
229;167
230;8
230;10
230;30
230;50
230;121
230;285
231;9
231;10
231;30
231;50
231;140
231;403
232;6
232;17
232;38
232;44
232;120
232;294
233;7
233;14
233;22
233;52
233;139
233;168
234;8
234;13
234;20
234;41
234;80
234;238
235;9
235;17
235;21
235;42
235;85
235;235
236;5
236;19
236;28
236;56
236;85
236;169
237;9
237;10
237;38
237;51
237;129
237;235
238;5
238;10
238;25
238;50
238;99
238;173
239;6
239;19
239;26
239;51
239;128
239;179
240;0
240;19
240;38
240;50
240;99
240;407
241;4
241;13
241;25
241;75
241;80
241;167
242;9
242;19
242;38
242;51
242;125
242;177
243;5
243;19
243;38
243;50
243;101
243;176
244;5
244;19
244;21
244;50
244;83
244;252
245;9
245;19
245;28
245;51
245;96
245;218
246;9
246;10
246;22
246;45
246;89
246;178
247;5
247;19
247;23
247;45
247;158
247;272
248;9
248;19
248;26
248;52
248;133
248;275
249;1
249;19
249;25
249;51
249;153
249;280
250;4
250;19
250;22
250;50
250;90
250;166
251;5
251;17
251;38
251;50
251;146
251;172
252;5
252;19
252;38
252;51
252;83
252;265
253;5
253;16
253;33
253;74
253;83
253;256
254;7
254;16
254;21
254;51
254;122
254;246
255;4
255;19
255;20
255;42
255;82
255;182
256;5
256;19
256;21
256;42
256;85
256;169
257;8
257;19
257;39
257;74
257;80
257;167
258;9
258;18
258;26
258;52
258;103
258;206
259;5
259;19
259;38
259;55
259;137
259;164
260;5
260;11
260;27
260;54
260;159
260;160
261;9
261;10
261;26
261;52
261;103
261;258
262;5
262;10
262;25
262;51
262;102
262;203
263;9
263;19
263;24
263;50
263;101
263;511
264;8
264;14
264;25
264;74
264;80
264;502
265;8
265;10
265;22
265;44
265;89
265;288
266;9
266;19
266;22
266;45
266;90
266;203
267;9
267;10
267;22
267;56
267;88
267;173
268;5
268;10
268;23
268;46
268;92
268;202
269;9
269;10
269;23
269;46
269;91
269;228
270;5
270;10
270;22
270;48
270;81
270;166
271;9
271;19
271;25
271;48
271;100
271;173
272;0
272;19
272;28
272;48
272;123
272;459
273;5
273;19
273;28
273;48
273;85
273;162
274;5
274;19
274;28
274;48
274;144
274;200
275;5
275;19
275;38
275;48
275;153
275;163
276;8
276;15
276;20
276;74
276;80
276;168
277;0
277;16
277;32
277;65
277;145
277;161
278;5
278;17
278;33
278;50
278;85
278;273
279;6
279;17
279;28
279;46
279;147
279;165
280;5
280;19
280;28
280;75
280;80
280;167
281;5
281;19
281;31
281;62
281;93
281;217
282;7
282;13
282;25
282;57
282;130
282;166
283;6
283;13
283;25
283;45
283;93
283;164
284;6
284;12
284;29
284;58
284;85
284;169
285;6
285;13
285;30
285;60
285;90
285;358
286;6
286;19
286;30
286;60
286;90
286;179
287;0
287;16
287;30
287;60
287;90
287;179
288;6
288;18
288;28
288;74
288;80
288;165
289;2
289;19
289;29
289;58
289;87
289;179
290;5
290;16
290;29
290;59
290;88
290;178
291;6
291;13
291;25
291;57
291;84
291;167
292;7
292;12
292;38
292;56
292;85
292;256
293;6
293;13
293;25
293;52
293;80
293;440
294;5
294;19
294;26
294;52
294;85
294;205
295;0
295;19
295;24
295;52
295;101
295;454
296;1
296;18
296;26
296;51
296;128
296;280
297;5
297;19
297;22
297;50
297;90
297;276
298;5
298;18
298;38
298;45
298;128
298;168
299;5
299;12
299;38
299;45
299;85
299;257
300;1
300;19
300;20
300;73
300;155
300;228
301;6
301;19
301;22
301;57
301;121
301;248
302;1
302;19
302;23
302;46
302;92
302;229
303;4
303;19
303;25
303;45
303;129
303;251
304;9
304;19
304;39
304;74
304;80
304;167
305;6
305;13
305;25
305;40
305;80
305;456
306;5
306;10
306;20
306;45
306;82
306;163
307;5
307;11
307;27
307;53
307;82
307;160
308;5
308;10
308;25
308;50
308;152
308;202
309;4
309;10
309;26
309;52
309;129
309;182
310;0
310;19
310;26
310;52
310;128
310;231
311;9
311;10
311;22
311;73
311;81
311;167
312;9
312;19
312;22
312;50
312;90
312;249
313;0
313;19
313;38
313;45
313;87
313;173
314;5
314;10
314;20
314;45
314;82
314;172
315;5
315;10
315;22
315;45
315;90
315;203
316;5
316;10
316;25
316;51
316;102
316;177
317;5
317;14
317;20
317;45
317;135
317;282
318;9
318;19
318;20
318;51
318;84
318;280
319;0
319;19
319;20
319;50
319;90
319;282
320;5
320;19
320;38
320;50
320;134
320;306
321;5
321;19
321;38
321;45
321;158
321;166
322;7
322;12
322;38
322;45
322;147
322;166
323;9
323;15
323;38
323;74
323;80
323;167
324;5
324;10
324;20
324;51
324;158
324;232
325;0
325;19
325;21
325;42
325;85
325;256
326;4
326;19
326;20
326;45
326;134
326;247
327;3
327;16
327;20
327;74
327;80
327;474
328;7
328;19
328;21
328;45
328;154
328;380
329;9
329;19
329;28
329;50
329;154
329;176
330;5
330;19
330;28
330;55
330;110
330;221
331;9
331;10
331;26
331;52
331;129
331;284
332;5
332;10
332;25
332;51
332;153
332;204
333;9
333;19
333;26
333;51
333;152
333;178
334;5
334;19
334;21
334;51
334;152
334;177
335;7
335;13
335;22
335;46
335;91
335;166
336;8
336;19
336;23
336;68
336;113
336;249
337;9
337;19
337;21
337;61
337;83
337;264
338;5
338;19
338;20
338;50
338;89
338;267
339;9
339;10
339;38
339;50
339;116
339;272
340;9
340;10
340;20
340;76
340;126
340;278
341;4
341;19
341;27
341;77
341;104
341;259
342;0
342;19
342;20
342;50
342;126
342;277
343;5
343;18
343;37
343;50
343;91
343;201
344;6
344;19
344;38
344;57
344;94
344;246
345;0
345;18
345;38
345;48
345;90
345;316
346;8
346;17
346;38
346;73
346;80
346;239
347;0
347;17
347;34
347;51
347;84
347;238
348;5
348;17
348;38
348;50
348;93
348;239
349;7
349;18
349;21
349;40
349;139
349;160
350;8
350;17
350;25
350;42
350;81
350;365
351;8
351;17
351;24
351;51
351;94
351;176
352;8
352;17
352;25
352;42
352;81
352;164
353;9
353;10
353;38
353;48
353;85
353;173
354;9
354;10
354;38
354;48
354;83
354;177
355;5
355;16
355;27
355;54
355;81
355;189
356;8
356;17
356;25
356;51
356;151
356;175
357;8
357;17
357;25
357;48
357;80
357;184
358;7
358;14
358;21
358;74
358;80
358;167
359;7
359;14
359;22
359;68
359;158
359;294
360;7
360;14
360;23
360;45
360;159
360;160
361;9
361;10
361;23
361;45
361;113
361;182
362;9
362;10
362;23
362;46
362;139
362;185
363;9
363;10
363;25
363;51
363;100
363;182
364;9
364;10
364;38
364;48
364;148
364;173
365;9
365;10
365;38
365;48
365;159
365;346
366;9
366;10
366;28
366;48
366;158
366;349
367;9
367;10
367;28
367;46
367;158
367;181
368;9
368;10
368;24
368;48
368;158
368;287
369;9
369;10
369;20
369;49
369;146
369;170
370;9
370;10
370;39
370;72
370;89
370;168
371;9
371;10
371;20
371;58
371;89
371;177
372;9
372;18
372;20
372;55
372;89
372;175
373;4
373;17
373;33
373;50
373;118
373;168
374;4
374;17
374;33
374;74
374;80
374;167
375;8
375;19
375;20
375;56
375;112
375;169
376;5
376;11
376;25
376;57
376;104
376;492
377;6
377;13
377;25
377;57
377;102
377;294
378;5
378;10
378;25
378;56
378;141
378;255
379;5
379;10
379;25
379;57
379;81
379;189
380;5
380;11
380;22
380;57
380;100
380;168
381;5
381;11
381;22
381;45
381;89
381;368
382;7
382;10
382;24
382;49
382;143
382;166
383;5
383;11
383;28
383;57
383;86
383;270
384;9
384;10
384;28
384;57
384;115
384;285
385;5
385;11
385;22
385;57
385;81
385;267
386;5
386;12
386;25
386;57
386;85
386;170
387;5
387;12
387;25
387;56
387;85
387;171
388;6
388;12
388;25
388;50
388;86
388;163
389;5
389;12
389;25
389;57
389;113
389;163
390;6
390;12
390;23
390;45
390;86
390;170
391;6
391;11
391;22
391;53
391;142
391;247
392;7
392;11
392;20
392;57
392;150
392;206
393;9
393;10
393;29
393;74
393;81
393;478
394;6
394;19
394;26
394;52
394;103
394;284
395;5
395;19
395;28
395;56
395;84
395;170
396;9
396;10
396;21
396;50
396;129
396;244
397;6
397;13
397;26
397;52
397;155
397;181
398;6
398;13
398;28
398;56
398;112
398;168
399;6
399;10
399;28
399;42
399;113
399;492
400;6
400;14
400;34
400;42
400;85
400;174
401;5
401;14
401;28
401;42
401;113
401;195
402;4
402;10
402;28
402;67
402;112
402;162
403;5
403;10
403;28
403;67
403;85
403;160
404;4
404;12
404;25
404;42
404;85
404;171
405;8
405;13
405;31
405;73
405;127
405;173
406;5
406;10
406;28
406;56
406;84
406;169
407;7
407;12
407;28
407;56
407;84
407;169
408;9
408;10
408;26
408;43
408;84
408;162
409;5
409;13
409;26
409;55
409;84
409;194
410;4
410;14
410;28
410;57
410;114
410;170
411;4
411;14
411;28
411;42
411;140
411;169
412;4
412;14
412;28
412;42
412;126
412;169
413;9
413;13
413;27
413;40
413;113
413;167
414;7
414;12
414;25
414;51
414;142
414;245
415;5
415;19
415;25
415;42
415;92
415;203
416;8
416;19
416;20
416;67
416;142
416;189
417;8
417;19
417;31
417;52
417;155
417;245
418;4
418;18
418;27
418;54
418;82
418;163
419;5
419;10
419;28
419;56
419;84
419;168
420;8
420;10
420;25
420;75
420;150
420;174
421;7
421;14
421;28
421;74
421;85
421;167
422;7
422;14
422;37
422;76
422;85
422;170
423;5
423;11
423;30
423;45
423;87
423;492
424;5
424;15
424;30
424;45
424;114
424;171
425;5
425;10
425;30
425;76
425;114
425;161
426;5
426;10
426;30
426;75
426;85
426;160
427;5
427;13
427;38
427;42
427;85
427;170
428;5
428;14
428;28
428;56
428;87
428;480
429;7
429;13
429;31
429;45
429;143
429;174
430;6
430;13
430;38
430;45
430;114
430;184
431;9
431;11
431;29
431;44
431;87
431;202
432;5
432;14
432;28
432;42
432;83
432;164
433;5
433;15
433;30
433;44
433;119
433;164
434;5
434;15
434;29
434;75
434;80
434;254
435;2
435;15
435;30
435;45
435;92
435;214
436;7
436;15
436;33
436;45
436;99
436;231
437;6
437;14
437;34
437;68
437;137
437;202
438;9
438;14
438;34
438;68
438;136
438;170
439;4
439;14
439;28
439;67
439;135
439;168
440;8
440;14
440;31
440;42
440;103
440;508
441;8
441;13
441;22
441;67
441;135
441;169
442;5
442;11
442;22
442;67
442;102
442;170
443;9
443;10
443;34
443;67
443;105
443;441
444;5
444;11
444;34
444;69
444;104
444;172
445;4
445;11
445;33
445;42
445;132
445;165
446;8
446;11
446;20
446;57
446;135
446;492
447;9
447;18
447;38
447;70
447;104
447;174
448;5
448;10
448;39
448;40
448;110
448;235
449;4
449;10
449;20
449;56
449;154
449;175
450;9
450;10
450;20
450;57
450;82
450;261
451;9
451;10
451;27
451;54
451;81
451;187
452;8
452;10
452;29
452;58
452;87
452;173
453;9
453;10
453;20
453;51
453;81
453;271
454;9
454;10
454;27
454;54
454;82
454;174
455;9
455;10
455;21
455;51
455;129
455;178
456;9
456;10
456;38
456;54
456;82
456;164
457;9
457;10
457;20
457;52
457;80
457;161
458;9
458;10
458;20
458;51
458;152
458;178
459;9
459;10
459;25
459;49
459;148
459;173
460;9
460;10
460;23
460;46
460;93
460;163
461;6
461;10
461;20
461;57
461;150
461;168
462;5
462;10
462;20
462;57
462;153
462;269
463;9
463;10
463;38
463;56
463;81
463;166
464;9
464;10
464;38
464;50
464;154
464;245
465;9
465;10
465;30
465;50
465;155
465;174
466;9
466;10
466;20
466;53
466;159
466;176
467;5
467;10
467;20
467;50
467;149
467;169
468;9
468;10
468;38
468;73
468;80
468;166
469;9
469;10
469;38
469;50
469;102
469;169
470;9
470;10
470;38
470;50
470;101
470;172
471;9
471;10
471;38
471;50
471;157
471;187
472;9
472;10
472;20
472;76
472;94
472;162
473;9
473;10
473;20
473;50
473;150
473;170
474;9
474;18
474;27
474;50
474;95
474;172
475;8
475;17
475;25
475;50
475;102
475;162
476;8
476;15
476;23
476;51
476;101
476;162
477;7
477;15
477;22
477;43
477;95
477;170
478;7
478;14
478;38
478;45
478;85
478;161
479;0
479;19
479;38
479;50
479;85
479;171
480;0
480;19
480;20
480;50
480;85
480;173
481;5
481;19
481;30
481;51
481;95
481;265
482;5
482;19
482;30
482;67
482;102
482;175
483;5
483;18
483;38
483;76
483;102
483;162
484;5
484;19
484;34
484;76
484;101
484;169
485;5
485;19
485;33
485;57
485;114
485;170
486;5
486;19
486;33
486;42
486;85
486;171
487;5
487;19
487;25
487;42
487;85
487;176
488;5
488;19
488;25
488;42
488;95
488;170
489;5
489;19
489;25
489;67
489;101
489;163
490;5
490;19
490;25
490;67
490;102
490;169
491;9
491;19
491;34
491;75
491;101
491;173
492;5
492;19
492;33
492;57
492;101
492;283
493;4
493;19
493;38
493;42
493;94
493;169
494;5
494;19
494;25
494;42
494;94
494;252
495;1
495;19
495;25
495;68
495;85
495;316
496;1
496;15
496;37
496;68
496;101
496;169
497;1
497;19
497;37
497;42
497;113
497;302
498;6
498;19
498;33
498;75
498;101
498;176
499;5
499;19
499;37
499;57
499;85
499;175
500;5
500;19
500;38
500;42
500;146
500;172
501;5
501;19
501;20
501;42
501;148
501;294
502;5
502;13
502;33
502;42
502;145
502;292
503;5
503;10
503;33
503;76
503;147
503;163
504;2
504;17
504;34
504;50
504;82
504;188
505;6
505;18
505;36
505;53
505;110
505;289
506;7
506;19
506;39
506;40
506;159
506;160
507;5
507;19
507;20
507;42
507;84
507;248
508;7
508;19
508;22
508;64
508;89
508;277
509;5
509;19
509;23
509;70
509;94
509;283
510;2
510;19
510;23
510;67
510;90
510;184
511;1
511;17
511;22
511;45
511;91
511;201
512;6
512;19
512;20
512;44
512;90
512;295
513;7
513;18
513;20
513;47
513;120
513;308
514;0
514;19
514;25
514;51
514;100
514;254
515;8
515;19
515;26
515;51
515;101
515;308
516;9
516;10
516;27
516;53
516;81
516;492
517;5
517;10
517;29
517;57
517;88
517;296
518;4
518;10
518;28
518;54
518;84
518;281
519;7
519;15
519;23
519;58
519;88
519;168
520;3
520;11
520;34
520;56
520;100
520;167
521;4
521;11
521;34
521;57
521;102
521;167
522;4
522;11
522;31
522;75
522;92
522;173
523;4
523;15
523;23
523;52
523;113
523;188
524;4
524;11
524;23
524;57
524;113
524;188
525;9
525;10
525;23
525;57
525;87
525;163
526;5
526;15
526;38
526;57
526;101
526;188
527;7
527;11
527;23
527;45
527;134
527;224
528;8
528;11
528;37
528;45
528;96
528;161
529;6
529;18
529;39
529;40
529;131
529;242
530;5
530;17
530;20
530;57
530;86
530;171
531;7
531;13
531;22
531;44
531;86
531;320
532;7
532;13
532;23
532;69
532;93
532;302
533;5
533;19
533;22
533;67
533;89
533;177
534;8
534;12
534;23
534;45
534;92
534;173
535;5
535;18
535;20
535;45
535;136
535;282
536;5
536;16
536;20
536;56
536;85
536;271
537;9
537;10
537;38
537;51
537;101
537;189
538;5
538;10
538;38
538;51
538;101
538;188
539;4
539;15
539;26
539;52
539;102
539;258
540;5
540;10
540;29
540;57
540;101
540;492
541;4
541;13
541;28
541;42
541;101
541;283
542;4
542;13
542;25
542;57
542;102
542;272
543;4
543;12
543;34
543;57
543;101
543;168
544;4
544;13
544;34
544;56
544;101
544;167
545;4
545;13
545;21
545;56
545;103
545;168
546;4
546;17
546;38
546;43
546;113
546;174
547;4
547;13
547;38
547;42
547;113
547;188
548;4
548;12
548;38
548;42
548;113
548;188
549;5
549;11
549;25
549;42
549;82
549;161
550;6
550;16
550;25
550;45
550;135
550;224
551;8
551;13
551;25
551;45
551;134
551;224
552;4
552;17
552;39
552;40
552;96
552;252
553;4
553;19
553;39
553;40
553;137
553;170
554;0
554;19
554;21
554;57
554;129
554;161
555;6
555;12
555;22
555;65
555;86
555;163
556;7
556;19
556;23
556;68
556;91
556;161
557;9
557;17
557;22
557;45
557;91
557;168
558;5
558;10
558;22
558;46
558;135
558;285
559;5
559;19
559;22
559;56
559;91
559;167
560;8
560;12
560;22
560;55
560;101
560;270
561;8
561;13
561;38
561;77
561;100
561;170
562;9
562;13
562;28
562;77
562;101
562;177
563;7
563;11
563;27
563;53
563;96
563;493
564;5
564;10
564;28
564;42
564;104
564;177
565;5
565;10
565;28
565;42
565;86
565;439
566;5
566;10
566;34
566;43
566;101
566;170
567;5
567;14
567;25
567;52
567;153
567;163
568;5
568;14
568;22
568;44
568;87
568;175
569;5
569;19
569;31
569;42
569;92
569;173
570;5
570;10
570;38
570;42
570;113
570;188
571;5
571;10
571;22
571;44
571;93
571;188
572;9
572;10
572;22
572;46
572;89
572;289
573;5
573;10
573;34
573;48
573;101
573;287
574;9
574;10
574;34
574;51
574;100
574;224
575;5
575;10
575;26
575;51
575;103
575;309
576;9
576;19
576;34
576;51
576;90
576;430
577;7
577;19
577;21
577;57
577;111
577;170
578;6
578;19
578;38
578;57
578;94
578;177
579;7
579;19
579;38
579;57
579;95
579;169
580;5
580;19
580;38
580;76
580;94
580;303
581;9
581;17
581;34
581;75
581;86
581;245
582;4
582;17
582;33
582;50
582;85
582;168
583;5
583;15
583;20
583;56
583;85
583;167
584;8
584;14
584;38
584;45
584;113
584;189
585;8
585;17
585;25
585;74
585;80
585;167
586;8
586;17
586;25
586;42
586;113
586;188
587;8
587;11
587;29
587;42
587;82
587;492
588;3
588;10
588;28
588;42
588;85
588;357
589;4
589;19
589;28
589;42
589;93
589;188
590;8
590;17
590;34
590;42
590;101
590;168
591;2
591;17
591;25
591;48
591;101
591;167
592;2
592;17
592;21
592;48
592;87
592;478
593;7
593;14
593;38
593;47
593;113
593;285
594;7
594;14
594;21
594;42
594;113
594;188
595;2
595;15
595;28
595;57
595;113
595;188
596;2
596;10
596;23
596;48
596;113
596;188
597;2
597;10
597;24
597;45
597;135
597;224
598;9
598;10
598;33
598;45
598;134
598;224
599;9
599;10
599;38
599;48
599;153
599;262
600;9
600;10
600;34
600;57
600;140
600;246
601;9
601;14
601;21
601;65
601;129
601;259
602;5
602;10
602;22
602;66
602;87
602;263
603;9
603;10
603;22
603;65
603;88
603;324
604;9
604;10
604;22
604;51
604;91
604;166
605;9
605;10
605;21
605;46
605;134
605;204
606;9
606;17
606;34
606;57
606;82
606;255
607;9
607;10
607;25
607;50
607;100
607;261
608;5
608;10
608;38
608;51
608;103
608;258
609;7
609;11
609;26
609;51
609;102
609;256
610;9
610;10
610;28
610;60
610;83
610;492
611;4
611;15
611;28
611;60
611;83
611;167
612;4
612;15
612;30
612;51
612;84
612;188
613;4
613;11
613;34
613;51
613;83
613;168
614;4
614;11
614;34
614;60
614;84
614;168
615;4
615;11
615;38
615;60
615;83
615;167
616;4
616;15
616;31
616;75
616;92
616;173
617;4
617;15
617;38
617;53
617;113
617;188
618;4
618;11
618;38
618;60
618;113
618;188
619;9
619;10
619;30
619;57
619;115
619;188
620;7
620;15
620;38
620;57
620;101
620;187
621;8
621;11
621;30
621;45
621;134
621;224
622;8
622;12
622;35
622;45
622;91
622;223
623;6
623;19
623;38
623;40
623;154
623;250
624;1
624;18
624;39
624;57
624;155
624;248
625;6
625;14
625;23
625;46
625;115
625;162
626;7
626;19
626;23
626;69
626;92
626;162
627;5
627;19
627;22
627;67
627;91
627;198
628;7
628;13
628;22
628;45
628;87
628;245
629;5
629;19
629;20
629;45
629;91
629;290
630;5
630;16
630;21
630;55
630;82
630;266
631;5
631;10
631;38
631;50
631;101
631;189
632;5
632;10
632;38
632;52
632;103
632;167
633;5
633;15
633;26
633;51
633;103
633;334
634;5
634;11
634;25
634;57
634;83
634;493
635;4
635;13
635;28
635;56
635;84
635;169
636;4
636;13
636;28
636;52
636;85
636;283
637;4
637;13
637;34
637;50
637;101
637;167
638;4
638;13
638;34
638;56
638;101
638;234
639;4
639;17
639;20
639;74
639;87
639;478
640;4
640;17
640;38
640;56
640;113
640;246
641;4
641;13
641;38
641;51
641;113
641;188
642;4
642;11
642;20
642;41
642;80
642;188
643;5
643;11
643;25
643;57
643;146
643;188
644;8
644;10
644;25
644;45
644;135
644;225
645;8
645;13
645;25
645;45
645;134
645;224
646;6
646;17
646;38
646;41
646;122
646;239
647;1
647;19
647;38
647;57
647;155
647;176
648;7
648;13
648;22
648;46
648;115
648;161
649;7
649;12
649;22
649;65
649;88
649;163
650;6
650;19
650;22
650;68
650;90
650;313
651;9
651;10
651;23
651;69
651;115
651;166
652;5
652;19
652;22
652;44
652;129
652;161
653;5
653;17
653;21
653;44
653;88
653;162
654;8
654;10
654;38
654;76
654;83
654;265
655;5
655;13
655;38
655;78
655;130
655;181
656;9
656;13
656;26
656;53
656;80
656;160
657;8
657;10
657;24
657;53
657;81
657;162
658;6
658;19
658;25
658;50
658;82
658;202
659;5
659;10
659;25
659;52
659;104
659;308
660;5
660;10
660;34
660;51
660;101
660;168
661;5
661;14
661;27
661;53
661;80
661;161
662;5
662;14
662;25
662;51
662;99
662;177
663;5
663;10
663;23
663;45
663;89
663;173
664;5
664;19
664;23
664;45
664;113
664;180
665;5
665;19
665;22
665;44
665;113
665;188
666;4
666;10
666;22
666;47
666;91
666;160
667;5
667;10
667;23
667;46
667;91
667;250
668;9
668;10
668;25
668;51
668;102
668;224
669;5
669;14
669;25
669;51
669;102
669;280
670;0
670;19
670;25
670;50
670;101
670;355
671;6
671;19
671;33
671;57
671;102
671;169
672;5
672;18
672;20
672;51
672;102
672;176
673;5
673;19
673;38
673;57
673;94
673;169
674;7
674;19
674;38
674;76
674;94
674;262
675;6
675;19
675;38
675;75
675;93
675;174
676;5
676;19
676;38
676;76
676;85
676;265
677;4
677;18
677;38
677;76
677;94
677;265
678;8
678;19
678;38
678;76
678;113
678;188
679;8
679;17
679;38
679;72
679;80
679;167
680;8
680;19
680;20
680;43
680;86
680;493
681;5
681;10
681;28
681;48
681;80
681;188
682;5
682;18
682;28
682;42
682;86
682;188
683;5
683;19
683;20
683;41
683;101
683;169
684;2
684;17
684;25
684;50
684;100
684;168
685;2
685;17
685;25
685;42
685;101
685;167
686;2
686;14
686;21
686;74
686;89
686;173
687;7
687;14
687;38
687;42
687;113
687;188
688;7
688;14
688;21
688;42
688;113
688;188
689;3
689;10
689;20
689;57
689;80
689;160
690;2
690;10
690;24
690;47
690;114
690;188
691;9
691;10
691;23
691;45
691;135
691;224
692;9
692;10
692;28
692;48
692;134
692;224
693;9
693;10
693;28
693;48
693;134
693;223
694;9
694;10
694;28
694;57
694;134
694;223
695;9
695;11
695;24
695;42
695;82
695;169
696;5
696;10
696;20
696;50
696;87
696;169
697;9
697;10
697;20
697;50
697;134
697;270
698;9
698;10
698;31
698;75
698;155
698;173
699;9
699;10
699;34
699;56
699;80
699;185
700;9
700;10
700;34
700;57
700;131
700;368
701;9
701;10
701;33
701;65
701;131
701;496
702;5
702;10
702;35
702;68
702;101
702;167
703;8
703;11
703;33
703;57
703;131
703;193
704;8
704;10
704;36
704;72
704;108
704;492
705;4
705;13
705;34
705;68
705;136
705;238
706;6
706;13
706;28
706;44
706;142
706;260
707;6
707;13
707;31
707;61
707;153
707;276
708;5
708;10
708;21
708;71
708;107
708;482
709;5
709;13
709;30
709;61
709;153
709;276
710;8
710;12
710;31
710;63
710;93
710;245
711;5
711;11
711;27
711;61
711;131
711;491
712;5
712;10
712;27
712;55
712;83
712;166
713;5
713;10
713;29
713;58
713;145
713;174
714;6
714;10
714;29
714;57
714;85
714;170
715;6
715;13
715;27
715;57
715;84
715;169
716;5
716;19
716;28
716;56
716;84
716;169
717;5
717;11
717;27
717;53
717;159
717;172
718;1
718;17
718;26
718;52
718;103
718;257
719;4
719;19
719;26
719;51
719;102
719;257
720;5
720;19
720;25
720;50
720;101
720;252
721;8
721;19
721;22
721;44
721;86
721;171
722;5
722;10
722;22
722;44
722;158
722;285
723;5
723;19
723;25
723;50
723;144
723;171
724;9
724;10
724;24
724;51
724;126
724;279
725;5
725;10
725;25
725;77
725;87
725;183
726;5
726;10
726;27
726;75
726;94
726;167
727;9
727;10
727;32
727;52
727;102
727;492
728;5
728;10
728;27
728;54
728;80
728;162
729;4
729;10
729;28
729;55
729;84
729;303
730;5
730;10
730;27
730;54
730;81
730;162
731;4
731;19
731;21
731;53
731;83
731;161
732;5
732;10
732;27
732;54
732;81
732;162
733;9
733;10
733;26
733;73
733;88
733;245
734;5
734;10
734;26
734;52
734;129
734;179
735;5
735;19
735;25
735;52
735;83
735;258
736;9
736;11
736;20
736;48
736;139
736;259
737;5
737;11
737;20
737;44
737;159
737;271
738;5
738;10
738;22
738;44
738;87
738;174
739;5
739;13
739;20
739;44
739;115
739;264
740;5
740;19
740;26
740;52
740;103
740;257
741;5
741;19
741;25
741;50
741;126
741;176
742;4
742;10
742;22
742;52
742;156
742;160
743;5
743;19
743;25
743;50
743;151
743;160
744;4
744;19
744;25
744;51
744;103
744;281
745;9
745;12
745;31
745;75
745;155
745;245
746;5
746;10
746;23
746;48
746;141
746;168
747;5
747;17
747;24
747;72
747;97
747;170
748;9
748;10
748;24
748;46
748;89
748;163
749;5
749;10
749;39
749;74
749;80
749;167
750;5
750;12
750;24
750;73
750;145
750;353
751;5
751;10
751;27
751;55
751;82
751;162
752;5
752;10
752;25
752;54
752;82
752;162
753;5
753;10
753;27
753;53
753;159
753;160
754;9
754;10
754;20
754;54
754;82
754;162
755;5
755;10
755;26
755;52
755;103
755;264
756;5
756;19
756;21
756;50
756;99
756;274
757;7
757;13
757;20
757;58
757;154
757;174
758;5
758;10
758;25
758;53
758;159
758;184
759;5
759;12
759;20
759;57
759;110
759;160
760;5
760;10
760;23
760;47
760;139
760;247
761;9
761;10
761;26
761;52
761;105
761;262
762;9
762;10
762;23
762;47
762;86
762;274
763;6
763;17
763;25
763;52
763;138
763;169
764;0
764;19
764;20
764;45
764;82
764;164
765;6
765;18
765;20
765;47
765;155
765;173
766;1
766;18
766;37
766;73
766;147
766;165
767;0
767;19
767;20
767;56
767;131
767;206
768;9
768;18
768;31
768;73
768;88
768;508
769;5
769;17
769;34
769;51
769;85
769;285
770;5
770;19
770;20
770;59
770;157
770;175
771;9
771;10
771;25
771;49
771;139
771;161
772;8
772;17
772;25
772;42
772;95
772;257
773;8
773;17
773;25
773;75
773;100
773;275
774;9
774;17
774;25
774;42
774;81
774;492
775;9
775;10
775;28
775;56
775;151
775;364
776;5
776;10
776;26
776;51
776;155
776;181
777;5
777;17
777;25
777;50
777;100
777;284
778;8
778;17
778;25
778;50
778;101
778;176
779;8
779;17
779;25
779;54
779;136
779;161
780;7
780;14
780;31
780;75
780;152
780;173
781;7
781;14
781;23
781;44
781;147
781;170
782;7
782;14
782;21
782;42
782;155
782;254
783;9
783;10
783;23
783;46
783;91
783;252
784;9
784;10
784;23
784;45
784;90
784;179
785;9
785;10
785;22
785;45
785;90
785;269
786;9
786;10
786;25
786;50
786;125
786;297
787;9
787;10
787;23
787;48
787;142
787;295
788;9
788;10
788;24
788;50
788;125
788;166
789;9
789;10
789;24
789;42
789;83
789;180
790;9
790;10
790;20
790;50
790;90
790;169
791;9
791;10
791;20
791;50
791;90
791;258
792;5
792;10
792;32
792;75
792;155
792;245
793;9
793;10
793;20
793;58
793;146
793;388
794;9
794;18
794;22
794;55
794;139
794;176
795;4
795;10
795;30
795;60
795;148
795;268
796;5
796;11
796;39
796;74
796;80
796;167
797;8
797;11
797;29
797;56
797;82
797;254
798;5
798;11
798;30
798;45
798;88
798;492
799;4
799;14
799;29
799;59
799;88
799;294
800;4
800;13
800;28
800;56
800;85
800;281
801;3
801;10
801;28
801;56
801;85
801;282
802;3
802;10
802;21
802;57
802;141
802;280
803;3
803;10
803;28
803;57
803;90
803;378
804;3
804;13
804;28
804;55
804;83
804;285
805;3
805;10
805;28
805;56
805;84
805;168
806;3
806;10
806;25
806;50
806;152
806;278
807;5
807;13
807;38
807;45
807;83
807;170
808;6
808;13
808;25
808;51
808;152
808;279
809;6
809;13
809;26
809;51
809;102
809;254
810;4
810;18
810;24
810;50
810;100
810;295
811;8
811;19
811;23
811;46
811;137
811;298
812;1
812;19
812;22
812;45
812;133
812;201
813;0
813;19
813;22
813;46
813;159
813;428
814;5
814;18
814;22
814;44
814;133
814;266
815;8
815;19
815;22
815;45
815;80
815;173
816;5
816;10
816;22
816;43
816;151
816;173
817;5
817;17
817;21
817;43
817;149
817;171
818;9
818;10
818;21
818;42
818;129
818;174
819;5
819;10
819;21
819;43
819;86
819;256
820;4
820;19
820;21
820;42
820;86
820;258
821;8
821;10
821;20
821;42
821;82
821;492
822;4
822;19
822;20
822;45
822;135
822;251
823;4
823;19
823;20
823;45
823;134
823;249
824;5
824;19
824;38
824;40
824;129
824;245
825;3
825;19
825;37
825;56
825;94
825;245
826;3
826;18
826;36
826;50
826;110
826;284
827;3
827;11
827;31
827;73
827;155
827;173
828;3
828;17
828;34
828;50
828;135
828;203
829;3
829;16
829;38
829;45
829;81
829;245
830;5
830;11
830;20
830;50
830;83
830;253
831;4
831;16
831;38
831;51
831;85
831;255
832;5
832;10
832;20
832;50
832;99
832;247
833;8
833;10
833;20
833;51
833;85
833;294
834;5
834;19
834;20
834;51
834;155
834;163
835;0
835;19
835;38
835;51
835;86
835;176
836;5
836;19
836;38
836;45
836;83
836;175
837;5
837;17
837;38
837;45
837;83
837;270
838;6
838;19
838;38
838;45
838;81
838;163
839;9
839;10
839;31
839;56
839;155
839;285
840;5
840;10
840;20
840;50
840;82
840;173
841;5
841;19
841;28
841;57
841;85
841;171
842;5
842;10
842;29
842;57
842;86
842;201
843;5
843;19
843;21
843;74
843;80
843;170
844;5
844;14
844;28
844;44
844;92
844;266
845;5
845;11
845;28
845;50
845;84
845;170
846;5
846;11
846;25
846;50
846;149
846;273
847;9
847;10
847;23
847;51
847;101
847;280
848;2
848;10
848;28
848;51
848;90
848;271
849;2
849;19
849;24
849;50
849;143
849;240
850;2
850;19
850;23
850;50
850;90
850;364
851;2
851;10
851;38
851;51
851;158
851;432
852;2
852;12
852;22
852;64
852;128
852;278
853;3
853;11
853;20
853;65
853;131
853;260
854;5
854;10
854;38
854;48
854;128
854;278
855;9
855;10
855;38
855;48
855;128
855;311
856;5
856;10
856;22
856;44
856;156
856;179
857;9
857;19
857;21
857;43
857;84
857;248
858;1
858;19
858;25
858;51
858;102
858;177
859;1
859;19
859;22
859;48
859;159
859;163
860;0
860;19
860;38
860;48
860;159
860;162
861;5
861;19
861;38
861;48
861;143
861;168
862;8
862;12
862;31
862;73
862;93
862;173
863;5
863;19
863;38
863;50
863;144
863;501
864;5
864;19
864;38
864;50
864;83
864;222
865;8
865;10
865;25
865;50
865;90
865;255
866;8
866;17
866;25
866;42
866;80
866;321
867;8
867;17
867;25
867;42
867;92
867;330
868;8
868;10
868;29
868;48
868;87
868;493
869;9
869;10
869;28
869;48
869;83
869;222
870;5
870;10
870;29
870;48
870;87
870;286
871;5
871;17
871;28
871;60
871;89
871;178
872;8
872;17
872;25
872;58
872;149
872;172
873;8
873;17
873;28
873;56
873;84
873;169
874;7
874;14
874;31
874;57
874;85
874;173
875;7
875;14
875;31
875;61
875;92
875;168
876;7
876;14
876;28
876;57
876;85
876;468
877;5
877;10
877;29
877;58
877;86
877;173
878;9
878;10
878;29
878;59
878;87
878;173
879;9
879;10
879;29
879;58
879;86
879;173
880;9
880;10
880;28
880;57
880;86
880;172
881;9
881;10
881;38
881;57
881;85
881;283
882;9
882;10
882;28
882;56
882;85
882;170
883;5
883;10
883;23
883;57
883;86
883;171
884;9
884;10
884;31
884;60
884;91
884;173
885;9
885;10
885;28
885;57
885;85
885;167
886;5
886;10
886;33
886;57
886;89
886;174
887;9
887;10
887;20
887;57
887;85
887;177
888;9
888;18
888;20
888;47
888;85
888;186
889;5
889;10
889;33
889;50
889;117
889;168
890;8
890;18
890;20
890;74
890;112
890;167
891;8
891;15
891;25
891;57
891;86
891;492
892;5
892;13
892;38
892;57
892;86
892;507
893;4
893;10
893;25
893;57
893;85
893;169
894;5
894;10
894;25
894;56
894;86
894;263
895;3
895;10
895;25
895;57
895;85
895;259
896;3
896;11
896;22
896;56
896;100
896;168
897;3
897;11
897;25
897;75
897;92
897;173
898;3
898;10
898;26
898;51
898;129
898;231
899;3
899;11
899;28
899;57
899;85
899;256
900;9
900;10
900;23
900;57
900;80
900;179
901;5
901;11
901;22
901;53
901;80
901;267
902;4
902;12
902;25
902;58
902;87
902;262
903;4
903;12
903;25
903;50
903;84
903;164
904;5
904;12
904;25
904;56
904;87
904;163
905;8
905;12
905;25
905;56
905;83
905;163
906;6
906;11
906;22
906;57
906;86
906;301
907;7
907;11
907;22
907;40
907;134
907;268
908;7
908;11
908;20
908;57
908;87
908;213
909;8
909;17
909;31
909;75
909;133
909;245
910;5
910;19
910;27
910;54
910;108
910;161
911;5
911;19
911;28
911;56
911;84
911;160
912;9
912;10
912;21
912;51
912;101
912;163
913;6
913;13
913;25
913;51
913;102
913;168
914;6
914;13
914;28
914;57
914;85
914;172
915;8
915;10
915;34
915;42
915;111
915;492
916;4
916;14
916;34
916;42
916;85
916;203
917;4
917;11
917;28
917;42
917;84
917;167
918;4
918;11
918;28
918;67
918;144
918;162
919;4
919;11
919;25
919;67
919;85
919;165
920;4
920;13
920;25
920;42
920;86
920;168
921;4
921;11
921;25
921;75
921;125
921;174
922;4
922;10
922;29
922;42
922;85
922;208
923;4
923;13
923;33
923;68
923;82
923;405
924;5
924;11
924;25
924;42
924;130
924;270
925;4
925;14
925;25
925;50
925;103
925;253
926;5
926;14
926;28
926;57
926;85
926;254
927;3
927;14
927;28
927;42
927;85
927;256
928;6
928;14
928;28
928;42
928;85
928;169
929;7
929;12
929;26
929;42
929;85
929;165
930;5
930;12
930;25
930;42
930;85
930;266
931;6
931;13
931;25
931;42
931;85
931;397
932;9
932;15
932;28
932;74
932;83
932;319
933;6
933;10
933;27
933;53
933;80
933;246
934;5
934;18
934;29
934;57
934;86
934;263
935;8
935;12
935;20
935;48
935;85
935;259
936;7
936;14
936;25
936;51
936;151
936;177
937;7
937;14
937;26
937;78
937;132
937;160
938;9
938;10
938;38
938;76
938;84
938;492
939;5
939;15
939;38
939;45
939;86
939;172
940;4
940;14
940;30
940;45
940;140
940;197
941;4
941;11
941;30
941;76
941;86
941;161
942;3
942;11
942;38
942;76
942;86
942;178
943;4
943;14
943;28
943;42
943;86
943;170
944;4
944;14
944;31
944;75
944;92
944;173
945;4
945;13
945;28
945;45
945;86
945;231
946;4
946;11
946;30
946;45
946;112
946;205
947;9
947;10
947;28
947;41
947;113
947;174
948;5
948;15
948;29
948;44
948;119
948;164
949;4
949;15
949;30
949;44
949;119
949;164
950;7
950;15
950;30
950;75
950;82
950;257
951;6
951;15
951;30
951;45
951;157
951;188
952;6
952;15
952;34
952;45
952;103
952;171
953;5
953;14
953;33
953;76
953;112
953;167
954;8
954;14
954;28
954;67
954;100
954;167
955;5
955;14
955;28
955;68
955;135
955;169
956;7
956;14
956;32
956;73
956;154
956;245
957;5
957;11
957;22
957;67
957;135
957;167
958;5
958;11
958;22
958;68
958;103
958;413
959;9
959;10
959;22
959;67
959;101
959;170
960;5
960;11
960;34
960;74
960;135
960;170
961;5
961;11
961;34
961;42
961;137
961;206
962;8
962;11
962;38
962;57
962;133
962;166
963;9
963;10
963;20
963;57
963;137
963;204
964;5
964;10
964;20
964;66
964;100
964;166
965;9
965;10
965;20
965;57
965;143
965;257
966;9
966;10
966;22
966;44
966;154
966;200
967;9
967;10
967;23
967;46
967;159
967;251
968;9
968;10
968;22
968;45
968;88
968;174
969;9
969;10
969;23
969;45
969;90
969;160
970;9
970;10
970;24
970;49
970;101
970;249
971;5
971;10
971;38
971;52
971;129
971;231
972;9
972;10
972;38
972;55
972;82
972;165
973;9
973;10
973;20
973;52
973;155
973;236
974;9
974;10
974;20
974;51
974;152
974;229
975;9
975;10
975;24
975;49
975;148
975;160
976;9
976;10
976;20
976;45
976;159
976;160
977;5
977;10
977;20
977;51
977;154
977;230
978;9
978;10
978;20
978;55
978;114
978;167
979;9
979;10
979;31
979;75
979;84
979;167
980;9
980;10
980;38
980;50
980;152
980;205
981;9
981;10
981;30
981;50
981;151
981;162
982;9
982;10
982;20
982;50
982;150
982;160
983;5
983;10
983;20
983;50
983;80
983;162
984;9
984;10
984;20
984;51
984;134
984;160
985;9
985;10
985;20
985;50
985;134
985;227
986;9
986;10
986;38
986;50
986;84
986;188
987;9
987;10
987;20
987;50
987;135
987;200
988;9
988;10
988;30
988;50
988;150
988;188
989;9
989;10
989;30
989;50
989;85
989;168
990;9
990;10
990;26
990;50
990;84
990;168
991;8
991;16
991;24
991;50
991;135
991;165
992;7
992;15
992;22
992;50
992;134
992;188
993;7
993;14
993;21
993;42
993;85
993;171
994;7
994;19
994;38
994;50
994;133
994;225
995;0
995;15
995;20
995;51
995;151
995;203
996;9
996;15
996;30
996;50
996;85
996;226
997;9
997;15
997;25
997;50
997;85
997;202
998;9
998;19
998;25
998;51
998;134
998;199
999;9
999;19
999;25
999;75
999;114
999;160
1000;9
1000;19
1000;25
1000;51
1000;85
1000;170
1001;9
1001;19
1001;25
1001;67
1001;134
1001;268
1002;9
1002;19
1002;25
1002;50
1002;151
1002;206
1003;9
1003;19
1003;20
1003;42
1003;84
1003;197
1004;9
1004;10
1004;20
1004;51
1004;85
1004;221
1005;9
1005;10
1005;25
1005;51
1005;151
1005;222
1006;9
1006;10
1006;25
1006;75
1006;85
1006;170
1007;9
1007;10
1007;25
1007;51
1007;86
1007;257
1008;9
1008;10
1008;25
1008;67
1008;135
1008;189
1009;9
1009;10
1009;25
1009;51
1009;136
1009;209
1010;9
1010;15
1010;25
1010;76
1010;86
1010;202
1011;9
1011;15
1011;25
1011;51
1011;136
1011;231
1012;9
1012;15
1012;25
1012;67
1012;85
1012;170
1013;9
1013;15
1013;25
1013;42
1013;85
1013;197
1014;9
1014;15
1014;20
1014;51
1014;84
1014;241
1015;9
1015;15
1015;20
1015;75
1015;135
1015;259
1016;9
1016;19
1016;20
1016;56
1016;144
1016;162
1017;2
1017;19
1017;25
1017;43
1017;157
1017;260
1018;8
1018;19
1018;25
1018;51
1018;81
1018;262
1019;9
1019;19
1019;25
1019;45
1019;86
1019;261
1020;5
1020;18
1020;25
1020;51
1020;88
1020;198
1021;6
1021;16
1021;36
1021;40
1021;143
1021;252
1022;9
1022;18
1022;39
1022;54
1022;154
1022;164
1023;9
1023;10
1023;23
1023;70
1023;116
1023;164
1024;9
1024;10
1024;22
1024;45
1024;89
1024;264
1025;9
1025;10
1025;23
1025;66
1025;89
1025;163
1026;9
1026;10
1026;23
1026;46
1026;94
1026;164
1027;9
1027;19
1027;22
1027;45
1027;94
1027;164
1028;9
1028;17
1028;21
1028;51
1028;117
1028;234
1029;9
1029;19
1029;25
1029;51
1029;103
1029;273
1030;9
1030;19
1030;25
1030;51
1030;102
1030;281
1031;9
1031;19
1031;26
1031;52
1031;103
1031;283
1032;9
1032;10
1032;28
1032;56
1032;80
1032;492
1033;4
1033;11
1033;28
1033;57
1033;103
1033;199
1034;4
1034;15
1034;38
1034;51
1034;103
1034;171
1035;4
1035;11
1035;34
1035;51
1035;101
1035;169
1036;4
1036;11
1036;34
1036;57
1036;101
1036;167
1037;4
1037;11
1037;23
1037;51
1037;102
1037;168
1038;4
1038;15
1038;32
1038;75
1038;114
1038;173
1039;4
1039;11
1039;23
1039;52
1039;113
1039;188
1040;4
1040;19
1040;38
1040;57
1040;113
1040;188
1041;5
1041;10
1041;38
1041;57
1041;86
1041;188
1042;6
1042;12
1042;38
1042;45
1042;80
1042;167
1043;8
1043;11
1043;23
1043;45
1043;134
1043;224
1044;8
1044;17
1044;36
1044;40
1044;87
1044;244
1045;6
1045;18
1045;37
1045;56
1045;148
1045;166
1046;0
1046;19
1046;21
1046;57
1046;89
1046;169
1047;5
1047;13
1047;22
1047;68
1047;89
1047;189
1048;7
1048;19
1048;23
1048;70
1048;91
1048;164
1049;1
1049;19
1049;22
1049;46
1049;90
1049;202
1050;7
1050;10
1050;22
1050;44
1050;90
1050;174
1051;5
1051;18
1051;23
1051;56
1051;91
1051;167
1052;5
1052;19
1052;20
1052;76
1052;85
1052;270
1053;5
1053;11
1053;38
1053;50
1053;100
1053;188
1054;5
1054;19
1054;26
1054;52
1054;101
1054;167
1055;5
1055;10
1055;27
1055;55
1055;102
1055;492
1056;5
1056;11
1056;30
1056;57
1056;89
1056;297
1057;4
1057;17
1057;26
1057;42
1057;102
1057;188
1058;4
1058;13
1058;26
1058;56
1058;101
1058;169
1059;4
1059;13
1059;34
1059;51
1059;100
1059;167
1060;4
1060;13
1060;37
1060;42
1060;102
1060;168
1061;4
1061;17
1061;21
1061;74
1061;88
1061;166
1062;4
1062;17
1062;38
1062;42
1062;113
1062;188
1063;4
1063;19
1063;38
1063;42
1063;113
1063;188
1064;4
1064;10
1064;20
1064;42
1064;80
1064;188
1065;5
1065;17
1065;25
1065;42
1065;113
1065;187
1066;8
1066;13
1066;25
1066;45
1066;135
1066;224
1067;8
1067;17
1067;34
1067;45
1067;121
1067;223
1068;6
1068;18
1068;39
1068;40
1068;146
1068;253
1069;5
1069;18
1069;39
1069;56
1069;148
1069;169
1070;6
1070;13
1070;22
1070;69
1070;90
1070;163
1071;7
1071;12
1071;23
1071;69
1071;93
1071;162
1072;6
1072;19
1072;22
1072;66
1072;86
1072;177
1073;8
1073;16
1073;22
1073;74
1073;81
1073;173
1074;5
1074;11
1074;22
1074;45
1074;86
1074;179
1075;5
1075;14
1075;28
1075;56
1075;87
1075;168
1076;8
1076;10
1076;38
1076;50
1076;127
1076;162
1077;8
1077;13
1077;25
1077;76
1077;101
1077;177
1078;9
1078;13
1078;27
1078;52
1078;80
1078;186
1079;9
1079;10
1079;27
1079;51
1079;103
1079;492
1080;5
1080;15
1080;28
1080;42
1080;127
1080;305
1081;5
1081;10
1081;28
1081;42
1081;104
1081;181
1082;5
1082;10
1082;28
1082;54
1082;101
1082;164
1083;5
1083;14
1083;25
1083;52
1083;153
1083;259
1084;5
1084;14
1084;23
1084;45
1084;90
1084;180
1085;5
1085;10
1085;38
1085;42
1085;113
1085;189
1086;5
1086;12
1086;38
1086;44
1086;113
1086;188
1087;5
1087;19
1087;23
1087;45
1087;92
1087;249
1088;4
1088;10
1088;28
1088;45
1088;89
1088;270
1089;9
1089;10
1089;34
1089;51
1089;102
1089;255
1090;9
1090;10
1090;25
1090;51
1090;102
1090;224
1091;5
1091;17
1091;22
1091;50
1091;103
1091;472
1092;0
1092;17
1092;25
1092;57
1092;102
1092;312
1093;1
1093;19
1093;37
1093;56
1093;93
1093;169
1094;5
1094;19
1094;38
1094;57
1094;81
1094;189
1095;7
1095;19
1095;39
1095;58
1095;93
1095;249
1096;6
1096;19
1096;38
1096;75
1096;94
1096;246
1097;6
1097;19
1097;38
1097;75
1097;86
1097;285
1098;5
1098;19
1098;38
1098;76
1098;85
1098;167
1099;8
1099;19
1099;20
1099;40
1099;85
1099;189
1100;5
1100;17
1100;38
1100;73
1100;113
1100;188
1101;8
1101;17
1101;20
1101;40
1101;80
1101;168
1102;8
1102;17
1102;27
1102;40
1102;89
1102;492
1103;5
1103;19
1103;20
1103;48
1103;90
1103;187
1104;5
1104;19
1104;28
1104;42
1104;93
1104;188
1105;5
1105;19
1105;20
1105;43
1105;101
1105;168
1106;2
1106;17
1106;25
1106;42
1106;100
1106;167
1107;2
1107;17
1107;20
1107;48
1107;101
1107;168
1108;2
1108;14
1108;31
1108;74
1108;88
1108;165
1109;7
1109;14
1109;38
1109;48
1109;113
1109;188
1110;7
1110;14
1110;21
1110;42
1110;113
1110;188
1111;9
1111;10
1111;21
1111;57
1111;80
1111;188
1112;2
1112;10
1112;23
1112;48
1112;113
1112;188
1113;9
1113;10
1113;23
1113;45
1113;134
1113;224
1114;9
1114;10
1114;34
1114;48
1114;111
1114;252
1115;9
1115;10
1115;37
1115;48
1115;146
1115;256
1116;9
1116;10
1116;39
1116;57
1116;142
1116;168
1117;9
1117;10
1117;22
1117;68
1117;113
1117;274
1118;9
1118;10
1118;23
1118;50
1118;91
1118;162
1119;9
1119;10
1119;22
1119;50
1119;89
1119;177
1120;9
1120;10
1120;22
1120;75
1120;88
1120;245
1121;9
1121;10
1121;34
1121;45
1121;134
1121;176
1122;9
1122;19
1122;20
1122;57
1122;84
1122;268
1123;4
1123;10
1123;25
1123;50
1123;100
1123;189
1124;5
1124;10
1124;25
1124;51
1124;101
1124;167
1125;8
1125;11
1125;26
1125;51
1125;102
1125;334
1126;5
1126;10
1126;38
1126;60
1126;88
1126;492
1127;4
1127;12
1127;29
1127;60
1127;83
1127;296
1128;7
1128;15
1128;30
1128;56
1128;102
1128;266
1129;4
1129;11
1129;34
1129;50
1129;101
1129;168
1130;4
1130;11
1130;34
1130;60
1130;151
1130;167
1131;4
1131;11
1131;38
1131;56
1131;151
1131;167
1132;4
1132;15
1132;38
1132;75
1132;113
1132;245
1133;4
1133;11
1133;38
1133;60
1133;113
1133;188
1134;4
1134;19
1134;38
1134;60
1134;113
1134;188
1135;5
1135;11
1135;38
1135;57
1135;152
1135;188
1136;6
1136;12
1136;38
1136;45
1136;135
1136;225
1137;7
1137;11
1137;30
1137;45
1137;134
1137;224
1138;7
1138;17
1138;38
1138;40
1138;121
1138;259
1139;6
1139;18
1139;39
1139;57
1139;151
1139;263
1140;1
1140;19
1140;21
1140;57
1140;109
1140;252
1141;5
1141;13
1141;22
1141;66
1141;86
1141;175
1142;5
1142;19
1142;23
1142;69
1142;91
1142;299
1143;8
1143;17
1143;22
1143;68
1143;93
1143;508
1144;5
1144;10
1144;23
1144;45
1144;89
1144;203
1145;5
1145;14
1145;22
1145;43
1145;85
1145;194
1146;9
1146;19
1146;20
1146;40
1146;83
1146;266
1147;5
1147;10
1147;38
1147;52
1147;103
1147;231
1148;5
1148;13
1148;26
1148;52
1148;105
1148;315
1149;9
1149;10
1149;31
1149;52
1149;104
1149;492
1150;4
1150;13
1150;29
1150;56
1150;104
1150;168
1151;4
1151;13
1151;21
1151;56
1151;85
1151;169
1152;8
1152;13
1152;34
1152;78
1152;101
1152;169
1153;4
1153;13
1153;34
1153;57
1153;101
1153;169
1154;4
1154;13
1154;37
1154;57
1154;101
1154;169
1155;4
1155;17
1155;31
1155;74
1155;87
1155;173
1156;4
1156;17
1156;38
1156;56
1156;113
1156;188
1157;4
1157;19
1157;38
1157;62
1157;113
1157;169
1158;8
1158;10
1158;20
1158;57
1158;80
1158;169
1159;5
1159;17
1159;25
1159;42
1159;101
1159;169
1160;8
1160;13
1160;25
1160;45
1160;134
1160;224
1161;8
1161;16
1161;38
1161;45
1161;134
1161;170
1162;6
1162;17
1162;38
1162;41
1162;80
1162;253
1163;1
1163;19
1163;20
1163;57
1163;129
1163;175
1164;7
1164;13
1164;22
1164;67
1164;91
1164;163
1165;9
1165;19
1165;23
1165;68
1165;91
1165;274
1166;7
1166;19
1166;23
1166;69
1166;92
1166;161
1167;9
1167;11
1167;22
1167;45
1167;155
1167;173
1168;5
1168;13
1168;23
1168;46
1168;92
1168;167
1169;5
1169;14
1169;20
1169;68
1169;90
1169;163
1170;8
1170;10
1170;38
1170;76
1170;87
1170;257
1171;9
1171;13
1171;26
1171;79
1171;131
1171;262
1172;8
1172;13
1172;25
1172;51
1172;153
1172;178
1173;5
1173;11
1173;28
1173;49
1173;107
1173;173
1174;5
1174;10
1174;26
1174;51
1174;80
1174;180
1175;5
1175;10
1175;28
1175;50
1175;151
1175;369
1176;5
1176;14
1176;34
1176;56
1176;100
1176;362
1177;5
1177;14
1177;26
1177;52
1177;107
1177;180
1178;5
1178;14
1178;25
1178;50
1178;150
1178;174
1179;5
1179;10
1179;22
1179;44
1179;156
1179;271
1180;5
1180;19
1180;22
1180;45
1180;132
1180;188
1181;5
1181;19
1181;20
1181;44
1181;150
1181;179
1182;5
1182;19
1182;22
1182;45
1182;88
1182;272
1183;9
1183;10
1183;28
1183;47
1183;99
1183;255
1184;9
1184;10
1184;28
1184;52
1184;103
1184;256
1185;6
1185;17
1185;26
1185;51
1185;103
1185;180
1186;4
1186;17
1186;24
1186;57
1186;102
1186;499
1187;7
1187;16
1187;26
1187;57
1187;103
1187;169
1188;5
1188;19
1188;38
1188;56
1188;95
1188;189
1189;5
1189;18
1189;37
1189;55
1189;92
1189;258
1190;8
1190;16
1190;32
1190;75
1190;89
1190;508
1191;5
1191;16
1191;32
1191;49
1191;86
1191;245
1192;5
1192;14
1192;28
1192;41
1192;85
1192;167
1193;8
1193;17
1193;39
1193;42
1193;113
1193;189
1194;5
1194;17
1194;38
1194;40
1194;113
1194;188
1195;8
1195;17
1195;25
1195;41
1195;113
1195;188
1196;8
1196;10
1196;28
1196;43
1196;83
1196;492
1197;9
1197;10
1197;28
1197;42
1197;149
1197;188
1198;5
1198;14
1198;28
1198;43
1198;113
1198;188
1199;5
1199;17
1199;34
1199;41
1199;101
1199;169
1200;2
1200;17
1200;25
1200;48
1200;100
1200;167
1201;2
1201;17
1201;26
1201;48
1201;150
1201;167
1202;7
1202;14
1202;31
1202;73
1202;113
1202;173
1203;7
1203;14
1203;38
1203;42
1203;113
1203;188
1204;7
1204;14
1204;20
1204;50
1204;151
1204;188
1205;9
1205;10
1205;21
1205;48
1205;151
1205;161
1206;2
1206;10
1206;23
1206;45
1206;151
1206;207
1207;9
1207;10
1207;24
1207;45
1207;134
1207;224
1208;9
1208;10
1208;34
1208;48
1208;151
1208;224
1209;9
1209;10
1209;28
1209;48
1209;133
1209;223
1210;9
1210;10
1210;28
1210;57
1210;132
1210;169
1211;6
1211;10
1211;23
1211;56
1211;132
1211;169
1212;9
1212;10
1212;20
1212;50
1212;150
1212;169
1213;9
1213;10
1213;20
1213;50
1213;80
1213;164
1214;5
1214;10
1214;33
1214;47
1214;154
1214;174
1215;9
1215;10
1215;28
1215;57
1215;82
1215;171
1216;9
1216;18
1216;33
1216;57
1216;117
1216;177
1217;5
1217;10
1217;20
1217;57
1217;134
1217;162
1218;5
1218;11
1218;39
1218;74
1218;80
1218;168
1219;8
1219;11
1219;23
1219;67
1219;135
1219;202
1220;7
1220;15
1220;38
1220;75
1220;151
1220;226
1221;9
1221;15
1221;38
1221;75
1221;151
1221;202
1222;7
1222;15
1222;22
1222;75
1222;151
1222;176
1223;8
1223;11
1223;22
1223;75
1223;151
1223;226
1224;7
1224;15
1224;22
1224;75
1224;151
1224;226
1225;9
1225;14
1225;23
1225;67
1225;134
1225;203
1226;7
1226;15
1226;22
1226;67
1226;135
1226;201
1227;6
1227;10
1227;38
1227;67
1227;134
1227;202
1228;9
1228;15
1228;22
1228;56
1228;104
1228;167
1229;8
1229;15
1229;38
1229;57
1229;134
1229;202
1230;7
1230;15
1230;23
1230;57
1230;135
1230;202
1231;8
1231;11
1231;22
1231;50
1231;101
1231;202
1232;6
1232;15
1232;22
1232;57
1232;113
1232;170
1233;6
1233;15
1233;38
1233;57
1233;113
1233;283
1234;0
1234;15
1234;38
1234;57
1234;113
1234;170
1235;0
1235;15
1235;38
1235;56
1235;113
1235;169
1236;0
1236;15
1236;38
1236;56
1236;113
1236;170
1237;8
1237;12
1237;38
1237;57
1237;102
1237;226
1238;1
1238;15
1238;22
1238;50
1238;101
1238;202
1239;0
1239;15
1239;22
1239;50
1239;101
1239;201
1240;6
1240;15
1240;22
1240;50
1240;151
1240;170
1241;0
1241;15
1241;22
1241;50
1241;101
1241;302
1242;1
1242;15
1242;38
1242;50
1242;101
1242;170
1243;8
1243;17
1243;25
1243;57
1243;113
1243;226
1244;8
1244;17
1244;25
1244;42
1244;85
1244;169
1245;8
1245;17
1245;25
1245;42
1245;85
1245;169
1246;8
1246;12
1246;25
1246;42
1246;85
1246;170
1247;4
1247;17
1247;38
1247;42
1247;85
1247;170
1248;0
1248;17
1248;38
1248;42
1248;85
1248;169
1249;8
1249;17
1249;38
1249;42
1249;113
1249;190
1250;8
1250;16
1250;38
1250;51
1250;151
1250;226
1251;4
1251;12
1251;38
1251;42
1251;113
1251;168
1252;8
1252;17
1252;25
1252;42
1252;123
1252;175
1253;5
1253;17
1253;25
1253;42
1253;151
1253;170
1254;8
1254;17
1254;25
1254;42
1254;128
1254;189
1255;4
1255;16
1255;25
1255;57
1255;100
1255;228
1256;7
1256;17
1256;25
1256;57
1256;100
1256;170
1257;0
1257;17
1257;37
1257;57
1257;100
1257;189
1258;1
1258;17
1258;37
1258;42
1258;100
1258;188
1259;9
1259;17
1259;38
1259;42
1259;112
1259;170
1260;9
1260;16
1260;25
1260;42
1260;100
1260;229
1261;6
1261;12
1261;25
1261;57
1261;133
1261;225
1262;5
1262;17
1262;25
1262;57
1262;134
1262;229
1263;9
1263;13
1263;20
1263;42
1263;82
1263;178
1264;8
1264;13
1264;38
1264;50
1264;113
1264;189
1265;8
1265;13
1265;28
1265;56
1265;84
1265;189
1266;7
1266;14
1266;28
1266;56
1266;84
1266;175
1267;9
1267;10
1267;28
1267;42
1267;84
1267;188
1268;9
1268;10
1268;28
1268;42
1268;100
1268;188
1269;9
1269;10
1269;28
1269;56
1269;85
1269;180
1270;6
1270;14
1270;28
1270;56
1270;84
1270;190
1271;5
1271;14
1271;28
1271;56
1271;84
1271;187
1272;9
1272;10
1272;28
1272;56
1272;113
1272;189
1273;9
1273;10
1273;28
1273;42
1273;113
1273;226
1274;9
1274;10
1274;28
1274;42
1274;84
1274;189
1275;8
1275;12
1275;28
1275;50
1275;103
1275;196
1276;5
1276;19
1276;28
1276;42
1276;84
1276;162
1277;9
1277;10
1277;34
1277;42
1277;150
1277;188
1278;5
1278;10
1278;28
1278;42
1278;100
1278;228
1279;9
1279;19
1279;28
1279;50
1279;101
1279;202
1280;3
1280;19
1280;28
1280;50
1280;101
1280;302
1281;5
1281;19
1281;28
1281;56
1281;113
1281;170
1282;9
1282;13
1282;28
1282;57
1282;113
1282;169
1283;1
1283;19
1283;34
1283;56
1283;113
1283;226
1284;6
1284;14
1284;22
1284;56
1284;131
1284;168
1285;4
1285;19
1285;38
1285;56
1285;132
1285;226
1286;5
1286;19
1286;21
1286;42
1286;106
1286;213
1287;8
1287;17
1287;25
1287;50
1287;132
1287;325
1288;8
1288;17
1288;25
1288;48
1288;95
1288;190
1289;8
1289;17
1289;25
1289;47
1289;133
1289;190
1290;8
1290;17
1290;28
1290;48
1290;100
1290;228
1291;9
1291;10
1291;28
1291;48
1291;100
1291;190
1292;8
1292;19
1292;28
1292;47
1292;100
1292;190
1293;8
1293;17
1293;25
1293;50
1293;113
1293;190
1294;8
1294;17
1294;25
1294;42
1294;113
1294;170
1295;9
1295;17
1295;21
1295;47
1295;113
1295;189
1296;7
1296;14
1296;21
1296;48
1296;113
1296;225
1297;7
1297;14
1297;21
1297;47
1297;113
1297;282
1298;7
1298;19
1298;28
1298;48
1298;112
1298;240
1299;9
1299;10
1299;23
1299;48
1299;112
1299;176
1300;9
1300;10
1300;23
1300;48
1300;112
1300;191
1301;9
1301;10
1301;20
1301;47
1301;113
1301;163
1302;9
1302;10
1302;34
1302;48
1302;100
1302;403
1303;9
1303;10
1303;34
1303;48
1303;100
1303;201
1304;9
1304;10
1304;28
1304;47
1304;100
1304;201
1305;9
1305;10
1305;20
1305;50
1305;113
1305;225
1306;9
1306;10
1306;34
1306;50
1306;113
1306;397
1307;9
1307;10
1307;34
1307;50
1307;128
1307;214
1308;9
1308;10
1308;34
1308;40
1308;140
1308;161
1309;9
1309;10
1309;34
1309;57
1309;134
1309;170
1310;9
1310;17
1310;34
1310;57
1310;134
1310;201
1311;8
1311;12
1311;34
1311;50
1311;134
1311;161
1312;7
1312;11
1312;34
1312;57
1312;134
1312;200
1313;4
1313;17
1313;37
1313;67
1313;135
1313;202
1314;7
1314;15
1314;30
1314;75
1314;151
1314;302
1315;8
1315;11
1315;38
1315;75
1315;132
1315;208
1316;7
1316;19
1316;38
1316;75
1316;100
1316;179
1317;7
1317;19
1317;38
1317;75
1317;113
1317;226
1318;5
1318;19
1318;38
1318;75
1318;100
1318;226
1319;8
1319;15
1319;23
1319;67
1319;135
1319;202
1320;7
1320;15
1320;23
1320;67
1320;135
1320;269
1321;6
1321;19
1321;20
1321;67
1321;134
1321;202
1322;7
1322;15
1322;31
1322;57
1322;103
1322;196
1323;7
1323;15
1323;38
1323;57
1323;150
1323;203
1324;7
1324;19
1324;30
1324;76
1324;150
1324;202
1325;8
1325;12
1325;30
1325;50
1325;101
1325;170
1326;6
1326;15
1326;38
1326;57
1326;100
1326;170
1327;6
1327;19
1327;38
1327;56
1327;100
1327;226
1328;8
1328;13
1328;25
1328;57
1328;101
1328;170
1329;8
1329;14
1329;27
1329;57
1329;113
1329;226
1330;6
1330;14
1330;28
1330;57
1330;100
1330;169
1331;7
1331;12
1331;30
1331;50
1331;101
1331;226
1332;9
1332;17
1332;30
1332;50
1332;134
1332;201
1333;7
1333;14
1333;30
1333;50
1333;134
1333;170
1334;7
1334;17
1334;33
1334;50
1334;134
1334;219
1335;7
1335;17
1335;33
1335;50
1335;134
1335;203
1336;7
1336;17
1336;38
1336;57
1336;150
1336;171
1337;8
1337;17
1337;25
1337;57
1337;134
1337;189
1338;9
1338;17
1338;25
1338;42
1338;85
1338;169
1339;8
1339;13
1339;25
1339;42
1339;100
1339;189
1340;6
1340;19
1340;38
1340;42
1340;100
1340;169
1341;4
1341;19
1341;38
1341;42
1341;113
1341;169
1342;9
1342;18
1342;21
1342;42
1342;100
1342;170
1343;8
1343;17
1343;38
1343;42
1343;134
1343;189
1344;8
1344;19
1344;38
1344;42
1344;134
1344;188
1345;6
1345;19
1345;38
1345;57
1345;113
1345;169
1346;4
1346;17
1346;25
1346;57
1346;150
1346;188
1347;8
1347;14
1347;25
1347;42
1347;150
1347;189
1348;8
1348;19
1348;25
1348;43
1348;150
1348;171
1349;6
1349;19
1349;25
1349;57
1349;100
1349;167
1350;0
1350;19
1350;20
1350;43
1350;100
1350;187
1351;9
1351;19
1351;20
1351;42
1351;100
1351;190
1352;9
1352;19
1352;37
1352;42
1352;113
1352;225
1353;9
1353;19
1353;38
1353;42
1353;112
1353;190
1354;8
1354;16
1354;25
1354;57
1354;113
1354;223
1355;5
1355;19
1355;28
1355;57
1355;85
1355;170
1356;0
1356;19
1356;28
1356;42
1356;134
1356;198
1357;8
1357;13
1357;25
1357;43
1357;134
1357;232
1358;8
1358;13
1358;38
1358;76
1358;101
1358;189
1359;9
1359;13
1359;28
1359;42
1359;150
1359;226
1360;8
1360;10
1360;28
1360;56
1360;100
1360;170
1361;9
1361;19
1361;28
1361;57
1361;100
1361;226
1362;9
1362;19
1362;28
1362;57
1362;100
1362;189
1363;5
1363;10
1363;38
1363;57
1363;100
1363;191
1364;5
1364;14
1364;28
1364;57
1364;113
1364;188
1365;5
1365;14
1365;28
1365;57
1365;113
1365;225
1366;9
1366;10
1366;20
1366;56
1366;134
1366;168
1367;9
1367;10
1367;28
1367;57
1367;134
1367;186
1368;9
1368;14
1368;28
1368;57
1368;134
1368;190
1369;4
1369;19
1369;28
1369;42
1369;112
1369;175
1370;5
1370;19
1370;28
1370;50
1370;150
1370;226
1371;9
1371;10
1371;28
1371;42
1371;150
1371;189
1372;5
1372;14
1372;28
1372;56
1372;100
1372;170
1373;9
1373;14
1373;28
1373;57
1373;100
1373;226
1374;7
1374;14
1374;28
1374;56
1374;100
1374;226
1375;7
1375;14
1375;28
1375;56
1375;113
1375;170
1376;7
1376;14
1376;28
1376;57
1376;113
1376;169
1377;7
1377;14
1377;28
1377;57
1377;113
1377;169
1378;6
1378;13
1378;28
1378;56
1378;134
1378;190
1379;3
1379;14
1379;28
1379;57
1379;134
1379;224
1380;9
1380;14
1380;28
1380;57
1380;113
1380;170
1381;8
1381;17
1381;25
1381;47
1381;95
1381;190
1382;8
1382;17
1382;25
1382;48
1382;150
1382;190
1383;8
1383;17
1383;20
1383;47
1383;150
1383;285
1384;9
1384;10
1384;28
1384;48
1384;100
1384;191
1385;9
1385;10
1385;28
1385;48
1385;100
1385;238
1386;7
1386;19
1386;28
1386;48
1386;100
1386;178
1387;8
1387;17
1387;25
1387;48
1387;113
1387;191
1388;8
1388;17
1388;25
1388;47
1388;100
1388;189
1389;9
1389;17
1389;21
1389;47
1389;113
1389;227
1390;7
1390;14
1390;21
1390;42
1390;112
1390;185
1391;7
1391;14
1391;21
1391;48
1391;113
1391;260
1392;7
1392;10
1392;28
1392;57
1392;134
1392;168
1393;9
1393;10
1393;23
1393;47
1393;150
1393;188
1394;9
1394;10
1394;23
1394;47
1394;150
1394;192
1395;9
1395;18
1395;28
1395;48
1395;115
1395;245
1396;9
1396;19
1396;20
1396;48
1396;100
1396;172
1397;9
1397;19
1397;20
1397;40
1397;100
1397;172
1398;9
1398;10
1398;23
1398;44
1398;131
1398;268
1399;9
1399;10
1399;22
1399;67
1399;89
1399;287
1400;9
1400;10
1400;22
1400;50
1400;90
1400;178
1401;9
1401;10
1401;23
1401;48
1401;90
1401;186
1402;9
1402;10
1402;22
1402;45
1402;89
1402;163
1403;9
1403;19
1403;20
1403;57
1403;89
1403;279
1404;4
1404;13
1404;25
1404;50
1404;105
1404;251
1405;8
1405;19
1405;25
1405;50
1405;101
1405;252
1406;8
1406;11
1406;25
1406;50
1406;100
1406;251
1407;9
1407;10
1407;37
1407;67
1407;83
1407;492
1408;4
1408;11
1408;29
1408;57
1408;103
1408;226
1409;4
1409;15
1409;38
1409;75
1409;101
1409;226
1410;4
1410;11
1410;34
1410;75
1410;102
1410;168
1411;4
1411;11
1411;34
1411;75
1411;113
1411;163
1412;4
1412;11
1412;38
1412;75
1412;150
1412;226
1413;4
1413;15
1413;38
1413;67
1413;113
1413;173
1414;4
1414;11
1414;38
1414;67
1414;113
1414;188
1415;4
1415;19
1415;37
1415;67
1415;151
1415;188
1416;5
1416;10
1416;38
1416;57
1416;151
1416;202
1417;6
1417;11
1417;38
1417;45
1417;151
1417;164
1418;8
1418;11
1418;23
1418;45
1418;134
1418;224
1419;7
1419;17
1419;35
1419;50
1419;101
1419;170
1420;6
1420;18
1420;36
1420;57
1420;145
1420;235
1421;6
1421;19
1421;22
1421;57
1421;135
1421;253
1422;1
1422;19
1422;22
1422;56
1422;85
1422;169
1423;2
1423;19
1423;22
1423;56
1423;91
1423;201
1424;0
1424;18
1424;22
1424;45
1424;93
1424;204
1425;7
1425;19
1425;21
1425;50
1425;92
1425;174
1426;5
1426;13
1426;23
1426;45
1426;93
1426;167
1427;5
1427;19
1427;23
1427;51
1427;90
1427;273
1428;5
1428;11
1428;38
1428;50
1428;101
1428;188
1429;5
1429;11
1429;25
1429;51
1429;101
1429;188
1430;5
1430;10
1430;38
1430;50
1430;102
1430;493
1431;5
1431;11
1431;29
1431;42
1431;101
1431;254
1432;4
1432;17
1432;25
1432;42
1432;102
1432;168
1433;4
1433;13
1433;25
1433;42
1433;101
1433;170
1434;4
1434;13
1434;37
1434;50
1434;100
1434;163
1435;4
1435;13
1435;33
1435;42
1435;102
1435;169
1436;4
1436;17
1436;30
1436;42
1436;86
1436;171
1437;4
1437;17
1437;38
1437;42
1437;113
1437;188
1438;4
1438;19
1438;38
1438;42
1438;113
1438;170
1439;4
1439;11
1439;20
1439;42
1439;80
1439;169
1440;5
1440;17
1440;25
1440;57
1440;103
1440;170
1441;8
1441;13
1441;25
1441;45
1441;134
1441;170
1442;8
1442;17
1442;35
1442;45
1442;86
1442;240
1443;6
1443;19
1443;39
1443;40
1443;156
1443;251
1444;0
1444;19
1444;22
1444;57
1444;90
1444;169
1445;6
1445;18
1445;21
1445;57
1445;90
1445;276
1446;8
1446;12
1446;22
1446;67
1446;89
1446;174
1447;7
1447;19
1447;22
1447;45
1447;86
1447;203
1448;8
1448;10
1448;31
1448;75
1448;91
1448;168
1449;5
1449;11
1449;22
1449;45
1449;90
1449;168
1450;5
1450;14
1450;22
1450;56
1450;87
1450;168
1451;8
1451;10
1451;38
1451;49
1451;98
1451;171
1452;8
1452;13
1452;38
1452;76
1452;97
1452;177
1453;9
1453;13
1453;26
1453;51
1453;97
1453;181
1454;9
1454;10
1454;30
1454;50
1454;82
1454;204
1455;5
1455;15
1455;28
1455;42
1455;103
1455;409
1456;5
1456;10
1456;28
1456;42
1456;151
1456;204
1457;5
1457;10
1457;26
1457;50
1457;102
1457;175
1458;5
1458;14
1458;26
1458;53
1458;157
1458;160
1459;5
1459;14
1459;23
1459;44
1459;90
1459;160
1460;5
1460;10
1460;23
1460;45
1460;113
1460;174
1461;5
1461;11
1461;38
1461;44
1461;113
1461;188
1462;5
1462;19
1462;22
1462;45
1462;90
1462;252
1463;4
1463;10
1463;23
1463;42
1463;92
1463;278
1464;9
1464;10
1464;34
1464;51
1464;101
1464;179
1465;9
1465;10
1465;25
1465;50
1465;102
1465;224
1466;6
1466;19
1466;20
1466;51
1466;101
1466;422
1467;7
1467;17
1467;25
1467;57
1467;101
1467;300
1468;1
1468;19
1468;38
1468;56
1468;95
1468;169
1469;7
1469;18
1469;37
1469;56
1469;82
1469;170
1470;7
1470;16
1470;33
1470;56
1470;82
1470;282
1471;6
1471;15
1471;38
1471;77
1471;86
1471;478
1472;6
1472;14
1472;38
1472;57
1472;86
1472;285
1473;5
1473;13
1473;39
1473;57
1473;86
1473;167
1474;8
1474;17
1474;20
1474;56
1474;85
1474;189
1475;5
1475;17
1475;38
1475;48
1475;113
1475;188
1476;8
1476;17
1476;25
1476;75
1476;93
1476;167
1477;8
1477;17
1477;28
1477;48
1477;89
1477;492
1478;5
1478;10
1478;28
1478;48
1478;83
1478;187
1479;5
1479;10
1479;28
1479;42
1479;150
1479;190
1480;5
1480;17
1480;26
1480;48
1480;102
1480;169
1481;2
1481;17
1481;25
1481;50
1481;112
1481;176
1482;2
1482;17
1482;25
1482;47
1482;126
1482;169
1483;2
1483;14
1483;31
1483;73
1483;88
1483;173
1484;7
1484;14
1484;38
1484;47
1484;113
1484;188
1485;7
1485;14
1485;21
1485;48
1485;113
1485;188
1486;9
1486;10
1486;20
1486;57
1486;150
1486;162
1487;2
1487;10
1487;23
1487;47
1487;151
1487;188
1488;9
1488;10
1488;23
1488;45
1488;134
1488;224
1489;9
1489;10
1489;34
1489;48
1489;89
1489;249
1490;9
1490;10
1490;21
1490;42
1490;159
1490;169
1491;9
1491;10
1491;23
1491;57
1491;116
1491;257
1492;9
1492;10
1492;22
1492;45
1492;88
1492;287
1493;5
1493;10
1493;23
1493;50
1493;90
1493;307
1494;9
1494;10
1494;23
1494;50
1494;89
1494;203
1495;9
1495;10
1495;22
1495;44
1495;89
1495;173
1496;9
1496;10
1496;22
1496;45
1496;135
1496;168
1497;9
1497;19
1497;20
1497;57
1497;86
1497;268
1498;4
1498;10
1498;38
1498;52
1498;113
1498;189
1499;5
1499;10
1499;38
1499;52
1499;103
1499;167
1500;8
1500;11
1500;26
1500;51
1500;102
1500;231
1501;5
1501;10
1501;28
1501;60
1501;82
1501;492
1502;4
1502;12
1502;30
1502;76
1502;89
1502;226
1503;7
1503;15
1503;30
1503;75
1503;151
1503;226
1504;4
1504;11
1504;34
1504;50
1504;151
1504;176
1505;4
1505;11
1505;38
1505;75
1505;151
1505;160
1506;4
1506;11
1506;38
1506;75
1506;151
1506;226
1507;4
1507;15
1507;38
1507;67
1507;113
1507;174
1508;4
1508;11
1508;26
1508;52
1508;102
1508;188
1509;4
1509;19
1509;28
1509;56
1509;113
1509;188
1510;5
1510;11
1510;38
1510;57
1510;135
1510;188
1511;6
1511;12
1511;38
1511;45
1511;134
1511;225
1512;7
1512;11
1512;38
1512;45
1512;142
1512;164
1513;7
1513;19
1513;36
1513;57
1513;113
1513;170
1514;6
1514;18
1514;39
1514;57
1514;113
1514;252
1515;7
1515;19
1515;23
1515;71
1515;118
1515;169
1516;7
1516;19
1516;23
1516;56
1516;85
1516;287
1517;1
1517;19
1517;23
1517;45
1517;90
1517;182
1518;8
1518;17
1518;23
1518;46
1518;90
1518;480
1519;5
1519;19
1519;20
1519;50
1519;90
1519;352
1520;5
1520;19
1520;22
1520;50
1520;89
1520;250
1521;9
1521;10
1521;24
1521;51
1521;103
1521;274
1522;5
1522;10
1522;38
1522;52
1522;103
1522;188
1523;5
1523;13
1523;26
1523;51
1523;102
1523;188
1524;9
1524;10
1524;28
1524;56
1524;80
1524;492
1525;4
1525;13
1525;25
1525;42
1525;103
1525;169
1526;4
1526;12
1526;34
1526;42
1526;84
1526;170
1527;8
1527;13
1527;34
1527;42
1527;101
1527;169
1528;4
1528;13
1528;34
1528;42
1528;113
1528;163
1529;4
1529;13
1529;38
1529;42
1529;85
1529;169
1530;4
1530;17
1530;31
1530;75
1530;155
1530;173
1531;4
1531;16
1531;38
1531;57
1531;86
1531;170
1532;4
1532;13
1532;38
1532;65
1532;97
1532;169
1533;8
1533;10
1533;20
1533;57
1533;137
1533;169
1534;5
1534;17
1534;25
1534;57
1534;87
1534;170
1535;8
1535;13
1535;25
1535;45
1535;84
1535;168
1536;8
1536;19
1536;20
1536;56
1536;84
1536;168
1537;7
1537;17
1537;38
1537;56
1537;85
1537;285
1538;5
1538;19
1538;20
1538;57
1538;85
1538;169
1539;7
1539;14
1539;23
1539;46
1539;88
1539;260
1540;5
1540;12
1540;23
1540;68
1540;93
1540;302
1541;7
1541;19
1541;22
1541;45
1541;90
1541;294
1542;8
1542;11
1542;23
1542;45
1542;136
1542;204
1543;5
1543;19
1543;23
1543;57
1543;90
1543;203
1544;5
1544;14
1544;20
1544;56
1544;91
1544;203
1545;8
1545;10
1545;38
1545;76
1545;102
1545;160
1546;9
1546;13
1546;28
1546;76
1546;151
1546;169
1547;8
1547;13
1547;27
1547;54
1547;80
1547;162
1548;5
1548;11
1548;28
1548;57
1548;106
1548;164
1549;5
1549;10
1549;28
1549;57
1549;83
1549;162
1550;5
1550;10
1550;23
1550;57
1550;151
1550;368
1551;5
1551;14
1551;27
1551;50
1551;151
1551;162
1552;5
1552;14
1552;26
1552;52
1552;155
1552;176
1553;5
1553;14
1553;25
1553;51
1553;153
1553;177
1554;5
1554;10
1554;23
1554;45
1554;113
1554;174
1555;5
1555;19
1555;22
1555;44
1555;132
1555;273
1556;5
1556;10
1556;20
1556;42
1556;122
1556;179
1557;5
1557;19
1557;22
1557;46
1557;114
1557;271
1558;9
1558;10
1558;25
1558;45
1558;100
1558;265
1559;9
1559;10
1559;25
1559;50
1559;100
1559;273
1560;9
1560;17
1560;25
1560;51
1560;101
1560;404
1561;8
1561;19
1561;38
1561;57
1561;101
1561;439
1562;7
1562;19
1562;39
1562;57
1562;96
1562;250
1563;7
1563;18
1563;35
1563;50
1563;86
1563;259
1564;7
1564;16
1564;33
1564;56
1564;85
1564;280
1565;7
1565;15
1565;31
1565;73
1565;80
1565;173
1566;6
1566;14
1566;34
1566;57
1566;86
1566;167
1567;5
1567;13
1567;38
1567;57
1567;86
1567;168
1568;8
1568;16
1568;37
1568;47
1568;88
1568;189
1569;5
1569;17
1569;38
1569;48
1569;86
1569;188
1570;8
1570;17
1570;25
1570;47
1570;86
1570;188
1571;8
1571;10
1571;28
1571;43
1571;83
1571;492
1572;9
1572;10
1572;28
1572;48
1572;150
1572;188
1573;5
1573;10
1573;28
1573;47
1573;86
1573;188
1574;5
1574;17
1574;34
1574;41
1574;101
1574;169
1575;8
1575;17
1575;25
1575;50
1575;112
1575;176
1576;8
1576;17
1576;28
1576;42
1576;126
1576;168
1577;7
1577;14
1577;31
1577;73
1577;114
1577;173
1578;7
1578;14
1578;21
1578;42
1578;113
1578;188
1579;7
1579;14
1579;20
1579;57
1579;151
1579;188
1580;9
1580;10
1580;25
1580;48
1580;151
1580;169
1581;9
1581;10
1581;24
1581;45
1581;151
1581;205
1582;9
1582;10
1582;24
1582;45
1582;134
1582;224
1583;9
1583;10
1583;34
1583;48
1583;101
1583;253
1584;9
1584;10
1584;38
1584;48
1584;151
1584;172
1585;9
1585;10
1585;38
1585;43
1585;85
1585;231
1586;6
1586;10
1586;28
1586;69
1586;89
1586;279
1587;9
1587;10
1587;24
1587;50
1587;89
1587;299
1588;9
1588;10
1588;23
1588;68
1588;87
1588;161
1589;5
1589;10
1589;23
1589;44
1589;90
1589;174
1590;9
1590;10
1590;21
1590;57
1590;85
1590;274
1591;9
1591;18
1591;21
1591;57
1591;86
1591;271
1592;5
1592;10
1592;26
1592;51
1592;102
1592;282
1593;5
1593;11
1593;25
1593;77
1593;102
1593;168
1594;8
1594;11
1594;26
1594;50
1594;103
1594;493
1595;5
1595;11
1595;38
1595;57
1595;102
1595;344
1596;4
1596;11
1596;38
1596;56
1596;102
1596;511
1597;7
1597;15
1597;22
1597;56
1597;102
1597;169
1598;4
1598;11
1598;34
1598;50
1598;113
1598;176
1599;4
1599;11
1599;34
1599;57
1599;151
1599;167
1600;4
1600;11
1600;34
1600;56
1600;90
1600;173
1601;4
1601;15
1601;38
1601;67
1601;113
1601;174
1602;4
1602;11
1602;34
1602;68
1602;102
1602;170
1603;3
1603;10
1603;20
1603;56
1603;98
1603;166
1604;5
1604;15
1604;38
1604;57
1604;138
1604;173
1605;7
1605;11
1605;23
1605;45
1605;113
1605;224
1606;8
1606;11
1606;22
1606;76
1606;114
1606;341
1607;6
1607;19
1607;39
1607;40
1607;114
1607;258
1608;6
1608;19
1608;38
1608;57
1608;81
1608;172
1609;0
1609;15
1609;31
1609;43
1609;91
1609;169
1610;7
1610;19
1610;21
1610;45
1610;90
1610;268
1611;8
1611;19
1611;22
1611;68
1611;87
1611;169
1612;8
1612;11
1612;31
1612;73
1612;88
1612;245
1613;5
1613;10
1613;23
1613;56
1613;92
1613;168
1614;5
1614;14
1614;20
1614;56
1614;90
1614;266
1615;9
1615;10
1615;38
1615;51
1615;113
1615;189
1616;5
1616;10
1616;38
1616;51
1616;103
1616;188
1617;4
1617;19
1617;25
1617;51
1617;101
1617;280
1618;8
1618;10
1618;24
1618;43
1618;107
1618;492
1619;4
1619;13
1619;25
1619;56
1619;102
1619;169
1620;4
1620;13
1620;25
1620;42
1620;101
1620;169
1621;8
1621;12
1621;34
1621;50
1621;101
1621;176
1622;4
1622;13
1622;37
1622;57
1622;101
1622;163
1623;4
1623;13
1623;21
1623;57
1623;101
1623;168
1624;4
1624;17
1624;38
1624;73
1624;113
1624;173
1625;4
1625;17
1625;38
1625;43
1625;113
1625;169
1626;4
1626;12
1626;37
1626;42
1626;113
1626;169
1627;8
1627;11
1627;25
1627;42
1627;82
1627;170
1628;6
1628;16
1628;25
1628;45
1628;135
1628;170
1629;8
1629;13
1629;25
1629;45
1629;134
1629;170
1630;4
1630;17
1630;38
1630;40
1630;134
1630;169
1631;0
1631;19
1631;39
1631;57
1631;80
1631;172
1632;4
1632;19
1632;39
1632;57
1632;88
1632;170
1633;7
1633;13
1633;38
1633;56
1633;88
1633;176
1634;7
1634;19
1634;22
1634;72
1634;87
1634;169
1635;9
1635;18
1635;23
1635;71
1635;88
1635;167
1636;9
1636;10
1636;22
1636;45
1636;86
1636;174
1637;5
1637;14
1637;21
1637;43
1637;86
1637;167
1638;8
1638;12
1638;22
1638;40
1638;92
1638;269
1639;8
1639;13
1639;38
1639;76
1639;102
1639;176
1640;8
1640;13
1640;28
1640;73
1640;110
1640;162
1641;7
1641;11
1641;28
1641;46
1641;103
1641;226
1642;5
1642;11
1642;28
1642;42
1642;109
1642;166
1643;5
1643;10
1643;28
1643;42
1643;103
1643;274
1644;5
1644;10
1644;34
1644;42
1644;101
1644;162
1645;5
1645;14
1645;28
1645;55
1645;100
1645;163
1646;5
1646;14
1646;27
1646;50
1646;150
1646;168
1647;5
1647;19
1647;32
1647;42
1647;89
1647;165
1648;5
1648;19
1648;38
1648;50
1648;113
1648;188
1649;5
1649;10
1649;38
1649;42
1649;113
1649;188
1650;4
1650;10
1650;25
1650;46
1650;92
1650;273
1651;5
1651;10
1651;34
1651;50
1651;99
1651;279
1652;9
1652;10
1652;34
1652;45
1652;101
1652;224
1653;5
1653;10
1653;34
1653;45
1653;102
1653;224
1654;9
1654;17
1654;34
1654;56
1654;100
1654;451
1655;7
1655;19
1655;21
1655;57
1655;101
1655;169
1656;5
1656;19
1656;32
1656;57
1656;90
1656;169
1657;6
1657;18
1657;37
1657;76
1657;92
1657;169
1658;7
1658;19
1658;37
1658;76
1658;93
1658;169
1659;8
1659;10
1659;33
1659;74
1659;87
1659;173
1660;4
1660;18
1660;39
1660;40
1660;86
1660;168
1661;5
1661;19
1661;38
1661;56
1661;85
1661;168
1662;8
1662;10
1662;38
1662;42
1662;113
1662;189
1663;5
1663;17
1663;25
1663;75
1663;113
1663;188
1664;8
1664;17
1664;25
1664;41
1664;113
1664;188
1665;8
1665;11
1665;29
1665;42
1665;82
1665;492
1666;9
1666;10
1666;28
1666;42
1666;150
1666;188
1667;4
1667;19
1667;28
1667;42
1667;151
1667;188
1668;8
1668;17
1668;25
1668;40
1668;113
1668;164
1669;2
1669;17
1669;25
1669;50
1669;112
1669;163
1670;2
1670;17
1670;28
1670;42
1670;126
1670;169
1671;7
1671;14
1671;38
1671;43
1671;113
1671;245
1672;7
1672;14
1672;21
1672;43
1672;113
1672;188
1673;2
1673;15
1673;28
1673;57
1673;151
1673;188
1674;5
1674;10
1674;24
1674;48
1674;151
1674;188
1675;2
1675;10
1675;23
1675;45
1675;135
1675;224
1676;9
1676;10
1676;20
1676;46
1676;134
1676;224
1677;9
1677;10
1677;39
1677;48
1677;113
1677;256
1678;9
1678;10
1678;34
1678;57
1678;154
1678;231
1679;9
1679;10
1679;20
1679;56
1679;85
1679;165
1680;5
1680;11
1680;21
1680;44
1680;87
1680;169
1681;9
1681;10
1681;34
1681;50
1681;90
1681;271
1682;9
1682;10
1682;34
1682;50
1682;91
1682;167
1683;5
1683;10
1683;34
1683;50
1683;88
1683;285
1684;9
1684;10
1684;34
1684;57
1684;91
1684;280
1685;9
1685;10
1685;34
1685;56
1685;90
1685;266
1686;5
1686;10
1686;38
1686;49
1686;101
1686;274
1687;4
1687;11
1687;25
1687;50
1687;101
1687;188
1688;9
1688;11
1688;39
1688;52
1688;103
1688;492
1689;5
1689;10
1689;29
1689;60
1689;101
1689;188
1690;4
1690;10
1690;30
1690;60
1690;101
1690;187
1691;4
1691;11
1691;33
1691;60
1691;101
1691;169
1692;3
1692;11
1692;31
1692;50
1692;112
1692;163
1693;4
1693;11
1693;34
1693;68
1693;102
1693;272
1694;4
1694;11
1694;31
1694;75
1694;88
1694;172
1695;4
1695;15
1695;34
1695;68
1695;113
1695;170
1696;4
1696;19
1696;33
1696;67
1696;101
1696;167
1697;9
1697;10
1697;31
1697;57
1697;142
1697;169
1698;6
1698;15
1698;38
1698;57
1698;114
1698;167
1699;7
1699;11
1699;38
1699;45
1699;115
1699;306
1700;8
1700;12
1700;35
1700;77
1700;86
1700;308
1701;6
1701;19
1701;34
1701;40
1701;152
1701;170
1702;5
1702;19
1702;39
1702;57
1702;115
1702;170
1703;7
1703;15
1703;21
1703;56
1703;91
1703;271
1704;6
1704;18
1704;23
1704;45
1704;91
1704;268
1705;7
1705;19
1705;37
1705;44
1705;88
1705;313
1706;8
1706;12
1706;33
1706;45
1706;89
1706;245
1707;5
1707;13
1707;23
1707;45
1707;89
1707;167
1708;5
1708;19
1708;21
1708;56
1708;89
1708;265
1709;5
1709;10
1709;38
1709;49
1709;100
1709;189
1710;5
1710;10
1710;38
1710;51
1710;100
1710;188
1711;5
1711;12
1711;25
1711;51
1711;101
1711;188
1712;5
1712;11
1712;25
1712;57
1712;84
1712;492
1713;4
1713;13
1713;28
1713;56
1713;86
1713;169
1714;4
1714;13
1714;25
1714;51
1714;101
1714;169
1715;4
1715;13
1715;34
1715;50
1715;112
1715;176
1716;4
1716;13
1716;34
1716;57
1716;101
1716;170
1717;4
1717;13
1717;21
1717;57
1717;102
1717;170
1718;4
1718;17
1718;38
1718;68
1718;113
1718;174
1719;4
1719;13
1719;39
1719;76
1719;113
1719;169
1720;4
1720;11
1720;38
1720;76
1720;114
1720;170
1721;5
1721;11
1721;25
1721;57
1721;150
1721;300
1722;8
1722;10
1722;25
1722;45
1722;114
1722;169
1723;8
1723;13
1723;25
1723;45
1723;134
1723;169
1724;6
1724;17
1724;20
1724;41
1724;80
1724;170
1725;0
1725;19
1725;38
1725;57
1725;153
1725;170
1726;2
1726;19
1726;20
1726;56
1726;87
1726;160
1727;5
1727;12
1727;25
1727;44
1727;88
1727;176
1728;7
1728;19
1728;37
1728;69
1728;89
1728;312
1729;9
1729;18
1729;30
1729;74
1729;89
1729;166
1730;5
1730;10
1730;23
1730;46
1730;89
1730;205
1731;5
1731;14
1731;22
1731;56
1731;136
1731;167
1732;8
1732;11
1732;38
1732;49
1732;84
1732;189
1733;5
1733;13
1733;38
1733;76
1733;101
1733;277
1734;9
1734;13
1734;26
1734;78
1734;83
1734;287
1735;8
1735;10
1735;32
1735;53
1735;82
1735;492
1736;5
1736;19
1736;38
1736;57
1736;84
1736;202
1737;5
1737;10
1737;28
1737;56
1737;102
1737;168
1738;5
1738;10
1738;34
1738;40
1738;100
1738;165
1739;5
1739;14
1739;37
1739;54
1739;99
1739;176
1740;5
1740;14
1740;25
1740;52
1740;99
1740;297
1741;5
1741;19
1741;31
1741;46
1741;89
1741;173
1742;5
1742;19
1742;38
1742;45
1742;113
1742;188
1743;5
1743;19
1743;37
1743;46
1743;151
1743;188
1744;5
1744;10
1744;29
1744;48
1744;136
1744;254
1745;5
1745;10
1745;28
1745;46
1745;91
1745;270
1746;9
1746;10
1746;28
1746;45
1746;102
1746;272
1747;5
1747;14
1747;25
1747;50
1747;102
1747;223
1748;9
1748;19
1748;25
1748;56
1748;100
1748;224
1749;4
1749;19
1749;33
1749;57
1749;102
1749;169
1750;6
1750;19
1750;28
1750;56
1750;133
1750;169
1751;2
1751;18
1751;23
1751;45
1751;90
1751;169
1752;9
1752;19
1752;38
1752;76
1752;111
1752;260
1753;6
1753;19
1753;33
1753;75
1753;154
1753;245
1754;5
1754;19
1754;38
1754;76
1754;85
1754;167
1755;5
1755;19
1755;38
1755;76
1755;86
1755;167
1756;8
1756;17
1756;38
1756;41
1756;113
1756;189
1757;8
1757;17
1757;25
1757;42
1757;113
1757;188
1758;8
1758;17
1758;20
1758;41
1758;87
1758;188
1759;9
1759;10
1759;28
1759;48
1759;82
1759;188
1760;9
1760;10
1760;28
1760;42
1760;151
1760;188
1761;7
1761;10
1761;28
1761;42
1761;151
1761;169
1762;8
1762;17
1762;25
1762;50
1762;113
1762;176
1763;8
1763;17
1763;25
1763;42
1763;112
1763;164
1764;9
1764;17
1764;21
1764;41
1764;113
1764;189
1765;7
1765;14
1765;38
1765;48
1765;113
1765;188
1766;7
1766;14
1766;21
1766;42
1766;113
1766;188
1767;7
1767;10
1767;28
1767;57
1767;150
1767;188
1768;9
1768;10
1768;23
1768;47
1768;150
1768;188
1769;9
1769;10
1769;23
1769;45
1769;150
1769;188
1770;9
1770;10
1770;28
1770;48
1770;134
1770;224
1771;9
1771;10
1771;28
1771;48
1771;151
1771;223
1772;9
1772;10
1772;28
1772;57
1772;151
1772;223
1773;9
1773;10
1773;28
1773;57
1773;151
1773;169
1774;9
1774;10
1774;20
1774;50
1774;151
1774;169
1775;9
1775;10
1775;20
1775;50
1775;151
1775;168
1776;9
1776;10
1776;33
1776;48
1776;82
1776;189
1777;9
1777;10
1777;34
1777;56
1777;101
1777;168
1778;9
1778;10
1778;34
1778;57
1778;130
1778;174
1779;4
1779;13
1779;20
1779;57
1779;110
1779;177
1780;8
1780;12
1780;20
1780;50
1780;152
1780;160
1781;8
1781;11
1781;20
1781;57
1781;80
1781;167
1782;3
1782;11
1782;20
1782;57
1782;113
1782;175
1783;0
1783;10
1783;38
1783;56
1783;115
1783;177
1784;0
1784;17
1784;33
1784;56
1784;101
1784;190
1785;0
1785;19
1785;34
1785;44
1785;101
1785;189
1786;8
1786;19
1786;38
1786;57
1786;100
1786;167
1787;0
1787;13
1787;38
1787;56
1787;113
1787;190
1788;2
1788;19
1788;34
1788;50
1788;152
1788;191
1789;7
1789;19
1789;28
1789;44
1789;101
1789;188
1790;8
1790;19
1790;28
1790;57
1790;151
1790;188
1791;1
1791;19
1791;34
1791;57
1791;113
1791;191
1792;9
1792;19
1792;38
1792;51
1792;113
1792;189
1793;9
1793;19
1793;33
1793;45
1793;112
1793;188
1794;9
1794;18
1794;38
1794;45
1794;115
1794;191
1795;2
1795;19
1795;38
1795;47
1795;114
1795;169
1796;1
1796;19
1796;34
1796;56
1796;113
1796;192
1797;9
1797;19
1797;28
1797;57
1797;113
1797;188
1798;9
1798;18
1798;38
1798;57
1798;114
1798;190
1799;0
1799;18
1799;37
1799;58
1799;111
1799;191
1800;1
1800;19
1800;37
1800;56
1800;110
1800;190
1801;7
1801;19
1801;38
1801;57
1801;113
1801;189
1802;0
1802;19
1802;38
1802;57
1802;112
1802;186
1803;2
1803;18
1803;33
1803;57
1803;133
1803;187
1804;9
1804;19
1804;32
1804;44
1804;114
1804;192
1805;6
1805;19
1805;34
1805;58
1805;116
1805;168
1806;4
1806;18
1806;37
1806;48
1806;82
1806;190
1807;9
1807;19
1807;34
1807;56
1807;133
1807;189
1808;0
1808;19
1808;38
1808;45
1808;102
1808;190
1809;9
1809;18
1809;38
1809;57
1809;102
1809;191
1810;1
1810;19
1810;34
1810;57
1810;113
1810;188
1811;0
1811;19
1811;38
1811;57
1811;115
1811;190
1812;0
1812;19
1812;33
1812;45
1812;103
1812;188
1813;0
1813;19
1813;34
1813;56
1813;112
1813;166
1814;0
1814;19
1814;37
1814;48
1814;114
1814;188
1815;0
1815;19
1815;37
1815;56
1815;115
1815;187
1816;0
1816;19
1816;38
1816;57
1816;113
1816;191
1817;0
1817;19
1817;37
1817;56
1817;100
1817;169
1818;0
1818;19
1818;37
1818;45
1818;102
1818;188
1819;0
1819;18
1819;34
1819;51
1819;113
1819;167
1820;0
1820;19
1820;28
1820;56
1820;115
1820;176
1821;0
1821;19
1821;38
1821;45
1821;100
1821;195
1822;0
1822;19
1822;37
1822;55
1822;113
1822;188
1823;0
1823;19
1823;34
1823;57
1823;87
1823;233
1824;4
1824;18
1824;38
1824;58
1824;115
1824;161
1825;3
1825;13
1825;33
1825;57
1825;102
1825;211
1826;1
1826;17
1826;38
1826;56
1826;111
1826;166
