11;9
11;17
11;20
11;40
11;130
11;241
12;6
12;11
12;27
12;45
12;107
12;188
13;6
13;11
13;27
13;45
13;135
13;188
14;6
14;11
14;26
14;53
14;134
14;188
15;6
15;11
15;27
15;53
15;134
15;180
16;6
16;17
16;22
16;53
16;135
16;180
17;6
17;17
17;22
17;53
17;135
17;180
18;6
18;11
18;28
18;53
18;134
18;180
19;6
19;11
19;22
19;53
19;135
19;177
20;5
20;11
20;22
20;53
20;135
20;177
21;6
21;11
21;22
21;53
21;101
21;180
22;6
22;11
22;27
22;53
22;84
22;170
23;6
23;11
23;22
23;53
23;84
23;180
24;6
24;11
24;27
24;45
24;133
24;180
25;6
25;17
25;27
25;45
25;133
25;180
26;6
26;17
26;22
26;53
26;133
26;180
27;6
27;11
27;27
27;50
27;90
27;188
28;6
28;11
28;28
28;53
28;112
28;180
29;6
29;11
29;27
29;53
29;112
29;180
30;6
30;11
30;22
30;53
30;134
30;180
31;6
31;11
31;22
31;53
31;135
31;180
32;5
32;11
32;28
32;53
32;89
32;180
33;5
33;17
33;22
33;50
33;101
33;180
34;5
34;17
34;22
34;50
34;101
34;180
35;5
35;11
35;22
35;50
35;135
35;180
36;9
36;17
36;22
36;67
36;90
36;180
37;4
37;11
37;31
37;62
37;150
37;180
38;4
38;10
38;22
38;62
38;89
38;180
39;4
39;11
39;22
39;62
39;90
39;180
40;4
40;18
40;22
40;62
40;144
40;180
41;4
41;13
41;22
41;62
41;100
41;181
42;4
42;13
42;27
42;62
42;134
42;180
43;4
43;13
43;27
43;44
43;144
43;180
44;4
44;13
44;22
44;62
44;144
44;180
45;9
45;13
45;22
45;50
45;144
45;180
46;9
46;18
46;22
46;50
46;144
46;180
47;9
47;18
47;26
47;50
47;89
47;180
48;4
48;13
48;30
48;44
48;90
48;180
49;4
49;13
49;22
49;50
49;90
49;180
50;4
50;13
50;22
50;50
50;90
50;180
51;4
51;13
51;22
51;50
51;89
51;180
52;4
52;13
52;22
52;50
52;120
52;181
53;4
53;13
53;22
53;50
53;90
53;180
54;4
54;13
54;22
54;50
54;90
54;180
55;4
55;13
55;22
55;50
55;90
55;180
56;4
56;10
56;22
56;50
56;90
56;180
57;4
57;13
57;22
57;50
57;101
57;180
58;4
58;13
58;22
58;50
58;101
58;180
59;4
59;13
59;26
59;50
59;80
59;169
60;3
60;10
60;26
60;53
60;80
60;201
61;3
61;10
61;27
61;40
61;80
61;160
62;3
62;10
62;27
62;40
62;80
62;160
63;3
63;13
63;27
63;40
63;80
63;160
64;3
64;13
64;20
64;40
64;93
64;202
65;3
65;13
65;20
65;40
65;93
65;160
66;3
66;10
66;20
66;50
66;120
66;202
67;3
67;10
67;20
67;40
67;93
67;202
68;3
68;10
68;20
68;40
68;93
68;202
69;3
69;10
69;39
69;40
69;93
69;202
70;3
70;10
70;39
70;40
70;93
70;165
71;7
71;10
71;23
71;53
71;120
71;160
72;7
72;10
72;20
72;40
72;120
72;160
73;7
73;13
73;27
73;40
73;140
73;188
74;7
74;13
74;39
74;40
74;140
74;188
75;3
75;10
75;39
75;40
75;101
75;160
76;3
76;10
76;27
76;53
76;101
76;160
77;3
77;10
77;39
77;53
77;140
77;160
78;3
78;10
78;20
78;40
78;140
78;215
79;3
79;10
79;23
79;40
79;140
79;160
80;3
80;10
80;33
80;51
80;101
80;160
81;3
81;10
81;20
81;52
81;130
81;207
82;3
82;10
82;20
82;49
82;146
82;169
83;3
83;10
83;29
83;50
83;120
83;180
84;6
84;12
84;20
84;40
84;120
84;180
85;3
85;10
85;39
85;51
85;120
85;180
86;3
86;13
86;39
86;40
86;120
86;180
87;3
87;12
87;39
87;40
87;88
87;180
88;3
88;13
88;20
88;40
88;88
88;180
89;3
89;13
89;20
89;50
89;88
89;180
90;3
90;13
90;20
90;60
90;120
90;180
91;3
91;10
91;20
91;67
91;120
91;180
92;3
92;10
92;22
92;40
92;156
92;180
93;3
93;10
93;33
93;50
93;80
93;180
94;3
94;10
94;25
94;50
94;80
94;180
95;3
95;10
95;20
95;50
95;141
95;161
96;6
96;10
96;39
96;51
96;90
96;180
97;6
97;13
97;39
97;50
97;149
97;160
98;6
98;13
98;39
98;40
98;150
98;160
99;6
99;12
99;39
99;40
99;119
99;160
100;3
100;10
100;39
100;50
100;149
100;180
101;3
101;10
101;39
101;40
101;90
101;180
102;3
102;10
102;39
102;50
102;90
102;180
103;3
103;10
103;39
103;40
103;90
103;180
104;3
104;12
104;33
104;44
104;80
104;180
105;3
105;10
105;22
105;45
105;136
105;203
106;3
106;10
106;20
106;45
106;136
106;181
107;3
107;10
107;27
107;44
107;107
107;188
108;5
108;11
108;27
108;53
108;134
108;188
109;6
109;11
109;27
109;45
109;134
109;188
110;6
110;11
110;27
110;45
110;135
110;188
111;6
111;17
111;22
111;53
111;135
111;180
112;6
112;17
112;22
112;53
112;135
112;160
113;6
113;11
113;28
113;53
113;134
113;180
114;6
114;11
114;22
114;53
114;134
114;170
115;5
115;11
115;22
115;53
115;112
115;180
116;5
116;11
116;22
116;50
116;90
116;180
117;6
117;11
117;27
117;50
117;90
117;180
118;6
118;11
118;22
118;50
118;80
118;180
119;6
119;11
119;22
119;50
119;133
119;160
120;6
120;17
120;22
120;45
120;134
120;160
121;6
121;17
121;28
121;67
121;90
121;161
122;6
122;11
122;28
122;53
122;90
122;160
123;6
123;11
123;28
123;53
123;90
123;169
124;6
124;11
124;22
124;53
124;89
124;160
125;6
125;11
125;22
125;53
125;107
125;188
126;6
126;11
126;22
126;53
126;80
126;188
127;5
127;11
127;27
127;53
127;80
127;188
128;5
128;11
128;33
128;50
128;101
128;187
129;5
129;17
129;28
129;50
129;101
129;169
130;5
130;11
130;22
130;50
130;101
130;169
131;6
131;11
131;30
131;44
131;90
131;180
132;4
132;13
132;22
132;62
132;90
132;180
133;4
133;11
133;22
133;62
133;90
133;180
134;4
134;11
134;26
134;67
134;90
134;180
135;4
135;13
135;26
135;62
135;90
135;180
136;4
136;13
136;22
136;67
136;90
136;180
137;4
137;13
137;26
137;62
137;90
137;180
138;4
138;13
138;27
138;50
138;90
138;180
139;9
139;13
139;22
139;62
139;90
139;180
140;9
140;13
140;22
140;50
140;90
140;180
141;9
141;18
141;22
141;50
141;89
141;180
142;9
142;18
142;22
142;50
142;89
142;274
143;4
143;13
143;30
143;50
143;90
143;180
144;4
144;13
144;22
144;50
144;90
144;180
145;4
145;13
145;22
145;50
145;90
145;274
146;4
146;13
146;22
146;50
146;120
146;180
147;4
147;13
147;22
147;50
147;120
147;180
148;4
148;13
148;22
148;50
148;120
148;180
149;4
149;13
149;30
149;45
149;90
149;180
150;4
150;13
150;22
150;50
150;90
150;180
151;4
151;10
151;22
151;50
151;90
151;180
152;4
152;10
152;34
152;50
152;120
152;180
153;4
153;13
153;30
153;50
153;120
153;180
154;4
154;13
154;22
154;50
154;120
154;180
155;7
155;13
155;27
155;79
155;80
155;188
156;3
156;10
156;27
156;79
156;80
156;160
157;3
157;10
157;26
157;40
157;80
157;160
158;3
158;17
158;26
158;40
158;80
158;160
159;3
159;17
159;27
159;40
159;93
159;188
160;3
160;13
160;39
160;40
160;93
160;160
161;3
161;10
161;26
161;40
161;80
161;160
162;3
162;10
162;27
162;53
162;80
162;160
163;3
163;10
163;23
163;53
163;80
163;160
164;3
164;10
164;20
164;53
164;101
164;188
165;3
165;10
165;20
165;53
165;101
165;160
166;3
166;10
166;20
166;53
166;93
166;160
167;7
167;10
167;20
167;40
167;106
167;160
168;7
168;13
168;20
168;40
168;140
168;188
169;7
169;13
169;20
169;40
169;140
169;188
170;7
170;13
170;39
170;40
170;101
170;160
171;3
171;10
171;39
171;53
171;101
171;160
172;3
172;10
172;23
172;53
172;101
172;160
173;3
173;10
173;27
173;53
173;140
173;160
174;3
174;10
174;27
174;40
174;140
174;160
175;3
175;10
175;27
175;40
175;140
175;188
176;3
176;10
176;27
176;53
176;131
176;209
177;3
177;10
177;26
177;51
177;127
177;177
178;3
178;10
178;27
178;51
178;126
178;203
179;4
179;10
179;21
179;50
179;89
179;180
180;3
180;10
180;22
180;40
180;126
180;160
181;3
181;10
181;39
181;40
181;120
181;160
182;3
182;10
182;39
182;40
182;127
182;180
183;3
183;12
183;22
183;50
183;88
183;177
184;3
184;12
184;25
184;50
184;125
184;160
185;3
185;12
185;20
185;40
185;90
185;160
186;3
186;10
186;39
186;40
186;90
186;160
187;3
187;10
187;39
187;67
187;90
187;160
188;3
188;10
188;39
188;40
188;80
188;180
189;3
189;10
189;39
189;79
189;80
189;180
190;3
190;10
190;25
190;40
190;106
190;180
191;6
191;10
191;39
191;40
191;119
191;160
192;6
192;13
192;39
192;50
192;126
192;176
193;6
193;12
193;39
193;51
193;127
193;177
194;6
194;12
194;39
194;50
194;124
194;160
195;3
195;12
195;39
195;50
195;80
195;160
196;3
196;10
196;28
196;50
196;90
196;180
197;3
197;10
197;39
197;40
197;90
197;180
198;3
198;10
198;39
198;40
198;90
198;160
199;3
199;13
199;39
199;45
199;105
199;251
200;3
200;13
200;27
200;44
200;95
200;180
201;3
201;11
201;22
201;45
201;90
201;181
202;3
202;13
202;28
202;45
202;106
202;180
203;5
203;19
203;20
203;40
203;97
203;188
204;6
204;11
204;22
204;45
204;84
204;188
205;6
205;19
205;22
205;45
205;135
205;180
206;6
206;19
206;20
206;40
206;119
206;160
207;6
207;19
207;20
207;40
207;134
207;180
208;6
208;19
208;20
208;40
208;135
208;160
209;6
209;11
209;22
209;45
209;89
209;246
210;5
210;11
210;23
210;45
210;112
210;248
211;5
211;11
211;21
211;44
211;132
211;177
212;6
212;19
212;20
212;40
212;119
212;298
213;6
213;19
213;20
213;40
213;119
213;179
214;6
214;19
214;20
214;40
214;98
214;180
215;6
215;11
215;39
215;40
215;98
215;180
216;6
216;17
216;20
216;40
216;98
216;180
217;6
217;11
217;39
217;40
217;80
217;188
218;6
218;11
218;36
218;50
218;89
218;188
219;6
219;11
219;20
219;40
219;112
219;180
220;6
220;11
220;22
220;53
220;133
220;180
221;6
221;11
221;20
221;40
221;137
221;180
222;6
222;17
222;23
222;40
222;80
222;180
223;5
223;17
223;39
223;40
223;90
223;180
224;5
224;17
224;33
224;67
224;100
224;180
225;5
225;17
225;20
225;50
225;100
225;491
226;6
226;11
226;28
226;40
226;135
226;470
227;9
227;19
227;20
227;40
227;90
227;160
228;4
228;19
228;39
228;40
228;90
228;181
229;4
229;19
229;20
229;40
229;100
229;180
230;4
230;17
230;20
230;62
230;100
230;180
231;4
231;13
231;22
231;50
231;144
231;180
232;4
232;13
232;22
232;62
232;135
232;180
233;4
233;19
233;20
233;40
233;89
233;180
234;4
234;13
234;20
234;62
234;144
234;180
235;4
235;13
235;22
235;62
235;144
235;180
236;9
236;18
236;22
236;50
236;135
236;180
237;9
237;18
237;22
237;50
237;89
237;180
238;9
238;18
238;21
238;62
238;83
238;321
239;4
239;13
239;20
239;60
239;80
239;219
240;4
240;13
240;20
240;60
240;80
240;180
241;4
241;13
241;20
241;62
241;90
241;180
242;4
242;13
242;22
242;50
242;119
242;434
243;4
243;13
243;22
243;50
243;89
243;274
244;4
244;13
244;30
244;61
244;120
244;181
245;4
245;13
245;22
245;59
245;80
245;180
246;4
246;17
246;22
246;50
246;90
246;180
247;4
247;15
247;30
247;44
247;103
247;180
248;4
248;15
248;29
248;45
248;119
248;180
249;4
249;15
249;30
249;45
249;134
249;298
250;4
250;15
250;31
250;46
250;123
250;200
251;3
251;17
251;20
251;50
251;131
251;160
252;3
252;17
252;27
252;40
252;117
252;160
253;3
253;17
253;27
253;40
253;116
253;160
254;3
254;16
254;33
254;40
254;93
254;265
255;3
255;17
255;33
255;40
255;83
255;201
256;3
256;17
256;33
256;46
256;120
256;202
257;3
257;10
257;33
257;66
257;83
257;202
258;3
258;10
258;33
258;50
258;83
258;202
259;3
259;10
259;33
259;40
259;83
259;216
260;3
260;10
260;33
260;40
260;83
260;216
261;3
261;10
261;33
261;53
261;84
261;165
262;7
262;10
262;27
262;53
262;120
262;160
263;7
263;13
263;33
263;40
263;120
263;160
264;7
264;17
264;26
264;40
264;140
264;188
265;7
265;17
265;26
265;40
265;100
265;160
266;3
266;17
266;27
266;53
266;80
266;160
267;3
267;17
267;26
267;40
267;159
267;161
268;3
268;17
268;27
268;53
268;80
268;160
269;3
269;17
269;26
269;79
269;80
269;264
270;3
270;10
270;27
270;79
270;80
270;161
271;3
271;10
271;26
271;50
271;158
271;169
272;3
272;10
272;27
272;53
272;80
272;160
273;3
273;10
273;27
273;53
273;80
273;160
274;3
274;10
274;27
274;40
274;120
274;160
275;6
275;16
275;26
275;40
275;120
275;160
276;3
276;10
276;25
276;75
276;120
276;180
277;3
277;10
277;25
277;40
277;88
277;180
278;3
278;12
278;25
278;74
278;88
278;180
279;3
279;13
279;25
279;76
279;90
279;180
280;3
280;13
280;25
280;75
280;88
280;181
281;3
281;13
281;25
281;60
281;119
281;180
282;3
282;10
282;25
282;75
282;156
282;180
283;3
283;10
283;25
283;50
283;80
283;180
284;3
284;10
284;25
284;50
284;80
284;180
285;3
285;10
285;25
285;50
285;106
285;181
286;6
286;10
286;30
286;40
286;120
286;180
287;6
287;13
287;39
287;40
287;119
287;160
288;6
288;13
288;20
288;40
288;80
288;160
289;6
289;12
289;20
289;40
289;80
289;180
290;3
290;12
290;20
290;79
290;80
290;180
291;3
291;19
291;20
291;60
291;80
291;180
292;3
292;19
292;20
292;79
292;90
292;180
293;3
293;19
293;20
293;53
293;90
293;170
294;3
294;19
294;20
294;60
294;80
294;248
295;3
295;12
295;20
295;70
295;119
295;255
296;3
296;15
296;20
296;50
296;80
296;169
297;3
297;19
297;20
297;50
297;80
297;185
298;3
298;11
298;23
298;53
298;134
298;200
299;5
299;11
299;39
299;40
299;135
299;232
300;6
300;11
300;22
300;45
300;133
300;267
301;6
301;17
301;22
301;44
301;109
301;175
302;6
302;17
302;20
302;40
302;100
302;261
303;6
303;17
303;20
303;40
303;100
303;260
304;6
304;17
304;21
304;43
304;87
304;214
305;6
305;17
305;22
305;44
305;111
305;222
306;5
306;17
306;33
306;44
306;84
306;180
307;5
307;17
307;22
307;43
307;84
307;375
308;6
308;17
308;22
308;50
308;80
308;426
309;6
309;11
309;22
309;67
309;84
309;491
310;6
310;17
310;22
310;44
310;133
310;477
311;6
311;17
311;20
311;40
311;159
311;179
312;6
312;17
312;39
312;40
312;80
312;179
313;6
313;17
313;39
313;40
313;101
313;199
314;6
314;17
314;33
314;53
314;100
314;216
315;6
315;11
315;33
315;67
315;84
315;201
316;6
316;11
316;20
316;41
316;102
316;180
317;6
317;19
317;20
317;58
317;114
317;178
318;5
318;11
318;35
318;50
318;133
318;253
319;5
319;17
319;33
319;50
319;134
319;199
320;5
320;17
320;34
320;50
320;101
320;216
321;5
321;17
321;23
321;50
321;91
321;400
322;5
322;13
322;21
322;43
322;149
322;180
323;4
323;19
323;20
323;60
323;118
323;180
324;4
324;11
324;22
324;67
324;90
324;458
325;4
325;17
325;22
325;62
325;90
325;438
326;4
326;18
326;22
326;50
326;89
326;181
327;4
327;13
327;22
327;62
327;90
327;242
328;4
328;13
328;20
328;61
328;90
328;180
329;4
329;13
329;20
329;60
329;159
329;180
330;9
330;13
330;33
330;60
330;89
330;180
331;9
331;17
331;20
331;50
331;90
331;180
332;9
332;19
332;20
332;50
332;100
332;160
333;9
333;19
333;20
333;50
333;99
333;180
334;4
334;19
334;20
334;40
334;90
334;181
335;4
335;19
335;20
335;40
335;90
335;237
336;4
336;13
336;22
336;50
336;89
336;181
337;4
337;13
337;22
337;50
337;120
337;180
338;4
338;13
338;20
338;50
338;120
338;181
339;4
339;13
339;20
339;45
339;120
339;180
340;4
340;15
340;20
340;44
340;90
340;369
341;4
341;10
341;20
341;50
341;90
341;399
342;4
342;10
342;22
342;51
342;120
342;415
343;4
343;15
343;29
343;45
343;149
343;253
344;4
344;15
344;30
344;45
344;149
344;165
345;4
345;14
345;30
345;44
345;147
345;161
346;7
346;16
346;30
346;40
346;93
346;188
347;3
347;17
347;33
347;50
347;133
347;201
348;3
348;17
348;33
348;50
348;117
348;160
349;3
349;17
349;34
349;40
349;101
349;160
350;3
350;17
350;34
350;40
350;100
350;160
351;3
351;17
351;27
351;59
351;100
351;188
352;3
352;17
352;33
352;40
352;101
352;188
353;3
353;17
353;34
353;40
353;100
353;160
354;3
354;10
354;39
354;40
354;84
354;160
355;3
355;10
355;33
355;40
355;100
355;161
356;3
356;10
356;33
356;53
356;100
356;160
357;7
357;10
357;26
357;53
357;100
357;160
358;7
358;17
358;20
358;53
358;80
358;160
359;7
359;17
359;20
359;53
359;100
359;160
360;7
360;17
360;26
360;53
360;84
360;160
361;3
361;17
361;27
361;53
361;80
361;314
362;3
362;17
362;26
362;53
362;80
362;215
363;3
363;17
363;27
363;40
363;120
363;188
364;3
364;17
364;26
364;40
364;80
364;160
365;3
365;17
365;26
365;40
365;100
365;188
366;3
366;10
366;27
366;53
366;80
366;160
367;3
367;10
367;26
367;52
367;130
367;207
368;3
368;10
368;27
368;49
368;146
368;161
369;3
369;10
369;26
369;50
369;120
369;160
370;4
370;10
370;39
370;46
370;140
370;160
371;3
371;17
371;39
371;40
371;140
371;180
372;3
372;16
372;25
372;40
372;140
372;180
373;3
373;14
373;25
373;40
373;88
373;160
374;3
374;16
374;25
374;40
374;140
374;180
375;3
375;10
375;39
375;40
375;89
375;160
376;3
376;10
376;39
376;40
376;90
376;160
377;3
377;10
377;39
377;67
377;90
377;160
378;3
378;10
378;25
378;40
378;101
378;180
379;3
379;10
379;25
379;50
379;80
379;180
380;3
380;10
380;25
380;40
380;80
380;180
381;3
381;10
381;39
381;60
381;140
381;160
382;6
382;10
382;39
382;51
382;150
382;160
383;6
383;10
383;30
383;50
383;149
383;199
384;6
384;12
384;30
384;40
384;125
384;200
385;6
385;11
385;39
385;50
385;80
385;160
386;3
386;10
386;30
386;53
386;80
386;160
387;3
387;12
387;29
387;60
387;90
387;180
388;3
388;10
388;30
388;50
388;89
388;180
389;3
389;10
389;30
389;79
389;80
389;180
390;3
390;13
390;30
390;50
390;80
390;193
391;3
391;10
391;30
391;45
391;135
391;455
392;3
392;10
392;30
392;45
392;136
392;469
393;3
393;11
393;21
393;42
393;147
393;168
394;5
394;11
394;22
394;63
394;125
394;188
395;6
395;11
395;22
395;45
395;88
395;188
396;6
396;19
396;20
396;41
396;101
396;180
397;6
397;19
397;20
397;40
397;159
397;318
398;6
398;19
398;20
398;40
398;158
398;180
399;6
399;11
399;22
399;44
399;89
399;358
400;6
400;11
400;23
400;63
400;130
400;236
401;5
401;11
401;22
401;67
401;90
401;409
402;5
402;19
402;20
402;40
402;154
402;336
403;6
403;19
403;20
403;40
403;100
403;359
404;6
404;19
404;20
404;40
404;100
404;239
405;6
405;11
405;21
405;67
405;107
405;240
406;6
406;17
406;23
406;45
406;113
406;226
407;6
407;17
407;22
407;44
407;90
407;224
408;6
408;11
408;22
408;44
408;91
408;202
409;6
409;11
409;22
409;45
409;113
409;248
410;6
410;11
410;22
410;44
410;87
410;197
411;6
411;11
411;23
411;48
411;95
411;167
412;6
412;11
412;26
412;52
412;155
412;170
413;5
413;17
413;27
413;53
413;107
413;160
414;5
414;17
414;26
414;53
414;159
414;160
415;5
415;17
415;27
415;53
415;132
415;161
416;5
416;11
416;26
416;51
416;129
416;160
417;6
417;11
417;22
417;48
417;90
417;168
418;4
418;13
418;22
418;53
418;90
418;180
419;4
419;19
419;20
419;54
419;80
419;162
420;4
420;19
420;20
420;40
420;99
420;178
421;4
421;11
421;20
421;54
421;129
421;180
422;4
422;18
422;22
422;53
422;125
422;180
423;4
423;13
423;22
423;46
423;112
423;291
424;4
424;13
424;23
424;45
424;90
424;292
425;4
425;13
425;22
425;45
425;90
425;293
426;9
426;19
426;20
426;40
426;83
426;353
427;9
427;18
427;20
427;40
427;90
427;180
428;9
428;18
428;20
428;45
428;90
428;180
429;4
429;18
429;22
429;45
429;90
429;166
430;4
430;13
430;23
430;46
430;136
430;206
431;4
431;10
431;22
431;67
431;133
431;224
432;4
432;13
432;23
432;66
432;113
432;222
433;4
433;13
433;22
433;44
433;111
433;180
434;4
434;13
434;22
434;44
434;111
434;199
435;4
435;13
435;26
435;53
435;90
435;180
436;4
436;13
436;26
436;52
436;90
436;181
437;4
437;10
437;25
437;45
437;90
437;180
438;4
438;10
438;27
438;53
438;159
438;160
439;4
439;13
439;28
439;53
439;158
439;160
440;4
440;13
440;22
440;53
440;158
440;160
441;4
441;10
441;27
441;53
441;80
441;160
442;3
442;10
442;27
442;79
442;80
442;160
443;3
443;10
443;27
443;53
443;80
443;160
444;3
444;10
444;27
444;79
444;80
444;212
445;3
445;17
445;26
445;79
445;80
445;212
446;3
446;13
446;27
446;79
446;106
446;160
447;3
447;13
447;26
447;53
447;80
447;160
448;3
448;10
448;27
448;53
448;133
448;160
449;3
449;10
449;27
449;53
449;80
449;212
450;3
450;10
450;27
450;79
450;133
450;212
451;3
451;10
451;27
451;53
451;132
451;212
452;3
452;10
452;27
452;50
452;124
452;213
453;7
453;10
453;22
453;53
453;80
453;160
454;7
454;13
454;26
454;53
454;132
454;213
455;7
455;17
455;27
455;79
455;80
455;212
456;7
456;17
456;26
456;79
456;80
456;212
457;3
457;10
457;27
457;53
457;132
457;344
458;3
458;10
458;26
458;67
458;105
458;167
459;3
459;10
459;21
459;42
459;83
459;188
460;3
460;19
460;20
460;41
460;80
460;303
461;3
461;19
461;39
461;58
461;80
461;307
462;3
462;10
462;22
462;44
462;90
462;239
463;3
463;10
463;26
463;53
463;158
463;160
464;3
464;10
464;27
464;59
464;118
464;171
465;6
465;10
465;34
465;60
465;149
465;179
466;3
466;12
466;25
466;60
466;150
466;180
467;3
467;13
467;30
467;60
467;90
467;179
468;3
468;13
468;30
468;60
468;89
468;180
469;3
469;13
469;25
469;60
469;120
469;180
470;3
470;12
470;25
470;60
470;90
470;180
471;3
471;12
471;25
471;60
471;149
471;179
472;3
472;13
472;25
472;60
472;90
472;239
473;3
473;13
473;25
473;60
473;90
473;180
474;3
474;10
474;30
474;60
474;150
474;239
475;3
475;10
475;30
475;60
475;150
475;180
476;3
476;10
476;30
476;60
476;90
476;180
477;6
477;10
477;30
477;60
477;90
477;179
478;6
478;12
478;20
478;60
478;90
478;180
479;6
479;13
479;33
479;60
479;120
479;200
480;6
480;19
480;20
480;60
480;89
480;239
481;3
481;19
481;20
481;60
481;150
481;239
482;3
482;19
482;20
482;60
482;90
482;180
483;3
483;19
483;20
483;60
483;120
483;160
484;3
484;19
484;20
484;40
484;120
484;180
485;3
485;19
485;20
485;75
485;106
485;160
486;3
486;12
486;20
486;40
486;159
486;160
487;3
487;19
487;20
487;75
487;106
487;489
488;3
488;10
488;20
488;53
488;106
488;161
489;6
489;11
489;25
489;60
489;80
489;160
490;6
490;11
490;22
490;45
490;111
490;188
491;6
491;11
491;22
491;67
491;88
491;188
492;6
492;19
492;20
492;40
492;139
492;317
493;6
493;17
493;20
493;40
493;139
493;318
494;6
494;17
494;20
494;67
494;139
494;327
495;6
495;11
495;22
495;67
495;134
495;359
496;5
496;11
496;22
496;67
496;89
496;180
497;5
497;11
497;22
497;45
497;84
497;335
498;5
498;17
498;22
498;67
498;157
498;441
499;6
499;11
499;22
499;40
499;80
499;481
500;6
500;11
500;22
500;67
500;88
500;425
501;6
501;17
501;21
501;63
501;126
501;335
502;6
502;17
502;23
502;69
502;93
502;326
503;6
503;17
503;22
503;64
503;108
503;320
504;6
504;17
504;22
504;48
504;96
504;289
505;6
505;11
505;22
505;67
505;112
505;178
506;6
506;11
506;23
506;48
506;143
506;167
507;6
507;11
507;25
507;49
507;146
507;172
508;6
508;11
508;23
508;53
508;159
508;185
509;5
509;11
509;22
509;53
509;158
509;185
510;5
510;11
510;22
510;53
510;159
510;160
511;5
511;17
511;22
511;53
511;110
511;164
512;9
512;11
512;22
512;53
512;90
512;167
513;4
513;13
513;22
513;67
513;156
513;246
514;4
514;11
514;23
514;45
514;90
514;247
515;4
515;19
515;20
515;53
515;101
515;180
516;4
516;19
516;20
516;67
516;98
516;234
517;4
517;13
517;22
517;50
517;111
517;180
518;4
518;13
518;23
518;45
518;89
518;180
519;4
519;13
519;22
519;45
519;156
519;178
520;4
520;13
520;22
520;67
520;112
520;223
521;9
521;13
521;20
521;41
521;158
521;160
522;9
522;19
522;20
522;59
522;141
522;242
523;9
523;17
523;22
523;45
523;89
523;180
524;9
524;17
524;22
524;67
524;89
524;426
525;4
525;13
525;22
525;44
525;87
525;353
526;4
526;10
526;22
526;44
526;128
526;325
527;4
527;13
527;22
527;43
527;129
527;310
528;4
528;13
528;23
528;46
528;115
528;324
529;4
529;13
529;22
529;44
529;88
529;330
530;4
530;13
530;22
530;45
530;134
530;290
531;4
531;13
531;23
531;45
531;114
531;180
532;4
532;10
532;27
532;53
532;107
532;161
533;4
533;10
533;26
533;53
533;133
533;186
534;4
534;13
534;27
534;53
534;107
534;160
535;4
535;13
535;27
535;79
535;80
535;160
536;4
536;13
536;27
536;79
536;80
536;160
537;3
537;10
537;27
537;79
537;80
537;160
538;3
538;10
538;27
538;53
538;80
538;160
539;3
539;10
539;26
539;53
539;80
539;160
540;3
540;13
540;27
540;53
540;80
540;160
541;3
541;13
541;27
541;53
541;133
541;160
542;3
542;17
542;27
542;53
542;80
542;319
543;3
543;10
543;27
543;53
543;133
543;346
544;3
544;10
544;27
544;79
544;80
544;345
545;3
545;10
545;26
545;79
545;80
545;237
546;3
546;10
546;23
546;70
546;80
546;213
547;3
547;10
547;27
547;79
547;133
547;213
548;7
548;10
548;26
548;50
548;106
548;188
549;7
549;13
549;34
549;79
549;107
549;188
550;7
550;13
550;33
550;53
550;80
550;166
551;7
551;13
551;33
551;53
551;80
551;168
552;3
552;17
552;33
552;66
552;80
552;171
553;3
553;10
553;34
553;53
553;107
553;168
554;3
554;19
554;27
554;67
554;150
554;166
555;3
555;10
555;26
555;67
555;80
555;351
556;3
556;10
556;27
556;67
556;159
556;360
557;3
557;10
557;27
557;40
557;140
557;237
558;3
558;10
558;39
558;40
558;158
558;236
559;3
559;10
559;39
559;40
559;159
559;160
560;1
560;19
560;39
560;40
560;158
560;177
561;1
561;18
561;26
561;52
561;157
561;167
562;0
562;19
562;27
562;53
562;109
562;161
563;0
563;19
563;29
563;58
563;87
563;173
564;1
564;19
564;39
564;60
564;90
564;179
565;0
565;19
565;30
565;60
565;119
565;179
566;7
566;19
566;39
566;60
566;90
566;179
567;0
567;19
567;30
567;60
567;149
567;179
568;9
568;19
568;30
568;60
568;149
568;179
569;9
569;19
569;30
569;60
569;149
569;179
570;1
570;19
570;30
570;60
570;149
570;239
571;0
571;19
571;30
571;60
571;149
571;180
572;3
572;19
572;30
572;60
572;119
572;179
573;0
573;19
573;30
573;60
573;119
573;179
574;4
574;19
574;30
574;58
574;89
574;177
575;1
575;19
575;30
575;60
575;149
575;179
576;0
576;19
576;26
576;60
576;149
576;236
577;0
577;12
577;27
577;53
577;80
577;179
578;1
578;11
578;27
578;53
578;159
578;160
579;6
579;19
579;26
579;53
579;159
579;238
580;6
580;19
580;27
580;52
580;159
580;160
581;5
581;18
581;24
581;54
581;158
581;374
582;9
582;11
582;26
582;59
582;159
582;471
583;7
583;19
583;27
583;60
583;159
583;464
584;5
584;15
584;39
584;40
584;159
584;160
585;4
585;11
585;39
585;40
585;80
585;201
586;5
586;11
586;39
586;40
586;158
586;160
587;6
587;11
587;22
587;75
587;149
587;262
588;6
588;17
588;39
588;77
588;80
588;180
589;6
589;11
589;22
589;79
589;80
589;160
590;6
590;11
590;39
590;40
590;80
590;160
591;6
591;11
591;39
591;40
591;80
591;160
592;5
592;11
592;22
592;67
592;80
592;160
593;5
593;14
593;23
593;52
593;90
593;180
594;4
594;11
594;22
594;40
594;90
594;180
595;6
595;11
595;33
595;53
595;90
595;180
596;6
596;11
596;29
596;52
596;105
596;172
597;6
597;17
597;22
597;52
597;105
597;160
598;6
598;17
598;22
598;52
598;106
598;180
599;6
599;17
599;22
599;45
599;90
599;160
600;6
600;11
600;33
600;53
600;80
600;160
601;6
601;11
601;20
601;67
601;159
601;160
602;6
602;17
602;27
602;55
602;136
602;160
603;5
603;17
603;22
603;53
603;80
603;214
604;7
604;11
604;22
604;79
604;80
604;212
605;4
605;17
605;22
605;74
605;139
605;160
606;4
606;17
606;23
606;45
606;135
606;180
607;5
607;17
607;22
607;45
607;157
607;224
608;5
608;15
608;22
608;55
608;80
608;160
609;4
609;13
609;22
609;45
609;81
609;160
610;4
610;11
610;22
610;45
610;80
610;160
611;4
611;11
611;22
611;45
611;157
611;180
612;4
612;13
612;22
612;52
612;156
612;160
613;4
613;13
613;22
613;44
613;144
613;178
614;4
614;13
614;22
614;44
614;90
614;160
615;4
615;13
615;22
615;62
615;144
615;179
616;8
616;14
616;23
616;45
616;107
616;178
617;4
617;13
617;22
617;53
617;90
617;180
618;4
618;18
618;22
618;53
618;90
618;180
619;9
619;18
619;23
619;53
619;86
619;180
620;4
620;18
620;23
620;58
620;105
620;160
621;4
621;13
621;21
621;60
621;100
621;161
622;4
622;13
622;22
622;53
622;115
622;180
623;4
623;13
623;22
623;53
623;89
623;160
624;4
624;13
624;22
624;52
624;89
624;160
625;4
625;13
625;22
625;44
625;90
625;160
626;4
626;13
626;22
626;53
626;80
626;160
627;4
627;13
627;22
627;53
627;80
627;160
628;4
628;14
628;24
628;53
628;80
628;160
629;4
629;14
629;22
629;45
629;80
629;180
630;4
630;13
630;22
630;53
630;90
630;180
631;4
631;18
631;24
631;44
631;159
631;161
632;4
632;13
632;39
632;79
632;80
632;160
633;4
633;19
633;20
633;40
633;80
633;160
634;3
634;19
634;20
634;40
634;80
634;160
635;3
635;18
635;39
635;78
635;80
635;160
636;3
636;19
636;39
636;79
636;80
636;160
637;3
637;10
637;39
637;79
637;80
637;161
638;3
638;10
638;39
638;79
638;80
638;160
639;3
639;10
639;32
639;79
639;80
639;160
640;8
640;10
640;39
640;40
640;80
640;160
641;4
641;10
641;39
641;79
641;80
641;180
642;4
642;10
642;39
642;79
642;80
642;180
643;4
643;10
643;35
643;40
643;80
643;160
644;7
644;10
644;39
644;40
644;80
644;160
645;7
645;17
645;39
645;40
645;80
645;160
646;7
646;17
646;39
646;40
646;80
646;160
647;3
647;19
647;39
647;40
647;80
647;199
648;3
648;10
648;39
648;40
648;80
648;160
649;4
649;17
649;25
649;79
649;80
649;160
650;3
650;13
650;39
650;40
650;80
650;160
651;3
651;10
651;39
651;40
651;80
651;160
652;6
652;10
652;23
652;79
652;80
652;161
653;4
653;10
653;39
653;53
653;80
653;160
654;3
654;10
654;39
654;40
654;80
654;160
655;7
655;11
655;39
655;40
655;80
655;160
656;4
656;14
656;39
656;40
656;80
656;238
657;4
657;19
657;39
657;40
657;80
657;199
658;3
658;19
658;39
658;40
658;80
658;160
659;3
659;15
659;39
659;40
659;80
659;238
660;3
660;15
660;39
660;40
660;80
660;160
661;3
661;12
661;39
661;40
661;80
661;199
662;3
662;12
662;39
662;40
662;80
662;199
663;3
663;13
663;39
663;40
663;80
663;160
664;5
664;15
664;24
664;40
664;89
664;271
665;4
665;10
665;39
665;40
665;80
665;271
666;4
666;19
666;20
666;40
666;80
666;160
667;6
667;10
667;34
667;54
667;110
667;161
668;6
668;15
668;39
668;50
668;92
668;160
669;6
669;15
669;39
669;49
669;146
669;160
670;6
670;19
670;20
670;78
670;130
670;249
671;6
671;15
671;25
671;59
671;146
671;456
672;3
672;15
672;20
672;53
672;125
672;461
673;3
673;15
673;26
673;53
673;80
673;160
674;3
674;13
674;26
674;53
674;158
674;160
675;3
675;15
675;26
675;53
675;80
675;160
676;5
676;10
676;24
676;53
676;157
676;239
677;4
677;15
677;20
677;44
677;80
677;160
678;3
678;15
678;20
678;45
678;80
678;160
679;6
679;11
679;21
679;40
679;120
679;161
680;4
680;11
680;39
680;40
680;80
680;160
681;6
681;11
681;39
681;40
681;80
681;160
682;6
682;11
682;38
682;74
682;151
682;160
683;5
683;17
683;38
683;74
683;148
683;160
684;5
684;17
684;22
684;79
684;80
684;197
685;6
685;11
685;39
685;40
685;80
685;160
686;6
686;11
686;22
686;53
686;80
686;160
687;6
687;11
687;22
687;53
687;80
687;437
688;5
688;15
688;27
688;52
688;131
688;180
689;4
689;11
689;23
689;74
689;90
689;180
690;6
690;11
690;22
690;40
690;89
690;180
691;6
691;11
691;35
691;53
691;106
691;237
692;6
692;17
692;22
692;79
692;105
692;180
693;6
693;17
693;22
693;52
693;106
693;237
694;6
694;11
694;22
694;53
694;90
694;160
695;6
695;11
695;22
695;53
695;90
695;180
696;6
696;11
696;22
696;54
696;107
696;361
697;6
697;11
697;26
697;53
697;156
697;340
698;6
698;11
698;22
698;79
698;105
698;341
699;5
699;17
699;22
699;79
699;132
699;211
700;5
700;15
700;24
700;53
700;80
700;185
701;4
701;17
701;22
701;79
701;133
701;160
702;4
702;11
702;22
702;79
702;80
702;344
703;5
703;11
703;29
703;53
703;131
703;160
704;4
704;11
704;22
704;78
704;130
704;160
705;4
705;11
705;23
705;71
705;114
705;160
706;4
706;11
706;22
706;67
706;80
706;226
707;4
707;11
707;26
707;79
707;134
707;160
708;4
708;13
708;22
708;67
708;134
708;180
709;4
709;13
709;22
709;67
709;131
709;160
710;4
710;13
710;22
710;45
710;80
710;442
711;4
711;13
711;22
711;45
711;156
711;160
712;5
712;14
712;22
712;53
712;90
712;180
713;4
713;18
713;22
713;45
713;90
713;180
714;9
714;18
714;22
714;45
714;90
714;180
715;5
715;18
715;22
715;65
715;93
715;178
716;4
716;13
716;22
716;44
716;108
716;180
717;4
717;13
717;22
717;73
717;121
717;180
718;4
718;13
718;22
718;53
718;90
718;160
719;4
719;13
719;22
719;52
719;90
719;160
720;4
720;13
720;22
720;45
720;90
720;180
721;4
721;13
721;22
721;52
721;159
721;160
722;4
722;13
722;27
722;45
722;80
722;413
723;4
723;10
723;26
723;45
723;80
723;160
724;5
724;15
724;22
724;53
724;89
724;180
725;4
725;13
725;22
725;53
725;90
725;415
726;4
726;18
726;22
726;44
726;159
726;160
727;5
727;15
727;38
727;40
727;159
727;160
728;4
728;10
728;39
728;40
728;80
728;160
729;3
729;10
729;39
729;40
729;80
729;160
730;3
730;19
730;39
730;75
730;148
730;160
731;3
731;19
731;36
731;72
731;145
731;160
732;3
732;13
732;36
732;73
732;146
732;160
733;3
733;13
733;39
733;79
733;80
733;160
734;3
734;10
734;39
734;40
734;80
734;160
735;3
735;10
735;39
735;79
735;80
735;160
736;5
736;14
736;39
736;79
736;80
736;160
737;4
737;10
737;39
737;79
737;80
737;160
738;4
738;10
738;39
738;79
738;80
738;160
739;7
739;10
739;39
739;40
739;80
739;160
740;7
740;13
740;39
740;40
740;80
740;161
741;7
741;13
741;39
741;79
741;80
741;198
742;3
742;17
742;39
742;40
742;159
742;160
743;3
743;10
743;39
743;79
743;80
743;199
744;3
744;17
744;39
744;40
744;80
744;318
745;3
745;10
745;39
745;40
745;159
745;160
746;3
746;10
746;39
746;79
746;80
746;160
747;3
747;10
747;39
747;40
747;80
747;160
748;4
748;13
748;39
748;40
748;159
748;160
749;3
749;10
749;39
749;40
749;80
749;160
750;3
750;10
750;39
750;40
750;159
750;160
751;5
751;14
751;20
751;79
751;80
751;160
752;4
752;10
752;39
752;40
752;80
752;160
753;3
753;10
753;39
753;40
753;159
753;160
754;3
754;15
754;39
754;40
754;80
754;199
755;3
755;13
755;39
755;40
755;80
755;160
756;3
756;13
756;39
756;40
756;80
756;200
757;3
757;19
757;20
757;40
757;80
757;160
758;3
758;15
758;38
758;40
758;80
758;199
759;7
759;15
759;39
759;40
759;80
759;200
760;4
760;10
760;39
760;40
760;106
760;160
761;4
761;10
761;39
761;53
761;80
761;199
762;3
762;15
762;35
762;40
762;107
762;160
763;6
763;19
763;25
763;51
763;92
763;160
764;6
764;15
764;39
764;49
764;100
764;161
765;6
765;19
765;39
765;49
765;147
765;196
766;6
766;15
766;39
766;59
766;80
766;160
767;3
767;15
767;25
767;52
767;119
767;160
768;3
768;16
768;27
768;50
768;80
768;160
769;3
769;15
769;30
769;60
769;119
769;184
770;3
770;15
770;30
770;67
770;80
770;160
771;3
771;10
771;27
771;60
771;101
771;186
772;4
772;10
772;25
772;53
772;106
772;238
773;4
773;10
773;30
773;53
773;159
773;160
774;3
774;17
774;20
774;53
774;134
774;161
775;4
775;11
775;22
775;45
775;134
775;160
776;5
776;11
776;27
776;53
776;159
776;160
777;5
777;11
777;27
777;53
777;159
777;160
778;6
778;11
778;22
778;53
778;159
778;160
779;5
779;17
779;22
779;54
779;159
779;160
780;6
780;17
780;22
780;53
780;159
780;160
781;5
781;11
781;26
781;67
781;80
781;239
782;5
782;11
782;33
782;67
782;80
782;160
783;6
783;10
783;26
783;67
783;80
783;441
784;4
784;13
784;26
784;67
784;100
784;160
785;4
785;11
785;22
785;67
785;133
785;480
786;5
786;11
786;37
786;67
786;111
786;160
787;6
787;17
787;27
787;67
787;106
787;167
788;6
788;17
788;22
788;67
788;100
788;160
789;6
789;11
789;22
789;67
789;100
789;160
790;6
790;11
790;33
790;67
790;100
790;160
791;6
791;11
791;33
791;53
791;100
791;167
792;6
792;11
792;22
792;66
792;132
792;430
793;6
793;11
793;22
793;65
793;130
793;180
794;6
794;11
794;27
794;63
794;126
794;180
795;5
795;11
795;29
795;62
795;124
795;180
796;4
796;17
796;22
796;60
796;120
796;180
797;4
797;11
797;22
797;59
797;88
797;235
798;9
798;11
798;21
798;45
798;120
798;180
799;4
799;11
799;22
799;60
799;89
799;180
800;4
800;18
800;36
800;60
800;120
800;180
801;4
801;18
801;35
801;53
801;89
801;239
802;4
802;18
802;36
802;60
802;89
802;180
803;4
803;18
803;22
803;53
803;101
803;178
804;4
804;13
804;22
804;53
804;101
804;441
805;4
805;13
805;22
805;60
805;106
805;180
806;4
806;13
806;22
806;60
806;89
806;180
807;5
807;15
807;29
807;53
807;101
807;441
808;4
808;18
808;33
808;60
808;101
808;180
809;4
809;18
809;35
809;45
809;101
809;219
810;9
810;18
810;34
810;53
810;110
810;218
811;4
811;13
811;36
811;60
811;121
811;160
812;4
812;10
812;38
812;60
812;101
812;160
813;4
813;13
813;21
813;60
813;138
813;165
814;4
814;13
814;22
814;60
814;106
814;214
815;4
815;13
815;22
815;45
815;111
815;223
816;4
816;13
816;22
816;53
816;112
816;439
817;4
817;13
817;20
817;45
817;110
817;180
818;4
818;10
818;20
818;40
818;140
818;180
819;5
819;15
819;29
819;53
819;89
819;169
820;4
820;13
820;20
820;40
820;100
820;180
821;4
821;13
821;39
821;40
821;101
821;218
822;6
822;15
822;24
822;40
822;135
822;341
823;4
823;10
823;20
823;67
823;134
823;271
824;3
824;10
824;20
824;67
824;134
824;271
825;3
825;10
825;30
825;67
825;134
825;271
826;3
826;19
826;20
826;67
826;100
826;202
827;3
827;19
827;20
827;67
827;134
827;272
828;3
828;10
828;20
828;53
828;120
828;160
829;3
829;10
829;39
829;40
829;120
829;160
830;3
830;10
830;39
830;40
830;120
830;160
831;5
831;15
831;28
831;52
831;101
831;378
832;4
832;10
832;20
832;40
832;100
832;304
833;4
833;10
833;20
833;40
833;100
833;459
834;7
834;10
834;35
834;52
834;93
834;175
835;7
835;13
835;20
835;65
835;106
835;167
836;7
836;13
836;33
836;40
836;102
836;160
837;7
837;13
837;25
837;67
837;100
837;443
838;3
838;19
838;20
838;40
838;100
838;160
839;3
839;10
839;21
839;67
839;101
839;169
840;3
840;19
840;20
840;52
840;120
840;443
841;3
841;10
841;39
841;40
841;120
841;389
842;3
842;10
842;20
842;40
842;120
842;417
843;5
843;15
843;29
843;50
843;123
843;172
844;4
844;10
844;20
844;50
844;125
844;175
845;4
845;10
845;22
845;50
845;125
845;175
846;5
846;12
846;24
846;50
846;125
846;199
847;4
847;16
847;25
847;50
847;125
847;180
848;3
848;10
848;25
848;50
848;99
848;174
849;3
849;18
849;21
849;50
849;149
849;443
850;3
850;15
850;33
850;50
850;126
850;442
851;3
851;15
851;34
851;60
851;124
851;199
852;3
852;16
852;39
852;52
852;125
852;473
853;3
853;17
853;20
853;50
853;120
853;448
854;3
854;10
854;39
854;40
854;126
854;424
855;5
855;14
855;24
855;53
855;100
855;394
856;4
856;10
856;33
856;60
856;101
856;399
857;4
857;10
857;33
857;50
857;101
857;408
858;6
858;10
858;30
858;51
858;93
858;179
859;6
859;15
859;25
859;50
859;121
859;167
860;6
860;12
860;25
860;49
860;122
860;220
861;6
861;13
861;33
861;50
861;126
861;202
862;3
862;13
862;34
862;49
862;101
862;441
863;3
863;10
863;33
863;49
863;101
863;203
864;3
864;12
864;30
864;52
864;159
864;160
865;3
865;12
865;24
865;53
865;127
865;160
866;3
866;13
866;30
866;53
866;107
866;160
867;5
867;15
867;24
867;44
867;133
867;160
868;4
868;13
868;30
868;45
868;134
868;462
869;5
869;10
869;27
869;45
869;134
869;472
870;5
870;15
870;22
870;45
870;158
870;203
871;4
871;11
871;22
871;45
871;89
871;188
872;5
872;11
872;22
872;44
872;112
872;201
873;6
873;11
873;20
873;45
873;90
873;201
874;6
874;19
874;20
874;54
874;99
874;169
875;6
875;11
875;20
875;44
875;100
875;257
876;6
876;11
876;22
876;45
876;90
876;321
877;6
877;11
877;22
877;44
877;88
877;221
878;5
878;11
878;22
878;44
878;90
878;421
879;5
879;14
879;23
879;54
879;89
879;295
880;4
880;11
880;22
880;53
880;89
880;335
881;6
881;11
881;23
881;45
881;113
881;339
882;6
882;19
882;20
882;45
882;91
882;183
883;6
883;17
883;20
883;45
883;107
883;160
884;6
884;19
884;22
884;57
884;89
884;179
885;6
885;17
885;22
885;51
885;89
885;223
886;6
886;11
886;27
886;53
886;89
886;474
887;6
887;11
887;22
887;45
887;89
887;320
888;6
888;19
888;20
888;53
888;159
888;160
889;5
889;17
889;27
889;53
889;134
889;180
890;7
890;11
890;22
890;45
890;89
890;175
891;4
891;14
891;33
891;53
891;133
891;180
892;4
892;11
892;22
892;53
892;133
892;160
893;4
893;11
893;22
893;53
893;134
893;161
894;5
894;14
894;33
894;40
894;100
894;180
895;4
895;19
895;39
895;59
895;98
895;195
896;4
896;10
896;34
896;54
896;91
896;180
897;4
897;17
897;33
897;52
897;101
897;180
898;4
898;17
898;34
898;53
898;101
898;180
899;4
899;18
899;34
899;67
899;101
899;180
900;4
900;19
900;20
900;40
900;90
900;228
901;4
901;13
901;22
901;67
901;90
901;228
902;8
902;14
902;22
902;54
902;101
902;228
903;4
903;17
903;34
903;53
903;120
903;258
904;4
904;18
904;27
904;53
904;101
904;320
905;9
905;18
905;34
905;40
905;86
905;234
906;5
906;13
906;27
906;58
906;90
906;165
907;4
907;19
907;27
907;79
907;90
907;167
908;4
908;18
908;22
908;45
908;89
908;268
909;4
909;13
909;27
909;44
909;89
909;223
910;4
910;13
910;27
910;53
910;134
910;228
911;4
911;13
911;27
911;45
911;89
911;180
912;4
912;14
912;29
912;45
912;90
912;180
913;4
913;15
913;30
913;45
913;90
913;496
914;4
914;14
914;22
914;50
914;134
914;274
915;4
915;15
915;30
915;50
915;90
915;180
916;4
916;15
916;30
916;50
916;135
916;163
917;4
917;13
917;29
917;50
917;118
917;180
918;4
918;16
918;39
918;40
918;107
918;237
919;4
919;16
919;33
919;40
919;120
919;188
920;3
920;17
920;33
920;40
920;80
920;160
921;3
921;17
921;33
921;40
921;119
921;198
922;3
922;17
922;33
922;53
922;120
922;200
923;3
923;17
923;32
923;40
923;134
923;160
924;3
924;17
924;39
924;40
924;134
924;160
925;3
925;17
925;33
925;40
925;80
925;160
926;6
926;10
926;29
926;53
926;80
926;213
927;4
927;13
927;33
927;50
927;112
927;213
928;4
928;17
928;22
928;50
928;112
928;301
929;4
929;17
929;35
929;50
929;87
929;455
930;7
930;17
930;27
930;53
930;92
930;160
931;7
931;17
931;27
931;53
931;107
931;213
932;7
932;17
932;27
932;53
932;107
932;211
933;3
933;17
933;33
933;53
933;107
933;160
934;3
934;17
934;34
934;53
934;107
934;212
935;3
935;17
935;20
935;53
935;107
935;213
936;3
936;17
936;34
936;53
936;80
936;160
937;3
937;16
937;33
937;53
937;134
937;160
938;5
938;10
938;29
938;53
938;108
938;160
939;4
939;10
939;33
939;67
939;80
939;166
940;4
940;10
940;20
940;67
940;112
940;160
941;3
941;19
941;23
941;47
941;90
941;243
942;4
942;10
942;20
942;50
942;150
942;200
943;3
943;10
943;20
943;51
943;101
943;201
944;3
944;19
944;20
944;50
944;150
944;223
945;3
945;10
945;20
945;50
945;101
945;223
946;3
946;10
946;20
946;52
946;150
946;223
947;3
947;16
947;30
947;53
947;100
947;304
948;3
948;15
948;30
948;60
948;89
948;304
949;3
949;10
949;30
949;44
949;89
949;180
950;5
950;16
950;30
950;53
950;101
950;306
951;4
951;10
951;33
951;44
951;90
951;327
952;4
952;17
952;34
952;44
952;101
952;306
953;3
953;10
953;35
953;40
953;119
953;226
954;6
954;19
954;20
954;59
954;92
954;160
955;6
955;19
955;39
955;59
955;100
955;160
956;6
956;14
956;26
956;60
956;120
956;316
957;6
957;10
957;20
957;40
957;80
957;179
958;3
958;10
958;20
958;41
958;106
958;178
959;3
959;19
959;20
959;53
959;120
959;180
960;3
960;10
960;23
960;45
960;119
960;180
961;3
961;10
961;22
961;67
961;119
961;336
962;6
962;10
962;30
962;53
962;80
962;169
963;4
963;10
963;25
963;61
963;122
963;346
964;3
964;19
964;25
964;40
964;119
964;169
965;6
965;13
965;22
965;59
965;119
965;188
966;4
966;11
966;22
966;44
966;134
966;220
967;4
967;11
967;22
967;44
967;89
967;199
968;6
968;11
968;20
968;45
968;119
968;336
969;5
969;11
969;22
969;40
969;119
969;321
970;5
970;11
970;22
970;67
970;134
970;333
971;6
971;17
971;22
971;70
971;137
971;344
972;6
972;17
972;22
972;67
972;111
972;200
973;6
973;11
973;22
973;67
973;119
973;180
974;5
974;15
974;21
974;52
974;101
974;188
975;4
975;19
975;20
975;40
975;80
975;187
976;5
976;11
976;22
976;53
976;118
976;227
977;6
977;11
977;35
977;52
977;141
977;160
978;6
978;11
978;22
978;66
978;88
978;218
979;6
979;11
979;22
979;66
979;132
979;180
980;6
980;11
980;22
980;61
980;82
980;212
981;6
981;11
981;22
981;60
981;89
981;187
982;6
982;11
982;22
982;44
982;89
982;187
983;6
983;11
983;22
983;45
983;107
983;344
984;6
984;17
984;22
984;66
984;88
984;357
985;5
985;18
985;23
985;66
985;88
985;220
986;5
986;15
986;22
986;52
986;125
986;253
987;4
987;11
987;22
987;53
987;100
987;443
988;4
988;14
988;22
988;44
988;90
988;169
989;5
989;15
989;23
989;66
989;101
989;180
990;4
990;10
990;22
990;45
990;89
990;201
991;4
991;19
991;20
991;40
991;101
991;237
992;4
992;18
992;22
992;62
992;89
992;216
993;4
993;18
993;33
993;67
993;89
993;166
994;4
994;18
994;22
994;67
994;101
994;274
995;4
995;18
995;33
995;53
995;90
995;228
996;9
996;18
996;33
996;67
996;90
996;229
997;9
997;18
997;33
997;67
997;90
997;229
998;5
998;14
998;22
998;52
998;100
998;229
999;4
999;18
999;23
999;50
999;142
999;473
1000;9
1000;18
1000;22
1000;44
1000;89
1000;180
1001;9
1001;19
1001;20
1001;58
1001;101
1001;179
1002;4
1002;19
1002;22
1002;44
1002;90
1002;178
1003;4
1003;10
1003;22
1003;45
1003;103
1003;180
1004;4
1004;10
1004;22
1004;44
1004;88
1004;180
1005;4
1005;13
1005;22
1005;50
1005;135
1005;225
1006;4
1006;13
1006;27
1006;45
1006;89
1006;179
1007;4
1007;15
1007;29
1007;53
1007;119
1007;180
1008;4
1008;15
1008;22
1008;45
1008;89
1008;180
1009;4
1009;15
1009;22
1009;45
1009;105
1009;180
1010;5
1010;15
1010;23
1010;52
1010;90
1010;203
1011;4
1011;15
1011;22
1011;44
1011;105
1011;492
1012;4
1012;15
1012;22
1012;45
1012;157
1012;181
1013;5
1013;15
1013;24
1013;40
1013;119
1013;188
1014;4
1014;16
1014;39
1014;40
1014;119
1014;238
1015;3
1015;17
1015;34
1015;40
1015;80
1015;160
1016;3
1016;16
1016;33
1016;40
1016;100
1016;160
1017;3
1017;17
1017;34
1017;53
1017;80
1017;160
1018;3
1018;16
1018;34
1018;40
1018;80
1018;161
1019;3
1019;17
1019;31
1019;53
1019;133
1019;221
1020;3
1020;17
1020;39
1020;40
1020;80
1020;428
1021;3
1021;17
1021;26
1021;53
1021;101
1021;187
1022;5
1022;14
1022;24
1022;53
1022;112
1022;187
1023;4
1023;17
1023;20
1023;50
1023;112
1023;429
1024;9
1024;17
1024;20
1024;40
1024;112
1024;187
1025;8
1025;17
1025;37
1025;52
1025;93
1025;160
1026;7
1026;14
1026;33
1026;53
1026;108
1026;160
1027;7
1027;18
1027;20
1027;53
1027;106
1027;265
1028;7
1028;19
1028;26
1028;67
1028;107
1028;160
1029;3
1029;10
1029;33
1029;52
1029;158
1029;211
1030;3
1030;10
1030;26
1030;53
1030;154
1030;161
1031;3
1031;13
1031;26
1031;53
1031;80
1031;160
1032;3
1032;13
1032;33
1032;67
1032;106
1032;444
1033;3
1033;13
1033;27
1033;40
1033;101
1033;195
1034;4
1034;14
1034;34
1034;60
1034;80
1034;185
1035;3
1035;13
1035;35
1035;40
1035;159
1035;177
1036;3
1036;14
1036;37
1036;67
1036;112
1036;167
1037;5
1037;13
1037;38
1037;50
1037;100
1037;172
1038;4
1038;10
1038;39
1038;50
1038;151
1038;175
1039;3
1039;19
1039;39
1039;40
1039;158
1039;177
1040;3
1040;19
1040;39
1040;40
1040;158
1040;178
1041;3
1041;10
1041;20
1041;53
1041;129
1041;184
1042;3
1042;10
1042;38
1042;60
1042;101
1042;198
1043;3
1043;19
1043;20
1043;40
1043;119
1043;199
1044;3
1044;10
1044;21
1044;40
1044;90
1044;197
1045;9
1045;10
1045;20
1045;41
1045;101
1045;186
1046;4
1046;13
1046;25
1046;45
1046;90
1046;183
1047;4
1047;10
1047;20
1047;45
1047;156
1047;178
1048;3
1048;13
1048;20
1048;44
1048;89
1048;178
1049;6
1049;12
1049;20
1049;44
1049;92
1049;176
1050;6
1050;13
1050;20
1050;42
1050;90
1050;166
1051;6
1051;15
1051;26
1051;60
1051;120
1051;161
1052;6
1052;13
1052;30
1052;60
1052;139
1052;219
1053;3
1053;10
1053;25
1053;45
1053;149
1053;165
1054;3
1054;15
1054;25
1054;45
1054;151
1054;179
1055;3
1055;10
1055;27
1055;60
1055;120
1055;304
1056;3
1056;10
1056;30
1056;67
1056;120
1056;165
1057;3
1057;14
1057;25
1057;79
1057;127
1057;180
1058;4
1058;10
1058;25
1058;64
1058;129
1058;364
1059;4
1059;15
1059;25
1059;43
1059;129
1059;362
1060;3
1060;17
1060;21
1060;41
1060;80
1060;350
1061;4
1061;15
1061;23
1061;48
1061;119
1061;348
1062;5
1062;15
1062;22
1062;45
1062;114
1062;179
1063;5
1063;11
1063;22
1063;67
1063;80
1063;321
1064;6
1064;11
1064;20
1064;67
1064;120
1064;201
1065;5
1065;11
1065;20
1065;40
1065;80
1065;202
1066;5
1066;11
1066;23
1066;67
1066;133
1066;202
1067;5
1067;11
1067;22
1067;45
1067;80
1067;201
1068;6
1068;11
1068;33
1068;67
1068;80
1068;160
1069;7
1069;12
1069;27
1069;45
1069;159
1069;160
1070;4
1070;11
1070;23
1070;67
1070;120
1070;179
1071;4
1071;11
1071;22
1071;67
1071;120
1071;179
1072;5
1072;11
1072;22
1072;67
1072;111
1072;202
1073;6
1073;11
1073;22
1073;79
1073;81
1073;199
1074;6
1074;11
1074;22
1074;67
1074;89
1074;178
1075;6
1075;13
1075;22
1075;67
1075;89
1075;223
1076;6
1076;11
1076;33
1076;67
1076;89
1076;168
1077;6
1077;11
1077;33
1077;67
1077;89
1077;224
1078;6
1078;11
1078;24
1078;45
1078;89
1078;187
1079;6
1079;11
1079;28
1079;67
1079;84
1079;188
1080;6
1080;11
1080;28
1080;56
1080;89
1080;160
1081;5
1081;15
1081;27
1081;53
1081;133
1081;193
1082;4
1082;13
1082;27
1082;53
1082;80
1082;224
1083;4
1083;13
1083;26
1083;53
1083;131
1083;224
1084;9
1084;13
1084;24
1084;54
1084;137
1084;163
1085;4
1085;17
1085;33
1085;54
1085;159
1085;162
1086;4
1086;18
1086;22
1086;58
1086;100
1086;175
1087;4
1087;17
1087;30
1087;60
1087;149
1087;179
1088;4
1088;13
1088;33
1088;59
1088;147
1088;177
1089;4
1089;13
1089;22
1089;67
1089;134
1089;168
1090;4
1090;13
1090;35
1090;53
1090;158
1090;296
1091;4
1091;13
1091;36
1091;59
1091;80
1091;240
1092;4
1092;13
1092;35
1092;59
1092;80
1092;240
1093;5
1093;15
1093;23
1093;70
1093;139
1093;348
1094;4
1094;13
1094;22
1094;66
1094;88
1094;224
1095;4
1095;13
1095;22
1095;45
1095;86
1095;224
1096;4
1096;14
1096;34
1096;65
1096;119
1096;180
1097;4
1097;13
1097;22
1097;59
1097;120
1097;160
1098;4
1098;13
1098;22
1098;60
1098;90
1098;179
1099;4
1099;13
1099;23
1099;47
1099;139
1099;231
1100;4
1100;13
1100;21
1100;64
1100;87
1100;169
1101;4
1101;13
1101;22
1101;45
1101;134
1101;329
1102;4
1102;13
1102;23
1102;47
1102;89
1102;331
1103;4
1103;13
1103;24
1103;47
1103;80
1103;161
1104;4
1104;13
1104;35
1104;53
1104;80
1104;160
1105;5
1105;15
1105;29
1105;53
1105;159
1105;160
1106;4
1106;13
1106;36
1106;52
1106;158
1106;224
1107;4
1107;18
1107;22
1107;45
1107;89
1107;224
1108;6
1108;15
1108;27
1108;53
1108;90
1108;180
1109;4
1109;13
1109;25
1109;60
1109;159
1109;179
1110;3
1110;13
1110;27
1110;53
1110;107
1110;241
1111;3
1111;13
1111;33
1111;53
1111;133
1111;238
1112;3
1112;13
1112;26
1112;53
1112;132
1112;168
1113;3
1113;13
1113;26
1113;53
1113;106
1113;212
1114;3
1114;13
1114;33
1114;53
1114;106
1114;212
1115;3
1115;13
1115;27
1115;53
1115;106
1115;239
1116;3
1116;13
1116;26
1116;53
1116;106
1116;239
1117;5
1117;15
1117;29
1117;53
1117;106
1117;179
1118;4
1118;13
1118;27
1118;53
1118;106
1118;179
1119;3
1119;13
1119;27
1119;51
1119;101
1119;179
1120;7
1120;13
1120;35
1120;52
1120;118
1120;166
1121;7
1121;13
1121;20
1121;60
1121;106
1121;160
1122;7
1122;13
1122;34
1122;53
1122;106
1122;160
1123;7
1123;19
1123;39
1123;40
1123;106
1123;177
1124;3
1124;19
1124;20
1124;40
1124;106
1124;269
1125;3
1125;19
1125;20
1125;40
1125;101
1125;164
1126;3
1126;19
1126;27
1126;53
1126;106
1126;168
1127;3
1127;13
1127;27
1127;40
1127;80
1127;450
1128;3
1128;13
1128;27
1128;40
1128;80
1128;424
1129;5
1129;15
1129;27
1129;53
1129;134
1129;224
1130;4
1130;10
1130;27
1130;54
1130;159
1130;164
1131;3
1131;10
1131;20
1131;57
1131;80
1131;172
1132;5
1132;15
1132;20
1132;59
1132;88
1132;177
1133;4
1133;10
1133;26
1133;60
1133;150
1133;180
1134;3
1134;10
1134;25
1134;60
1134;135
1134;179
1135;3
1135;10
1135;22
1135;60
1135;135
1135;179
1136;3
1136;10
1136;20
1136;60
1136;149
1136;179
1137;3
1137;10
1137;20
1137;60
1137;90
1137;179
1138;3
1138;16
1138;30
1138;60
1138;119
1138;179
1139;3
1139;10
1139;30
1139;60
1139;150
1139;180
1140;3
1140;15
1140;30
1140;60
1140;150
1140;180
1141;5
1141;15
1141;20
1141;57
1141;135
1141;162
1142;4
1142;15
1142;33
1142;66
1142;101
1142;168
1143;3
1143;10
1143;34
1143;69
1143;101
1143;199
1144;3
1144;15
1144;34
1144;70
1144;80
1144;176
1145;6
1145;15
1145;25
1145;67
1145;107
1145;167
1146;6
1146;10
1146;30
1146;67
1146;80
1146;160
1147;6
1147;13
1147;33
1147;66
1147;120
1147;169
1148;6
1148;10
1148;36
1148;66
1148;117
1148;220
1149;3
1149;10
1149;30
1149;71
1149;106
1149;241
1150;3
1150;12
1150;38
1150;53
1150;120
1150;223
1151;3
1151;12
1151;30
1151;66
1151;101
1151;270
1152;3
1152;10
1152;30
1152;67
1152;101
1152;270
1153;5
1153;15
1153;25
1153;51
1153;90
1153;270
1154;4
1154;10
1154;25
1154;50
1154;90
1154;457
1155;3
1155;10
1155;25
1155;53
1155;90
1155;454
1156;5
1156;15
1156;24
1156;49
1156;90
1156;250
1157;4
1157;17
1157;25
1157;68
1157;113
1157;204
1158;5
1158;11
1158;26
1158;44
1158;89
1158;270
1159;5
1159;11
1159;39
1159;40
1159;158
1159;236
1160;6
1160;11
1160;22
1160;40
1160;90
1160;361
1161;6
1161;11
1161;22
1161;40
1161;90
1161;357
1162;6
1162;11
1162;22
1162;68
1162;90
1162;226
1163;6
1163;11
1163;22
1163;66
1163;107
1163;199
1164;5
1164;11
1164;22
1164;53
1164;107
1164;160
1165;5
1165;14
1165;27
1165;40
1165;90
1165;179
1166;4
1166;11
1166;27
1166;60
1166;90
1166;179
1167;6
1167;11
1167;22
1167;45
1167;90
1167;179
1168;6
1168;11
1168;27
1168;43
1168;90
1168;239
1169;6
1169;11
1169;22
1169;43
1169;90
1169;213
1170;6
1170;11
1170;22
1170;45
1170;90
1170;239
1171;6
1171;11
1171;23
1171;44
1171;134
1171;224
1172;6
1172;11
1172;22
1172;51
1172;101
1172;179
1173;6
1173;11
1173;23
1173;45
1173;90
1173;246
1174;6
1174;11
1174;24
1174;49
1174;107
1174;165
1175;5
1175;11
1175;26
1175;52
1175;107
1175;234
1176;7
1176;11
1176;22
1176;53
1176;158
1176;237
1177;4
1177;14
1177;22
1177;79
1177;131
1177;237
1178;4
1178;17
1178;22
1178;51
1178;129
1178;179
1179;5
1179;16
1179;22
1179;49
1179;90
1179;214
1180;5
1180;15
1180;33
1180;66
1180;155
1180;180
1181;4
1181;18
1181;23
1181;45
1181;90
1181;245
1182;4
1182;18
1182;34
1182;40
1182;90
1182;213
1183;4
1183;18
1183;20
1183;45
1183;141
1183;270
1184;4
1184;19
1184;20
1184;53
1184;90
1184;224
1185;4
1185;19
1185;21
1185;45
1185;90
1185;323
1186;4
1186;18
1186;21
1186;44
1186;153
1186;320
1187;4
1187;13
1187;22
1187;67
1187;107
1187;180
1188;5
1188;14
1188;21
1188;53
1188;107
1188;160
1189;4
1189;13
1189;20
1189;40
1189;139
1189;180
1190;4
1190;18
1190;22
1190;60
1190;120
1190;180
1191;4
1191;18
1191;34
1191;40
1191;89
1191;179
1192;4
1192;18
1192;22
1192;44
1192;90
1192;174
1193;4
1193;18
1193;22
1193;45
1193;90
1193;227
1194;4
1194;18
1194;22
1194;45
1194;90
1194;201
1195;4
1195;18
1195;22
1195;67
1195;89
1195;179
1196;4
1196;13
1196;22
1196;52
1196;89
1196;180
1197;4
1197;13
1197;26
1197;51
1197;80
1197;180
1198;4
1198;13
1198;22
1198;48
1198;121
1198;213
1199;4
1199;13
1199;22
1199;53
1199;132
1199;237
1200;4
1200;14
1200;23
1200;45
1200;107
1200;213
1201;4
1201;14
1201;25
1201;60
1201;120
1201;184
1202;4
1202;13
1202;27
1202;60
1202;159
1202;213
1203;4
1203;13
1203;26
1203;53
1203;158
1203;211
1204;4
1204;13
1204;26
1204;79
1204;80
1204;212
1205;4
1205;13
1205;26
1205;79
1205;80
1205;212
1206;3
1206;13
1206;27
1206;53
1206;80
1206;212
1207;3
1207;13
1207;27
1207;53
1207;107
1207;213
1208;3
1208;13
1208;26
1208;45
1208;132
1208;212
1209;3
1209;13
1209;27
1209;40
1209;106
1209;213
1210;3
1210;13
1210;27
1210;53
1210;106
1210;212
1211;3
1211;13
1211;27
1211;53
1211;106
1211;212
1212;9
1212;10
1212;26
1212;52
1212;106
1212;160
1213;4
1213;14
1213;23
1213;60
1213;93
1213;180
1214;4
1214;10
1214;26
1214;60
1214;119
1214;214
1215;4
1215;10
1215;34
1215;41
1215;87
1215;213
1216;7
1216;13
1216;26
1216;53
1216;92
1216;160
1217;7
1217;13
1217;27
1217;53
1217;107
1217;160
1218;7
1218;13
1218;21
1218;53
1218;124
1218;266
1219;3
1219;19
1219;20
1219;45
1219;101
1219;179
1220;3
1220;18
1220;33
1220;53
1220;134
1220;179
1221;3
1221;19
1221;20
1221;40
1221;123
1221;245
1222;3
1222;13
1222;22
1222;44
1222;140
1222;255
1223;3
1223;13
1223;33
1223;40
1223;106
1223;160
1224;3
1224;10
1224;27
1224;76
1224;99
1224;280
1225;3
1225;10
1225;20
1225;77
1225;128
1225;179
1226;3
1226;10
1226;33
1226;59
1226;120
1226;236
1227;3
1227;10
1227;20
1227;59
1227;89
1227;325
1228;6
1228;10
1228;20
1228;50
1228;91
1228;213
1229;3
1229;10
1229;30
1229;45
1229;89
1229;213
1230;3
1230;10
1230;30
1230;60
1230;89
1230;243
1231;3
1231;10
1231;30
1231;59
1231;119
1231;237
1232;3
1232;10
1232;30
1232;58
1232;119
1232;239
1233;3
1233;10
1233;28
1233;54
1233;107
1233;242
1234;3
1234;10
1234;25
1234;44
1234;80
1234;160
1235;3
1235;10
1235;25
1235;40
1235;107
1235;325
1236;3
1236;10
1236;25
1236;60
1236;80
1236;161
1237;3
1237;10
1237;25
1237;60
1237;150
1237;177
1238;3
1238;19
1238;25
1238;59
1238;149
1238;179
1239;3
1239;10
1239;20
1239;60
1239;80
1239;181
1240;6
1240;10
1240;30
1240;60
1240;80
1240;178
1241;6
1241;13
1241;30
1241;59
1241;80
1241;209
1242;6
1242;18
1242;33
1242;61
1242;80
1242;270
1243;6
1243;13
1243;34
1243;59
1243;119
1243;268
1244;3
1244;10
1244;30
1244;59
1244;119
1244;239
1245;3
1245;15
1245;34
1245;53
1245;80
1245;180
1246;3
1246;13
1246;26
1246;79
1246;80
1246;239
1247;3
1247;10
1247;27
1247;59
1247;119
1247;180
1248;3
1248;11
1248;26
1248;79
1248;80
1248;160
1249;3
1249;10
1249;25
1249;79
1249;80
1249;201
1250;3
1250;10
1250;25
1250;59
1250;80
1250;305
1251;6
1251;11
1251;38
1251;76
1251;81
1251;160
1252;4
1252;11
1252;39
1252;40
1252;80
1252;267
1253;6
1253;11
1253;38
1253;67
1253;80
1253;267
1254;6
1254;11
1254;39
1254;40
1254;150
1254;185
1255;5
1255;17
1255;22
1255;73
1255;147
1255;267
1256;5
1256;17
1256;22
1256;79
1256;80
1256;160
1257;6
1257;17
1257;34
1257;79
1257;80
1257;238
1258;5
1258;11
1258;39
1258;40
1258;119
1258;239
1259;5
1259;11
1259;33
1259;53
1259;80
1259;259
1260;5
1260;15
1260;29
1260;51
1260;130
1260;180
1261;4
1261;11
1261;22
1261;67
1261;90
1261;180
1262;5
1262;11
1262;27
1262;66
1262;90
1262;180
1263;6
1263;11
1263;38
1263;52
1263;106
1263;314
1264;6
1264;17
1264;26
1264;79
1264;106
1264;316
1265;6
1265;17
1265;26
1265;53
1265;106
1265;180
1266;6
1266;11
1266;23
1266;44
1266;90
1266;359
1267;6
1267;11
1267;27
1267;67
1267;106
1267;160
1268;6
1268;18
1268;34
1268;53
1268;89
1268;403
1269;6
1269;11
1269;27
1269;54
1269;80
1269;160
1270;6
1270;11
1270;27
1270;79
1270;80
1270;345
1271;5
1271;17
1271;26
1271;79
1271;80
1271;346
1272;5
1272;15
1272;30
1272;77
1272;104
1272;160
1273;4
1273;17
1273;34
1273;70
1273;92
1273;344
1274;4
1274;11
1274;22
1274;67
1274;134
1274;334
1275;5
1275;11
1275;26
1275;66
1275;89
1275;160
1276;4
1276;13
1276;22
1276;45
1276;89
1276;312
1277;4
1277;10
1277;22
1277;45
1277;89
1277;314
1278;4
1278;11
1278;34
1278;45
1278;89
1278;333
1279;4
1279;11
1279;33
1279;45
1279;156
1279;246
1280;4
1280;13
1280;22
1280;45
1280;156
1280;246
1281;4
1281;13
1281;22
1281;45
1281;156
1281;178
1282;4
1282;13
1282;23
1282;45
1282;90
1282;181
1283;4
1283;13
1283;22
1283;45
1283;107
1283;201
1284;5
1284;14
1284;22
1284;53
1284;89
1284;201
1285;4
1285;18
1285;22
1285;44
1285;90
1285;221
1286;4
1286;18
1286;22
1286;71
1286;90
1286;284
1287;5
1287;18
1287;21
1287;71
1287;90
1287;220
1288;4
1288;13
1288;23
1288;45
1288;106
1288;180
1289;4
1289;10
1289;25
1289;45
1289;135
1289;180
1290;4
1290;13
1290;22
1290;71
1290;88
1290;180
1291;4
1291;13
1291;22
1291;53
1291;90
1291;180
1292;4
1292;13
1292;22
1292;45
1292;89
1292;160
1293;4
1293;13
1293;22
1293;52
1293;80
1293;160
1294;4
1294;13
1294;23
1294;45
1294;80
1294;160
1295;4
1295;10
1295;22
1295;53
1295;80
1295;160
1296;5
1296;15
1296;23
1296;45
1296;155
1296;243
1297;4
1297;13
1297;23
1297;71
1297;143
1297;180
1298;4
1298;13
1298;22
1298;71
1298;159
1298;160
1299;5
1299;15
1299;36
1299;40
1299;159
1299;160
1300;4
1300;19
1300;38
1300;40
1300;150
1300;160
1301;3
1301;19
1301;39
1301;40
1301;80
1301;160
1302;3
1302;19
1302;39
1302;40
1302;80
1302;160
1303;3
1303;18
1303;37
1303;74
1303;80
1303;160
1304;3
1304;19
1304;38
1304;73
1304;148
1304;160
1305;3
1305;13
1305;39
1305;77
1305;80
1305;198
1306;3
1306;10
1306;39
1306;79
1306;80
1306;161
1307;3
1307;10
1307;30
1307;79
1307;80
1307;160
1308;5
1308;15
1308;39
1308;79
1308;80
1308;160
1309;4
1309;10
1309;20
1309;79
1309;80
1309;160
1310;3
1310;10
1310;39
1310;79
1310;80
1310;160
1311;7
1311;10
1311;30
1311;79
1311;80
1311;179
1312;7
1312;19
1312;39
1312;79
1312;80
1312;160
1313;7
1313;19
1313;39
1313;79
1313;80
1313;160
1314;3
1314;19
1314;20
1314;79
1314;80
1314;199
1315;3
1315;10
1315;39
1315;79
1315;80
1315;160
1316;3
1316;10
1316;39
1316;79
1316;80
1316;160
1317;3
1317;10
1317;39
1317;53
1317;80
1317;240
1318;3
1318;13
1318;39
1318;79
1318;80
1318;160
1319;3
1319;10
1319;39
1319;79
1319;81
1319;238
1320;4
1320;13
1320;39
1320;40
1320;80
1320;239
1321;5
1321;10
1321;39
1321;40
1321;80
1321;160
1322;3
1322;19
1322;20
1322;40
1322;80
1322;239
1323;5
1323;14
1323;23
1323;51
1323;80
1323;199
1324;4
1324;10
1324;39
1324;40
1324;80
1324;238
1325;3
1325;10
1325;39
1325;40
1325;80
1325;239
1326;3
1326;13
1326;39
1326;40
1326;80
1326;200
1327;3
1327;13
1327;39
1327;40
1327;80
1327;199
1328;3
1328;12
1328;39
1328;40
1328;80
1328;200
1329;3
1329;19
1329;39
1329;40
1329;80
1329;160
1330;3
1330;13
1330;39
1330;40
1330;80
1330;200
1331;9
1331;10
1331;39
1331;40
1331;80
1331;160
1332;4
1332;10
1332;39
1332;41
1332;84
1332;271
1333;4
1333;10
1333;38
1333;67
1333;101
1333;207
1334;3
1334;10
1334;39
1334;40
1334;80
1334;268
1335;6
1335;10
1335;30
1335;53
1335;93
1335;160
1336;6
1336;10
1336;30
1336;49
1336;122
1336;167
1337;6
1337;12
1337;30
1337;49
1337;124
1337;199
1338;6
1338;15
1338;30
1338;50
1338;124
1338;160
1339;3
1339;10
1339;30
1339;53
1339;80
1339;160
1340;3
1340;16
1340;28
1340;79
1340;80
1340;160
1341;3
1341;13
1341;26
1341;52
1341;158
1341;254
1342;3
1342;15
1342;27
1342;53
1342;159
1342;160
1343;3
1343;10
1343;26
1343;53
1343;80
1343;160
1344;4
1344;10
1344;25
1344;44
1344;119
1344;160
1345;4
1345;10
1345;25
1345;45
1345;119
1345;160
1346;3
1346;17
1346;20
1346;45
1346;157
1346;161
1347;4
1347;11
1347;39
1347;40
1347;119
1347;160
1348;5
1348;11
1348;39
1348;40
1348;120
1348;160
1349;5
1349;11
1349;39
1349;40
1349;120
1349;200
1350;6
1350;17
1350;37
1350;73
1350;145
1350;325
1351;6
1351;17
1351;22
1351;79
1351;80
1351;160
1352;6
1352;11
1352;22
1352;79
1352;120
1352;160
1353;5
1353;11
1353;39
1353;40
1353;119
1353;238
1354;5
1354;11
1354;38
1354;44
1354;120
1354;202
1355;7
1355;10
1355;26
1355;53
1355;131
1355;337
1356;4
1356;11
1356;27
1356;53
1356;90
1356;180
1357;4
1357;11
1357;22
1357;53
1357;120
1357;180
1358;5
1358;11
1358;22
1358;54
1358;106
1358;318
1359;6
1359;17
1359;22
1359;79
1359;80
1359;180
1360;6
1360;17
1360;22
1360;53
1360;107
1360;343
1361;6
1361;17
1361;23
1361;44
1361;89
1361;354
1362;6
1362;11
1362;22
1362;53
1362;89
1362;160
1363;6
1363;11
1363;20
1363;53
1363;89
1363;160
1364;6
1364;11
1364;21
1364;45
1364;106
1364;262
1365;6
1365;11
1365;34
1365;79
1365;80
1365;291
1366;6
1366;11
1366;34
1366;79
1366;80
1366;291
1367;5
1367;10
1367;29
1367;79
1367;132
1367;290
1368;4
1368;17
1368;26
1368;79
1368;132
1368;290
1369;4
1369;17
1369;22
1369;79
1369;132
1369;291
1370;9
1370;12
1370;22
1370;79
1370;80
1370;290
1371;4
1371;14
1371;33
1371;77
1371;129
1371;160
1372;4
1372;13
1372;33
1372;73
1372;122
1372;291
1373;4
1373;18
1373;34
1373;71
1373;118
1373;213
1374;4
1374;18
1374;22
1374;67
1374;132
1374;225
1375;4
1375;18
1375;22
1375;66
1375;89
1375;214
1376;4
1376;13
1376;22
1376;44
1376;155
1376;160
1377;4
1377;13
1377;22
1377;45
1377;90
1377;160
1378;4
1378;13
1378;26
1378;66
1378;88
1378;242
1379;5
1379;15
1379;23
1379;53
1379;90
1379;180
1380;4
1380;17
1380;22
1380;45
1380;90
1380;180
1381;4
1381;17
1381;22
1381;44
1381;89
1381;180
1382;4
1382;13
1382;35
1382;41
1382;87
1382;160
1383;4
1383;13
1383;23
1383;44
1383;114
1383;180
1384;4
1384;18
1384;22
1384;45
1384;100
1384;160
1385;4
1385;18
1385;22
1385;44
1385;89
1385;160
1386;4
1386;18
1386;22
1386;53
1386;89
1386;160
1387;4
1387;13
1387;35
1387;53
1387;134
1387;160
1388;4
1388;13
1388;35
1388;53
1388;159
1388;160
1389;4
1389;13
1389;36
1389;45
1389;159
1389;160
1390;4
1390;18
1390;35
1390;53
1390;80
1390;160
1391;5
1391;15
1391;27
1391;53
1391;158
1391;160
1392;4
1392;13
1392;25
1392;53
1392;90
1392;180
1393;4
1393;13
1393;27
1393;53
1393;159
1393;180
1394;6
1394;15
1394;24
1394;55
1394;82
1394;386
1395;4
1395;10
1395;39
1395;40
1395;159
1395;202
1396;3
1396;10
1396;39
1396;40
1396;80
1396;160
1397;3
1397;19
1397;39
1397;40
1397;80
1397;201
1398;3
1398;18
1398;39
1398;74
1398;149
1398;160
1399;3
1399;13
1399;37
1399;75
1399;151
1399;160
1400;3
1400;13
1400;37
1400;74
1400;153
1400;160
1401;3
1401;19
1401;20
1401;77
1401;80
1401;160
1402;3
1402;10
1402;20
1402;79
1402;80
1402;160
1403;5
1403;15
1403;28
1403;79
1403;80
1403;180
1404;4
1404;10
1404;39
1404;79
1404;80
1404;180
1405;4
1405;10
1405;39
1405;79
1405;80
1405;160
1406;7
1406;10
1406;35
1406;79
1406;80
1406;178
1407;7
1407;10
1407;39
1407;79
1407;80
1407;160
1408;7
1408;13
1408;39
1408;79
1408;80
1408;160
1409;7
1409;19
1409;23
1409;79
1409;80
1409;160
1410;3
1410;19
1410;20
1410;79
1410;80
1410;160
1411;3
1411;10
1411;20
1411;53
1411;159
1411;160
1412;3
1412;10
1412;24
1412;79
1412;80
1412;160
1413;3
1413;10
1413;39
1413;79
1413;80
1413;160
1414;3
1414;10
1414;39
1414;40
1414;80
1414;240
1415;5
1415;15
1415;29
1415;50
1415;80
1415;161
1416;4
1416;10
1416;39
1416;79
1416;80
1416;160
1417;4
1417;10
1417;20
1417;50
1417;80
1417;160
1418;5
1418;12
1418;20
1418;79
1418;80
1418;199
1419;4
1419;19
1419;39
1419;40
1419;80
1419;238
1420;3
1420;10
1420;39
1420;50
1420;80
1420;160
1421;3
1421;19
1421;39
1421;40
1421;81
1421;160
1422;3
1422;13
1422;39
1422;40
1422;80
1422;160
1423;3
1423;13
1423;22
1423;41
1423;81
1423;198
1424;3
1424;16
1424;39
1424;42
1424;84
1424;213
1425;3
1425;19
1425;39
1425;40
1425;81
1425;201
1426;3
1426;10
1426;39
1426;41
1426;80
1426;195
1427;5
1427;14
1427;24
1427;53
1427;88
1427;342
1428;4
1428;10
1428;39
1428;53
1428;134
1428;493
1429;3
1429;10
1429;31
1429;53
1429;106
1429;203
1430;6
1430;10
1430;22
1430;51
1430;88
1430;178
1431;6
1431;10
1431;30
1431;60
1431;119
1431;178
1432;6
1432;12
1432;29
1432;59
1432;118
1432;160
1433;6
1433;15
1433;30
1433;59
1433;119
1433;238
1434;3
1434;15
1434;30
1434;60
1434;119
1434;209
1435;3
1435;10
1435;30
1435;59
1435;119
1435;208
1436;3
1436;12
1436;30
1436;65
1436;89
1436;179
1437;3
1437;12
1437;34
1437;68
1437;102
1437;238
1438;3
1438;13
1438;34
1438;68
1438;102
1438;179
1439;5
1439;15
1439;34
1439;67
1439;119
1439;168
1440;4
1440;10
1440;34
1440;67
1440;134
1440;167
1441;3
1441;10
1441;30
1441;67
1441;134
1441;160
1442;5
1442;15
1442;33
1442;67
1442;134
1442;160
1443;4
1443;11
1443;33
1443;67
1443;133
1443;160
1444;5
1444;11
1444;34
1444;67
1444;134
1444;160
1445;6
1445;11
1445;34
1445;67
1445;134
1445;167
1446;6
1446;17
1446;33
1446;67
1446;134
1446;167
1447;6
1447;17
1447;34
1447;67
1447;134
1447;178
1448;6
1448;11
1448;22
1448;67
1448;100
1448;178
1449;6
1449;11
1449;33
1449;67
1449;134
1449;179
1450;5
1450;11
1450;33
1450;67
1450;134
1450;178
1451;5
1451;15
1451;24
1451;67
1451;134
1451;206
1452;4
1452;11
1452;33
1452;67
1452;134
1452;179
1453;6
1453;11
1453;36
1453;67
1453;134
1453;160
1454;6
1454;11
1454;29
1454;67
1454;134
1454;164
1455;6
1455;17
1455;22
1455;67
1455;134
1455;179
1456;6
1456;17
1456;33
1456;67
1456;134
1456;179
1457;6
1457;11
1457;33
1457;67
1457;133
1457;160
1458;6
1458;11
1458;33
1458;67
1458;133
1458;178
1459;6
1459;11
1459;34
1459;67
1459;134
1459;179
1460;6
1460;11
1460;33
1460;66
1460;133
1460;178
1461;6
1461;11
1461;33
1461;65
1461;131
1461;164
1462;6
1462;10
1462;31
1462;63
1462;128
1462;179
1463;4
1463;14
1463;30
1463;61
1463;91
1463;178
1464;4
1464;17
1464;30
1464;59
1464;134
1464;179
1465;5
1465;17
1465;29
1465;59
1465;128
1465;179
1466;5
1466;14
1466;26
1466;54
1466;80
1466;178
1467;4
1467;11
1467;26
1467;53
1467;80
1467;344
1468;4
1468;11
1468;27
1468;53
1468;133
1468;179
1469;4
1469;10
1469;39
1469;53
1469;80
1469;345
1470;4
1470;13
1470;27
1470;53
1470;80
1470;345
1471;4
1471;13
1471;26
1471;53
1471;80
1471;344
1472;4
1472;13
1472;26
1472;53
1472;80
1472;238
1473;4
1473;13
1473;26
1473;53
1473;80
1473;238
1474;8
1474;14
1474;26
1474;53
1474;132
1474;343
1475;4
1475;14
1475;26
1475;53
1475;80
1475;238
1476;4
1476;10
1476;26
1476;53
1476;80
1476;344
1477;9
1477;13
1477;35
1477;53
1477;80
1477;344
1478;4
1478;13
1478;29
1478;60
1478;111
1478;160
1479;4
1479;13
1479;27
1479;60
1479;100
1479;161
1480;4
1480;10
1480;26
1480;53
1480;80
1480;160
1481;4
1481;13
1481;26
1481;60
1481;106
1481;161
1482;4
1482;13
1482;26
1482;53
1482;120
1482;211
1483;4
1483;13
1483;26
1483;53
1483;107
1483;213
1484;4
1484;13
1484;26
1484;60
1484;107
1484;180
1485;4
1485;10
1485;27
1485;60
1485;107
1485;180
1486;4
1486;10
1486;27
1486;53
1486;105
1486;160
1487;4
1487;14
1487;27
1487;53
1487;100
1487;167
1488;4
1488;13
1488;27
1488;67
1488;89
1488;433
1489;4
1489;13
1489;20
1489;53
1489;100
1489;168
1490;4
1490;13
1490;27
1490;50
1490;135
1490;203
1491;4
1491;10
1491;27
1491;67
1491;134
1491;202
1492;3
1492;10
1492;33
1492;67
1492;134
1492;199
1493;3
1493;10
1493;33
1493;67
1493;101
1493;252
1494;3
1494;13
1494;33
1494;53
1494;101
1494;249
1495;3
1495;10
1495;34
1495;67
1495;101
1495;203
1496;3
1496;10
1496;39
1496;40
1496;101
1496;160
1497;3
1497;10
1497;39
1497;40
1497;120
1497;160
1498;6
1498;10
1498;29
1498;40
1498;112
1498;201
1499;4
1499;10
1499;23
1499;40
1499;112
1499;215
1500;4
1500;10
1500;22
1500;67
1500;101
1500;487
1501;4
1501;10
1501;36
1501;41
1501;87
1501;203
1502;7
1502;10
1502;30
1502;67
1502;92
1502;160
1503;7
1503;13
1503;30
1503;67
1503;101
1503;167
1504;7
1504;13
1504;25
1504;67
1504;90
1504;179
1505;3
1505;10
1505;30
1505;67
1505;119
1505;179
1506;3
1506;10
1506;30
1506;53
1506;118
1506;207
1507;3
1507;10
1507;30
1507;60
1507;101
1507;329
1508;3
1508;10
1508;26
1508;40
1508;106
1508;160
1509;3
1509;10
1509;27
1509;40
1509;80
1509;160
1510;6
1510;10
1510;28
1510;54
1510;80
1510;160
1511;4
1511;10
1511;25
1511;50
1511;125
1511;175
1512;4
1512;10
1512;25
1512;50
1512;125
1512;175
1513;3
1513;10
1513;23
1513;50
1513;124
1513;199
1514;4
1514;13
1514;26
1514;60
1514;125
1514;180
1515;3
1515;13
1515;25
1515;50
1515;125
1515;175
1516;3
1516;19
1516;25
1516;60
1516;101
1516;180
1517;3
1517;10
1517;25
1517;50
1517;101
1517;238
1518;3
1518;13
1518;25
1518;50
1518;100
1518;238
1519;3
1519;16
1519;25
1519;60
1519;125
1519;441
1520;3
1520;13
1520;25
1520;40
1520;106
1520;161
1521;3
1521;10
1521;25
1521;60
1521;106
1521;399
1522;5
1522;15
1522;28
1522;53
1522;89
1522;428
1523;4
1523;10
1523;33
1523;45
1523;134
1523;167
1524;4
1524;10
1524;33
1524;44
1524;134
1524;167
1525;3
1525;10
1525;35
1525;51
1525;134
1525;168
1526;6
1526;10
1526;29
1526;60
1526;134
1526;160
1527;6
1527;13
1527;33
1527;49
1527;106
1527;160
1528;6
1528;15
1528;33
1528;50
1528;142
1528;199
1529;6
1529;12
1529;33
1529;50
1529;100
1529;249
1530;3
1530;10
1530;33
1530;52
1530;100
1530;213
1531;3
1531;13
1531;22
1531;50
1531;134
1531;161
1532;3
1532;10
1532;36
1532;50
1532;134
1532;160
1533;3
1533;10
1533;35
1533;67
1533;134
1533;179
1534;6
1534;15
1534;29
1534;44
1534;101
1534;161
1535;4
1535;12
1535;35
1535;45
1535;119
1535;201
1536;3
1536;10
1536;35
1536;45
1536;134
1536;179
1537;6
1537;14
1537;21
1537;44
1537;133
1537;188
1538;4
1538;11
1538;22
1538;45
1538;134
1538;179
1539;5
1539;11
1539;22
1539;67
1539;89
1539;179
1540;6
1540;17
1540;23
1540;45
1540;134
1540;179
1541;6
1541;17
1541;22
1541;44
1541;134
1541;179
1542;6
1542;17
1542;22
1542;44
1542;134
1542;179
1543;6
1543;11
1543;22
1543;52
1543;134
1543;178
1544;6
1544;11
1544;23
1544;45
1544;134
1544;179
1545;5
1545;11
1545;22
1545;45
1545;134
1545;179
1546;5
1546;15
1546;29
1546;51
1546;134
1546;178
1547;4
1547;11
1547;23
1547;45
1547;134
1547;179
1548;5
1548;11
1548;22
1548;45
1548;133
1548;178
1549;6
1549;11
1549;35
1549;52
1549;123
1549;160
1550;6
1550;17
1550;22
1550;44
1550;134
1550;178
1551;6
1551;17
1551;23
1551;45
1551;133
1551;179
1552;6
1552;11
1552;22
1552;44
1552;90
1552;180
1553;6
1553;11
1553;22
1553;44
1553;133
1553;178
1554;6
1554;11
1554;27
1554;45
1554;134
1554;178
1555;6
1555;11
1555;27
1555;45
1555;134
1555;179
1556;6
1556;11
1556;22
1556;45
1556;133
1556;169
1557;6
1557;11
1557;27
1557;45
1557;135
1557;179
1558;5
1558;15
1558;24
1558;52
1558;134
1558;169
1559;4
1559;17
1559;27
1559;50
1559;134
1559;169
1560;4
1560;11
1560;27
1560;50
1560;135
1560;169
1561;5
1561;15
1561;24
1561;52
1561;100
1561;212
1562;4
1562;11
1562;33
1562;50
1562;134
1562;243
1563;4
1563;11
1563;33
1563;62
1563;101
1563;201
1564;4
1564;11
1564;34
1564;60
1564;120
1564;168
1565;4
1565;11
1565;33
1565;60
1565;89
1565;166
1566;4
1566;13
1566;34
1566;60
1566;101
1566;168
1567;4
1567;13
1567;33
1567;53
1567;89
1567;442
1568;4
1568;13
1568;33
1568;62
1568;134
1568;434
1569;4
1569;13
1569;33
1569;60
1569;89
1569;419
1570;5
1570;14
1570;24
1570;53
1570;120
1570;442
1571;4
1571;18
1571;22
1571;60
1571;120
1571;433
1572;4
1572;18
1572;34
1572;60
1572;89
1572;483
1573;4
1573;18
1573;35
1573;59
1573;91
1573;178
1574;4
1574;13
1574;30
1574;44
1574;106
1574;178
1575;4
1575;13
1575;22
1575;45
1575;102
1575;160
1576;4
1576;13
1576;22
1576;44
1576;120
1576;169
1577;4
1577;13
1577;22
1577;50
1577;89
1577;225
1578;4
1578;13
1578;22
1578;45
1578;89
1578;180
1579;4
1579;13
1579;22
1579;53
1579;151
1579;180
1580;4
1580;13
1580;22
1580;60
1580;90
1580;405
1581;4
1581;13
1581;22
1581;60
1581;90
1581;169
1582;5
1582;15
1582;29
1582;52
1582;89
1582;169
1583;4
1583;13
1583;33
1583;50
1583;158
1583;169
1584;4
1584;13
1584;27
1584;50
1584;151
1584;169
1585;5
1585;15
1585;24
1585;40
1585;101
1585;273
1586;4
1586;10
1586;34
1586;40
1586;80
1586;273
1587;3
1587;10
1587;34
1587;40
1587;151
1587;238
1588;3
1588;17
1588;31
1588;40
1588;134
1588;160
1589;3
1589;10
1589;39
1589;54
1589;80
1589;160
1590;3
1590;10
1590;34
1590;67
1590;80
1590;160
1591;3
1591;13
1591;34
1591;53
1591;80
1591;161
1592;3
1592;10
1592;39
1592;40
1592;80
1592;429
1593;3
1593;10
1593;39
1593;40
1593;93
1593;161
1594;5
1594;15
1594;26
1594;53
1594;112
1594;160
1595;4
1595;10
1595;22
1595;40
1595;112
1595;419
1596;7
1596;10
1596;22
1596;53
1596;112
1596;169
1597;7
1597;16
1597;37
1597;52
1597;93
1597;160
1598;7
1598;13
1598;34
1598;53
1598;106
1598;160
1599;7
1599;13
1599;33
1599;53
1599;106
1599;265
1600;7
1600;10
1600;23
1600;67
1600;106
1600;160
1601;3
1601;10
1601;34
1601;53
1601;106
1601;211
1602;3
1602;10
1602;33
1602;53
1602;107
1602;213
1603;3
1603;19
1603;20
1603;53
1603;107
1603;160
1604;3
1604;10
1604;20
1604;53
1604;106
1604;186
1605;3
1605;10
1605;26
1605;53
1605;100
1605;168
1606;4
1606;10
1606;34
1606;53
1606;101
1606;273
1607;3
1607;10
1607;33
1607;52
1607;129
1607;160
1608;3
1608;10
1608;33
1608;49
1608;147
1608;220
1609;5
1609;15
1609;24
1609;51
1609;127
1609;204
1610;4
1610;13
1610;25
1610;47
1610;101
1610;214
1611;3
1611;10
1611;25
1611;50
1611;100
1611;160
1612;3
1612;16
1612;25
1612;45
1612;101
1612;180
1613;3
1613;12
1613;25
1613;53
1613;151
1613;200
1614;3
1614;13
1614;25
1614;51
1614;101
1614;160
1615;3
1615;10
1615;25
1615;51
1615;80
1615;213
1616;3
1616;10
1616;25
1616;40
1616;80
1616;160
1617;9
1617;10
1617;20
1617;53
1617;80
1617;160
1618;4
1618;10
1618;34
1618;45
1618;133
1618;160
1619;4
1619;10
1619;33
1619;44
1619;159
1619;160
1620;3
1620;10
1620;34
1620;44
1620;134
1620;181
1621;6
1621;10
1621;30
1621;53
1621;93
1621;160
1622;6
1622;10
1622;30
1622;49
1622;106
1622;167
1623;6
1623;12
1623;25
1623;49
1623;106
1623;197
1624;6
1624;12
1624;25
1624;50
1624;125
1624;200
1625;3
1625;16
1625;26
1625;53
1625;100
1625;169
1626;3
1626;10
1626;27
1626;53
1626;100
1626;161
1627;3
1627;12
1627;27
1627;45
1627;134
1627;160
1628;3
1628;10
1628;27
1628;50
1628;134
1628;179
1629;3
1629;12
1629;27
1629;44
1629;134
1629;179
1630;4
1630;10
1630;26
1630;44
1630;119
1630;160
1631;4
1631;10
1631;27
1631;45
1631;119
1631;160
1632;3
1632;10
1632;27
1632;45
1632;119
1632;160
1633;0
1633;19
1633;27
1633;44
1633;80
1633;160
1634;0
1634;17
1634;27
1634;45
1634;134
1634;160
1635;6
1635;17
1635;27
1635;44
1635;134
1635;178
1636;6
1636;17
1636;27
1636;45
1636;134
1636;179
1637;6
1637;17
1637;27
1637;44
1637;134
1637;160
1638;6
1638;17
1638;26
1638;45
1638;134
1638;160
1639;6
1639;17
1639;27
1639;44
1639;134
1639;160
1640;6
1640;17
1640;26
1640;53
1640;134
1640;179
1641;6
1641;17
1641;27
1641;44
1641;133
1641;178
1642;6
1642;17
1642;26
1642;53
1642;134
1642;179
1643;9
1643;17
1643;30
1643;44
1643;133
1643;178
1644;3
1644;17
1644;34
1644;45
1644;156
1644;182
1645;9
1645;17
1645;25
1645;60
1645;92
1645;165
1646;4
1646;12
1646;26
1646;44
1646;133
1646;177
1647;3
1647;17
1647;27
1647;45
1647;135
1647;179
1648;6
1648;17
1648;38
1648;45
1648;134
1648;179
1649;9
1649;17
1649;27
1649;44
1649;133
1649;178
1650;9
1650;19
1650;20
1650;45
1650;135
1650;180
1651;9
1651;19
1651;39
1651;40
1651;133
1651;178
1652;6
1652;19
1652;20
1652;40
1652;134
1652;179
1653;6
1653;19
1653;20
1653;45
1653;158
1653;245
1654;9
1654;19
1654;20
1654;40
1654;133
1654;453
1655;9
1655;10
1655;25
1655;67
1655;134
1655;356
1656;7
1656;10
1656;20
1656;44
1656;82
1656;160
1657;4
1657;11
1657;39
1657;41
1657;80
1657;160
1658;5
1658;17
1658;39
1658;40
1658;80
1658;202
1659;6
1659;17
1659;39
1659;40
1659;80
1659;201
1660;6
1660;11
1660;37
1660;73
1660;146
1660;254
1661;5
1661;11
1661;34
1661;79
1661;80
1661;200
1662;6
1662;11
1662;39
1662;79
1662;158
1662;160
1663;6
1663;11
1663;39
1663;67
1663;80
1663;161
1664;6
1664;11
1664;22
1664;53
1664;80
1664;160
1665;6
1665;12
1665;26
1665;40
1665;159
1665;160
1666;4
1666;11
1666;22
1666;67
1666;90
1666;180
1667;5
1667;11
1667;22
1667;67
1667;80
1667;180
1668;6
1668;11
1668;35
1668;77
1668;105
1668;160
1669;6
1669;17
1669;30
1669;53
1669;106
1669;344
1670;6
1670;17
1670;33
1670;79
1670;106
1670;342
1671;6
1671;17
1671;22
1671;45
1671;107
1671;160
1672;6
1672;17
1672;22
1672;67
1672;133
1672;160
1673;6
1673;18
1673;20
1673;53
1673;106
1673;160
1674;6
1674;17
1674;27
1674;54
1674;154
1674;161
1675;6
1675;17
1675;26
1675;78
1675;104
1675;287
1676;6
1676;17
1676;27
1676;79
1676;132
1676;291
1677;5
1677;15
1677;29
1677;79
1677;80
1677;341
1678;4
1678;11
1678;22
1678;71
1678;93
1678;180
1679;5
1679;11
1679;22
1679;67
1679;89
1679;290
1680;6
1680;10
1680;22
1680;67
1680;156
1680;161
1681;4
1681;14
1681;22
1681;78
1681;89
1681;283
1682;4
1682;13
1682;22
1682;45
1682;80
1682;246
1683;4
1683;13
1683;22
1683;45
1683;157
1683;337
1684;4
1684;10
1684;22
1684;71
1684;155
1684;335
1685;4
1685;18
1685;22
1685;45
1685;134
1685;336
1686;4
1686;13
1686;22
1686;44
1686;89
1686;245
1687;4
1687;13
1687;22
1687;45
1687;89
1687;283
1688;4
1688;13
1688;22
1688;45
1688;90
1688;247
1689;5
1689;15
1689;23
1689;53
1689;90
1689;223
1690;4
1690;10
1690;23
1690;44
1690;90
1690;201
1691;4
1691;10
1691;22
1691;45
1691;90
1691;195
1692;4
1692;13
1692;22
1692;59
1692;110
1692;180
1693;4
1693;13
1693;21
1693;43
1693;114
1693;180
1694;4
1694;18
1694;22
1694;44
1694;101
1694;180
1695;4
1695;18
1695;20
1695;71
1695;115
1695;180
1696;4
1696;13
1696;26
1696;53
1696;101
1696;202
1697;4
1697;13
1697;35
1697;71
1697;101
1697;160
1698;4
1698;13
1698;23
1698;52
1698;159
1698;160
1699;4
1699;13
1699;22
1699;53
1699;159
1699;160
1700;4
1700;18
1700;22
1700;53
1700;89
1700;160
1701;5
1701;15
1701;23
1701;52
1701;158
1701;238
1702;4
1702;13
1702;27
1702;53
1702;100
1702;160
1703;4
1703;13
1703;27
1703;45
1703;89
1703;412
1704;5
1704;15
1704;24
1704;40
1704;82
1704;160
1705;4
1705;13
1705;39
1705;40
1705;80
1705;160
1706;3
1706;13
1706;39
1706;40
1706;118
1706;200
1707;3
1707;19
1707;39
1707;40
1707;80
1707;160
1708;3
1708;19
1708;20
1708;74
1708;144
1708;186
1709;3
1709;13
1709;39
1709;75
1709;80
1709;267
1710;3
1710;13
1710;33
1710;75
1710;80
1710;160
1711;3
1711;13
1711;39
1711;77
1711;80
1711;160
1712;3
1712;13
1712;39
1712;79
1712;80
1712;160
1713;5
1713;15
1713;28
1713;53
1713;80
1713;180
1714;4
1714;13
1714;39
1714;40
1714;80
1714;180
1715;3
1715;10
1715;39
1715;79
1715;80
1715;160
1716;3
1716;13
1716;29
1716;75
1716;80
1716;161
1717;3
1717;13
1717;39
1717;79
1717;80
1717;160
1718;7
1718;13
1718;20
1718;79
1718;80
1718;199
1719;6
1719;13
1719;39
1719;40
1719;80
1719;160
1720;7
1720;13
1720;39
1720;79
1720;80
1720;199
1721;7
1721;13
1721;39
1721;40
1721;80
1721;239
1722;3
1722;13
1722;39
1722;40
1722;80
1722;160
1723;3
1723;13
1723;20
1723;40
1723;80
1723;160
1724;3
1724;13
1724;20
1724;79
1724;80
1724;160
1725;5
1725;13
1725;20
1725;51
1725;159
1725;240
1726;4
1726;10
1726;39
1726;79
1726;80
1726;200
1727;3
1727;13
1727;39
1727;79
1727;80
1727;198
1728;5
1728;15
1728;39
1728;40
1728;80
1728;239
1729;4
1729;10
1729;39
1729;40
1729;80
1729;199
1730;3
1730;12
1730;39
1730;40
1730;80
1730;160
1731;3
1731;13
1731;39
1731;40
1731;80
1731;160
1732;3
1732;13
1732;39
1732;40
1732;80
1732;199
1733;3
1733;12
1733;39
1733;79
1733;80
1733;160
1734;3
1734;16
1734;39
1734;40
1734;80
1734;160
1735;3
1735;13
1735;39
1735;40
1735;80
1735;200
1736;3
1736;12
1736;39
1736;40
1736;80
1736;198
1737;4
1737;14
1737;39
1737;40
1737;120
1737;200
1738;4
1738;10
1738;39
1738;41
1738;80
1738;208
1739;3
1739;10
1739;39
1739;67
1739;80
1739;231
1740;9
1740;10
1740;39
1740;40
1740;93
1740;176
1741;3
1741;13
1741;39
1741;49
1741;123
1741;195
1742;6
1742;10
1742;39
1742;49
1742;123
1742;161
1743;6
1743;12
1743;21
1743;50
1743;80
1743;160
1744;6
1744;10
1744;20
1744;79
1744;80
1744;160
1745;6
1745;12
1745;30
1745;79
1745;80
1745;160
1746;6
1746;13
1746;30
1746;53
1746;158
1746;161
1747;3
1747;10
1747;30
1747;53
1747;158
1747;185
1748;3
1748;12
1748;30
1748;53
1748;159
1748;160
1749;5
1749;13
1749;25
1749;43
1749;100
1749;241
1750;4
1750;10
1750;30
1750;44
1750;106
1750;160
1751;3
1751;13
1751;30
1751;45
1751;134
1751;160
1752;5
1752;15
1752;34
1752;40
1752;81
1752;160
1753;4
1753;11
1753;38
1753;79
1753;80
1753;198
1754;5
1754;11
1754;39
1754;41
1754;119
1754;160
1755;5
1755;11
1755;38
1755;75
1755;152
1755;342
1756;6
1756;11
1756;22
1756;71
1756;150
1756;160
1757;6
1757;11
1757;22
1757;79
1757;80
1757;160
1758;5
1758;11
1758;27
1758;79
1758;159
1758;317
1759;5
1759;11
1759;39
1759;67
1759;80
1759;160
1760;5
1760;11
1760;26
1760;53
1760;80
1760;202
1761;4
1761;14
1761;27
1761;53
1761;109
1761;180
1762;4
1762;11
1762;22
1762;67
1762;90
1762;180
1763;5
1763;17
1763;26
1763;54
1763;80
1763;160
1764;6
1764;17
1764;30
1764;54
1764;80
1764;321
1765;6
1765;17
1765;22
1765;79
1765;106
1765;317
1766;6
1766;11
1766;23
1766;51
1766;106
1766;180
1767;6
1767;11
1767;21
1767;53
1767;89
1767;180
1768;6
1768;11
1768;22
1768;53
1768;106
1768;180
1769;6
1769;11
1769;22
1769;67
1769;80
1769;343
1770;6
1770;11
1770;26
1770;54
1770;80
1770;241
1771;6
1771;11
1771;27
1771;79
1771;80
1771;291
1772;6
1772;10
1772;22
1772;79
1772;80
1772;211
1773;4
1773;11
1773;22
1773;79
1773;132
1773;180
1774;4
1774;11
1774;22
1774;79
1774;80
1774;180
1775;5
1775;11
1775;25
1775;79
1775;80
1775;160
1776;5
1776;14
1776;22
1776;79
1776;80
1776;160
1777;4
1777;10
1777;26
1777;78
1777;126
1777;201
1778;4
1778;10
1778;22
1778;73
1778;121
1778;194
1779;4
1779;10
1779;22
1779;67
1779;135
1779;180
1780;4
1780;13
1780;22
1780;67
1780;89
1780;178
1781;4
1781;13
1781;22
1781;67
1781;80
1781;335
1782;4
1782;13
1782;22
1782;67
1782;157
1782;160
1783;4
1783;13
1783;27
1783;44
1783;157
1783;246
1784;5
1784;15
1784;23
1784;45
1784;157
1784;247
1785;4
1785;10
1785;23
1785;45
1785;143
1785;180
1786;4
1786;10
1786;21
1786;45
1786;90
1786;181
1787;9
1787;14
1787;23
1787;45
1787;87
1787;177
1788;9
1788;13
1788;22
1788;44
1788;100
1788;165
1789;9
1789;13
1789;21
1789;44
1789;90
1789;205
1790;9
1790;13
1790;23
1790;46
1790;158
1790;185
1791;4
1791;18
1791;22
1791;43
1791;102
1791;160
1792;4
1792;13
1792;35
1792;52
1792;142
1792;160
1793;5
1793;13
1793;27
1793;71
1793;81
1793;160
1794;4
1794;13
1794;26
1794;53
1794;80
1794;160
1795;4
1795;13
1795;26
1795;70
1795;80
1795;160
1796;8
1796;14
1796;26
1796;71
1796;80
1796;160
1797;4
1797;13
1797;35
1797;71
1797;159
1797;180
1798;4
1798;13
1798;22
1798;45
1798;142
1798;200
1799;9
1799;13
1799;22
1799;44
1799;89
1799;344
1800;4
1800;13
1800;39
1800;40
1800;80
1800;160
1801;4
1801;13
1801;39
1801;40
1801;80
1801;200
1802;3
1802;13
1802;39
1802;40
1802;118
1802;160
1803;3
1803;19
1803;27
1803;74
1803;147
1803;161
1804;3
1804;13
1804;38
1804;76
1804;148
1804;160
1805;3
1805;13
1805;39
1805;74
1805;80
1805;260
1806;3
1806;13
1806;39
1806;78
1806;80
1806;160
1807;3
1807;13
1807;39
1807;79
1807;80
1807;160
1808;6
1808;10
1808;39
1808;40
1808;80
1808;160
1809;4
1809;10
1809;39
1809;79
1809;80
1809;180
1810;4
1810;10
1810;39
1810;79
1810;80
1810;160
1811;7
1811;10
1811;34
1811;79
1811;80
1811;238
1812;7
1812;13
1812;39
1812;79
1812;80
1812;200
1813;7
1813;13
1813;39
1813;79
1813;80
1813;199
1814;7
1814;13
1814;28
1814;79
1814;80
1814;160
1815;7
1815;13
1815;39
1815;79
1815;80
1815;199
1816;7
1816;13
1816;39
1816;79
1816;80
1816;160
1817;6
1817;10
1817;39
1817;40
1817;80
1817;160
1818;3
1818;10
1818;33
1818;79
1818;80
1818;240
1819;3
1819;10
1819;39
1819;40
1819;159
1819;240
1820;5
1820;15
1820;39
1820;79
1820;80
1820;239
1821;4
1821;10
1821;39
1821;79
1821;80
1821;239
1822;4
1822;10
1822;39
1822;40
1822;159
1822;160
1823;7
1823;12
1823;20
1823;40
1823;80
1823;239
1824;4
1824;13
1824;39
1824;40
1824;80
1824;239
1825;3
1825;13
1825;20
1825;40
1825;159
1825;160
1826;3
1826;12
1826;24
1826;79
1826;80
1826;160
1827;3
1827;12
1827;39
1827;40
1827;80
1827;240
1828;3
1828;12
1828;39
1828;40
1828;80
1828;199
1829;3
1829;19
1829;23
1829;40
1829;80
1829;160
1830;3
1830;19
1830;39
1830;40
1830;106
1830;196
1831;3
1831;19
1831;39
1831;40
1831;80
1831;200
1832;5
1832;15
1832;39
1832;40
1832;85
1832;235
1833;4
1833;13
1833;39
1833;40
1833;80
1833;200
1834;4
1834;10
1834;39
1834;53
1834;106
1834;199
1835;3
1835;19
1835;34
1835;49
1835;102
1835;167
1836;3
1836;19
1836;39
1836;50
1836;119
1836;242
1837;3
1837;19
1837;39
1837;67
1837;119
1837;160
1838;6
1838;17
1838;26
1838;60
1838;130
1838;160
1839;6
1839;13
1839;39
1839;59
1839;80
1839;179
1840;6
1840;13
1840;39
1840;50
1840;80
1840;178
1841;6
1841;16
1841;30
1841;60
1841;80
1841;252
1842;3
1842;13
1842;29
1842;53
1842;159
1842;262
1843;6
1843;13
1843;33
1843;53
1843;80
1843;161
1844;5
1844;15
1844;30
1844;52
1844;159
1844;160
1845;4
1845;13
1845;30
1845;45
1845;100
1845;160
1846;6
1846;13
1846;30
1846;45
1846;100
1846;188
1847;5
1847;15
1847;21
1847;43
1847;134
1847;160
1848;4
1848;11
1848;39
1848;40
1848;120
1848;200
1849;4
1849;11
1849;39
1849;40
1849;80
1849;160
1850;6
1850;11
1850;39
1850;40
1850;119
1850;202
1851;5
1851;11
1851;33
1851;75
1851;112
1851;258
1852;5
1852;17
1852;39
1852;79
1852;80
1852;201
1853;6
1853;11
1853;39
1853;79
1853;80
1853;199
1854;6
1854;11
1854;39
1854;79
1854;80
1854;161
1855;6
1855;11
1855;33
1855;53
1855;100
1855;160
1856;5
1856;15
1856;29
1856;53
1856;100
1856;180
1857;4
1857;11
1857;22
1857;45
1857;100
1857;180
1858;6
1858;11
1858;22
1858;67
1858;100
1858;258
1859;6
1859;11
1859;35
1859;52
1859;99
1859;165
1860;6
1860;11
1860;33
1860;67
1860;106
1860;180
1861;6
1861;11
1861;34
1861;67
1861;105
1861;340
1862;6
1862;11
1862;23
1862;67
1862;81
1862;160
1863;6
1863;11
1863;22
1863;67
1863;100
1863;160
1864;6
1864;11
1864;21
1864;66
1864;89
1864;160
1865;6
1865;11
1865;26
1865;53
1865;158
1865;160
1866;6
1866;11
1866;26
1866;79
1866;131
1866;340
1867;6
1867;11
1867;23
1867;78
1867;80
1867;346
1868;5
1868;14
1868;29
1868;54
1868;81
1868;161
1869;4
1869;17
1869;22
1869;79
1869;80
1869;341
1870;6
1870;11
1870;22
1870;79
1870;80
1870;238
1871;5
1871;15
1871;23
1871;79
1871;81
1871;160
1872;4
1872;10
1872;22
1872;60
1872;89
1872;160
1873;4
1873;13
1873;30
1873;59
1873;89
1873;237
1874;4
1874;10
1874;22
1874;59
1874;90
1874;238
1875;5
1875;10
1875;26
1875;53
1875;89
1875;238
1876;4
1876;13
1876;22
1876;79
1876;119
1876;238
1877;4
1877;18
1877;22
1877;53
1877;89
1877;238
1878;4
1878;13
1878;22
1878;59
1878;89
1878;355
1879;9
1879;13
1879;26
1879;60
1879;89
1879;238
1880;4
1880;14
1880;24
1880;59
1880;89
1880;237
1881;4
1881;10
1881;27
1881;59
1881;148
1881;237
1882;5
1882;13
1882;22
1882;59
1882;89
1882;178
1883;4
1883;13
1883;35
1883;58
1883;89
1883;179
1884;4
1884;13
1884;30
1884;59
1884;89
1884;181
1885;4
1885;18
1885;30
1885;59
1885;119
1885;202
1886;4
1886;18
1886;29
1886;58
1886;88
1886;233
1887;4
1887;18
1887;30
1887;53
1887;151
1887;241
1888;4
1888;13
1888;30
1888;59
1888;119
1888;180
1889;4
1889;18
1889;33
1889;52
1889;133
1889;166
1890;4
1890;18
1890;33
1890;53
1890;106
1890;331
1891;4
1891;10
1891;34
1891;67
1891;106
1891;202
1892;5
1892;15
1892;32
1892;64
1892;106
1892;253
1893;4
1893;13
1893;27
1893;63
1893;106
1893;249
1894;4
1894;18
1894;26
1894;66
1894;106
1894;163
1895;5
1895;15
1895;34
1895;67
1895;134
1895;166
1896;4
1896;19
1896;20
1896;66
1896;133
1896;166
1897;7
1897;13
1897;20
1897;67
1897;133
1897;166
1898;7
1898;19
1898;39
1898;67
1898;134
1898;167
1899;7
1899;13
1899;33
1899;67
1899;134
1899;167
1900;7
1900;13
1900;31
1900;66
1900;133
1900;166
1901;3
1901;13
1901;34
1901;67
1901;134
1901;167
1902;3
1902;13
1902;39
1902;67
1902;100
1902;167
1903;3
1903;10
1903;29
1903;67
1903;133
1903;167
1904;4
1904;14
1904;23
1904;67
1904;100
1904;167
1905;4
1905;10
1905;20
1905;67
1905;134
1905;167
1906;7
1906;10
1906;20
1906;67
1906;100
1906;167
1907;7
1907;13
1907;30
1907;67
1907;92
1907;168
1908;7
1908;13
1908;20
1908;67
1908;100
1908;167
1909;7
1909;13
1909;20
1909;67
1909;134
1909;168
1910;7
1910;13
1910;20
1910;67
1910;119
1910;168
1911;7
1911;13
1911;20
1911;67
1911;134
1911;201
1912;3
1912;10
1912;33
1912;67
1912;159
1912;168
1913;3
1913;10
1913;33
1913;67
1913;159
1913;167
1914;3
1914;10
1914;33
1914;66
1914;132
1914;165
1915;7
1915;10
1915;23
1915;65
1915;131
1915;164
1916;4
1916;10
1916;39
1916;64
1916;125
1916;193
1917;3
1917;10
1917;39
1917;63
1917;157
1917;189
1918;7
1918;19
1918;20
1918;62
1918;155
1918;187
1919;5
1919;14
1919;30
1919;60
1919;125
1919;179
1920;4
1920;12
1920;20
1920;59
1920;148
1920;178
1921;3
1921;13
1921;20
1921;59
1921;148
1921;178
1922;3
1922;13
1922;30
1922;59
1922;148
1922;178
1923;6
1923;12
1923;39
1923;59
1923;147
1923;236
1924;3
1924;12
1924;20
1924;59
1924;147
1924;235
1925;3
1925;19
1925;20
1925;59
1925;148
1925;238
1926;3
1926;19
1926;25
1926;59
1926;148
1926;238
1927;5
1927;10
1927;28
1927;60
1927;119
1927;238
1928;4
1928;10
1928;30
1928;60
1928;119
1928;238
1929;4
1929;10
1929;29
1929;59
1929;147
1929;237
1930;3
1930;10
1930;35
1930;40
1930;148
1930;240
1931;6
1931;10
1931;25
1931;44
1931;92
1931;175
1932;6
1932;12
1932;39
1932;53
1932;80
1932;179
1933;6
1933;12
1933;39
1933;60
1933;134
1933;161
1934;6
1934;13
1934;39
1934;60
1934;80
1934;160
1935;6
1935;12
1935;39
1935;60
1935;80
1935;160
1936;3
1936;16
1936;30
1936;40
1936;80
1936;178
1937;3
1937;13
1937;30
1937;53
1937;80
1937;161
1938;3
1938;16
1938;33
1938;53
1938;80
1938;263
1939;6
1939;10
1939;27
1939;53
1939;159
1939;161
1940;4
1940;13
1940;30
1940;45
1940;134
1940;160
1941;3
1941;13
1941;30
1941;40
1941;80
1941;160
1942;8
1942;14
1942;30
1942;45
1942;134
1942;161
1943;4
1943;11
1943;39
1943;40
1943;80
1943;160
1944;5
1944;11
1944;39
1944;40
1944;80
1944;200
1945;6
1945;11
1945;39
1945;40
1945;81
1945;160
1946;5
1946;11
1946;37
1946;74
1946;148
1946;256
1947;5
1947;17
1947;22
1947;79
1947;80
1947;160
1948;5
1948;11
1948;39
1948;79
1948;80
1948;198
1949;6
1949;11
1949;39
1949;53
1949;81
1949;160
1950;6
1950;11
1950;27
1950;40
1950;80
1950;200
1951;6
1951;10
1951;26
1951;50
1951;135
1951;180
1952;4
1952;17
1952;27
1952;74
1952;129
1952;180
1953;5
1953;11
1953;22
1953;67
1953;80
1953;180
1954;6
1954;11
1954;38
1954;40
1954;109
1954;200
1955;6
1955;11
1955;22
1955;79
1955;105
1955;180
1956;6
1956;17
1956;22
1956;53
1956;106
1956;240
1957;6
1957;11
1957;22
1957;67
1957;107
1957;180
1958;6
1958;11
1958;22
1958;67
1958;90
1958;160
1959;6
1959;11
1959;21
1959;52
1959;81
1959;201
1960;6
1960;11
1960;22
1960;52
1960;159
1960;160
1961;6
1961;11
1961;26
1961;79
1961;132
1961;160
1962;6
1962;11
1962;27
1962;79
1962;81
1962;242
1963;5
1963;15
1963;29
1963;54
1963;83
1963;161
1964;4
1964;11
1964;22
1964;79
1964;80
1964;180
1965;5
1965;11
1965;22
1965;79
1965;80
1965;345
1966;6
1966;12
1966;22
1966;54
1966;80
1966;161
1967;4
1967;11
1967;22
1967;59
1967;88
1967;326
1968;4
1968;11
1968;34
1968;59
1968;89
1968;353
1969;4
1969;10
1969;22
1969;59
1969;148
1969;326
1970;4
1970;10
1970;22
1970;59
1970;89
1970;326
1971;4
1971;13
1971;22
1971;59
1971;89
1971;326
1972;4
1972;13
1972;27
1972;53
1972;89
1972;326
1973;4
1973;13
1973;29
1973;59
1973;148
1973;355
1974;4
1974;13
1974;27
1974;59
1974;148
1974;356
1975;5
1975;15
1975;29
1975;59
1975;148
1975;237
1976;4
1976;13
1976;30
1976;59
1976;148
1976;237
1977;4
1977;10
1977;29
1977;59
1977;118
1977;177
1978;5
1978;13
1978;22
1978;60
1978;88
1978;182
1979;5
1979;13
1979;29
1979;60
1979;114
1979;174
1980;5
1980;13
1980;30
1980;79
1980;146
1980;180
1981;5
1981;13
1981;22
1981;59
1981;148
1981;180
1982;4
1982;13
1982;22
1982;53
1982;89
1982;272
1983;4
1983;13
1983;22
1983;71
1983;148
1983;177
1984;4
1984;13
1984;25
1984;52
1984;106
1984;176
1985;4
1985;13
1985;26
1985;53
1985;106
1985;232
1986;9
1986;13
1986;26
1986;79
1986;106
1986;238
1987;5
1987;15
1987;23
1987;58
1987;106
1987;234
1988;4
1988;13
1988;30
1988;60
1988;89
1988;239
1989;9
1989;13
1989;22
1989;61
1989;106
1989;238
1990;6
1990;15
1990;24
1990;67
1990;106
1990;167
1991;4
1991;19
1991;20
1991;67
1991;134
1991;167
1992;3
1992;10
1992;27
1992;66
1992;133
1992;166
1993;3
1993;19
1993;30
1993;67
1993;100
1993;167
1994;3
1994;18
1994;27
1994;67
1994;134
1994;167
1995;3
1995;19
1995;20
1995;67
1995;133
1995;167
1996;3
1996;13
1996;20
1996;67
1996;100
1996;167
1997;3
1997;13
1997;20
1997;67
1997;134
1997;167
1998;3
1998;10
1998;20
1998;67
1998;133
1998;167
1999;5
1999;15
1999;29
1999;67
1999;100
1999;167
2000;4
2000;10
2000;39
2000;67
2000;133
2000;166
2001;7
2001;10
2001;20
2001;67
2001;133
2001;167
2002;7
2002;13
2002;39
2002;66
2002;124
2002;167
2003;7
2003;13
2003;20
2003;67
2003;100
2003;167
2004;7
2004;13
2004;20
2004;67
2004;100
2004;167
2005;7
2005;13
2005;20
2005;67
2005;133
2005;167
2006;7
2006;13
2006;20
2006;67
2006;100
2006;168
2007;7
2007;13
2007;39
2007;67
2007;119
2007;168
2008;7
2008;10
2008;21
2008;67
2008;134
2008;168
2009;7
2009;13
2009;34
2009;67
2009;80
2009;167
2010;7
2010;13
2010;33
2010;65
2010;159
2010;164
2011;5
2011;13
2011;24
2011;63
2011;159
2011;189
2012;4
2012;13
2012;20
2012;61
2012;92
2012;181
2013;7
2013;13
2013;20
2013;59
2013;149
2013;179
2014;5
2014;12
2014;20
2014;60
2014;149
2014;179
2015;4
2015;13
2015;20
2015;60
2015;149
2015;179
2016;6
2016;13
2016;20
2016;60
2016;119
2016;179
2017;3
2017;17
2017;20
2017;60
2017;149
2017;179
2018;3
2018;13
2018;39
2018;60
2018;149
2018;179
2019;6
2019;13
2019;30
2019;60
2019;149
2019;179
2020;3
2020;16
2020;30
2020;60
2020;150
2020;359
2021;3
2021;19
2021;20
2021;60
2021;149
2021;239
2022;3
2022;12
2022;30
2022;60
2022;150
2022;239
2023;4
2023;14
2023;30
2023;59
2023;149
2023;239
2024;4
2024;10
2024;25
2024;59
2024;148
2024;237
2025;6
2025;12
2025;20
2025;60
2025;149
2025;239
2026;6
2026;12
2026;29
2026;58
2026;149
2026;235
2027;6
2027;13
2027;30
2027;60
2027;121
2027;241
2028;6
2028;12
2028;29
2028;60
2028;88
2028;232
2029;6
2029;13
2029;29
2029;67
2029;89
2029;160
2030;6
2030;13
2030;31
2030;52
2030;148
2030;162
2031;6
2031;13
2031;25
2031;54
2031;159
2031;160
2032;3
2032;12
2032;30
2032;67
2032;89
2032;160
2033;3
2033;12
2033;30
2033;67
2033;159
2033;160
2034;3
2034;13
2034;30
2034;60
2034;159
2034;160
2035;5
2035;15
2035;25
2035;67
2035;106
2035;190
2036;4
2036;19
2036;25
2036;53
2036;101
2036;297
2037;6
2037;12
2037;39
2037;79
2037;80
2037;160
2038;6
2038;11
2038;22
2038;45
2038;86
2038;161
2039;6
2039;11
2039;22
2039;44
2039;87
2039;330
2040;6
2040;11
2040;22
2040;45
2040;89
2040;341
2041;6
2041;19
2041;20
2041;45
2041;88
2041;204
2042;6
2042;19
2042;20
2042;40
2042;118
2042;160
2043;6
2043;19
2043;20
2043;40
2043;100
2043;160
2044;6
2044;19
2044;20
2044;40
2044;119
2044;161
2045;6
2045;11
2045;23
2045;68
2045;114
2045;161
2046;6
2046;11
2046;22
2046;67
2046;112
2046;324
2047;6
2047;11
2047;22
2047;53
2047;136
2047;160
2048;6
2048;19
2048;20
2048;53
2048;96
2048;160
2049;6
2049;11
2049;39
2049;40
2049;118
2049;258
2050;6
2050;11
2050;20
2050;40
2050;100
2050;160
2051;6
2051;19
2051;20
2051;40
2051;99
2051;188
2052;6
2052;11
2052;20
2052;40
2052;80
2052;271
2053;6
2053;19
2053;20
2053;40
2053;80
2053;160
2054;6
2054;19
2054;20
2054;40
2054;90
2054;188
2055;6
2055;19
2055;22
2055;43
2055;80
2055;160
2056;6
2056;19
2056;20
2056;79
2056;80
2056;269
2057;6
2057;19
2057;20
2057;40
2057;148
2057;168
2058;6
2058;19
2058;20
2058;60
2058;137
2058;161
2059;6
2059;19
2059;20
2059;60
2059;81
2059;237
2060;6
2060;19
2060;39
2060;53
2060;116
2060;180
2061;6
2061;16
2061;33
2061;50
2061;90
2061;169
2062;6
2062;17
2062;35
2062;53
2062;101
2062;238
2063;6
2063;11
2063;23
2063;50
2063;118
2063;453
2064;6
2064;11
2064;39
2064;40
2064;89
2064;486
2065;9
2065;19
2065;21
2065;41
2065;90
2065;181
2066;9
2066;19
2066;20
2066;40
2066;99
2066;179
2067;9
2067;19
2067;20
2067;62
2067;100
2067;180
2068;9
2068;19
2068;20
2068;62
2068;90
2068;180
2069;9
2069;18
2069;20
2069;67
2069;90
2069;180
2070;9
2070;18
2070;20
2070;62
2070;89
2070;300
2071;9
2071;19
2071;21
2071;42
2071;144
2071;182
2072;9
2072;19
2072;20
2072;40
2072;81
2072;187
2073;9
2073;19
2073;20
2073;40
2073;98
2073;199
2074;9
2074;19
2074;20
2074;62
2074;89
2074;217
2075;9
2075;19
2075;21
2075;40
2075;90
2075;180
2076;9
2076;19
2076;21
2076;62
2076;144
2076;219
2077;9
2077;19
2077;21
2077;44
2077;144
2077;180
2078;9
2078;19
2078;21
2078;62
2078;144
2078;181
2079;9
2079;19
2079;20
2079;50
2079;101
2079;180
2080;9
2080;19
2080;25
2080;50
2080;100
2080;224
2081;9
2081;19
2081;26
2081;52
2081;102
2081;208
2082;9
2082;18
2082;27
2082;54
2082;80
2082;215
2083;9
2083;17
2083;26
2083;53
2083;80
2083;211
2084;9
2084;18
2084;26
2084;53
2084;80
2084;185
2085;9
2085;17
2085;26
2085;53
2085;80
2085;211
2086;9
2086;18
2086;27
2086;53
2086;80
2086;212
2087;9
2087;18
2087;27
2087;79
2087;80
2087;344
2088;9
2088;18
2088;27
2088;53
2088;80
2088;213
2089;9
2089;18
2089;26
2089;53
2089;80
2089;212
2090;9
2090;10
2090;27
2090;53
2090;80
2090;213
2091;9
2091;10
2091;26
2091;53
2091;80
2091;211
2092;9
2092;10
2092;27
2092;53
2092;80
2092;214
2093;9
2093;10
2093;26
2093;52
2093;81
2093;181
2094;9
2094;10
2094;26
2094;53
2094;80
2094;180
2095;9
2095;10
2095;27
2095;53
2095;81
2095;212
2096;9
2096;10
2096;25
2096;53
2096;80
2096;180
2097;9
2097;10
2097;27
2097;52
2097;80
2097;180
2098;9
2098;10
2098;26
2098;53
2098;100
2098;180
2099;9
2099;10
2099;26
2099;67
2099;80
2099;180
2100;9
2100;18
2100;26
2100;67
2100;100
2100;180
2101;9
2101;18
2101;22
2101;53
2101;90
2101;180
2102;9
2102;18
2102;26
2102;52
2102;89
2102;180
2103;9
2103;18
2103;26
2103;67
2103;90
2103;180
2104;9
2104;18
2104;27
2104;67
2104;90
2104;181
2105;9
2105;16
2105;34
2105;67
2105;132
2105;226
2106;9
2106;16
2106;32
2106;67
2106;90
2106;164
2107;9
2107;10
2107;25
2107;67
2107;89
2107;180
2108;9
2108;10
2108;27
2108;75
2108;114
2108;280
2109;9
2109;17
2109;34
2109;51
2109;105
2109;186
2110;9
2110;16
2110;33
2110;49
2110;82
2110;165
2111;9
2111;17
2111;34
2111;50
2111;83
2111;168
2112;9
2112;17
2112;33
2112;50
2112;83
2112;315
2113;9
2113;17
2113;33
2113;50
2113;83
2113;165
2114;9
2114;17
2114;33
2114;50
2114;133
2114;163
2115;7
2115;17
2115;33
2115;50
2115;83
2115;234
2116;7
2116;17
2116;20
2116;50
2116;116
2116;234
2117;7
2117;17
2117;20
2117;53
2117;115
2117;187
2118;7
2118;17
2118;27
2118;50
2118;80
2118;160
2119;7
2119;17
2119;27
2119;40
2119;100
2119;160
2120;7
2120;17
2120;27
2120;53
2120;99
2120;188
2121;7
2121;17
2121;20
2121;53
2121;101
2121;163
2122;6
2122;17
2122;33
2122;53
2122;83
2122;160
2123;7
2123;17
2123;20
2123;53
2123;80
2123;160
2124;6
2124;17
2124;33
2124;53
2124;80
2124;162
2125;7
2125;17
2125;27
2125;53
2125;140
2125;163
2126;7
2126;17
2126;33
2126;53
2126;100
2126;163
2127;7
2127;17
2127;34
2127;53
2127;80
2127;160
2128;6
2128;17
2128;33
2128;53
2128;80
2128;160
2129;7
2129;17
2129;20
2129;53
2129;80
2129;215
2130;6
2130;16
2130;23
2130;53
2130;80
2130;294
2131;7
2131;16
2131;20
2131;53
2131;80
2131;160
2132;7
2132;17
2132;20
2132;53
2132;80
2132;160
2133;7
2133;16
2133;20
2133;53
2133;80
2133;160
2134;7
2134;17
2134;20
2134;40
2134;80
2134;163
2135;7
2135;10
2135;20
2135;40
2135;140
2135;160
2136;7
2136;10
2136;20
2136;40
2136;83
2136;160
2137;7
2137;10
2137;39
2137;40
2137;83
2137;188
2138;7
2138;17
2138;39
2138;40
2138;140
2138;188
2139;7
2139;17
2139;23
2139;53
2139;83
2139;160
2140;7
2140;17
2140;23
2140;53
2140;80
2140;160
2141;7
2141;16
2141;23
2141;53
2141;140
2141;163
2142;7
2142;17
2142;20
2142;53
2142;80
2142;163
2143;7
2143;17
2143;20
2143;50
2143;80
2143;163
2144;7
2144;17
2144;20
2144;47
2144;140
2144;163
2145;7
2145;16
2145;20
2145;40
2145;80
2145;160
2146;7
2146;16
2146;20
2146;40
2146;80
2146;160
2147;7
2147;17
2147;20
2147;40
2147;80
2147;160
2148;7
2148;17
2148;23
2148;40
2148;80
2148;160
2149;6
2149;16
2149;23
2149;40
2149;80
2149;160
2150;6
2150;16
2150;23
2150;40
2150;87
2150;160
2151;9
2151;17
2151;23
2151;40
2151;140
2151;160
2152;6
2152;17
2152;23
2152;40
2152;80
2152;160
2153;7
2153;17
2153;23
2153;53
2153;80
2153;160
2154;7
2154;16
2154;23
2154;47
2154;140
2154;160
2155;7
2155;10
2155;20
2155;50
2155;80
2155;160
2156;7
2156;17
2156;20
2156;40
2156;140
2156;160
2157;6
2157;17
2157;20
2157;40
2157;80
2157;160
2158;7
2158;17
2158;20
2158;40
2158;80
2158;160
2159;7
2159;16
2159;23
2159;47
2159;80
2159;160
2160;7
2160;10
2160;23
2160;40
2160;80
2160;160
2161;7
2161;16
2161;23
2161;40
2161;80
2161;160
2162;7
2162;17
2162;23
2162;40
2162;80
2162;160
2163;6
2163;16
2163;20
2163;40
2163;120
2163;160
2164;7
2164;10
2164;20
2164;40
2164;80
2164;160
2165;6
2165;17
2165;20
2165;40
2165;80
2165;160
2166;7
2166;17
2166;20
2166;40
2166;120
2166;188
2167;7
2167;17
2167;23
2167;40
2167;80
2167;160
2168;7
2168;16
2168;23
2168;40
2168;80
2168;160
2169;7
2169;16
2169;23
2169;50
2169;140
2169;188
2170;9
2170;16
2170;20
2170;50
2170;80
2170;221
2171;2
2171;17
2171;20
2171;40
2171;80
2171;188
2172;9
2172;17
2172;23
2172;40
2172;140
2172;183
