11;0
11;11
11;38
11;60
11;157
11;301
12;9
12;19
12;20
12;40
12;100
12;161
13;9
13;19
13;20
13;40
13;100
13;161
14;9
14;15
14;20
14;40
14;100
14;161
15;9
15;19
15;20
15;40
15;100
15;161
16;9
16;15
16;30
16;40
16;100
16;161
17;9
17;19
17;30
17;40
17;100
17;160
18;9
18;19
18;30
18;40
18;100
18;160
19;9
19;19
19;30
19;40
19;100
19;160
20;9
20;19
20;30
20;40
20;100
20;161
21;9
21;17
21;22
21;53
21;80
21;169
22;9
22;17
22;27
22;50
22;80
22;169
23;6
23;17
23;27
23;50
23;80
23;169
24;9
24;17
24;22
24;50
24;80
24;169
25;9
25;17
25;27
25;50
25;80
25;169
26;0
26;17
26;22
26;50
26;90
26;227
27;0
27;17
27;22
27;50
27;90
27;169
28;6
28;17
28;22
28;50
28;89
28;168
29;0
29;17
29;22
29;50
29;90
29;169
30;9
30;16
30;25
30;50
30;100
30;168
31;8
31;17
31;25
31;50
31;100
31;161
32;8
32;17
32;25
32;40
32;100
32;161
33;8
33;17
33;25
33;50
33;100
33;169
34;8
34;17
34;25
34;50
34;100
34;169
35;8
35;17
35;25
35;50
35;100
35;169
36;8
36;17
36;25
36;50
36;100
36;161
37;8
37;17
37;25
37;40
37;100
37;169
38;8
38;17
38;25
38;40
38;100
38;169
39;8
39;17
39;25
39;40
39;100
39;169
40;8
40;17
40;25
40;40
40;100
40;169
41;8
41;17
41;33
41;40
41;100
41;169
42;8
42;17
42;33
42;42
42;100
42;169
43;8
43;17
43;33
43;42
43;100
43;187
44;8
44;17
44;33
44;42
44;100
44;161
45;8
45;17
45;33
45;42
45;118
45;169
46;8
46;17
46;33
46;50
46;100
46;169
47;8
47;17
47;33
47;50
47;100
47;169
48;9
48;17
48;27
48;51
48;80
48;168
49;7
49;17
49;27
49;40
49;100
49;169
50;7
50;17
50;26
50;40
50;100
50;169
51;7
51;17
51;27
51;40
51;100
51;169
52;7
52;17
52;27
52;40
52;100
52;161
53;7
53;17
53;27
53;40
53;100
53;161
54;7
54;17
54;27
54;40
54;100
54;169
55;7
55;17
55;27
55;40
55;100
55;169
56;7
56;17
56;27
56;40
56;100
56;169
57;7
57;17
57;27
57;40
57;80
57;169
58;7
58;17
58;27
58;40
58;100
58;169
59;7
59;17
59;27
59;40
59;100
59;169
60;7
60;17
60;26
60;40
60;100
60;169
61;7
61;17
61;27
61;40
61;100
61;161
62;8
62;15
62;20
62;45
62;120
62;244
63;8
63;15
63;20
63;45
63;120
63;161
64;9
64;15
64;20
64;45
64;105
64;165
65;9
65;15
65;20
65;45
65;88
65;165
66;9
66;15
66;30
66;45
66;88
66;165
67;9
67;15
67;30
67;45
67;105
67;165
68;9
68;19
68;30
68;45
68;80
68;228
69;9
69;19
69;30
69;45
69;80
69;228
70;9
70;19
70;30
70;45
70;80
70;244
71;9
71;19
71;30
71;45
71;80
71;161
72;9
72;19
72;20
72;45
72;80
72;165
73;9
73;19
73;30
73;45
73;105
73;165
74;9
74;19
74;30
74;60
74;105
74;165
75;9
75;19
75;20
75;60
75;105
75;165
76;9
76;19
76;20
76;60
76;105
76;165
77;9
77;19
77;20
77;60
77;105
77;164
78;9
78;19
78;20
78;60
78;105
78;164
79;7
79;15
79;22
79;75
79;105
79;196
80;8
80;17
80;24
80;40
80;127
80;186
81;9
81;14
81;29
81;44
81;156
81;163
82;8
82;15
82;30
82;45
82;135
82;180
83;9
83;17
83;34
83;51
83;135
83;169
84;2
84;17
84;34
84;50
84;117
84;218
85;6
85;10
85;20
85;76
85;100
85;357
86;3
86;19
86;20
86;56
86;100
86;223
87;4
87;15
87;39
87;40
87;100
87;180
88;9
88;15
88;30
88;40
88;100
88;179
89;9
89;15
89;39
89;40
89;100
89;179
90;9
90;15
90;30
90;59
90;103
90;220
91;9
91;16
91;30
91;49
91;83
91;439
92;9
92;15
92;30
92;45
92;89
92;268
93;9
93;15
93;30
93;45
93;90
93;269
94;9
94;17
94;22
94;45
94;134
94;168
95;2
95;17
95;27
95;59
95;149
95;223
96;0
96;17
96;27
96;60
96;149
96;164
97;9
97;16
97;30
97;59
97;151
97;166
98;9
98;11
98;22
98;45
98;90
98;163
99;5
99;16
99;30
99;45
99;89
99;178
100;3
100;15
100;30
100;45
100;134
100;164
101;4
101;17
101;34
101;50
101;134
101;167
102;8
102;12
102;22
102;46
102;89
102;169
103;9
103;10
103;20
103;40
103;138
103;168
104;8
104;17
104;25
104;67
104;145
104;223
105;9
105;10
105;25
105;67
105;157
105;224
106;5
106;11
106;25
106;56
106;156
106;167
107;5
107;17
107;25
107;56
107;157
107;224
108;5
108;15
108;25
108;57
108;158
108;170
109;3
109;13
109;25
109;50
109;100
109;163
110;4
110;13
110;25
110;50
110;100
110;189
111;8
111;17
111;25
111;40
111;100
111;168
112;8
112;16
112;25
112;40
112;159
112;168
113;8
113;17
113;25
113;40
113;100
113;196
114;8
114;17
114;33
114;42
114;100
114;235
115;1
115;14
115;29
115;40
115;100
115;181
116;8
116;14
116;30
116;42
116;100
116;265
117;9
117;17
117;34
117;49
117;148
117;166
118;9
118;16
118;34
118;51
118;84
118;205
119;5
119;15
119;34
119;51
119;116
119;249
120;3
120;18
120;36
120;54
120;126
120;163
121;9
121;10
121;39
121;40
121;154
121;173
122;5
122;12
122;39
122;40
122;159
122;160
123;3
123;17
123;39
123;40
123;159
123;160
124;6
124;17
124;39
124;40
124;158
124;217
125;7
125;17
125;33
125;40
125;100
125;160
126;7
126;17
126;34
126;40
126;149
126;214
127;7
127;17
127;33
127;40
127;151
127;185
128;9
128;10
128;30
128;40
128;80
128;194
129;4
129;15
129;30
129;45
129;100
129;193
130;5
130;15
130;30
130;44
130;159
130;193
131;4
131;15
131;30
131;45
131;133
131;209
132;7
132;15
132;30
132;45
132;119
132;223
133;6
133;15
133;30
133;45
133;104
133;405
134;5
134;13
134;27
134;45
134;100
134;209
135;8
135;10
135;22
135;47
135;91
135;213
136;4
136;15
136;20
136;74
136;89
136;163
137;4
137;15
137;30
137;74
137;80
137;221
138;9
138;17
138;20
138;68
138;119
138;237
139;9
139;10
139;20
139;45
139;119
139;238
140;9
140;11
140;22
140;46
140;157
140;214
141;9
141;11
141;20
141;56
141;156
141;212
142;6
142;10
142;30
142;56
142;156
142;212
143;5
143;11
143;30
143;56
143;157
143;213
144;9
144;10
144;22
144;56
144;156
144;167
145;4
145;12
145;23
145;47
145;151
145;168
146;3
146;13
146;25
146;50
146;159
146;202
147;5
147;13
147;20
147;56
147;157
147;383
148;5
148;12
148;20
148;60
148;157
148;345
149;5
149;12
149;21
149;43
149;145
149;168
150;2
150;12
150;20
150;60
150;141
150;165
151;9
151;10
151;21
151;41
151;90
151;201
152;9
152;15
152;30
152;45
152;104
152;195
153;9
153;16
153;32
153;77
153;80
153;215
154;9
154;17
154;33
154;67
154;83
154;215
155;9
155;17
155;34
155;50
155;84
155;201
156;9
156;17
156;33
156;50
156;150
156;217
157;9
157;19
157;20
157;40
157;80
157;200
158;6
158;10
158;21
158;40
158;100
158;259
159;4
159;15
159;20
159;75
159;100
159;200
160;4
160;19
160;20
160;40
160;100
160;219
161;9
161;15
161;30
161;40
161;100
161;200
162;9
162;15
162;20
162;40
162;100
162;200
163;9
163;15
163;30
163;46
163;100
163;209
164;9
164;16
164;30
164;46
164;82
164;405
165;9
165;15
165;30
165;45
165;89
165;178
166;9
166;15
166;29
166;45
166;90
166;209
167;9
167;15
167;30
167;45
167;80
167;168
168;2
168;15
168;30
168;45
168;89
168;224
169;6
169;15
169;30
169;45
169;90
169;239
170;6
170;15
170;30
170;75
170;80
170;209
171;9
171;15
171;30
171;44
171;89
171;222
172;5
172;16
172;29
172;44
172;104
172;190
173;3
173;15
173;30
173;45
173;150
173;194
174;4
174;17
174;33
174;52
174;139
174;192
175;9
175;11
175;22
175;48
175;89
175;196
176;9
176;10
176;25
176;46
176;134
176;196
177;8
177;17
177;25
177;56
177;134
177;212
178;9
178;11
178;25
178;66
178;156
178;222
179;5
179;16
179;25
179;56
179;157
179;212
180;5
180;11
180;25
180;56
180;156
180;167
181;5
181;11
181;23
181;46
181;158
181;160
182;3
182;13
182;25
182;50
182;151
182;164
183;4
183;13
183;25
183;40
183;100
183;458
184;8
184;13
184;25
184;50
184;100
184;212
185;9
185;18
185;27
185;45
185;159
185;168
186;9
186;10
186;30
186;40
186;159
186;160
187;9
187;10
187;30
187;40
187;158
187;452
188;9
188;11
188;22
188;44
188;159
188;160
189;8
189;11
189;34
189;46
189;80
189;172
190;8
190;13
190;25
190;50
190;88
190;226
191;8
191;12
191;25
191;62
191;100
191;212
192;9
192;10
192;25
192;42
192;118
192;335
193;9
193;11
193;34
193;45
193;121
193;189
194;9
194;12
194;36
194;49
194;84
194;219
195;5
195;12
195;38
195;50
195;101
195;213
196;3
196;12
196;37
196;50
196;113
196;175
197;6
197;11
197;33
197;45
197;143
197;164
198;7
198;12
198;27
198;72
198;136
198;319
199;7
199;13
199;26
199;75
199;88
199;312
200;7
200;13
200;26
200;50
200;100
200;161
201;9
201;10
201;22
201;40
201;87
201;160
202;4
202;13
202;26
202;50
202;100
202;191
203;5
203;11
203;30
203;50
203;100
203;181
204;8
204;17
204;34
204;42
204;158
204;167
205;8
205;17
205;33
205;42
205;100
205;167
206;6
206;16
206;34
206;42
206;92
206;167
207;5
207;17
207;33
207;42
207;83
207;168
208;8
208;10
208;21
208;40
208;84
208;161
209;4
209;19
209;30
209;40
209;100
209;188
210;4
210;10
210;20
210;40
210;100
210;191
211;9
211;19
211;30
211;40
211;100
211;198
212;9
212;10
212;30
212;45
212;100
212;197
213;9
213;10
213;20
213;49
213;100
213;224
214;8
214;15
214;30
214;47
214;100
214;239
215;7
215;10
215;30
215;59
215;100
215;178
216;5
216;19
216;30
216;40
216;100
216;231
217;9
217;10
217;20
217;40
217;81
217;161
218;4
218;11
218;30
218;40
218;100
218;165
219;5
219;19
219;30
219;40
219;100
219;202
220;9
220;19
220;30
220;40
220;100
220;181
221;9
221;19
221;20
221;40
221;100
221;165
222;5
222;19
222;30
222;70
222;159
222;168
223;2
223;19
223;20
223;40
223;105
223;168
224;9
224;13
224;20
224;66
224;85
224;311
225;9
225;19
225;23
225;45
225;90
225;181
226;9
226;12
226;24
226;48
226;95
226;408
227;9
227;15
227;25
227;75
227;101
227;429
228;9
228;19
228;23
228;45
228;89
228;217
229;2
229;19
229;21
229;40
229;119
229;201
230;9
230;15
230;39
230;40
230;99
230;318
231;7
231;10
231;39
231;40
231;80
231;319
232;4
232;19
232;39
232;40
232;100
232;320
233;4
233;19
233;39
233;40
233;100
233;376
234;9
234;19
234;20
234;40
234;100
234;161
235;9
235;19
235;34
235;67
235;97
235;161
236;9
236;17
236;34
236;50
236;135
236;200
237;9
237;16
237;33
237;50
237;100
237;203
238;9
238;16
238;30
238;40
238;152
238;214
239;9
239;14
239;30
239;40
239;100
239;421
240;9
240;17
240;35
240;51
240;89
240;168
241;2
241;18
241;36
241;54
241;89
241;318
242;0
242;17
242;39
242;40
242;80
242;399
243;9
243;17
243;39
243;40
243;80
243;397
244;9
244;19
244;39
244;40
244;81
244;212
245;5
245;15
245;34
245;43
245;134
245;354
246;3
246;11
246;22
246;40
246;90
246;451
247;4
247;16
247;30
247;45
247;90
247;322
248;7
248;11
248;22
248;50
248;90
248;169
249;6
249;17
249;21
249;52
249;100
249;206
250;8
250;17
250;25
250;53
250;87
250;329
251;9
251;11
251;25
251;40
251;80
251;323
252;5
252;16
252;39
252;40
252;80
252;318
253;5
253;19
253;25
253;40
253;100
253;305
254;6
254;10
254;22
254;45
254;111
254;333
255;3
255;17
255;25
255;45
255;112
255;336
256;4
256;17
256;25
256;44
256;111
256;332
257;8
257;17
257;25
257;45
257;156
257;202
258;8
258;16
258;25
258;50
258;159
258;202
259;9
259;17
259;25
259;50
259;151
259;202
260;8
260;17
260;25
260;44
260;151
260;202
261;8
261;17
261;24
261;50
261;100
261;340
262;8
262;19
262;21
262;40
262;100
262;209
263;8
263;17
263;33
263;43
263;100
263;201
264;8
264;17
264;33
264;43
264;118
264;168
265;8
265;17
265;33
265;42
265;100
265;202
266;8
266;17
266;33
266;42
266;100
266;202
267;9
267;12
267;21
267;42
267;83
267;162
268;5
268;16
268;27
268;50
268;100
268;169
269;3
269;17
269;27
269;40
269;100
269;169
270;7
270;11
270;23
270;50
270;100
270;198
271;7
271;11
271;22
271;40
271;100
271;161
272;7
272;16
272;20
272;40
272;100
272;175
273;7
273;13
273;27
273;60
273;157
273;197
274;9
274;10
274;20
274;41
274;81
274;284
275;4
275;11
275;26
275;59
275;100
275;279
276;4
276;19
276;20
276;79
276;80
276;217
277;4
277;19
277;20
277;45
277;134
277;201
278;7
278;19
278;20
278;53
278;124
278;232
279;6
279;16
279;33
279;50
279;151
279;209
280;5
280;17
280;33
280;50
280;84
280;184
281;9
281;10
281;22
281;40
281;85
281;219
282;4
282;15
282;25
282;45
282;88
282;202
283;5
283;15
283;20
283;45
283;120
283;376
284;9
284;16
284;30
284;50
284;134
284;217
285;9
285;17
285;30
285;67
285;134
285;218
286;9
286;18
286;30
286;54
286;126
286;307
287;9
287;17
287;30
287;52
287;120
287;312
288;7
288;10
288;21
288;66
288;100
288;319
289;4
289;15
289;30
289;59
289;133
289;222
290;9
290;10
290;21
290;60
290;120
290;226
291;4
291;16
291;30
291;60
291;119
291;238
292;3
292;15
292;20
292;45
292;118
292;231
293;5
293;14
293;29
293;59
293;116
293;163
294;5
294;15
294;20
294;47
294;109
294;170
295;5
295;15
295;30
295;70
295;159
295;168
296;2
296;19
296;20
296;49
296;140
296;165
297;5
297;16
297;20
297;56
297;147
297;208
298;5
298;14
298;30
298;70
298;97
298;221
299;5
299;14
299;30
299;76
299;152
299;227
300;9
300;19
300;22
300;48
300;150
300;226
301;9
301;18
301;39
301;40
301;109
301;349
302;9
302;15
302;39
302;61
302;101
302;344
303;9
303;19
303;20
303;59
303;99
303;414
304;7
304;10
304;21
304;59
304;100
304;317
305;4
305;19
305;20
305;79
305;80
305;317
306;4
306;19
306;20
306;40
306;80
306;404
307;9
307;19
307;39
307;40
307;80
307;437
308;9
308;19
308;20
308;40
308;100
308;177
309;9
309;17
309;30
309;50
309;100
309;215
310;9
310;19
310;30
310;40
310;100
310;165
311;9
311;15
311;30
311;40
311;100
311;178
312;9
312;15
312;30
312;40
312;88
312;180
313;9
313;15
313;32
313;50
313;148
313;168
314;2
314;16
314;27
314;68
314;85
314;430
315;5
315;17
315;27
315;79
315;80
315;280
316;5
316;17
316;22
316;79
316;80
316;283
317;9
317;17
317;32
317;45
317;158
317;160
318;5
318;11
318;34
318;43
318;80
318;189
319;3
319;11
319;34
319;50
319;89
319;185
320;4
320;15
320;30
320;45
320;150
320;164
321;1
321;15
321;29
321;45
321;149
321;164
322;9
322;16
322;31
322;49
322;80
322;208
323;8
323;17
323;25
323;51
323;84
323;171
324;9
324;19
324;25
324;40
324;84
324;180
325;5
325;16
325;25
325;40
325;84
325;179
326;5
326;17
326;25
326;50
326;84
326;179
327;6
327;10
327;22
327;46
327;138
327;161
328;3
328;16
328;22
328;66
328;109
328;175
329;4
329;17
329;23
329;45
329;136
329;203
330;8
330;17
330;23
330;45
330;156
330;332
331;8
331;16
331;26
331;51
331;152
331;229
332;4
332;17
332;24
332;44
332;148
332;200
333;8
333;17
333;25
333;42
333;100
333;203
334;8
334;19
334;39
334;40
334;80
334;198
335;8
335;17
335;38
335;41
335;142
335;161
336;5
336;19
336;20
336;40
336;141
336;180
337;8
337;16
337;39
337;40
337;100
337;179
338;8
338;17
338;39
338;40
338;121
338;202
339;4
339;19
339;39
339;59
339;139
339;297
340;9
340;13
340;20
340;40
340;139
340;278
341;5
341;15
341;27
341;40
341;159
341;298
342;3
342;17
342;39
342;40
342;100
342;219
343;4
343;17
343;26
343;40
343;100
343;219
344;7
344;18
344;26
344;40
344;100
344;160
345;7
345;17
345;20
345;41
345;100
345;160
346;7
346;19
346;39
346;59
346;80
346;313
347;9
347;10
347;39
347;40
347;80
347;203
348;5
348;17
348;26
348;50
348;84
348;234
349;4
349;14
349;26
349;40
349;100
349;169
350;4
350;19
350;39
350;40
350;159
350;181
351;7
351;19
351;20
351;40
351;100
351;199
352;7
352;10
352;20
352;55
352;159
352;199
353;5
353;19
353;20
353;76
353;115
353;330
354;9
354;10
354;22
354;60
354;100
354;321
355;4
355;19
355;20
355;79
355;99
355;318
356;5
356;15
356;20
356;60
356;101
356;461
357;5
357;15
357;20
357;60
357;80
357;181
358;9
358;15
358;20
358;70
358;88
358;433
359;9
359;15
359;30
359;76
359;139
359;169
360;9
360;12
360;30
360;74
360;156
360;168
361;8
361;10
361;30
361;40
361;100
361;185
362;4
362;19
362;30
362;40
362;100
362;176
363;9
363;10
363;21
363;40
363;81
363;164
364;4
364;11
364;30
364;50
364;100
364;181
365;4
365;19
365;30
365;40
365;100
365;202
366;4
366;19
366;30
366;40
366;100
366;181
367;9
367;14
367;30
367;40
367;100
367;205
368;9
368;19
368;36
368;40
368;157
368;171
369;9
369;19
369;39
369;40
369;158
369;178
370;9
370;19
370;39
370;41
370;141
370;363
371;9
371;17
371;20
371;40
371;131
371;200
372;6
372;19
372;21
372;41
372;87
372;193
373;1
373;15
373;22
373;45
373;155
373;375
374;4
374;19
374;20
374;45
374;158
374;361
375;4
375;19
375;20
375;40
375;139
375;361
376;1
376;16
376;33
376;45
376;115
376;398
377;8
377;10
377;24
377;41
377;100
377;398
378;4
378;19
378;20
378;40
378;150
378;164
379;5
379;10
379;20
379;40
379;100
379;176
380;5
380;19
380;20
380;40
380;150
380;176
381;5
381;19
381;25
381;50
381;100
381;176
382;5
382;15
382;30
382;50
382;159
382;176
383;5
383;15
383;25
383;40
383;159
383;176
384;5
384;15
384;20
384;40
384;159
384;199
385;5
385;19
385;20
385;40
385;119
385;176
386;5
386;19
386;20
386;40
386;119
386;201
387;5
387;19
387;22
387;46
387;120
387;202
388;5
388;19
388;20
388;45
388;158
388;199
389;5
389;19
389;39
389;40
389;98
389;198
390;5
390;19
390;20
390;44
390;119
390;198
391;6
391;10
391;23
391;45
391;121
391;324
392;3
392;19
392;28
392;45
392;119
392;162
393;4
393;19
393;29
393;50
393;120
393;176
394;9
394;19
394;22
394;40
394;120
394;175
395;9
395;17
395;22
395;50
395;120
395;175
396;8
396;17
396;33
396;50
396;120
396;176
397;8
397;17
397;33
397;50
397;120
397;201
398;5
398;17
398;33
398;40
398;120
398;182
399;5
399;17
399;33
399;40
399;119
399;177
400;6
400;10
400;20
400;43
400;120
400;201
401;4
401;17
401;25
401;45
401;119
401;201
402;4
402;19
402;20
402;40
402;119
402;200
403;4
403;19
403;39
403;40
403;80
403;317
404;4
404;19
404;20
404;40
404;121
404;162
405;4
405;15
405;20
405;45
405;119
405;335
406;4
406;15
406;25
406;40
406;121
406;175
407;4
407;19
407;25
407;50
407;150
407;175
408;4
408;19
408;25
408;50
408;151
408;176
409;4
409;19
409;25
409;50
409;151
409;201
410;4
410;19
410;23
410;40
410;80
410;179
411;4
411;17
411;22
411;45
411;80
411;200
412;4
412;17
412;34
412;60
412;159
412;180
413;4
413;14
413;30
413;40
413;159
413;200
414;5
414;13
414;26
414;42
414;100
414;169
415;3
415;17
415;30
415;40
415;159
415;181
416;3
416;17
416;23
416;40
416;159
416;201
417;3
417;19
417;34
417;40
417;159
417;178
418;3
418;17
418;33
418;40
418;159
418;160
419;3
419;17
419;20
419;48
419;159
419;160
420;3
420;11
420;34
420;51
420;159
420;160
421;5
421;12
421;33
421;50
421;159
421;352
422;3
422;17
422;33
422;40
422;159
422;160
423;3
423;17
423;26
423;51
423;159
423;201
424;3
424;17
424;33
424;44
424;159
424;178
425;3
425;10
425;21
425;40
425;159
425;160
426;3
426;19
426;20
426;67
426;120
426;160
427;9
427;10
427;22
427;40
427;119
427;192
428;4
428;15
428;25
428;40
428;159
428;219
429;3
429;15
429;25
429;40
429;120
429;219
430;3
430;15
430;25
430;40
430;159
430;179
431;2
431;15
431;25
431;45
431;159
431;179
432;3
432;10
432;25
432;40
432;140
432;180
433;2
433;17
433;25
433;40
433;80
433;200
434;8
434;17
434;30
434;40
434;80
434;200
435;4
435;17
435;39
435;40
435;120
435;199
436;9
436;10
436;21
436;40
436;120
436;180
437;5
437;15
437;20
437;45
437;100
437;198
438;3
438;15
438;20
438;40
438;80
438;199
439;3
439;15
439;30
439;40
439;90
439;160
440;3
440;15
440;30
440;40
440;80
440;179
441;3
441;10
441;36
441;40
441;159
441;168
442;3
442;15
442;39
442;40
442;158
442;217
443;2
443;19
443;20
443;41
443;120
443;363
444;3
444;17
444;20
444;40
444;134
444;383
445;3
445;19
445;21
445;40
445;87
445;193
446;2
446;15
446;22
446;45
446;156
446;378
447;2
447;15
447;30
447;45
447;80
447;361
448;2
448;19
448;20
448;40
448;141
448;203
449;2
449;16
449;33
449;40
449;90
449;160
450;8
450;10
450;21
450;40
450;100
450;160
451;4
451;10
451;20
451;40
451;120
451;240
452;5
452;10
452;20
452;40
452;100
452;177
453;5
453;19
453;20
453;40
453;100
453;176
454;5
454;15
454;20
454;40
454;100
454;176
455;5
455;10
455;20
455;40
455;159
455;176
456;5
456;10
456;20
456;40
456;159
456;377
457;5
457;19
457;20
457;40
457;159
457;189
458;5
458;19
458;30
458;40
458;120
458;199
459;5
459;18
459;20
459;40
459;119
459;202
460;5
460;19
460;23
460;44
460;120
460;177
461;5
461;19
461;28
461;45
461;158
461;198
462;5
462;19
462;39
462;40
462;99
462;200
463;5
463;18
463;22
463;45
463;119
463;198
464;6
464;10
464;23
464;45
464;120
464;161
465;3
465;19
465;22
465;45
465;119
465;172
466;4
466;19
466;25
466;50
466;120
466;176
467;9
467;15
467;25
467;50
467;120
467;175
468;9
468;15
468;25
468;50
468;120
468;175
469;8
469;17
469;25
469;50
469;120
469;201
470;8
470;17
470;25
470;40
470;159
470;201
471;5
471;10
471;33
471;50
471;120
471;194
472;5
472;10
472;33
472;50
472;119
472;183
473;6
473;10
473;25
473;40
473;119
473;203
474;4
474;16
474;33
474;45
474;119
474;178
475;4
475;16
475;20
475;41
475;121
475;201
476;4
476;19
476;20
476;40
476;80
476;197
477;4
477;18
477;33
477;40
477;121
477;162
478;4
478;19
478;23
478;45
478;135
478;400
479;4
479;19
479;20
479;50
479;121
479;177
480;4
480;19
480;20
480;50
480;150
480;176
481;4
481;19
481;25
481;50
481;119
481;176
482;4
482;19
482;25
482;50
482;119
482;199
483;4
483;19
483;20
483;40
483;90
483;179
484;4
484;19
484;35
484;40
484;120
484;199
485;4
485;15
485;36
485;72
485;143
485;180
486;4
486;15
486;26
486;40
486;90
486;200
487;5
487;16
487;39
487;40
487;159
487;198
488;3
488;17
488;30
488;40
488;159
488;181
489;3
489;17
489;23
489;40
489;159
489;202
490;3
490;17
490;33
490;40
490;159
490;179
491;3
491;17
491;34
491;40
491;159
491;160
492;3
492;17
492;33
492;46
492;159
492;160
493;3
493;17
493;33
493;50
493;159
493;160
494;5
494;12
494;39
494;50
494;159
494;301
495;4
495;17
495;39
495;40
495;159
495;160
496;3
496;17
496;25
496;50
496;159
496;168
497;3
497;19
497;33
497;44
497;159
497;178
498;3
498;10
498;34
498;41
498;159
498;160
499;3
499;19
499;20
499;40
499;120
499;160
500;3
500;11
500;22
500;40
500;119
500;218
501;4
501;19
501;20
501;40
501;159
501;160
502;3
502;15
502;39
502;40
502;120
502;179
503;3
503;15
503;20
503;60
503;120
503;212
504;2
504;15
504;30
504;40
504;119
504;193
505;2
505;15
505;30
505;40
505;120
505;193
506;2
506;15
506;30
506;40
506;100
506;196
507;9
507;10
507;30
507;40
507;80
507;220
508;4
508;15
508;30
508;40
508;80
508;189
509;2
509;13
509;30
509;40
509;89
509;202
510;5
510;15
510;30
510;40
510;100
510;202
511;3
511;19
511;30
511;40
511;150
511;160
512;2
512;19
512;20
512;40
512;89
512;200
513;3
513;19
513;20
513;40
513;99
513;202
514;3
514;10
514;30
514;40
514;159
514;168
515;2
515;12
515;30
515;40
515;80
515;488
516;2
516;10
516;30
516;40
516;99
516;339
517;2
517;15
517;30
517;45
517;90
517;197
518;2
518;15
518;29
518;44
518;90
518;380
519;2
519;17
519;34
519;50
519;84
519;372
520;2
520;16
520;33
520;50
520;84
520;214
521;2
521;15
521;30
521;40
521;80
521;179
522;2
522;15
522;30
522;40
522;119
522;180
523;9
523;10
523;21
523;40
523;100
523;171
524;4
524;19
524;20
524;72
524;142
524;391
525;3
525;19
525;20
525;79
525;80
525;160
526;3
526;19
526;20
526;79
526;139
526;396
527;3
527;19
527;20
527;40
527;100
527;259
528;3
528;19
528;20
528;70
528;139
528;418
529;3
529;19
529;20
529;79
529;139
529;258
530;2
530;19
530;20
530;40
530;100
530;259
531;2
531;19
531;30
531;79
531;139
531;380
532;2
532;17
532;35
532;40
532;80
532;168
533;2
533;17
533;33
533;50
533;134
533;201
534;2
534;16
534;32
534;40
534;100
534;193
535;2
535;15
535;30
535;44
535;103
535;178
536;2
536;15
536;25
536;45
536;100
536;182
537;5
537;10
537;25
537;41
537;89
537;223
538;3
538;14
538;20
538;40
538;139
538;198
539;2
539;15
539;20
539;40
539;80
539;283
540;3
540;12
540;20
540;40
540;90
540;160
541;2
541;14
541;31
541;45
541;90
541;349
542;2
542;17
542;22
542;71
542;126
542;334
543;2
543;17
543;27
543;79
543;80
543;380
544;5
544;11
544;27
544;79
544;139
544;279
545;2
545;17
545;22
545;79
545;139
545;278
546;7
546;10
546;20
546;40
546;140
546;339
547;4
547;17
547;22
547;45
547;140
547;339
548;5
548;17
548;22
548;79
548;139
548;377
549;3
549;17
549;22
549;40
549;140
549;382
550;3
550;19
550;38
550;40
550;90
550;169
551;3
551;17
551;33
551;50
551;134
551;400
552;3
552;16
552;32
552;44
552;82
552;207
553;3
553;15
553;30
553;45
553;139
553;192
554;3
554;15
554;22
554;45
554;119
554;194
555;3
555;15
555;30
555;45
555;90
555;196
556;3
556;14
556;27
556;45
556;80
556;160
557;3
557;15
557;27
557;45
557;153
557;184
558;3
558;16
558;27
558;45
558;140
558;400
559;3
559;12
559;26
559;45
559;80
559;472
560;5
560;15
560;34
560;59
560;159
560;160
561;4
561;17
561;33
561;59
561;118
561;179
562;4
562;17
562;33
562;40
562;100
562;178
563;4
563;17
563;33
563;45
563;100
563;201
564;4
564;17
564;22
564;45
564;90
564;199
565;4
565;17
565;25
565;49
565;148
565;298
566;4
566;17
566;33
566;50
566;151
566;401
567;5
567;17
567;20
567;50
567;151
567;403
568;5
568;17
568;33
568;50
568;150
568;426
569;4
569;17
569;25
569;45
569;159
569;179
570;4
570;19
570;25
570;45
570;156
570;401
571;4
571;10
571;20
571;45
571;100
571;481
572;4
572;19
572;20
572;50
572;100
572;177
573;4
573;10
573;25
573;40
573;137
573;199
574;5
574;12
574;27
574;60
574;139
574;298
575;4
575;17
575;39
575;40
575;159
575;297
576;3
576;17
576;39
576;40
576;100
576;179
577;3
577;19
577;20
577;40
577;80
577;200
578;3
578;19
578;20
578;41
578;100
578;202
579;3
579;17
579;20
579;40
579;119
579;318
580;3
580;10
580;39
580;40
580;99
580;219
581;7
581;13
581;38
581;76
581;96
581;385
582;7
582;13
582;36
582;40
582;99
582;399
583;5
583;17
583;20
583;40
583;119
583;369
584;4
584;19
584;20
584;40
584;100
584;160
585;3
585;19
585;20
585;40
585;90
585;161
586;3
586;19
586;20
586;40
586;100
586;160
587;3
587;19
587;36
587;40
587;159
587;168
588;3
588;10
588;39
588;40
588;158
588;178
589;3
589;19
589;20
589;41
589;141
589;363
590;3
590;17
590;20
590;40
590;134
590;373
591;3
591;18
591;20
591;40
591;84
591;192
592;3
592;17
592;23
592;44
592;158
592;375
593;3
593;19
593;21
593;45
593;158
593;363
594;3
594;19
594;20
594;40
594;136
594;379
595;3
595;17
595;34
595;40
595;89
595;199
596;9
596;11
596;21
596;42
596;100
596;160
597;4
597;11
597;20
597;40
597;150
597;165
598;5
598;10
598;25
598;40
598;100
598;176
599;5
599;10
599;25
599;40
599;100
599;175
600;5
600;19
600;25
600;50
600;100
600;176
601;5
601;19
601;30
601;50
601;159
601;176
602;5
602;10
602;30
602;50
602;159
602;326
603;5
603;10
603;30
603;40
603;159
603;186
604;5
604;10
604;30
604;40
604;120
604;176
605;5
605;18
605;20
605;40
605;119
605;198
606;5
606;19
606;22
606;45
606;120
606;201
607;5
607;19
607;22
607;45
607;156
607;202
608;5
608;18
608;39
608;40
608;98
608;200
609;5
609;17
609;22
609;40
609;119
609;198
610;6
610;10
610;24
610;40
610;120
610;161
611;4
611;19
611;22
611;40
611;119
611;167
612;4
612;19
612;30
612;40
612;120
612;177
613;9
613;19
613;30
613;50
613;120
613;175
614;9
614;19
614;30
614;50
614;119
614;176
615;8
615;17
615;20
615;40
615;100
615;176
616;8
616;17
616;33
616;49
616;120
616;197
617;6
617;10
617;33
617;40
617;120
617;178
618;5
618;10
618;33
618;40
618;119
618;181
619;7
619;10
619;20
619;41
619;80
619;215
620;4
620;10
620;25
620;44
620;119
620;199
621;4
621;19
621;20
621;41
621;121
621;200
622;4
622;19
622;39
622;40
622;80
622;200
623;4
623;19
623;20
623;60
623;121
623;162
624;4
624;15
624;25
624;47
624;145
624;211
625;4
625;19
625;25
625;50
625;119
625;176
626;4
626;19
626;25
626;50
626;151
626;176
627;4
627;19
627;25
627;50
627;119
627;176
628;4
628;19
628;25
628;49
628;119
628;198
629;4
629;17
629;23
629;40
629;90
629;183
630;4
630;17
630;35
630;40
630;90
630;199
631;4
631;17
631;36
631;40
631;142
631;180
632;4
632;19
632;23
632;40
632;90
632;200
633;8
633;17
633;27
633;42
633;153
633;169
634;7
634;17
634;39
634;40
634;159
634;179
635;7
635;17
635;23
635;40
635;159
635;200
636;7
636;17
636;34
636;40
636;159
636;180
637;7
637;17
637;33
637;40
637;159
637;223
638;7
638;17
638;33
638;45
638;159
638;178
639;7
639;19
639;33
639;40
639;159
639;160
640;7
640;19
640;26
640;40
640;159
640;160
641;7
641;19
641;21
641;40
641;159
641;160
642;7
642;17
642;26
642;77
642;159
642;205
643;7
643;17
643;20
643;46
643;159
643;163
644;7
644;16
644;20
644;40
644;159
644;160
645;7
645;17
645;20
645;67
645;120
645;160
646;7
646;17
646;34
646;66
646;119
646;190
647;6
647;15
647;20
647;40
647;159
647;160
648;7
648;15
648;30
648;40
648;159
648;219
649;9
649;15
649;30
649;40
649;119
649;179
650;9
650;15
650;30
650;40
650;89
650;179
651;9
651;15
651;30
651;40
651;159
651;179
652;9
652;19
652;30
652;40
652;100
652;197
653;9
653;17
653;30
653;40
653;100
653;201
654;9
654;17
654;30
654;40
654;100
654;179
655;9
655;16
655;20
655;40
655;89
655;179
656;9
656;19
656;30
656;60
656;100
656;179
657;4
657;10
657;30
657;40
657;100
657;161
658;9
658;10
658;30
658;60
658;90
658;179
659;9
659;10
659;30
659;60
659;80
659;179
660;9
660;10
660;30
660;40
660;80
660;179
661;9
661;10
661;30
661;40
661;89
661;268
662;9
662;10
662;30
662;41
662;90
662;160
663;9
663;10
663;30
663;40
663;80
663;280
664;9
664;10
664;39
664;60
664;121
664;265
665;9
665;10
665;30
665;59
665;89
665;299
666;9
666;10
666;30
666;60
666;90
666;361
667;9
667;10
667;30
667;40
667;149
667;358
668;9
668;10
668;33
668;67
668;100
668;267
669;9
669;10
669;39
669;40
669;100
669;231
670;4
670;19
670;39
670;40
670;80
670;240
671;5
671;15
671;39
671;41
671;80
671;196
672;9
672;19
672;39
672;40
672;80
672;160
673;9
673;19
673;30
673;40
673;100
673;161
674;8
674;19
674;30
674;61
674;91
674;250
675;3
675;19
675;33
675;66
675;80
675;242
676;4
676;19
676;33
676;67
676;100
676;256
677;1
677;19
677;30
677;60
677;100
677;289
678;9
678;19
678;20
678;40
678;100
678;168
679;4
679;17
679;30
679;59
679;89
679;201
680;1
680;17
680;30
680;60
680;90
680;334
681;3
681;17
681;30
681;60
681;90
681;169
682;4
682;17
682;30
682;60
682;90
682;329
683;7
683;10
683;30
683;59
683;89
683;160
684;4
684;10
684;32
684;66
684;100
684;162
685;4
685;17
685;34
685;68
685;102
685;168
686;5
686;17
686;33
686;67
686;90
686;168
687;4
687;16
687;22
687;67
687;89
687;350
688;8
688;17
688;25
688;79
688;80
688;184
689;8
689;17
689;22
689;67
689;89
689;267
690;6
690;10
690;22
690;67
690;89
690;289
691;5
691;17
691;25
691;67
691;89
691;179
692;8
692;10
692;22
692;67
692;90
692;202
693;4
693;17
693;22
693;67
693;89
693;201
694;4
694;17
694;22
694;45
694;90
694;202
695;8
695;17
695;25
695;67
695;100
695;202
696;8
696;17
696;25
696;40
696;89
696;282
697;5
697;17
697;25
697;40
697;155
697;201
698;1
698;17
698;34
698;42
698;100
698;232
699;8
699;19
699;39
699;40
699;80
699;379
700;8
700;19
700;20
700;41
700;81
700;342
701;8
701;19
701;25
701;50
701;100
701;322
702;8
702;17
702;25
702;50
702;100
702;297
703;8
703;16
703;25
703;50
703;100
703;272
704;8
704;17
704;34
704;68
704;102
704;170
705;8
705;17
705;35
705;69
705;103
705;279
706;6
706;10
706;39
706;79
706;80
706;160
707;3
707;17
707;39
707;79
707;80
707;169
708;4
708;17
708;39
708;79
708;81
708;197
709;7
709;17
709;27
709;50
709;80
709;438
710;7
710;17
710;26
710;40
710;100
710;161
711;7
711;17
711;30
711;60
711;90
711;179
712;7
712;17
712;34
712;68
712;101
712;169
713;5
713;15
713;34
713;66
713;100
713;174
714;3
714;17
714;33
714;40
714;80
714;316
715;4
715;10
715;30
715;60
715;150
715;168
716;2
716;19
716;30
716;60
716;90
716;269
717;8
717;10
717;30
717;60
717;150
717;180
718;6
718;17
718;30
718;59
718;90
718;180
719;9
719;11
719;21
719;40
719;153
719;164
720;5
720;12
720;30
720;59
720;89
720;386
721;3
721;15
721;25
721;45
721;120
721;268
722;5
722;15
722;33
722;66
722;100
722;334
723;5
723;15
723;30
723;45
723;89
723;358
724;9
724;15
724;20
724;45
724;89
724;409
725;9
725;19
725;24
725;49
725;97
725;168
726;9
726;10
726;30
726;44
726;89
726;312
727;5
727;19
727;30
727;45
727;157
727;291
728;9
728;15
728;20
728;44
728;89
728;178
729;5
729;15
729;20
729;45
729;90
729;269
730;3
730;19
730;22
730;44
730;89
730;267
731;4
731;19
731;21
731;44
731;89
731;384
732;5
732;19
732;20
732;45
732;89
732;290
733;5
733;19
733;23
733;46
733;138
733;168
734;2
734;19
734;22
734;66
734;88
734;262
735;9
735;19
735;20
735;79
735;80
735;197
736;5
736;19
736;20
736;40
736;80
736;160
737;5
737;19
737;20
737;40
737;89
737;160
738;4
738;19
738;23
738;46
738;91
738;276
739;9
739;19
739;20
739;44
739;89
739;168
740;6
740;19
740;20
740;40
740;99
740;359
741;1
741;19
741;39
741;40
741;80
741;280
742;9
742;10
742;20
742;41
742;100
742;161
743;4
743;14
743;22
743;68
743;157
743;247
744;4
744;15
744;20
744;69
744;91
744;161
745;9
745;15
745;25
745;76
745;101
745;177
746;9
746;19
746;25
746;75
746;100
746;175
747;9
747;19
747;24
747;70
747;96
747;193
748;9
748;19
748;22
748;45
748;89
748;179
749;9
749;19
749;21
749;44
749;101
749;291
750;9
750;19
750;22
750;44
750;89
750;290
751;9
751;18
751;20
751;45
751;100
751;168
752;4
752;17
752;22
752;44
752;80
752;179
753;9
753;17
753;22
753;44
753;80
753;183
754;6
754;19
754;20
754;40
754;159
754;278
755;5
755;19
755;20
755;40
755;80
755;168
756;7
756;10
756;21
756;40
756;84
756;331
757;4
757;10
757;22
757;44
757;90
757;241
758;4
758;19
758;20
758;40
758;89
758;237
759;1
759;19
759;20
759;40
759;90
759;237
760;0
760;19
760;20
760;40
760;100
760;218
761;8
761;17
761;22
761;67
761;134
761;223
762;8
762;17
762;25
762;71
762;93
762;160
763;6
763;10
763;25
763;75
763;100
763;226
764;5
764;17
764;25
764;75
764;100
764;173
765;9
765;10
765;22
765;45
765;90
765;180
766;4
766;10
766;25
766;50
766;150
766;169
767;4
767;17
767;25
767;50
767;157
767;296
768;8
768;17
768;25
768;75
768;142
768;168
769;8
769;17
769;25
769;50
769;100
769;160
770;5
770;17
770;25
770;77
770;84
770;201
771;2
771;19
771;33
771;42
771;91
771;177
772;8
772;17
772;22
772;45
772;89
772;223
773;8
773;17
773;22
773;43
773;88
773;267
774;8
774;19
774;21
774;50
774;100
774;276
775;0
775;17
775;23
775;45
775;90
775;337
776;8
776;19
776;20
776;41
776;83
776;297
777;0
777;19
777;20
777;40
777;119
777;278
778;8
778;19
778;20
778;40
778;139
778;337
779;6
779;10
779;20
779;42
779;92
779;160
780;3
780;17
780;20
780;67
780;89
780;243
781;4
781;17
781;25
781;75
781;100
781;250
782;7
782;17
782;26
782;75
782;100
782;251
783;7
783;17
783;23
783;67
783;91
783;161
784;7
784;17
784;22
784;44
784;89
784;178
785;7
785;17
785;22
785;45
785;89
785;268
786;5
786;11
786;22
786;45
786;89
786;268
787;3
787;19
787;22
787;44
787;100
787;180
788;4
788;10
788;26
788;51
788;127
788;168
789;2
789;19
789;23
789;46
789;91
789;319
790;8
790;10
790;20
790;40
790;88
790;318
791;6
791;17
791;39
791;40
791;120
791;299
792;5
792;12
792;39
792;40
792;139
792;297
793;5
793;11
793;25
793;79
793;80
793;278
794;3
794;15
794;30
794;79
794;80
794;160
795;4
795;19
795;39
795;79
795;80
795;160
796;9
796;15
796;30
796;79
796;80
796;160
797;9
797;19
797;20
797;79
797;80
797;160
798;9
798;19
798;20
798;40
798;80
798;160
799;9
799;10
799;30
799;41
799;80
799;162
800;5
800;19
800;20
800;40
800;80
800;177
801;5
801;19
801;20
801;40
801;80
801;181
802;5
802;15
802;20
802;40
802;100
802;205
803;3
803;10
803;30
803;45
803;80
803;160
804;4
804;19
804;30
804;60
804;100
804;370
805;9
805;19
805;20
805;50
805;80
805;178
806;4
806;19
806;30
806;79
806;159
806;168
807;3
807;19
807;20
807;45
807;159
807;180
808;9
808;17
808;30
808;40
808;141
808;168
809;9
809;17
809;34
809;68
809;135
809;458
810;4
810;17
810;34
810;41
810;134
810;445
811;9
811;19
811;39
811;40
811;99
811;336
812;9
812;17
812;20
812;41
812;80
812;483
813;4
813;15
813;22
813;67
813;90
813;161
814;4
814;15
814;23
814;69
814;92
814;161
815;9
815;10
815;25
815;75
815;100
815;250
816;5
816;12
816;20
816;69
816;100
816;164
817;3
817;19
817;20
817;67
817;156
817;178
818;5
818;19
818;20
818;67
818;156
818;179
819;9
819;19
819;22
819;45
819;156
819;178
820;9
820;19
820;22
820;67
820;134
820;357
821;9
821;19
821;20
821;41
821;80
821;354
822;9
822;19
822;39
822;40
822;89
822;279
823;9
823;19
823;20
823;79
823;100
823;179
824;9
824;15
824;30
824;40
824;100
824;169
825;4
825;17
825;22
825;46
825;90
825;168
826;9
826;18
826;37
826;57
826;80
826;218
827;6
827;17
827;33
827;45
827;80
827;250
828;5
828;16
828;33
828;45
828;80
828;167
829;8
829;10
829;22
829;40
829;134
829;268
830;4
830;17
830;33
830;67
830;133
830;267
831;4
831;17
831;33
831;49
831;133
831;267
832;4
832;15
832;22
832;67
832;90
832;374
833;3
833;17
833;22
833;45
833;90
833;346
834;8
834;17
834;25
834;47
834;93
834;304
835;8
835;17
835;25
835;51
835;126
835;160
836;7
836;10
836;25
836;45
836;84
836;267
837;5
837;17
837;23
837;45
837;90
837;382
838;9
838;10
838;20
838;44
838;88
838;163
839;4
839;19
839;25
839;44
839;158
839;160
840;5
840;17
840;25
840;44
840;89
840;479
841;8
841;19
841;39
841;40
841;138
841;258
842;8
842;19
842;20
842;40
842;138
842;316
843;5
843;19
843;22
843;46
843;158
843;168
844;2
844;19
844;22
844;44
844;88
844;285
845;8
845;17
845;33
845;50
845;88
845;251
846;8
846;17
846;33
846;67
846;88
846;251
847;8
847;17
847;34
847;67
847;100
847;267
848;8
848;17
848;34
848;50
848;134
848;268
849;9
849;17
849;34
849;67
849;101
849;269
850;8
850;17
850;34
850;50
850;152
850;315
851;8
851;17
851;34
851;67
851;86
851;298
852;6
852;10
852;22
852;50
852;100
852;169
853;4
853;17
853;33
853;50
853;100
853;169
854;4
854;19
854;39
854;40
854;80
854;279
855;7
855;19
855;20
855;40
855;80
855;160
856;7
856;19
856;39
856;40
856;100
856;160
857;7
857;19
857;20
857;40
857;100
857;160
858;7
858;19
858;20
858;40
858;80
858;183
859;6
859;10
859;20
859;40
859;100
859;216
860;3
860;19
860;20
860;40
860;100
860;201
861;4
861;19
861;20
861;40
861;80
861;168
862;6
862;19
862;20
862;40
862;80
862;240
863;8
863;10
863;20
863;40
863;80
863;239
864;5
864;19
864;20
864;40
864;80
864;238
865;5
865;19
865;20
865;40
865;80
865;278
866;5
866;16
866;23
866;45
866;90
866;292
867;3
867;15
867;22
867;44
867;156
867;312
868;4
868;15
868;24
868;49
868;100
868;168
869;9
869;15
869;25
869;50
869;102
869;223
870;5
870;15
870;26
870;52
870;90
870;233
871;9
871;15
871;25
871;50
871;101
871;231
872;9
872;10
872;25
872;50
872;100
872;253
873;5
873;14
873;23
873;50
873;100
873;270
874;0
874;19
874;22
874;45
874;90
874;246
875;5
875;10
875;20
875;45
875;135
875;187
876;3
876;19
876;30
876;44
876;156
876;257
877;4
877;19
877;30
877;48
877;159
877;167
878;5
878;19
878;25
878;49
878;99
878;223
879;5
879;19
879;26
879;78
879;159
879;168
880;5
880;19
880;26
880;50
880;153
880;232
881;4
881;19
881;25
881;50
881;99
881;248
882;5
882;19
882;24
882;47
882;105
882;228
883;5
883;19
883;22
883;45
883;90
883;247
884;9
884;19
884;20
884;45
884;90
884;162
885;9
885;19
885;20
885;44
885;156
885;311
886;9
886;15
886;20
886;48
886;159
886;161
887;9
887;10
887;25
887;40
887;151
887;222
888;8
888;16
888;30
888;46
888;100
888;233
889;8
889;17
889;34
889;50
889;84
889;161
890;9
890;19
890;37
890;75
890;100
890;474
891;9
891;15
891;39
891;40
891;80
891;337
892;9
892;19
892;39
892;40
892;80
892;219
893;9
893;19
893;20
893;40
893;100
893;313
894;9
894;10
894;30
894;50
894;100
894;202
895;9
895;19
895;20
895;50
895;101
895;228
896;9
896;19
896;20
896;46
896;100
896;184
897;7
897;19
897;39
897;40
897;119
897;238
898;8
898;17
898;39
898;40
898;100
898;241
899;9
899;17
899;27
899;50
899;100
899;204
900;5
900;19
900;39
900;40
900;159
900;175
901;4
901;11
901;39
901;40
901;159
901;160
902;4
902;11
902;39
902;40
902;120
902;181
903;0
903;11
903;39
903;40
903;120
903;200
904;6
904;17
904;27
904;50
904;89
904;202
905;4
905;11
905;20
905;60
905;99
905;458
906;8
906;19
906;20
906;79
906;80
906;459
907;9
907;17
907;25
907;40
907;80
907;458
908;8
908;17
908;25
908;40
908;100
908;199
909;8
909;16
909;25
909;40
909;80
909;284
910;8
910;17
910;34
910;40
910;84
910;216
911;8
911;19
911;20
911;40
911;137
911;212
912;8
912;17
912;25
912;60
912;100
912;221
913;8
913;19
913;39
913;40
913;100
913;211
914;8
914;17
914;25
914;50
914;100
914;200
915;8
915;17
915;33
915;51
915;100
915;199
916;8
916;19
916;20
916;59
916;157
916;174
917;8
917;17
917;23
917;46
917;159
917;205
918;8
918;19
918;21
918;40
918;121
918;181
919;5
919;16
919;34
919;50
919;97
919;197
920;8
920;12
920;33
920;51
920;101
920;389
921;4
921;17
921;34
921;51
921;85
921;204
922;8
922;17
922;33
922;50
922;83
922;216
923;8
923;17
923;33
923;50
923;84
923;334
924;0
924;17
924;33
924;50
924;83
924;484
925;9
925;17
925;20
925;51
925;100
925;161
926;6
926;17
926;27
926;40
926;100
926;161
927;7
927;17
927;26
927;50
927;100
927;161
928;7
928;18
928;27
928;40
928;100
928;161
929;7
929;17
929;26
929;40
929;100
929;160
930;7
930;17
930;39
930;40
930;158
930;177
931;7
931;17
931;39
931;40
931;159
931;160
932;7
932;17
932;33
932;50
932;80
932;200
933;7
933;16
933;27
933;40
933;80
933;160
934;7
934;19
934;20
934;42
934;100
934;166
935;7
935;19
935;20
935;43
935;100
935;200
936;7
936;19
936;22
936;40
936;100
936;203
937;7
937;16
937;20
937;53
937;80
937;203
938;9
938;17
938;34
938;67
938;151
938;201
939;9
939;17
939;20
939;40
939;151
939;161
940;9
940;19
940;20
940;40
940;100
940;201
941;9
941;19
941;20
941;40
941;100
941;161
942;9
942;17
942;33
942;50
942;100
942;168
943;9
943;15
943;30
943;40
943;100
943;184
944;9
944;15
944;29
944;40
944;80
944;192
945;9
945;15
945;30
945;45
945;100
945;193
946;9
946;15
946;25
946;60
946;99
946;224
947;0
947;15
947;30
947;40
947;100
947;202
948;7
948;15
948;30
948;40
948;99
948;202
949;9
949;15
949;30
949;40
949;99
949;197
950;9
950;15
950;30
950;52
950;101
950;200
951;9
951;15
951;30
951;50
951;120
951;202
952;5
952;19
952;20
952;41
952;100
952;210
953;9
953;16
953;28
953;40
953;102
953;221
954;9
954;18
954;30
954;40
954;90
954;362
955;9
955;19
955;30
955;60
955;90
955;179
956;6
956;16
956;27
956;41
956;90
956;163
957;5
957;17
957;22
957;66
957;159
957;167
958;9
958;16
958;33
958;67
958;100
958;168
959;9
959;17
959;26
959;59
959;152
959;246
960;3
960;18
960;29
960;59
960;148
960;353
961;9
961;16
961;20
961;50
961;90
961;398
962;5
962;11
962;20
962;70
962;100
962;177
963;5
963;15
963;20
963;54
963;100
963;253
964;5
964;10
964;20
964;75
964;100
964;176
965;5
965;15
965;20
965;40
965;80
965;179
966;5
966;19
966;20
966;40
966;159
966;240
967;5
967;19
967;25
967;40
967;159
967;239
968;5
968;19
968;39
968;40
968;158
968;199
969;5
969;19
969;26
969;40
969;120
969;201
970;5
970;19
970;27
970;40
970;80
970;201
971;5
971;19
971;23
971;72
971;120
971;208
972;5
972;19
972;34
972;68
972;159
972;238
973;5
973;19
973;39
973;40
973;120
973;245
974;5
974;19
974;39
974;60
974;90
974;271
975;9
975;10
975;22
975;40
975;159
975;160
976;4
976;19
976;35
976;45
976;120
976;182
977;5
977;19
977;28
977;76
977;119
977;191
978;9
978;19
978;30
978;40
978;159
978;239
979;9
979;19
979;30
979;50
979;119
979;199
980;8
980;17
980;34
980;50
980;120
980;199
981;8
981;17
981;33
981;50
981;159
981;200
982;7
982;10
982;28
982;40
982;121
982;161
983;5
983;17
983;33
983;79
983;119
983;185
984;9
984;11
984;20
984;46
984;80
984;187
985;4
985;13
985;34
985;67
985;119
985;193
986;4
986;17
986;25
986;66
986;100
986;199
987;4
987;19
987;39
987;40
987;119
987;199
988;4
988;18
988;26
988;40
988;87
988;200
989;4
989;19
989;34
989;45
989;103
989;224
990;4
990;15
990;34
990;47
990;158
990;184
991;4
991;15
991;25
991;50
991;152
991;176
992;4
992;19
992;25
992;40
992;80
992;201
993;4
993;19
993;25
993;40
993;119
993;199
994;4
994;19
994;39
994;40
994;80
994;236
995;4
995;19
995;39
995;41
995;80
995;200
996;4
996;19
996;33
996;40
996;90
996;192
997;4
997;18
997;30
997;40
997;159
997;180
998;7
998;10
998;24
998;54
998;134
998;162
999;4
999;17
999;26
999;59
999;89
999;180
1000;3
1000;17
1000;26
1000;40
1000;100
1000;199
1001;3
1001;17
1001;27
1001;67
1001;101
1001;202
1002;3
1002;17
1002;33
1002;40
1002;100
1002;201
1003;3
1003;17
1003;34
1003;40
1003;159
1003;166
1004;3
1004;17
1004;20
1004;68
1004;135
1004;168
1005;6
1005;10
1005;22
1005;67
1005;134
1005;268
1006;3
1006;17
1006;20
1006;66
1006;159
1006;160
1007;4
1007;19
1007;38
1007;40
1007;119
1007;172
1008;3
1008;17
1008;33
1008;67
1008;99
1008;167
1009;3
1009;16
1009;33
1009;63
1009;159
1009;178
1010;3
1010;17
1010;30
1010;67
1010;120
1010;180
1011;3
1011;17
1011;33
1011;66
1011;119
1011;160
1012;5
1012;11
1012;20
1012;40
1012;120
1012;238
1013;3
1013;10
1013;30
1013;59
1013;120
1013;173
1014;2
1014;10
1014;30
1014;40
1014;90
1014;179
1015;2
1015;10
1015;25
1015;40
1015;140
1015;175
1016;3
1016;10
1016;25
1016;40
1016;119
1016;180
1017;3
1017;19
1017;30
1017;40
1017;88
1017;197
1018;2
1018;17
1018;30
1018;40
1018;100
1018;201
1019;5
1019;17
1019;30
1019;40
1019;120
1019;212
1020;2
1020;15
1020;20
1020;40
1020;119
1020;179
1021;6
1021;10
1021;25
1021;41
1021;80
1021;199
1022;3
1022;15
1022;30
1022;40
1022;151
1022;199
1023;2
1023;15
1023;20
1023;40
1023;90
1023;443
1024;2
1024;15
1024;30
1024;40
1024;120
1024;164
1025;3
1025;19
1025;21
1025;41
1025;156
1025;210
1026;2
1026;10
1026;29
1026;40
1026;121
1026;205
1027;3
1027;10
1027;30
1027;40
1027;90
1027;341
1028;2
1028;19
1028;30
1028;40
1028;89
1028;176
1029;2
1029;16
1029;28
1029;40
1029;80
1029;163
1030;2
1030;19
1030;23
1030;66
1030;159
1030;166
1031;2
1031;15
1031;33
1031;67
1031;101
1031;168
1032;2
1032;16
1032;21
1032;51
1032;100
1032;401
1033;2
1033;17
1033;21
1033;50
1033;120
1033;328
1034;3
1034;16
1034;20
1034;40
1034;89
1034;162
1035;5
1035;11
1035;26
1035;45
1035;159
1035;160
1036;5
1036;10
1036;26
1036;40
1036;100
1036;252
1037;5
1037;10
1037;20
1037;40
1037;100
1037;176
1038;5
1038;19
1038;39
1038;40
1038;80
1038;198
1039;5
1039;10
1039;20
1039;40
1039;159
1039;200
1040;5
1040;19
1040;20
1040;40
1040;159
1040;199
1041;5
1041;19
1041;20
1041;40
1041;158
1041;237
1042;5
1042;19
1042;27
1042;40
1042;120
1042;201
1043;5
1043;15
1043;25
1043;40
1043;81
1043;202
1044;5
1044;19
1044;36
1044;72
1044;94
1044;204
1045;5
1045;19
1045;34
1045;68
1045;157
1045;203
1046;5
1046;19
1046;20
1046;40
1046;120
1046;200
1047;5
1047;19
1047;39
1047;40
1047;90
1047;271
1048;9
1048;10
1048;22
1048;40
1048;159
1048;160
1049;4
1049;19
1049;35
1049;44
1049;136
1049;213
1050;5
1050;19
1050;38
1050;50
1050;119
1050;177
1051;9
1051;15
1051;25
1051;40
1051;121
1051;175
1052;9
1052;15
1052;25
1052;50
1052;119
1052;199
1053;9
1053;17
1053;25
1053;40
1053;120
1053;200
1054;8
1054;17
1054;25
1054;40
1054;159
1054;200
1055;7
1055;13
1055;28
1055;40
1055;121
1055;197
1056;5
1056;10
1056;26
1056;79
1056;119
1056;185
1057;5
1057;11
1057;25
1057;40
1057;80
1057;186
1058;4
1058;13
1058;34
1058;67
1058;118
1058;200
1059;4
1059;17
1059;33
1059;66
1059;100
1059;266
1060;4
1060;19
1060;39
1060;40
1060;120
1060;254
1061;4
1061;18
1061;24
1061;75
1061;88
1061;185
1062;4
1062;19
1062;35
1062;40
1062;115
1062;162
1063;4
1063;17
1063;27
1063;47
1063;159
1063;186
1064;4
1064;17
1064;38
1064;50
1064;120
1064;176
1065;4
1065;17
1065;25
1065;40
1065;80
1065;199
1066;4
1066;17
1066;25
1066;40
1066;80
1066;201
1067;4
1067;19
1067;39
1067;40
1067;157
1067;208
1068;4
1068;19
1068;37
1068;50
1068;120
1068;180
1069;4
1069;15
1069;36
1069;40
1069;119
1069;225
1070;4
1070;16
1070;30
1070;40
1070;90
1070;180
1071;7
1071;10
1071;21
1071;58
1071;140
1071;174
1072;4
1072;17
1072;39
1072;60
1072;120
1072;180
1073;3
1073;16
1073;24
1073;62
1073;159
1073;160
1074;3
1074;17
1074;26
1074;67
1074;159
1074;179
1075;3
1075;18
1075;33
1075;68
1075;159
1075;160
1076;3
1076;19
1076;34
1076;45
1076;100
1076;160
1077;3
1077;19
1077;20
1077;67
1077;159
1077;165
1078;6
1078;10
1078;29
1078;67
1078;134
1078;168
1079;4
1079;17
1079;39
1079;66
1079;159
1079;167
1080;3
1080;19
1080;39
1080;40
1080;119
1080;213
1081;3
1081;17
1081;33
1081;66
1081;99
1081;165
1082;3
1082;17
1082;21
1082;65
1082;159
1082;179
1083;3
1083;17
1083;30
1083;50
1083;120
1083;161
1084;3
1084;17
1084;20
1084;67
1084;119
1084;267
1085;5
1085;10
1085;25
1085;40
1085;119
1085;201
1086;3
1086;19
1086;25
1086;40
1086;89
1086;238
1087;2
1087;18
1087;25
1087;60
1087;99
1087;179
1088;3
1088;15
1088;20
1088;59
1088;89
1088;236
1089;3
1089;15
1089;20
1089;61
1089;119
1089;272
1090;3
1090;15
1090;30
1090;40
1090;88
1090;207
1091;3
1091;15
1091;30
1091;40
1091;100
1091;237
1092;5
1092;15
1092;30
1092;40
1092;120
1092;213
1093;2
1093;15
1093;30
1093;40
1093;100
1093;201
1094;6
1094;10
1094;20
1094;40
1094;120
1094;202
1095;3
1095;13
1095;30
1095;40
1095;100
1095;268
1096;3
1096;10
1096;29
1096;40
1096;80
1096;443
1097;3
1097;12
1097;39
1097;40
1097;119
1097;202
1098;3
1098;19
1098;39
1098;40
1098;80
1098;161
1099;2
1099;19
1099;30
1099;40
1099;85
1099;167
1100;2
1100;19
1100;30
1100;40
1100;120
1100;320
1101;2
1101;15
1101;30
1101;40
1101;100
1101;194
1102;2
1102;19
1102;30
1102;40
1102;80
1102;211
1103;2
1103;16
1103;32
1103;44
1103;80
1103;329
1104;2
1104;17
1104;34
1104;45
1104;84
1104;268
1105;2
1105;14
1105;20
1105;40
1105;111
1105;485
1106;2
1106;15
1106;30
1106;40
1106;139
1106;180
1107;3
1107;15
1107;30
1107;41
1107;103
1107;179
1108;5
1108;16
1108;20
1108;74
1108;130
1108;160
1109;3
1109;15
1109;30
1109;79
1109;80
1109;160
1110;2
1110;15
1110;20
1110;74
1110;82
1110;165
1111;3
1111;15
1111;20
1111;75
1111;86
1111;259
1112;3
1112;19
1112;20
1112;60
1112;90
1112;269
1113;3
1113;19
1113;20
1113;75
1113;89
1113;178
1114;2
1114;19
1114;20
1114;75
1114;89
1114;266
1115;3
1115;10
1115;30
1115;61
1115;90
1115;270
1116;2
1116;18
1116;36
1116;46
1116;90
1116;179
1117;2
1117;17
1117;34
1117;53
1117;88
1117;181
1118;2
1118;16
1118;33
1118;53
1118;159
1118;186
1119;2
1119;15
1119;20
1119;40
1119;100
1119;197
1120;2
1120;15
1120;25
1120;50
1120;104
1120;201
1121;9
1121;10
1121;33
1121;41
1121;101
1121;264
1122;4
1122;14
1122;26
1122;40
1122;99
1122;189
1123;3
1123;17
1123;20
1123;40
1123;155
1123;285
1124;3
1124;15
1124;20
1124;40
1124;89
1124;208
1125;2
1125;12
1125;35
1125;40
1125;119
1125;189
1126;2
1126;16
1126;35
1126;68
1126;137
1126;163
1127;2
1127;13
1127;22
1127;78
1127;156
1127;236
1128;8
1128;10
1128;23
1128;76
1128;84
1128;168
1129;4
1129;11
1129;22
1129;75
1129;88
1129;264
1130;2
1130;11
1130;22
1130;75
1130;88
1130;265
1131;4
1131;12
1131;22
1131;75
1131;92
1131;275
1132;4
1132;17
1132;22
1132;45
1132;87
1132;376
1133;3
1133;17
1133;22
1133;59
1133;88
1133;377
1134;3
1134;19
1134;39
1134;58
1134;90
1134;495
1135;3
1135;19
1135;36
1135;53
1135;83
1135;211
1136;3
1136;17
1136;22
1136;53
1136;80
1136;186
1137;3
1137;15
1137;20
1137;50
1137;119
1137;197
1138;3
1138;15
1138;25
1138;40
1138;90
1138;276
1139;3
1139;15
1139;22
1139;40
1139;139
1139;195
1140;3
1140;14
1140;20
1140;40
1140;140
1140;214
1141;3
1141;14
1141;22
1141;53
1141;153
1141;184
1142;3
1142;15
1142;27
1142;44
1142;80
1142;509
1143;3
1143;11
1143;27
1143;45
1143;80
1143;472
1144;9
1144;10
1144;25
1144;43
1144;100
1144;173
1145;4
1145;17
1145;33
1145;53
1145;135
1145;225
1146;4
1146;17
1146;33
1146;54
1146;100
1146;179
1147;4
1147;17
1147;33
1147;53
1147;90
1147;212
1148;4
1148;17
1148;27
1148;53
1148;134
1148;202
1149;4
1149;17
1149;25
1149;53
1149;132
1149;160
1150;4
1150;17
1150;33
1150;56
1150;152
1150;180
1151;6
1151;10
1151;20
1151;60
1151;101
1151;179
1152;4
1152;17
1152;30
1152;60
1152;152
1152;180
1153;4
1153;17
1153;37
1153;40
1153;136
1153;213
1154;4
1154;17
1154;26
1154;53
1154;159
1154;179
1155;4
1155;17
1155;27
1155;54
1155;135
1155;187
1156;4
1156;17
1156;20
1156;50
1156;100
1156;452
1157;4
1157;19
1157;20
1157;50
1157;135
1157;400
1158;6
1158;10
1158;25
1158;60
1158;151
1158;176
1159;3
1159;16
1159;30
1159;50
1159;139
1159;177
1160;3
1160;19
1160;39
1160;40
1160;100
1160;176
1161;3
1161;17
1161;25
1161;40
1161;80
1161;201
1162;3
1162;19
1162;26
1162;40
1162;80
1162;199
1163;3
1163;17
1163;25
1163;50
1163;125
1163;161
1164;3
1164;17
1164;25
1164;50
1164;100
1164;398
1165;7
1165;13
1165;39
1165;50
1165;100
1165;473
1166;7
1166;13
1166;37
1166;45
1166;90
1166;443
1167;7
1167;10
1167;21
1167;40
1167;81
1167;362
1168;4
1168;13
1168;20
1168;50
1168;100
1168;376
1169;3
1169;19
1169;20
1169;40
1169;80
1169;377
1170;3
1170;18
1170;20
1170;40
1170;100
1170;162
1171;3
1171;19
1171;20
1171;40
1171;159
1171;460
1172;3
1172;16
1172;30
1172;40
1172;90
1172;271
1173;3
1173;17
1173;39
1173;40
1173;159
1173;161
1174;3
1174;16
1174;30
1174;60
1174;89
1174;268
1175;3
1175;16
1175;21
1175;40
1175;81
1175;444
1176;3
1176;17
1176;22
1176;66
1176;99
1176;166
1177;3
1177;19
1177;33
1177;45
1177;156
1177;171
1178;3
1178;17
1178;26
1178;40
1178;100
1178;167
1179;3
1179;19
1179;25
1179;40
1179;150
1179;266
1180;3
1180;16
1180;20
1180;41
1180;80
1180;160
1181;5
1181;15
1181;20
1181;40
1181;100
1181;240
1182;5
1182;19
1182;37
1182;53
1182;159
1182;224
1183;5
1183;10
1183;30
1183;75
1183;100
1183;179
1184;5
1184;19
1184;30
1184;40
1184;159
1184;176
1185;5
1185;10
1185;30
1185;40
1185;159
1185;176
1186;5
1186;10
1186;30
1186;40
1186;159
1186;201
1187;5
1187;10
1187;27
1187;40
1187;119
1187;199
1188;5
1188;10
1188;26
1188;44
1188;80
1188;201
1189;5
1189;19
1189;27
1189;79
1189;80
1189;200
1190;5
1190;19
1190;22
1190;71
1190;94
1190;202
1191;5
1191;19
1191;22
1191;67
1191;156
1191;336
1192;5
1192;19
1192;20
1192;41
1192;100
1192;199
1193;5
1193;19
1193;39
1193;60
1193;90
1193;270
1194;9
1194;10
1194;22
1194;43
1194;159
1194;199
1195;4
1195;11
1195;35
1195;70
1195;137
1195;214
1196;4
1196;19
1196;37
1196;75
1196;119
1196;189
1197;9
1197;19
1197;39
1197;40
1197;121
1197;179
1198;9
1198;19
1198;30
1198;40
1198;119
1198;199
1199;9
1199;17
1199;20
1199;59
1199;120
1199;176
1200;9
1200;17
1200;20
1200;59
1200;119
1200;200
1201;8
1201;13
1201;20
1201;40
1201;120
1201;237
1202;5
1202;10
1202;26
1202;79
1202;119
1202;199
1203;5
1203;11
1203;25
1203;79
1203;80
1203;201
1204;5
1204;15
1204;34
1204;45
1204;119
1204;200
1205;4
1205;17
1205;25
1205;66
1205;125
1205;199
1206;4
1206;19
1206;39
1206;40
1206;100
1206;200
1207;4
1207;17
1207;25
1207;59
1207;88
1207;181
1208;4
1208;19
1208;26
1208;47
1208;122
1208;162
1209;4
1209;15
1209;35
1209;70
1209;105
1209;169
1210;4
1210;15
1210;25
1210;50
1210;151
1210;176
1211;4
1211;17
1211;25
1211;40
1211;120
1211;200
1212;4
1212;17
1212;25
1212;50
1212;159
1212;199
1213;4
1213;19
1213;39
1213;40
1213;89
1213;237
1214;4
1214;17
1214;23
1214;40
1214;90
1214;189
1215;4
1215;17
1215;36
1215;41
1215;80
1215;160
1216;4
1216;18
1216;36
1216;40
1216;159
1216;180
1217;8
1217;10
1217;33
1217;42
1217;131
1217;186
1218;4
1218;17
1218;20
1218;61
1218;159
1218;211
1219;4
1219;17
1219;34
1219;40
1219;159
1219;170
1220;3
1220;17
1220;33
1220;40
1220;159
1220;180
1221;3
1221;17
1221;33
1221;40
1221;159
1221;199
1222;3
1222;17
1222;33
1222;40
1222;100
1222;200
1223;3
1223;17
1223;34
1223;45
1223;159
1223;201
1224;7
1224;10
1224;22
1224;40
1224;157
1224;171
1225;4
1225;17
1225;26
1225;40
1225;159
1225;160
1226;4
1226;19
1226;34
1226;69
1226;159
1226;160
1227;3
1227;19
1227;20
1227;65
1227;98
1227;163
1228;3
1228;19
1228;20
1228;40
1228;159
1228;160
1229;3
1229;17
1229;20
1229;51
1229;120
1229;161
1230;3
1230;17
1230;25
1230;40
1230;119
1230;166
1231;5
1231;10
1231;21
1231;60
1231;141
1231;180
1232;3
1232;15
1232;30
1232;60
1232;150
1232;210
1233;3
1233;15
1233;30
1233;60
1233;119
1233;209
1234;3
1234;15
1234;30
1234;60
1234;90
1234;270
1235;3
1235;10
1235;30
1235;40
1235;90
1235;179
1236;3
1236;13
1236;30
1236;60
1236;100
1236;198
1237;3
1237;17
1237;30
1237;60
1237;119
1237;179
1238;5
1238;17
1238;20
1238;40
1238;120
1238;218
1239;2
1239;17
1239;20
1239;40
1239;100
1239;179
1240;7
1240;10
1240;21
1240;40
1240;140
1240;261
1241;4
1241;10
1241;30
1241;40
1241;139
1241;254
1242;3
1242;11
1242;30
1242;79
1242;80
1242;285
1243;5
1243;16
1243;30
1243;40
1243;89
1243;285
1244;3
1244;10
1244;30
1244;41
1244;147
1244;253
1245;2
1245;10
1245;30
1245;40
1245;95
1245;181
1246;2
1246;10
1246;20
1246;40
1246;135
1246;253
1247;2
1247;15
1247;30
1247;45
1247;90
1247;219
1248;2
1248;12
1248;20
1248;41
1248;121
1248;253
1249;3
1249;14
1249;30
1249;44
1249;119
1249;462
1250;2
1250;17
1250;34
1250;51
1250;84
1250;305
1251;2
1251;16
1251;30
1251;47
1251;83
1251;319
1252;3
1252;15
1252;30
1252;45
1252;90
1252;301
1253;2
1253;14
1253;28
1253;40
1253;83
1253;300
1254;5
1254;14
1254;20
1254;55
1254;144
1254;162
1255;3
1255;10
1255;20
1255;72
1255;90
1255;240
1256;5
1256;10
1256;20
1256;79
1256;80
1256;239
1257;5
1257;15
1257;20
1257;79
1257;100
1257;398
1258;5
1258;15
1258;30
1258;74
1258;90
1258;179
1259;5
1259;15
1259;30
1259;60
1259;90
1259;160
1260;5
1260;19
1260;20
1260;40
1260;80
1260;198
1261;5
1261;19
1261;20
1261;40
1261;139
1261;378
1262;5
1262;19
1262;36
1262;47
1262;90
1262;199
1263;5
1263;19
1263;34
1263;44
1263;120
1263;201
1264;5
1264;19
1264;34
1264;45
1264;159
1264;168
1265;5
1265;15
1265;30
1265;79
1265;80
1265;199
1266;5
1266;15
1266;20
1266;40
1266;80
1266;200
1267;9
1267;19
1267;20
1267;40
1267;80
1267;160
1268;5
1268;15
1268;20
1268;79
1268;80
1268;161
1269;4
1269;17
1269;28
1269;79
1269;80
1269;160
1270;9
1270;19
1270;28
1270;79
1270;80
1270;162
1271;9
1271;12
1271;23
1271;79
1271;159
1271;160
1272;9
1272;17
1272;35
1272;45
1272;135
1272;161
1273;9
1273;17
1273;33
1273;79
1273;80
1273;282
1274;9
1274;10
1274;39
1274;40
1274;80
1274;162
1275;5
1275;17
1275;33
1275;79
1275;119
1275;278
1276;9
1276;13
1276;25
1276;75
1276;100
1276;378
1277;5
1277;16
1277;25
1277;50
1277;150
1277;359
1278;5
1278;17
1278;33
1278;79
1278;125
1278;376
1279;4
1279;17
1279;33
1279;74
1279;99
1279;358
1280;4
1280;16
1280;39
1280;50
1280;118
1280;160
1281;4
1281;19
1281;36
1281;46
1281;90
1281;213
1282;4
1282;15
1282;34
1282;61
1282;150
1282;178
1283;4
1283;15
1283;20
1283;64
1283;99
1283;196
1284;4
1284;15
1284;20
1284;67
1284;119
1284;202
1285;4
1285;15
1285;20
1285;40
1285;135
1285;195
1286;4
1286;14
1286;20
1286;67
1286;80
1286;219
1287;4
1287;13
1287;25
1287;67
1287;150
1287;180
1288;4
1288;15
1288;20
1288;40
1288;134
1288;160
1289;4
1289;17
1289;30
1289;67
1289;134
1289;438
1290;8
1290;10
1290;22
1290;60
1290;135
1290;200
1291;4
1291;17
1291;27
1291;40
1291;119
1291;210
1292;4
1292;17
1292;27
1292;60
1292;159
1292;179
1293;3
1293;17
1293;27
1293;59
1293;159
1293;178
1294;3
1294;17
1294;26
1294;45
1294;90
1294;160
1295;3
1295;19
1295;27
1295;46
1295;159
1295;209
1296;3
1296;19
1296;20
1296;51
1296;159
1296;160
1297;8
1297;10
1297;22
1297;50
1297;159
1297;226
1298;4
1298;17
1298;20
1298;50
1298;159
1298;201
1299;3
1299;18
1299;38
1299;41
1299;159
1299;160
1300;3
1300;17
1300;27
1300;69
1300;159
1300;334
1301;3
1301;17
1301;22
1301;67
1301;159
1301;160
1302;3
1302;19
1302;39
1302;67
1302;120
1302;161
1303;3
1303;19
1303;20
1303;67
1303;119
1303;160
1304;6
1304;10
1304;22
1304;45
1304;140
1304;160
1305;3
1305;15
1305;25
1305;45
1305;159
1305;160
1306;3
1306;15
1306;39
1306;40
1306;80
1306;160
1307;2
1307;10
1307;25
1307;79
1307;80
1307;201
1308;3
1308;19
1308;25
1308;79
1308;80
1308;200
1309;3
1309;10
1309;25
1309;79
1309;80
1309;199
1310;2
1310;15
1310;25
1310;79
1310;80
1310;398
1311;6
1311;15
1311;39
1311;40
1311;98
1311;478
1312;2
1312;15
1312;37
1312;49
1312;80
1312;201
1313;8
1313;10
1313;34
1313;67
1313;84
1313;443
1314;4
1314;15
1314;37
1314;79
1314;80
1314;353
1315;3
1315;15
1315;30
1315;45
1315;80
1315;464
1316;3
1316;15
1316;30
1316;79
1316;80
1316;476
1317;3
1317;15
1317;30
1317;79
1317;80
1317;161
1318;2
1318;10
1318;30
1318;40
1318;82
1318;181
1319;3
1319;10
1319;30
1319;40
1319;80
1319;477
1320;3
1320;15
1320;30
1320;45
1320;90
1320;215
1321;2
1321;13
1321;25
1321;40
1321;80
1321;175
1322;3
1322;13
1322;29
1322;40
1322;119
1322;462
1323;2
1323;17
1323;34
1323;50
1323;84
1323;304
1324;2
1324;17
1324;30
1324;47
1324;83
1324;314
1325;2
1325;15
1325;30
1325;45
1325;90
1325;301
1326;3
1326;14
1326;29
1326;40
1326;83
1326;300
1327;5
1327;14
1327;39
1327;55
1327;145
1327;162
1328;3
1328;10
1328;30
1328;40
1328;80
1328;240
1329;5
1329;10
1329;25
1329;79
1329;80
1329;160
1330;5
1330;19
1330;20
1330;79
1330;100
1330;250
1331;5
1331;10
1331;30
1331;50
1331;100
1331;379
1332;5
1332;10
1332;20
1332;60
1332;100
1332;160
1333;5
1333;19
1333;20
1333;79
1333;100
1333;198
1334;5
1334;19
1334;20
1334;67
1334;90
1334;378
1335;5
1335;19
1335;36
1335;48
1335;110
1335;199
1336;5
1336;19
1336;34
1336;43
1336;90
1336;201
1337;5
1337;19
1337;34
1337;45
1337;89
1337;168
1338;5
1338;15
1338;20
1338;79
1338;80
1338;198
1339;5
1339;15
1339;25
1339;40
1339;80
1339;160
1340;9
1340;14
1340;22
1340;79
1340;80
1340;199
1341;5
1341;15
1341;20
1341;45
1341;80
1341;161
1342;4
1342;18
1342;22
1342;79
1342;80
1342;160
1343;9
1343;19
1343;22
1343;79
1343;80
1343;162
1344;9
1344;12
1344;23
1344;79
1344;80
1344;236
1345;9
1345;16
1345;33
1345;44
1345;136
1345;166
1346;8
1346;17
1346;33
1346;71
1346;131
1346;282
1347;8
1347;14
1347;20
1347;75
1347;80
1347;161
1348;5
1348;11
1348;33
1348;79
1348;125
1348;378
1349;5
1349;11
1349;25
1349;50
1349;150
1349;378
1350;5
1350;16
1350;33
1350;40
1350;100
1350;359
1351;5
1351;17
1351;33
1351;75
1351;139
1351;376
1352;4
1352;17
1352;33
1352;75
1352;89
1352;358
1353;4
1353;19
1353;39
1353;51
1353;119
1353;160
1354;4
1354;19
1354;36
1354;40
1354;90
1354;162
1355;4
1355;19
1355;34
1355;61
1355;89
1355;178
1356;4
1356;15
1356;20
1356;64
1356;118
1356;196
1357;4
1357;15
1357;39
1357;40
1357;120
1357;200
1358;4
1358;15
1358;20
1358;68
1358;120
1358;195
1359;4
1359;14
1359;20
1359;67
1359;119
1359;219
1360;4
1360;19
1360;20
1360;67
1360;119
1360;180
1361;4
1361;15
1361;20
1361;67
1361;120
1361;160
1362;4
1362;15
1362;39
1362;67
1362;134
1362;180
1363;9
1363;10
1363;21
1363;45
1363;134
1363;199
1364;4
1364;17
1364;20
1364;46
1364;119
1364;200
1365;4
1365;17
1365;26
1365;60
1365;159
1365;180
1366;3
1366;17
1366;26
1366;45
1366;159
1366;179
1367;3
1367;17
1367;26
1367;40
1367;159
1367;178
1368;3
1368;17
1368;20
1368;40
1368;159
1368;223
1369;3
1369;19
1369;20
1369;45
1369;159
1369;160
1370;8
1370;10
1370;22
1370;43
1370;159
1370;160
1371;4
1371;17
1371;20
1371;40
1371;159
1371;160
1372;4
1372;16
1372;23
1372;40
1372;159
1372;160
1373;3
1373;19
1373;27
1373;53
1373;159
1373;160
1374;3
1374;18
1374;21
1374;48
1374;159
1374;160
1375;3
1375;17
1375;25
1375;50
1375;120
1375;161
1376;3
1376;17
1376;33
1376;50
1376;119
1376;200
1377;6
1377;10
1377;21
1377;41
1377;100
1377;201
1378;4
1378;19
1378;20
1378;40
1378;150
1378;219
1379;3
1379;19
1379;20
1379;50
1379;159
1379;179
1380;3
1380;19
1380;25
1380;40
1380;100
1380;179
1381;3
1381;19
1381;25
1381;40
1381;100
1381;179
1382;3
1382;15
1382;25
1382;50
1382;100
1382;199
1383;3
1383;19
1383;24
1383;41
1383;80
1383;197
1384;6
1384;17
1384;20
1384;40
1384;98
1384;200
1385;2
1385;17
1385;20
1385;40
1385;100
1385;199
1386;9
1386;10
1386;20
1386;40
1386;100
1386;179
1387;4
1387;13
1387;30
1387;40
1387;80
1387;199
1388;3
1388;12
1388;30
1388;40
1388;80
1388;442
1389;2
1389;16
1389;30
1389;40
1389;80
1389;179
1390;3
1390;15
1390;21
1390;40
1390;108
1390;215
1391;2
1391;19
1391;39
1391;40
1391;158
1391;198
1392;2
1392;10
1392;39
1392;40
1392;119
1392;179
1393;2
1393;19
1393;39
1393;40
1393;80
1393;180
1394;2
1394;19
1394;20
1394;40
1394;159
1394;179
1395;2
1395;19
1395;20
1395;40
1395;159
1395;179
1396;2
1396;15
1396;21
1396;41
1396;82
1396;289
1397;2
1397;19
1397;22
1397;45
1397;117
1397;200
1398;2
1398;19
1398;22
1398;40
1398;80
1398;202
1399;3
1399;18
1399;22
1399;40
1399;89
1399;398
1400;5
1400;11
1400;20
1400;48
1400;144
1400;168
1401;3
1401;10
1401;20
1401;49
1401;143
1401;397
1402;5
1402;10
1402;25
1402;50
1402;125
1402;201
1403;5
1403;19
1403;25
1403;50
1403;125
1403;201
1404;5
1404;15
1404;25
1404;50
1404;126
1404;202
1405;5
1405;10
1405;23
1405;47
1405;91
1405;373
1406;5
1406;19
1406;22
1406;44
1406;87
1406;434
1407;5
1407;15
1407;21
1407;40
1407;125
1407;200
1408;5
1408;19
1408;20
1408;40
1408;139
1408;199
1409;5
1409;19
1409;20
1409;40
1409;94
1409;168
1410;5
1410;19
1410;20
1410;40
1410;142
1410;278
1411;5
1411;19
1411;20
1411;40
1411;94
1411;239
1412;5
1412;19
1412;20
1412;40
1412;94
1412;201
1413;9
1413;19
1413;20
1413;40
1413;94
1413;238
1414;5
1414;19
1414;20
1414;40
1414;95
1414;198
1415;3
1415;19
1415;22
1415;45
1415;94
1415;199
1416;4
1416;19
1416;22
1416;44
1416;94
1416;249
1417;9
1417;17
1417;22
1417;45
1417;94
1417;198
1418;9
1418;17
1418;21
1418;50
1418;100
1418;169
1419;8
1419;17
1419;22
1419;45
1419;134
1419;293
1420;9
1420;10
1420;24
1420;49
1420;100
1420;365
1421;5
1421;17
1421;25
1421;50
1421;100
1421;327
1422;8
1422;17
1422;25
1422;50
1422;100
1422;325
1423;5
1423;16
1423;23
1423;45
1423;90
1423;199
1424;3
1424;19
1424;22
1424;45
1424;89
1424;200
1425;4
1425;17
1425;23
1425;45
1425;91
1425;207
1426;4
1426;16
1426;25
1426;40
1426;80
1426;289
1427;4
1427;19
1427;20
1427;40
1427;99
1427;168
1428;4
1428;15
1428;39
1428;40
1428;80
1428;176
1429;4
1429;15
1429;39
1429;40
1429;80
1429;180
1430;4
1430;19
1430;39
1430;40
1430;80
1430;160
1431;4
1431;19
1431;39
1431;40
1431;80
1431;399
1432;4
1432;19
1432;20
1432;41
1432;80
1432;178
1433;4
1433;19
1433;22
1433;45
1433;90
1433;180
1434;4
1434;19
1434;20
1434;45
1434;155
1434;177
1435;4
1435;15
1435;22
1435;45
1435;88
1435;181
1436;8
1436;10
1436;23
1436;45
1436;91
1436;201
1437;4
1437;17
1437;23
1437;46
1437;92
1437;164
1438;4
1438;17
1438;25
1438;50
1438;151
1438;176
1439;3
1439;17
1439;25
1439;51
1439;151
1439;175
1440;3
1440;17
1440;25
1440;50
1440;100
1440;175
1441;3
1441;17
1441;33
1441;47
1441;90
1441;173
1442;3
1442;17
1442;20
1442;45
1442;90
1442;176
1443;8
1443;10
1443;37
1443;40
1443;83
1443;200
1444;4
1444;17
1444;36
1444;40
1444;100
1444;174
1445;4
1445;19
1445;28
1445;40
1445;100
1445;169
1446;3
1446;19
1446;39
1446;40
1446;120
1446;200
1447;3
1447;19
1447;20
1447;41
1447;80
1447;201
1448;3
1448;16
1448;33
1448;40
1448;80
1448;179
1449;3
1449;19
1449;20
1449;40
1449;80
1449;201
1450;8
1450;10
1450;25
1450;41
1450;120
1450;180
1451;4
1451;19
1451;39
1451;40
1451;118
1451;179
1452;3
1452;19
1452;39
1452;40
1452;101
1452;160
1453;3
1453;19
1453;20
1453;40
1453;159
1453;199
1454;3
1454;19
1454;20
1454;40
1454;80
1454;199
1455;4
1455;19
1455;39
1455;58
1455;81
1455;428
1456;7
1456;17
1456;20
1456;51
1456;102
1456;416
1457;4
1457;17
1457;33
1457;50
1457;101
1457;423
1458;5
1458;15
1458;34
1458;68
1458;102
1458;286
1459;8
1459;19
1459;20
1459;48
1459;132
1459;180
1460;4
1460;19
1460;20
1460;75
1460;127
1460;178
1461;5
1461;18
1461;23
1461;41
1461;115
1461;204
1462;3
1462;19
1462;39
1462;40
1462;119
1462;218
1463;5
1463;19
1463;39
1463;40
1463;141
1463;221
1464;3
1464;16
1464;35
1464;50
1464;159
1464;179
1465;5
1465;19
1465;30
1465;60
1465;91
1465;270
1466;3
1466;19
1466;29
1466;40
1466;149
1466;224
1467;6
1467;17
1467;30
1467;61
1467;90
1467;180
1468;7
1468;19
1468;22
1468;44
1468;136
1468;203
1469;5
1469;19
1469;26
1469;67
1469;101
1469;168
1470;3
1470;17
1470;31
1470;66
1470;100
1470;169
1471;9
1471;19
1471;25
1471;40
1471;149
1471;323
1472;4
1472;17
1472;20
1472;52
1472;159
1472;203
1473;4
1473;13
1473;25
1473;48
1473;147
1473;160
1474;4
1474;17
1474;27
1474;53
1474;80
1474;253
1475;4
1475;19
1475;30
1475;75
1475;149
1475;176
1476;2
1476;17
1476;30
1476;50
1476;150
1476;179
1477;3
1477;19
1477;30
1477;40
1477;80
1477;200
1478;3
1478;18
1478;30
1478;40
1478;159
1478;199
1479;5
1479;17
1479;28
1479;40
1479;159
1479;198
1480;5
1480;17
1480;27
1480;40
1480;159
1480;185
1481;5
1481;15
1481;26
1481;40
1481;119
1481;201
1482;5
1482;15
1482;29
1482;73
1482;121
1482;220
1483;2
1483;10
1483;35
1483;69
1483;120
1483;202
1484;4
1484;19
1484;39
1484;42
1484;119
1484;199
1485;5
1485;19
1485;39
1485;40
1485;119
1485;318
1486;4
1486;17
1486;21
1486;50
1486;119
1486;198
1487;3
1487;16
1487;34
1487;40
1487;138
1487;220
1488;4
1488;19
1488;27
1488;50
1488;119
1488;187
1489;3
1489;19
1489;30
1489;40
1489;119
1489;176
1490;3
1490;19
1490;30
1490;50
1490;159
1490;200
1491;3
1491;18
1491;30
1491;50
1491;120
1491;238
1492;3
1492;16
1492;25
1492;50
1492;119
1492;201
1493;3
1493;19
1493;25
1493;40
1493;121
1493;201
1494;3
1494;19
1494;26
1494;79
1494;80
1494;200
1495;5
1495;17
1495;27
1495;79
1495;80
1495;186
1496;5
1496;15
1496;27
1496;71
1496;119
1496;185
1497;5
1497;19
1497;28
1497;66
1497;120
1497;197
1498;4
1498;19
1498;39
1498;40
1498;124
1498;201
1499;4
1499;19
1499;39
1499;40
1499;88
1499;177
1500;4
1500;19
1500;21
1500;53
1500;95
1500;162
1501;2
1501;14
1501;35
1501;70
1501;104
1501;212
1502;4
1502;19
1502;25
1502;50
1502;121
1502;178
1503;3
1503;10
1503;30
1503;40
1503;80
1503;200
1504;3
1504;19
1504;25
1504;40
1504;118
1504;177
1505;3
1505;19
1505;25
1505;40
1505;119
1505;238
1506;5
1506;19
1506;39
1506;41
1506;120
1506;179
1507;9
1507;19
1507;23
1507;45
1507;159
1507;178
1508;5
1508;18
1508;34
1508;41
1508;120
1508;180
1509;9
1509;18
1509;24
1509;43
1509;159
1509;199
1510;1
1510;19
1510;29
1510;58
1510;159
1510;178
1511;4
1511;18
1511;27
1511;63
1511;96
1511;180
1512;3
1512;19
1512;27
1512;42
1512;159
1512;202
1513;4
1513;19
1513;33
1513;53
1513;101
1513;201
1514;4
1514;19
1514;27
1514;54
1514;159
1514;160
1515;4
1515;18
1515;34
1515;67
1515;159
1515;166
1516;4
1516;16
1516;30
1516;67
1516;134
1516;268
1517;4
1517;18
1517;30
1517;67
1517;101
1517;301
1518;3
1518;19
1518;21
1518;67
1518;159
1518;160
1519;4
1519;15
1519;35
1519;67
1519;131
1519;169
1520;1
1520;19
1520;22
1520;44
1520;159
1520;199
1521;4
1521;19
1521;25
1521;40
1521;159
1521;179
1522;6
1522;17
1522;20
1522;67
1522;119
1522;160
1523;6
1523;19
1523;20
1523;40
1523;119
1523;193
1524;4
1524;19
1524;30
1524;40
1524;159
1524;174
1525;6
1525;19
1525;30
1525;40
1525;90
1525;176
1526;3
1526;19
1526;30
1526;40
1526;159
1526;175
1527;3
1527;19
1527;30
1527;40
1527;119
1527;175
1528;3
1528;19
1528;30
1528;40
1528;159
1528;199
1529;0
1529;17
1529;30
1529;44
1529;101
1529;200
1530;2
1530;17
1530;30
1530;60
1530;101
1530;440
1531;6
1531;17
1531;20
1531;45
1531;132
1531;220
1532;3
1532;17
1532;22
1532;40
1532;158
1532;180
1533;5
1533;19
1533;39
1533;40
1533;158
1533;198
1534;3
1534;17
1534;38
1534;45
1534;101
1534;199
1535;5
1535;19
1535;39
1535;40
1535;143
1535;161
1536;6
1536;19
1536;39
1536;40
1536;156
1536;198
1537;5
1537;18
1537;35
1537;40
1537;141
1537;168
1538;2
1538;19
1538;30
1538;40
1538;157
1538;196
1539;3
1539;19
1539;29
1539;40
1539;151
1539;181
1540;3
1540;16
1540;27
1540;40
1540;157
1540;180
1541;3
1541;19
1541;21
1541;45
1541;87
1541;194
1542;1
1542;19
1542;27
1542;67
1542;100
1542;167
1543;5
1543;19
1543;20
1543;67
1543;102
1543;167
1544;4
1544;19
1544;26
1544;40
1544;149
1544;354
1545;4
1545;16
1545;20
1545;49
1545;100
1545;202
1546;5
1546;18
1546;23
1546;44
1546;159
1546;181
1547;3
1547;16
1547;26
1547;72
1547;145
1547;253
1548;4
1548;16
1548;29
1548;50
1548;120
1548;176
1549;3
1549;16
1549;25
1549;77
1549;159
1549;176
1550;3
1550;18
1550;30
1550;40
1550;80
1550;240
1551;3
1551;18
1551;25
1551;40
1551;159
1551;199
1552;5
1552;16
1552;25
1552;40
1552;159
1552;238
1553;6
1553;15
1553;26
1553;40
1553;159
1553;185
1554;5
1554;17
1554;26
1554;40
1554;120
1554;202
1555;5
1555;10
1555;29
1555;73
1555;95
1555;204
1556;2
1556;12
1556;35
1556;45
1556;120
1556;177
1557;5
1557;19
1557;34
1557;40
1557;119
1557;267
1558;5
1558;19
1558;39
1558;40
1558;119
1558;201
1559;5
1559;17
1559;20
1559;40
1559;119
1559;160
1560;4
1560;18
1560;34
1560;45
1560;136
1560;216
1561;5
1561;17
1561;37
1561;50
1561;119
1561;186
1562;3
1562;18
1562;30
1562;50
1562;121
1562;175
1563;4
1563;17
1563;25
1563;50
1563;119
1563;200
1564;3
1564;19
1564;25
1564;50
1564;121
1564;179
1565;3
1565;18
1565;25
1565;50
1565;120
1565;201
1566;2
1566;18
1566;25
1566;40
1566;121
1566;236
1567;6
1567;17
1567;26
1567;40
1567;80
1567;201
1568;4
1568;18
1568;26
1568;79
1568;80
1568;186
1569;5
1569;19
1569;25
1569;51
1569;119
1569;194
1570;5
1570;16
1570;29
1570;66
1570;119
1570;197
1571;5
1571;19
1571;20
1571;40
1571;123
1571;202
1572;4
1572;19
1572;20
1572;59
1572;88
1572;200
1573;5
1573;19
1573;21
1573;53
1573;88
1573;162
1574;3
1574;19
1574;36
1574;45
1574;107
1574;186
1575;5
1575;18
1575;25
1575;50
1575;150
1575;177
1576;4
1576;19
1576;25
1576;50
1576;119
1576;176
1577;6
1577;19
1577;25
1577;40
1577;121
1577;201
1578;3
1578;17
1578;25
1578;49
1578;159
1578;199
1579;4
1579;19
1579;37
1579;40
1579;86
1579;179
1580;5
1580;19
1580;36
1580;40
1580;120
1580;228
1581;5
1581;19
1581;36
1581;40
1581;159
1581;213
1582;3
1582;19
1582;21
1582;44
1582;90
1582;200
1583;3
1583;19
1583;39
1583;60
1583;159
1583;179
1584;5
1584;19
1584;30
1584;59
1584;159
1584;179
1585;4
1585;19
1585;23
1585;66
1585;159
1585;180
1586;3
1586;19
1586;33
1586;68
1586;159
1586;187
1587;9
1587;16
1587;33
1587;40
1587;159
1587;160
1588;3
1588;15
1588;33
1588;67
1588;159
1588;165
1589;5
1589;16
1589;32
1589;67
1589;101
1589;168
1590;3
1590;15
1590;33
1590;67
1590;159
1590;167
1591;2
1591;19
1591;23
1591;67
1591;159
1591;160
1592;4
1592;19
1592;27
1592;67
1592;159
1592;166
1593;1
1593;19
1593;23
1593;45
1593;159
1593;180
1594;4
1594;19
1594;39
1594;50
1594;158
1594;177
1595;3
1595;17
1595;20
1595;67
1595;120
1595;267
1596;6
1596;18
1596;20
1596;48
1596;119
1596;201
1597;4
1597;19
1597;39
1597;40
1597;159
1597;175
1598;4
1598;19
1598;25
1598;60
1598;90
1598;270
1599;2
1599;17
1599;25
1599;59
1599;159
1599;237
1600;2
1600;15
1600;20
1600;59
1600;119
1600;298
1601;6
1601;15
1601;30
1601;59
1601;89
1601;210
1602;5
1602;15
1602;30
1602;60
1602;90
1602;216
1603;9
1603;15
1603;30
1603;45
1603;147
1603;215
1604;4
1604;14
1604;20
1604;46
1604;121
1604;209
1605;0
1605;15
1605;34
1605;43
1605;159
1605;163
1606;9
1606;15
1606;25
1606;59
1606;137
1606;196
1607;9
1607;15
1607;38
1607;48
1607;148
1607;178
1608;9
1608;10
1608;27
1608;44
1608;105
1608;166
1609;9
1609;10
1609;39
1609;54
1609;101
1609;167
1610;9
1610;10
1610;39
1610;40
1610;158
1610;160
1611;9
1611;10
1611;39
1611;40
1611;80
1611;475
1612;9
1612;14
1612;34
1612;41
1612;119
1612;201
1613;9
1613;15
1613;30
1613;40
1613;80
1613;197
1614;9
1614;19
1614;30
1614;44
1614;159
1614;167
1615;9
1615;17
1615;25
1615;45
1615;84
1615;200
1616;9
1616;16
1616;33
1616;43
1616;112
1616;186
1617;9
1617;15
1617;30
1617;41
1617;150
1617;180
1618;7
1618;19
1618;30
1618;41
1618;119
1618;180
1619;6
1619;10
1619;35
1619;43
1619;133
1619;170
1620;3
1620;19
1620;30
1620;78
1620;155
1620;233
1621;3
1621;19
1621;20
1621;40
1621;81
1621;162
1622;3
1622;19
1622;20
1622;75
1622;85
1622;169
1623;3
1623;19
1623;20
1623;75
1623;89
1623;267
1624;3
1624;19
1624;20
1624;75
1624;89
1624;250
1625;2
1625;19
1625;20
1625;75
1625;91
1625;274
1626;2
1626;19
1626;20
1626;60
1626;90
1626;179
1627;2
1627;10
1627;30
1627;59
1627;89
1627;265
1628;2
1628;18
1628;35
1628;53
1628;80
1628;233
1629;2
1629;10
1629;33
1629;53
1629;89
1629;168
1630;2
1630;15
1630;25
1630;53
1630;99
1630;197
1631;2
1631;15
1631;25
1631;50
1631;103
1631;175
1632;2
1632;15
1632;39
1632;40
1632;139
1632;233
1633;5
1633;15
1633;31
1633;40
1633;122
1633;231
1634;3
1634;10
1634;39
1634;40
1634;139
1634;178
1635;2
1635;10
1635;20
1635;55
1635;89
1635;163
1636;2
1636;12
1636;24
1636;40
1636;90
1636;202
1637;2
1637;15
1637;31
1637;67
1637;123
1637;202
1638;2
1638;12
1638;22
1638;76
1638;151
1638;176
1639;3
1639;13
1639;22
1639;79
1639;82
1639;165
1640;5
1640;17
1640;22
1640;75
1640;86
1640;172
1641;2
1641;17
1641;22
1641;75
1641;89
1641;266
1642;6
1642;12
1642;27
1642;75
1642;89
1642;266
1643;4
1643;11
1643;22
1643;45
1643;87
1643;174
1644;3
1644;17
1644;22
1644;79
1644;91
1644;358
1645;3
1645;17
1645;22
1645;60
1645;88
1645;301
1646;3
1646;19
1646;37
1646;53
1646;121
1646;162
1647;3
1647;17
1647;33
1647;53
1647;80
1647;186
1648;3
1648;16
1648;25
1648;54
1648;89
1648;197
1649;3
1649;15
1649;25
1649;40
1649;120
1649;200
1650;3
1650;15
1650;20
1650;40
1650;119
1650;270
1651;3
1651;15
1651;22
1651;45
1651;123
1651;190
1652;3
1652;14
1652;33
1652;54
1652;119
1652;197
1653;3
1653;11
1653;26
1653;44
1653;80
1653;443
1654;3
1654;11
1654;27
1654;45
1654;89
1654;466
1655;3
1655;12
1655;20
1655;44
1655;86
1655;464
1656;5
1656;16
1656;20
1656;79
1656;80
1656;178
1657;4
1657;17
1657;20
1657;79
1657;80
1657;179
1658;4
1658;17
1658;20
1658;53
1658;159
1658;212
1659;4
1659;17
1659;27
1659;53
1659;135
1659;180
1660;4
1660;17
1660;26
1660;53
1660;135
1660;287
1661;4
1661;17
1661;25
1661;53
1661;159
1661;180
1662;4
1662;11
1662;20
1662;60
1662;90
1662;179
1663;4
1663;17
1663;30
1663;60
1663;90
1663;180
1664;4
1664;17
1664;33
1664;58
1664;150
1664;180
1665;4
1665;17
1665;25
1665;53
1665;86
1665;185
1666;4
1666;17
1666;26
1666;53
1666;80
1666;180
1667;4
1667;17
1667;33
1667;50
1667;80
1667;438
1668;4
1668;17
1668;20
1668;40
1668;80
1668;401
1669;8
1669;10
1669;23
1669;40
1669;135
1669;160
1670;4
1670;11
1670;26
1670;50
1670;139
1670;177
1671;4
1671;17
1671;20
1671;40
1671;159
1671;177
1672;3
1672;17
1672;25
1672;50
1672;125
1672;251
1673;3
1673;19
1673;26
1673;40
1673;80
1673;201
1674;3
1674;19
1674;25
1674;51
1674;124
1674;161
1675;3
1675;19
1675;25
1675;48
1675;125
1675;398
1676;8
1676;10
1676;39
1676;50
1676;111
1676;397
1677;7
1677;19
1677;38
1677;44
1677;110
1677;396
1678;7
1678;10
1678;35
1678;50
1678;115
1678;160
1679;4
1679;12
1679;20
1679;67
1679;110
1679;198
1680;4
1680;19
1680;33
1680;40
1680;86
1680;477
1681;3
1681;19
1681;33
1681;40
1681;136
1681;225
1682;3
1682;12
1682;20
1682;50
1682;129
1682;197
1683;3
1683;19
1683;37
1683;59
1683;82
1683;219
1684;3
1684;17
1684;30
1684;40
1684;100
1684;267
1685;3
1685;19
1685;30
1685;59
1685;89
1685;221
1686;3
1686;17
1686;20
1686;40
1686;151
1686;201
1687;3
1687;19
1687;20
1687;62
1687;86
1687;192
1688;3
1688;17
1688;26
1688;67
1688;100
1688;167
1689;3
1689;19
1689;20
1689;45
1689;159
1689;376
1690;3
1690;19
1690;25
1690;40
1690;151
1690;475
1691;3
1691;17
1691;20
1691;40
1691;80
1691;171
1692;7
1692;10
1692;21
1692;41
1692;100
1692;165
1693;4
1693;10
1693;25
1693;40
1693;159
1693;186
1694;5
1694;10
1694;30
1694;40
1694;100
1694;226
1695;5
1695;15
1695;20
1695;50
1695;159
1695;175
1696;5
1696;15
1696;30
1696;40
1696;100
1696;176
1697;5
1697;15
1697;30
1697;40
1697;159
1697;201
1698;5
1698;10
1698;30
1698;40
1698;159
1698;199
1699;5
1699;10
1699;20
1699;40
1699;159
1699;200
1700;5
1700;19
1700;30
1700;40
1700;120
1700;199
1701;5
1701;19
1701;38
1701;40
1701;90
1701;200
1702;5
1702;19
1702;26
1702;44
1702;120
1702;204
1703;5
1703;19
1703;26
1703;66
1703;101
1703;199
1704;5
1704;19
1704;39
1704;40
1704;120
1704;199
1705;5
1705;19
1705;30
1705;60
1705;119
1705;198
1706;5
1706;11
1706;27
1706;53
1706;144
1706;167
1707;3
1707;19
1707;37
1707;74
1707;119
1707;186
1708;4
1708;19
1708;39
1708;41
1708;119
1708;179
1709;9
1709;19
1709;28
1709;40
1709;120
1709;175
1710;9
1710;19
1710;20
1710;40
1710;120
1710;176
1711;8
1711;17
1711;20
1711;59
1711;100
1711;200
1712;9
1712;17
1712;20
1712;50
1712;158
1712;197
1713;5
1713;10
1713;26
1713;40
1713;120
1713;177
1714;5
1714;10
1714;26
1714;79
1714;80
1714;187
1715;6
1715;10
1715;20
1715;53
1715;119
1715;186
1716;4
1716;10
1716;33
1716;59
1716;119
1716;199
1717;4
1717;19
1717;39
1717;50
1717;99
1717;200
1718;4
1718;17
1718;30
1718;44
1718;118
1718;198
1719;4
1719;19
1719;38
1719;43
1719;122
1719;162
1720;4
1720;19
1720;33
1720;47
1720;104
1720;174
1721;4
1721;19
1721;25
1721;51
1721;151
1721;177
1722;4
1722;19
1722;25
1722;40
1722;100
1722;176
1723;4
1723;19
1723;25
1723;50
1723;119
1723;200
1724;4
1724;19
1724;25
1724;40
1724;158
1724;198
1725;4
1725;19
1725;23
1725;40
1725;90
1725;183
1726;4
1726;19
1726;35
1726;41
1726;80
1726;210
1727;4
1727;18
1727;36
1727;40
1727;142
1727;180
1728;8
1728;18
1728;20
1728;40
1728;90
1728;200
1729;5
1729;12
1729;26
1729;61
1729;100
1729;169
1730;4
1730;17
1730;26
1730;40
1730;159
1730;180
1731;3
1731;17
1731;34
1731;40
1731;100
1731;171
1732;3
1732;17
1732;33
1732;40
1732;159
1732;179
1733;3
1733;17
1733;33
1733;40
1733;100
1733;200
1734;3
1734;17
1734;33
1734;67
1734;159
1734;201
1735;4
1735;10
1735;20
1735;40
1735;159
1735;160
1736;5
1736;12
1736;32
1736;50
1736;159
1736;160
1737;4
1737;19
1737;34
1737;68
1737;159
1737;160
1738;3
1738;19
1738;26
1738;66
1738;100
1738;165
1739;3
1739;19
1739;20
1739;66
1739;159
1739;165
1740;3
1740;18
1740;20
1740;40
1740;120
1740;160
1741;3
1741;17
1741;24
1741;67
1741;120
1741;160
1742;9
1742;10
1742;21
1742;42
1742;119
1742;181
1743;4
1743;14
1743;25
1743;40
1743;150
1743;209
1744;3
1744;15
1744;25
1744;40
1744;90
1744;209
1745;3
1745;15
1745;25
1745;60
1745;90
1745;179
1746;3
1746;15
1746;30
1746;40
1746;90
1746;179
1747;3
1747;15
1747;30
1747;60
1747;89
1747;179
1748;3
1748;17
1748;30
1748;60
1748;100
1748;200
1749;7
1749;17
1749;30
1749;40
1749;99
1749;270
1750;3
1750;17
1750;20
1750;60
1750;150
1750;179
1751;9
1751;10
1751;20
1751;40
1751;89
1751;179
1752;4
1752;11
1752;30
1752;60
1752;134
1752;198
1753;3
1753;10
1753;30
1753;40
1753;127
1753;160
1754;6
1754;17
1754;20
1754;40
1754;89
1754;179
1755;5
1755;12
1755;32
1755;40
1755;80
1755;169
1756;9
1756;19
1756;30
1756;40
1756;102
1756;162
1757;2
1757;15
1757;29
1757;45
1757;89
1757;164
1758;2
1758;13
1758;25
1758;40
1758;133
1758;204
1759;2
1759;15
1759;30
1759;40
1759;90
1759;443
1760;2
1760;15
1760;30
1760;40
1760;90
1760;193
1761;2
1761;17
1761;33
1761;50
1761;150
1761;199
1762;2
1762;15
1762;32
1762;68
1762;150
1762;202
1763;3
1763;15
1763;30
1763;40
1763;135
1763;209
1764;2
1764;13
1764;26
1764;40
1764;120
1764;398
1765;7
1765;10
1765;24
1765;42
1765;100
1765;195
1766;4
1766;10
1766;35
1766;75
1766;159
1766;212
1767;5
1767;10
1767;36
1767;55
1767;150
1767;200
1768;5
1768;19
1768;20
1768;40
1768;150
1768;199
1769;5
1769;15
1769;20
1769;40
1769;159
1769;201
1770;5
1770;10
1770;20
1770;40
1770;159
1770;201
1771;5
1771;10
1771;20
1771;70
1771;159
1771;201
1772;5
1772;19
1772;20
1772;40
1772;159
1772;199
1773;5
1773;19
1773;20
1773;40
1773;120
1773;198
1774;5
1774;19
1774;25
1774;40
1774;95
1774;233
1775;5
1775;19
1775;23
1775;66
1775;120
1775;199
1776;5
1776;19
1776;31
1776;66
1776;119
1776;198
1777;5
1777;19
1777;30
1777;59
1777;89
1777;297
1778;5
1778;19
1778;30
1778;66
1778;119
1778;198
1779;5
1779;10
1779;37
1779;63
1779;121
1779;161
1780;3
1780;19
1780;38
1780;40
1780;119
1780;228
1781;4
1781;19
1781;39
1781;40
1781;80
1781;161
1782;9
1782;19
1782;39
1782;40
1782;120
1782;237
1783;9
1783;17
1783;39
1783;40
1783;80
1783;160
1784;8
1784;17
1784;39
1784;40
1784;80
1784;160
1785;8
1785;17
1785;39
1785;40
1785;80
1785;238
1786;5
1786;17
1786;39
1786;40
1786;120
1786;271
1787;5
1787;17
1787;33
1787;40
1787;119
1787;291
1788;6
1788;10
1788;25
1788;42
1788;120
1788;178
1789;4
1789;17
1789;34
1789;45
1789;119
1789;167
1790;4
1790;15
1790;30
1790;40
1790;117
1790;193
1791;4
1791;15
1791;30
1791;45
1791;119
1791;303
1792;4
1792;13
1792;33
1792;40
1792;121
1792;162
1793;4
1793;17
1793;34
1793;45
1793;159
1793;181
1794;4
1794;19
1794;25
1794;40
1794;121
1794;195
1795;4
1795;19
1795;23
1795;46
1795;99
1795;179
1796;4
1796;19
1796;22
1796;45
1796;119
1796;197
1797;4
1797;19
1797;22
1797;40
1797;120
1797;200
1798;4
1798;19
1798;20
1798;40
1798;80
1798;189
1799;4
1799;19
1799;20
1799;40
1799;80
1799;180
1800;4
1800;19
1800;20
1800;40
1800;159
1800;180
1801;4
1801;15
1801;20
1801;40
1801;119
1801;160
1802;5
1802;16
1802;30
1802;42
1802;152
1802;209
1803;3
1803;17
1803;34
1803;67
1803;135
1803;203
1804;3
1804;17
1804;33
1804;66
1804;133
1804;167
1805;3
1805;17
1805;33
1805;67
1805;159
1805;200
1806;3
1806;17
1806;33
1806;67
1806;159
1806;200
1807;3
1807;17
1807;33
1807;67
1807;133
1807;199
1808;3
1808;11
1808;33
1808;45
1808;159
1808;201
1809;5
1809;12
1809;33
1809;66
1809;133
1809;167
1810;3
1810;19
1810;23
1810;69
1810;159
1810;160
1811;3
1811;19
1811;37
1811;73
1811;147
1811;172
1812;3
1812;19
1812;32
1812;45
1812;159
1812;335
1813;3
1813;10
1813;26
1813;40
1813;159
1813;160
1814;3
1814;16
1814;25
1814;67
1814;120
1814;160
1815;9
1815;10
1815;20
1815;41
1815;119
1815;162
1816;4
1816;15
1816;30
1816;50
1816;159
1816;198
1817;3
1817;19
1817;25
1817;50
1817;120
1817;216
1818;3
1818;19
1818;25
1818;40
1818;159
1818;180
1819;3
1819;19
1819;30
1819;60
1819;80
1819;199
1820;2
1820;10
1820;30
1820;59
1820;120
1820;198
1821;2
1821;19
1821;30
1821;59
1821;89
1821;210
1822;8
1822;10
1822;25
1822;40
1822;98
1822;162
1823;4
1823;17
1823;25
1823;40
1823;120
1823;180
1824;9
1824;11
1824;21
1824;41
1824;157
1824;199
1825;5
1825;14
1825;25
1825;45
1825;100
1825;197
1826;3
1826;15
1826;30
1826;45
1826;120
1826;202
1827;3
1827;15
1827;30
1827;40
1827;120
1827;160
1828;2
1828;12
1828;32
1828;50
1828;151
1828;169
1829;2
1829;19
1829;38
1829;40
1829;95
1829;162
1830;3
1830;14
1830;29
1830;44
1830;88
1830;163
1831;2
1831;13
1831;28
1831;40
1831;133
1831;203
1832;2
1832;15
1832;30
1832;59
1832;95
1832;197
1833;2
1833;15
1833;30
1833;63
1833;94
1833;193
1834;2
1834;17
1834;34
1834;67
1834;153
1834;203
1835;2
1835;15
1835;32
1835;52
1835;128
1835;203
1836;2
1836;15
1836;30
1836;64
1836;134
1836;209
1837;2
1837;13
1837;26
1837;64
1837;101
1837;206
1838;8
1838;11
1838;21
1838;57
1838;100
1838;160
1839;4
1839;10
1839;35
1839;52
1839;159
1839;212
1840;5
1840;10
1840;36
1840;55
1840;114
1840;200
1841;5
1841;19
1841;20
1841;55
1841;101
1841;199
1842;5
1842;19
1842;20
1842;55
1842;115
1842;201
1843;5
1843;10
1843;20
1843;56
1843;100
1843;201
1844;5
1844;10
1844;20
1844;61
1844;159
1844;201
1845;5
1845;10
1845;30
1845;60
1845;159
1845;199
1846;5
1846;19
1846;21
1846;58
1846;120
1846;196
1847;5
1847;18
1847;25
1847;40
1847;119
1847;162
1848;5
1848;19
1848;25
1848;65
1848;113
1848;199
1849;5
1849;19
1849;31
1849;56
1849;129
1849;198
1850;5
1850;19
1850;30
1850;60
1850;89
1850;297
1851;5
1851;19
1851;28
1851;66
1851;119
1851;160
1852;6
1852;10
1852;36
1852;60
1852;110
1852;261
1853;3
1853;19
1853;38
1853;65
1853;119
1853;266
1854;4
1854;19
1854;39
1854;40
1854;129
1854;268
1855;9
1855;19
1855;39
1855;40
1855;113
1855;237
1856;9
1856;17
1856;39
1856;40
1856;80
1856;160
1857;8
1857;17
1857;39
1857;40
1857;120
1857;160
1858;8
1858;17
1858;39
1858;40
1858;80
1858;239
1859;5
1859;10
1859;39
1859;56
1859;120
1859;218
1860;5
1860;10
1860;33
1860;59
1860;119
1860;290
1861;6
1861;10
1861;20
1861;55
1861;108
1861;160
1862;4
1862;17
1862;34
1862;57
1862;119
1862;167
1863;4
1863;15
1863;30
1863;40
1863;116
1863;264
1864;4
1864;15
1864;30
1864;53
1864;90
1864;243
1865;4
1865;13
1865;33
1865;60
1865;112
1865;161
1866;4
1866;17
1866;34
1866;56
1866;95
1866;181
1867;4
1867;19
1867;24
1867;51
1867;107
1867;195
1868;4
1868;19
1868;23
1868;47
1868;111
1868;179
1869;4
1869;19
1869;22
1869;63
1869;109
1869;197
1870;4
1870;19
1870;22
1870;63
1870;100
1870;200
1871;4
1871;19
1871;20
1871;40
1871;149
1871;203
1872;4
1872;19
1872;20
1872;40
1872;146
1872;180
1873;4
1873;19
1873;20
1873;54
1873;159
1873;180
1874;4
1874;15
1874;20
1874;54
1874;117
1874;160
1875;3
1875;17
1875;31
1875;61
1875;152
1875;209
1876;7
1876;17
1876;34
1876;68
1876;102
1876;181
1877;3
1877;17
1877;33
1877;66
1877;133
1877;199
1878;7
1878;17
1878;33
1878;67
1878;159
1878;200
1879;7
1879;17
1879;33
1879;67
1879;134
1879;200
1880;7
1880;17
1880;33
1880;67
1880;133
1880;199
1881;6
1881;17
1881;33
1881;67
1881;159
1881;201
1882;6
1882;17
1882;33
1882;66
1882;159
1882;166
1883;7
1883;19
1883;23
1883;46
1883;149
1883;160
1884;2
1884;19
1884;37
1884;72
1884;139
1884;171
1885;6
1885;17
1885;32
1885;44
1885;156
1885;171
1886;6
1886;19
1886;26
1886;63
1886;120
1886;160
1887;6
1887;16
1887;20
1887;62
1887;120
1887;242
1888;4
1888;18
1888;30
1888;41
1888;119
1888;239
1889;5
1889;19
1889;30
1889;40
1889;159
1889;198
1890;4
1890;19
1890;30
1890;60
1890;104
1890;200
1891;3
1891;15
1891;30
1891;70
1891;120
1891;180
1892;1
1892;15
1892;30
1892;60
1892;116
1892;199
1893;9
1893;15
1893;29
1893;40
1893;105
1893;198
1894;9
1894;19
1894;30
1894;73
1894;136
1894;211
1895;9
1895;18
1895;36
1895;59
1895;135
1895;230
1896;9
1896;17
1896;38
1896;61
1896;136
1896;203
1897;9
1897;19
1897;30
1897;64
1897;128
1897;269
1898;9
1898;15
1898;30
1898;66
1898;119
1898;163
1899;9
1899;17
1899;30
1899;65
1899;128
1899;160
1900;9
1900;17
1900;30
1900;65
1900;113
1900;172
1901;9
1901;19
1901;20
1901;72
1901;146
1901;173
1902;9
1902;19
1902;20
1902;49
1902;106
1902;173
1903;8
1903;19
1903;20
1903;65
1903;132
1903;161
1904;9
1904;19
1904;20
1904;62
1904;132
1904;166
1905;7
1905;19
1905;20
1905;49
1905;133
1905;168
1906;7
1906;19
1906;20
1906;62
1906;154
1906;168
1907;9
1907;19
1907;20
1907;65
1907;99
1907;171
1908;8
1908;19
1908;26
1908;55
1908;134
1908;164
1909;7
1909;16
1909;30
1909;63
1909;123
1909;176
1910;9
1910;15
1910;26
1910;55
1910;102
1910;160
1911;9
1911;14
1911;28
1911;49
1911;122
1911;181
1912;8
1912;18
1912;38
1912;70
1912;105
1912;162
1913;9
1913;19
1913;29
1913;54
1913;143
1913;170
1914;9
1914;14
1914;31
1914;60
1914;94
1914;173
1915;8
1915;17
1915;31
1915;61
1915;89
1915;211
1916;8
1916;18
1916;38
1916;54
1916;136
1916;160
1917;9
1917;17
1917;39
1917;59
1917;137
1917;162
1918;9
1918;19
1918;29
1918;63
1918;105
1918;166
1919;9
1919;15
1919;23
1919;61
1919;123
1919;174
1920;9
1920;14
1920;32
1920;60
1920;103
1920;216
1921;3
1921;14
1921;29
1921;64
1921;127
1921;164
1922;8
1922;15
1922;23
1922;61
1922;136
1922;178
1923;4
1923;19
1923;32
1923;50
1923;128
1923;167
1924;7
1924;15
1924;30
1924;64
1924;129
1924;250
1925;4
1925;19
1925;38
1925;64
1925;110
1925;160
1926;7
1926;17
1926;37
1926;61
1926;115
1926;178
1927;7
1927;19
1927;39
1927;60
1927;116
1927;179
1928;4
1928;19
1928;36
1928;59
1928;129
1928;244
1929;4
1929;18
1929;39
1929;53
1929;147
1929;244
1930;1
1930;19
1930;37
1930;61
1930;124
1930;244
1931;2
1931;18
1931;39
1931;64
1931;123
1931;244
1932;4
1932;14
1932;38
1932;58
1932;100
1932;246
1933;4
1933;19
1933;35
1933;60
1933;100
1933;249
1934;8
1934;18
1934;37
1934;64
1934;119
1934;448
1935;4
1935;15
1935;39
1935;64
1935;118
1935;313
1936;9
1936;15
1936;38
1936;54
1936;118
1936;165
1937;8
1937;19
1937;31
1937;59
1937;134
1937;242
1938;8
1938;19
1938;37
1938;46
1938;101
1938;160
1939;4
1939;19
1939;29
1939;48
1939;116
1939;173
1940;4
1940;19
1940;37
1940;66
1940;123
1940;161
1941;2
1941;16
1941;29
1941;65
1941;139
1941;162
1942;3
1942;18
1942;28
1942;53
1942;136
1942;166
1943;9
1943;18
1943;28
1943;57
1943;135
1943;172
1944;9
1944;17
1944;37
1944;50
1944;143
1944;186
1945;3
1945;19
1945;34
1945;73
1945;130
1945;163
1946;4
1946;19
1946;31
1946;53
1946;119
1946;244
1947;4
1947;19
1947;37
1947;51
1947;127
1947;296
1948;7
1948;19
1948;38
1948;65
1948;120
1948;247
1949;6
1949;19
1949;38
1949;54
1949;122
1949;244
1950;8
1950;18
1950;37
1950;67
1950;117
1950;244
1951;8
1951;10
1951;38
1951;52
1951;98
1951;306
1952;4
1952;19
1952;37
1952;59
1952;126
1952;240
1953;4
1953;18
1953;39
1953;58
1953;111
1953;297
1954;8
1954;18
1954;36
1954;64
1954;144
1954;240
1955;4
1955;19
1955;38
1955;54
1955;99
1955;244
1956;4
1956;18
1956;38
1956;62
1956;92
1956;250
1957;3
1957;18
1957;37
1957;53
1957;139
1957;250
1958;7
1958;18
1958;37
1958;63
1958;127
1958;190
1959;4
1959;19
1959;32
1959;62
1959;123
1959;314
1960;3
1960;19
1960;28
1960;61
1960;126
1960;192
1961;4
1961;18
1961;36
1961;62
1961;134
1961;189
1962;4
1962;18
1962;23
1962;62
1962;136
1962;296
1963;4
1963;18
1963;37
1963;62
1963;136
1963;180
1964;9
1964;19
1964;39
1964;62
1964;117
1964;244
1965;6
1965;12
1965;36
1965;64
1965;140
1965;296
1966;5
1966;19
1966;39
1966;40
1966;80
1966;246
1967;4
1967;11
1967;37
1967;60
1967;140
1967;240
1968;2
1968;19
1968;39
1968;54
1968;145
1968;243
1969;7
1969;19
1969;36
1969;52
1969;98
1969;240
1970;8
1970;19
1970;36
1970;59
1970;117
1970;242
1971;8
1971;19
1971;38
1971;58
1971;127
1971;246
1972;7
1972;18
1972;29
1972;71
1972;119
1972;163
1973;5
1973;19
1973;30
1973;53
1973;126
1973;245
1974;8
1974;14
1974;28
1974;59
1974;122
1974;192
1975;9
1975;19
1975;26
1975;57
1975;128
1975;189
1976;7
1976;18
1976;27
1976;58
1976;96
1976;172
1977;9
1977;19
1977;26
1977;58
1977;92
1977;171
1978;9
1978;17
1978;30
1978;61
1978;84
1978;173
1979;8
1979;18
1979;34
1979;62
1979;109
1979;187
1980;8
1980;15
1980;30
1980;62
1980;124
1980;212
1981;8
1981;18
1981;32
1981;63
1981;124
1981;183
1982;0
1982;10
1982;32
1982;79
1982;82
1982;378
1983;5
1983;10
1983;32
1983;77
1983;82
1983;378
1984;0
1984;10
1984;33
1984;65
1984;82
1984;378
1985;5
1985;10
1985;34
1985;49
1985;82
1985;211
1986;5
1986;10
1986;33
1986;58
1986;82
1986;211
1987;5
1987;10
1987;34
1987;40
1987;82
1987;211
1988;5
1988;10
1988;34
1988;66
1988;82
1988;378
1989;5
1989;10
1989;34
1989;41
1989;82
1989;378
1990;5
1990;10
1990;34
1990;48
1990;82
1990;378
1991;5
1991;10
1991;34
1991;58
1991;82
1991;211
1992;5
1992;10
1992;34
1992;53
1992;82
1992;211
1993;6
1993;10
1993;34
1993;66
1993;82
1993;211
1994;5
1994;10
1994;34
1994;56
1994;82
1994;211
1995;6
1995;10
1995;34
1995;57
1995;82
1995;378
1996;6
1996;10
1996;34
1996;50
1996;101
1996;378
1997;6
1997;10
1997;34
1997;66
1997;101
1997;218
1998;6
1998;10
1998;34
1998;51
1998;101
1998;215
1999;6
1999;10
1999;34
1999;50
1999;101
1999;218
2000;6
2000;10
2000;34
2000;66
2000;101
2000;218
2001;6
2001;10
2001;34
2001;66
2001;101
2001;203
2002;6
2002;10
2002;34
2002;66
2002;101
2002;209
2003;6
2003;10
2003;34
2003;66
2003;101
2003;186
2004;6
2004;10
2004;34
2004;49
2004;101
2004;274
2005;6
2005;10
2005;34
2005;52
2005;101
2005;224
2006;6
2006;10
2006;34
2006;66
2006;101
2006;218
2007;6
2007;10
2007;34
2007;52
2007;101
2007;218
2008;6
2008;10
2008;34
2008;66
2008;101
2008;218
2009;6
2009;10
2009;34
2009;66
2009;101
2009;218
2010;6
2010;10
2010;34
2010;49
2010;101
2010;218
2011;6
2011;10
2011;34
2011;50
2011;101
2011;184
2012;6
2012;10
2012;33
2012;52
2012;101
2012;179
2013;6
2013;10
2013;34
2013;66
2013;101
2013;292
2014;6
2014;10
2014;34
2014;42
2014;101
2014;243
2015;6
2015;10
2015;34
2015;66
2015;101
2015;218
2016;6
2016;10
2016;34
2016;51
2016;101
2016;295
2017;6
2017;10
2017;34
2017;66
2017;101
2017;274
2018;6
2018;10
2018;33
2018;40
2018;101
2018;274
2019;6
2019;10
2019;34
2019;66
2019;101
2019;218
2020;6
2020;10
2020;34
2020;51
2020;101
2020;274
2021;6
2021;10
2021;33
2021;51
2021;101
2021;235
2022;6
2022;10
2022;33
2022;41
2022;101
2022;246
2023;6
2023;10
2023;34
2023;66
2023;101
2023;246
2024;6
2024;10
2024;34
2024;66
2024;101
2024;230
2025;6
2025;10
2025;34
2025;66
2025;101
2025;295
2026;6
2026;10
2026;34
2026;52
2026;101
2026;201
2027;6
2027;10
2027;34
2027;47
2027;101
2027;208
2028;6
2028;10
2028;34
2028;40
2028;101
2028;187
2029;6
2029;10
2029;34
2029;43
2029;101
2029;192
2030;6
2030;10
2030;34
2030;56
2030;101
2030;275
2031;6
2031;11
2031;34
2031;51
2031;101
2031;246
2032;6
2032;10
2032;34
2032;50
2032;101
2032;246
2033;6
2033;10
2033;34
2033;50
2033;101
2033;208
2034;6
2034;10
2034;34
2034;66
2034;101
2034;274
2035;6
2035;10
2035;34
2035;41
2035;101
2035;230
2036;6
2036;10
2036;34
2036;51
2036;101
2036;274
2037;6
2037;10
2037;33
2037;52
2037;101
2037;230
2038;6
2038;10
2038;34
2038;49
2038;101
2038;192
2039;6
2039;10
2039;34
2039;49
2039;101
2039;187
2040;6
2040;10
2040;34
2040;52
2040;101
2040;246
2041;5
2041;10
2041;34
2041;55
2041;101
2041;178
2042;6
2042;10
2042;34
2042;56
2042;101
2042;230
2043;6
2043;10
2043;34
2043;66
2043;101
2043;230
2044;6
2044;10
2044;34
2044;66
2044;101
2044;230
2045;6
2045;10
2045;34
2045;65
2045;101
2045;230
2046;6
2046;10
2046;34
2046;66
2046;101
2046;246
2047;6
2047;10
2047;34
2047;56
2047;101
2047;184
2048;6
2048;10
2048;34
2048;49
2048;101
2048;230
2049;6
2049;10
2049;34
2049;49
2049;101
2049;178
2050;3
2050;10
2050;34
2050;51
2050;101
2050;176
2051;6
2051;10
2051;34
2051;52
2051;101
2051;246
2052;3
2052;10
2052;34
2052;66
2052;101
2052;230
2053;3
2053;10
2053;34
2053;48
2053;101
2053;230
2054;6
2054;10
2054;34
2054;66
2054;101
2054;218
2055;6
2055;10
2055;34
2055;43
2055;101
2055;230
2056;6
2056;10
2056;34
2056;51
2056;101
2056;218
2057;6
2057;10
2057;34
2057;50
2057;101
2057;218
2058;6
2058;10
2058;34
2058;49
2058;101
2058;172
2059;6
2059;10
2059;34
2059;42
2059;101
2059;274
2060;6
2060;10
2060;34
2060;45
2060;101
2060;274
2061;6
2061;10
2061;34
2061;49
2061;101
2061;218
2062;6
2062;10
2062;34
2062;52
2062;101
2062;274
2063;6
2063;10
2063;33
2063;49
2063;101
2063;275
2064;6
2064;10
2064;34
2064;66
2064;101
2064;295
2065;6
2065;10
2065;34
2065;40
2065;101
2065;274
2066;3
2066;10
2066;34
2066;49
2066;101
2066;230
2067;4
2067;10
2067;34
2067;41
2067;101
2067;230
2068;5
2068;10
2068;34
2068;66
2068;101
2068;230
2069;4
2069;10
2069;34
2069;66
2069;101
2069;246
2070;6
2070;10
2070;34
2070;66
2070;101
2070;230
2071;6
2071;10
2071;34
2071;50
2071;101
2071;230
2072;6
2072;10
2072;33
2072;41
2072;101
2072;230
2073;5
2073;11
2073;34
2073;54
2073;101
2073;275
