0;7
0;14
0;20
0;48
1;7
1;18
1;21
1;53
2;7
2;16
2;21
2;53
3;7
3;14
3;28
3;42
4;7
4;18
4;21
5;7
5;18
5;20
5;42
5;84
6;7
6;18
6;21
6;70
6;93
7;7
7;21
7;62
7;85
8;7
8;14
8;26
8;78
8;104
9;7
9;10
9;26
9;79
9;140
10;7
10;11
10;23
10;52
10;89
11;7
11;10
11;53
11;85
12;7
12;18
12;52
12;123
13;7
13;21
13;42
13;84
14;7
14;14
14;21
14;67
14;105
14;167
15;7
15;14
15;21
15;43
15;84
16;7
16;14
16;22
16;66
16;89
16;171
17;7
17;14
17;24
17;71
17;94
17;169
18;7
18;11
18;28
18;70
18;134
18;160
19;7
19;18
19;21
19;53
19;84
19;175
20;7
20;18
20;28
20;58
20;80
20;160
21;7
21;18
21;21
21;56
21;82
21;177
22;7
22;10
22;28
22;59
22;82
22;164
23;7
23;14
23;21
23;70
23;142
23;171
24;7
24;14
24;21
24;69
24;134
24;161
25;7
25;10
25;21
25;63
25;149
25;167
26;7
26;18
26;21
26;63
26;86
26;199
27;5
27;10
27;27
27;52
27;85
27;183
28;4
28;18
28;22
28;52
28;119
28;183
29;4
29;10
29;22
29;51
29;156
29;205
30;4
30;10
30;22
30;67
30;84
31;4
31;10
31;22
31;66
31;116
31;193
32;4
32;13
32;22
32;40
32;133
32;212
33;4
33;10
33;22
33;56
33;127
33;170
34;4
34;10
34;27
34;51
34;98
34;215
35;4
35;18
35;22
35;69
35;104
35;160
36;4
36;18
36;22
36;60
36;85
36;282
37;4
37;13
37;22
37;58
37;137
37;168
38;4
38;13
38;22
38;68
38;136
38;239
39;4
39;13
39;22
39;68
39;159
39;189
40;9
40;10
40;21
40;63
40;154
40;169
41;9
41;10
41;21
41;58
41;86
41;175
42;9
42;10
42;21
42;52
42;118
42;169
43;9
43;10
43;29
43;52
43;83
43;173
44;7
44;11
44;26
44;73
44;83
44;171
45;9
45;10
45;26
45;53
45;136
45;167
46;2
46;10
46;25
46;52
46;135
46;169
47;7
47;13
47;21
47;62
47;157
47;240
48;6
48;18
48;26
48;62
48;154
48;247
49;5
49;18
49;26
49;62
49;84
49;243
50;5
50;11
50;27
50;71
50;84
50;186
51;5
51;11
51;27
51;64
51;121
51;246
52;5
52;11
52;36
52;67
52;93
52;178
53;5
53;10
53;26
53;70
53;105
53;161
54;5
54;10
54;36
54;79
54;80
54;163
55;5
55;10
55;39
55;40
55;80
55;200
56;5
56;11
56;26
56;42
56;108
56;201
57;7
57;17
57;39
57;40
57;141
57;240
58;7
58;17
58;39
58;40
58;80
58;160
59;7
59;13
59;35
59;71
59;141
59;161
60;7
60;13
60;36
60;40
60;141
60;177
61;6
61;13
61;32
61;40
61;159
61;223
62;6
62;13
62;31
62;40
62;159
62;160
63;7
63;13
63;27
63;40
63;159
63;193
64;7
64;13
64;27
64;71
64;159
64;160
65;9
65;10
65;27
65;40
65;159
65;160
66;7
66;11
66;27
66;40
67;7
67;10
67;21
67;42
67;159
68;7
68;10
68;21
68;40
69;7
69;10
69;27
70;7
70;10
70;27
71;7
71;11
71;26
72;7
72;11
72;20
72;141
73;7
73;11
74;7
74;11
74;23
74;47
74;108
74;209
75;7
75;11
75;24
75;74
75;97
75;170
76;7
76;11
76;26
76;78
76;80
76;161
77;7
77;11
77;27
77;53
78;7
78;10
78;23
78;54
78;168
79;7
79;11
80;7
80;10
80;28
80;56
80;84
80;167
81;7
81;27
81;53
81;80
81;162
82;9
82;10
82;28
82;56
82;83
82;168
83;7
83;10
83;21
83;55
83;82
84;7
84;10
84;21
85;7
85;14
85;21
85;54
86;7
86;14
86;21
87;7
87;11
87;27
87;54
87;82
87;244
88;7
88;11
88;27
88;54
88;137
88;163
89;7
89;10
89;25
89;50
89;152
90;7
90;11
90;24
90;49
90;242
91;7
91;11
91;25
91;50
91;141
91;164
92;7
92;11
92;24
93;7
93;10
93;21
94;7
94;10
94;24
95;7
95;10
95;20
95;40
96;9
96;13
96;22
96;43
96;129
96;170
97;9
97;13
97;22
97;44
97;88
98;9
98;10
98;20
98;40
99;9
99;10
99;22
99;51
99;102
100;9
100;10
100;22
100;79
100;80
101;9
101;13
101;22
102;9
102;13
102;28
102;55
102;110
102;193
103;9
103;13
103;26
103;53
103;106
103;185
104;9
104;10
104;26
104;51
104;128
104;333
105;9
105;10
105;27
105;54
105;106
105;340
106;9
106;10
106;28
106;52
107;9
107;10
108;9
108;10
108;28
108;76
108;142
108;164
109;9
109;10
109;25
109;51
109;152
109;178
110;9
110;10
110;27
110;53
110;107
110;161
111;9
111;10
111;27
111;54
111;81
111;162
112;9
112;27
112;53
112;108
112;161
113;9
113;27
113;54
113;81
113;167
114;9
114;28
115;9
115;27
115;53
117;9
117;10
117;21
117;57
117;136
117;165
118;5
118;11
118;21
118;72
118;94
119;9
119;11
119;21
120;9
120;11
120;21
121;9
121;11
121;25
121;50
122;9
122;11
122;23
122;70
122;117
123;9
123;11
123;24
124;9
124;10
124;21
125;8
125;11
125;21
125;52
125;142
125;164
126;7
126;10
126;21
126;42
126;191
127;7
127;10
127;22
127;43
128;7
128;10
128;21
128;43
129;7
129;10
129;23
130;7
130;10
130;20
131;7
131;10
131;20
132;7
132;10
132;27
132;55
132;157
132;165
133;7
133;10
133;26
133;53
133;158
133;184
134;7
134;10
134;21
134;54
134;82
134;163
135;7
135;11
135;21
135;54
136;7
136;10
136;21
137;7
137;10
137;21
138;7
138;10
138;21
139;7
139;10
139;21
140;7
140;10
140;21
141;7
141;11
142;7
142;11
142;26
142;50
142;180
143;7
143;11
143;25
143;48
143;186
144;7
144;11
144;26
144;47
144;216
145;7
145;11
145;269
146;7
146;11
146;338
147;7
147;11
147;28
147;56
147;200
148;7
148;11
148;27
148;191
149;7
149;11
150;7
150;11
151;7
151;10
151;27
151;56
151;80
151;166
152;7
152;10
152;21
152;78
152;103
153;7
153;10
153;21
153;77
154;7
154;14
154;21
154;291
155;7
155;10
155;24
155;48
155;216
156;7
156;11
156;24
157;7
157;11
157;21
158;7
158;10
158;21
159;7
159;10
159;21
160;7
160;11
160;21
161;7
161;10
161;21
162;7
162;10
162;21
163;7
163;10
164;8
164;13
164;22
164;48
165;9
165;13
165;22
165;43
165;106
166;9
166;10
166;22
166;43
167;9
167;10
167;22
168;9
168;10
168;25
168;49
168;96
169;9
169;10
169;22
169;54
169;158
169;160
170;9
170;13
170;28
170;55
170;85
170;166
171;9
171;13
171;23
172;9
172;10
172;22
172;45
173;9
173;10
173;27
173;54
173;81
173;188
174;9
174;10
174;28
174;56
174;83
174;163
175;9
175;10
175;26
175;78
175;157
175;160
176;9
176;10
176;24
176;46
177;9
177;10
177;25
177;55
177;149
177;253
178;9
178;10
178;28
178;55
178;136
178;218
179;9
179;10
179;27
179;55
179;106
179;321
180;9
180;10
180;54
180;106
181;9
181;24
181;56
182;9
182;23
182;45
182;140
182;163
183;9
183;43
184;9
184;23
184;46
184;204
185;9
185;10
185;29
185;52
185;108
185;202
186;5
186;10
186;21
186;54
186;81
187;9
187;11
187;21
187;53
187;81
187;187
188;9
188;11
188;21
188;55
188;187
189;9
189;11
189;21
190;9
190;10
190;24
190;47
190;143
190;168
191;9
191;11
191;21
191;48
191;137
191;165
192;9
192;10
192;21
192;493
193;9
193;10
193;21
193;362
194;7
194;11
194;21
194;45
194;106
194;174
195;7
195;10
195;33
195;63
195;126
195;169
196;7
196;10
196;20
196;52
196;156
196;168
197;7
197;10
197;23
197;49
197;194
198;7
198;10
198;23
198;62
198;107
199;7
199;10
199;23
199;86
200;6
200;10
200;23
200;51
200;89
200;168
201;3
201;10
201;20
201;54
201;158
201;163
202;2
202;13
202;21
202;55
202;82
202;161
203;3
203;10
203;28
203;57
203;203
204;2
204;11
204;21
205;7
205;11
205;21
206;7
206;11
206;21
207;7
207;10
207;21
207;41
208;7
208;11
208;39
208;41
209;7
209;10
209;21
209;41
210;7
210;11
210;21
210;43
211;7
211;11
211;21
211;42
211;142
211;164
212;7
212;11
212;20
212;61
212;81
213;7
213;11
213;21
213;42
213;83
214;7
214;11
214;22
214;42
214;84
215;7
215;11
215;21
215;42
215;168
216;7
216;11
216;21
216;42
216;149
217;7
217;11
217;21
217;43
217;150
218;7
218;11
218;21
218;63
218;148
219;8
219;10
219;21
219;42
220;3
220;10
220;21
220;43
221;2
221;11
221;21
221;44
221;88
221;175
222;7
222;14
222;26
222;51
223;7
223;14
223;21
223;42
223;485
224;7
224;11
224;21
224;42
224;352
225;7
225;11
225;37
225;42
225;256
226;5
226;10
226;20
226;46
227;2
227;11
227;35
228;7
228;10
228;36
228;76
228;142
228;164
229;7
229;10
229;21
229;42
230;7
230;11
230;21
231;7
231;10
232;7
232;10
232;22
232;74
232;133
233;3
233;13
233;22
233;54
233;92
233;165
234;9
234;13
234;22
235;9
235;10
235;22
235;154
235;164
236;9
236;10
236;22
236;157
236;160
237;9
237;10
237;20
237;40
237;81
237;162
238;9
238;13
238;39
238;42
238;206
239;9
239;13
239;22
239;44
239;200
240;9
240;13
240;22
240;41
241;9
241;10
241;32
241;43
242;9
242;10
242;22
242;43
243;9
243;10
243;41
244;9
244;10
244;21
245;9
245;10
245;23
245;44
245;142
245;164
246;9
246;10
246;22
246;43
246;86
246;171
247;9
247;10
247;21
247;64
247;86
247;172
248;9
248;10
248;21
248;64
248;170
249;9
249;22
249;64
249;150
249;172
250;9
250;24
250;43
251;9
251;43
252;9
252;21
252;42
253;9
253;42
254;5
254;10
254;21
254;45
255;2
255;11
255;21
255;72
256;2
256;11
256;21
256;51
257;2
257;11
257;21
257;325
258;2
258;11
258;21
258;334
259;9
259;11
259;39
259;46
259;315
260;9
260;10
260;37
260;49
261;9
261;10
261;36
262;8
262;11
262;21
262;40
262;89
263;3
263;10
263;23
264;2
264;10
264;20
265;7
265;10
265;20
266;7
266;10
266;23
267;7
267;10
267;39
267;40
268;7
268;10
268;36
269;7
269;10
269;36
270;7
270;10
270;20
271;5
271;15
271;21
271;59
271;100
272;2
272;10
272;39
272;41
272;83
273;7
273;10
273;22
273;45
273;91
274;7
274;11
274;21
274;43
275;7
275;10
275;39
275;44
275;152
276;7
276;10
276;20
276;65
276;86
277;7
277;10
277;22
277;66
277;111
278;7
278;11
278;21
278;66
278;132
279;7
279;11
279;21
279;66
279;81
280;7
280;11
280;21
280;72
280;92
280;162
281;7
281;11
281;25
281;50
282;7
282;11
282;39
282;42
283;7
283;11
284;7
284;10
284;24
284;65
285;7
285;19
285;37
286;7
286;19
286;37
286;55
287;7
287;18
287;36
287;54
288;7
288;10
288;20
288;63
288;89
289;3
289;10
289;21
289;40
290;2
290;10
290;21
291;7
291;14
291;21
292;7
292;11
292;21
293;7
293;11
293;21
294;7
294;10
294;21
294;40
295;3
295;10
295;21
296;2
296;11
296;21
297;7
297;11
297;21
297;71
298;7
298;10
298;21
299;7
299;10
299;25
300;7
300;10
300;37
300;55
300;91
300;165
301;5
301;10
301;22
301;40
301;114
302;2
302;13
302;22
303;9
303;10
303;22
304;9
304;10
304;22
304;56
305;9
305;10
305;23
305;344
306;9
306;10
306;22
306;44
307;9
307;13
307;23
307;67
307;89
308;9
308;13
309;9
309;13
309;20
309;40
310;9
310;10
310;37
310;40
311;9
311;10
311;36
312;9
312;10
313;9
313;10
313;340
314;9
314;10
314;21
314;64
314;84
314;165
315;9
315;10
315;21
315;65
315;84
315;161
316;9
316;10
316;25
316;49
316;89
317;9
317;10
317;23
318;9
318;23
319;9
319;37
319;64
319;86
319;507
320;9
320;19
320;20
320;40
321;9
321;19
321;37
321;40
322;8
322;10
322;21
322;63
322;107
323;3
323;12
323;36
323;54
323;82
324;2
324;19
324;20
324;167
325;2
325;36
325;140
326;2
326;46
327;1
327;17
327;35
327;68
327;85
327;167
328;73
328;86
328;167
329;70
329;81
329;168
330;36
330;65
330;80
331;18
331;38
331;61
331;106
331;168
332;57
332;82
332;161
333;68
333;142
333;168
334;65
334;88
335;53
335;107
336;57
336;85
337;8
337;10
337;21
337;63
337;86
337;181
338;3
338;12
338;23
338;72
339;2
339;11
339;26
339;64
339;153
339;181
340;4
340;11
340;21
340;42
341;2
341;11
341;21
341;49
341;153
341;163
342;7
342;11
342;21
343;7
343;10
343;21
343;314
344;7
344;10
344;28
344;53
344;155
344;166
345;7
345;10
345;23
345;67
345;89
345;177
346;7
346;10
346;26
346;52
346;158
346;160
347;7
347;11
347;27
347;52
347;328
348;7
348;14
348;21
348;54
348;158
348;165
349;7
349;11
349;21
349;55
349;135
349;162
350;7
350;18
350;31
350;79
350;133
350;186
351;7
351;11
351;20
351;42
351;80
351;161
352;7
352;10
352;28
352;50
353;7
353;10
353;24
353;42
353;460
354;8
354;11
354;21
354;41
355;3
355;12
355;24
355;48
355;144
355;167
356;2
356;19
356;25
356;48
357;4
357;10
357;21
357;43
357;149
357;171
358;2
358;14
358;21
358;41
358;104
358;166
359;7
359;14
359;21
359;42
359;84
359;168
360;7
360;14
360;21
360;71
360;94
360;168
361;7
361;11
361;21
361;42
361;84
361;167
362;7
362;11
362;21
362;42
362;146
362;251
363;6
363;10
363;21
363;40
363;143
363;172
364;3
364;10
364;21
364;42
364;145
364;211
365;7
365;14
365;21
365;44
365;159
365;164
366;7
366;10
366;21
366;41
366;144
366;227
367;7
367;10
367;22
367;48
367;140
367;165
368;7
368;10
368;21
368;46
368;142
368;214
369;7
369;10
369;36
369;42
369;80
369;169
370;9
370;18
370;27
370;54
370;82
370;160
371;9
371;13
371;35
371;53
371;159
371;160
372;9
372;10
372;35
372;53
372;142
372;178
373;9
373;10
373;20
373;54
373;106
373;178
374;9
374;10
374;21
374;71
374;80
374;178
375;9
375;13
375;20
375;53
375;80
375;160
376;9
376;13
376;27
376;53
376;80
376;160
377;9
377;13
377;26
377;54
377;106
378;9
378;18
378;22
378;44
378;115
379;9
379;10
379;24
379;48
379;96
379;168
380;9
380;10
380;24
380;49
380;145
380;170
381;9
381;10
381;27
381;54
381;108
382;9
382;16
382;25
382;54
382;110
382;164
383;9
383;13
383;27
383;54
383;107
383;323
384;9
384;13
384;26
384;51
384;104
384;338
385;9
385;18
385;25
385;49
385;148
385;174
386;9
386;10
386;25
386;49
386;148
386;222
387;9
387;24
387;48
387;119
387;192
388;9
388;24
388;48
388;152
388;166
389;9
389;18
389;26
389;52
389;166
390;9
390;17
390;21
390;55
391;5
391;10
391;21
391;47
391;157
391;164
392;2
392;11
392;32
392;48
392;119
393;6
393;10
393;20
393;47
393;117
393;210
394;3
394;10
394;22
394;43
394;152
394;172
395;2
395;11
395;21
395;43
395;153
395;171
396;9
396;11
396;22
396;43
396;88
396;176
397;9
397;10
397;21
397;72
397;144
397;176
398;9
398;10
398;21
398;75
398;213
399;9
399;11
399;26
399;76
399;156
399;162
400;4
400;13
400;20
400;45
400;127
401;2
401;10
401;20
401;42
401;150
402;7
402;10
402;20
402;51
402;127
402;167
403;7
403;10
403;21
403;51
403;95
403;164
404;7
404;10
404;26
404;51
404;155
404;180
405;7
405;10
405;27
405;53
405;158
405;185
406;6
406;10
406;21
406;53
406;80
406;161
407;2
407;10
407;28
407;53
408;8
408;13
408;23
408;53
408;80
408;464
409;7
409;11
409;21
409;79
409;80
410;7
410;11
410;21
410;53
410;80
410;160
411;7
411;10
411;26
411;53
411;127
412;7
412;10
412;31
412;44
412;159
412;161
413;7
413;10
413;27
413;75
413;134
413;160
414;7
414;11
414;36
414;41
414;145
414;165
415;7
415;11
415;21
415;42
415;148
415;168
416;7
416;10
416;22
416;47
416;152
416;164
417;7
417;13
417;21
417;47
417;119
417;190
418;7
418;11
418;21
418;42
418;151
418;163
419;7
419;18
419;27
419;53
419;121
419;188
420;7
420;10
420;26
420;53
420;104
420;343
421;7
421;10
421;27
421;54
421;81
421;349
422;7
422;11
422;27
422;54
422;81
422;271
423;7
423;18
423;22
423;53
423;106
423;161
424;7
424;17
424;31
424;71
424;142
425;8
425;10
425;22
425;40
425;143
425;165
426;3
426;10
426;21
426;53
426;159
426;160
427;2
427;14
427;21
427;51
427;158
427;160
428;7
428;14
428;25
428;48
428;106
428;213
429;7
429;14
429;24
429;71
429;140
429;182
430;7
430;11
430;25
430;71
430;107
430;251
431;7
431;11
431;21
431;70
431;108
431;467
432;4
432;10
432;21
432;42
432;143
432;178
433;7
433;11
433;21
433;48
433;122
433;193
434;7
434;14
434;23
434;43
434;143
434;212
435;7
435;11
435;26
435;40
435;106
435;215
436;7
436;11
436;27
436;43
436;107
437;7
437;10
437;35
437;107
438;6
438;10
438;39
438;41
438;80
438;165
439;9
439;13
439;26
439;41
439;347
440;9
440;10
440;22
440;44
440;157
440;182
441;9
441;10
441;22
441;44
441;85
442;9
442;10
442;24
442;50
442;80
443;9
443;10
443;38
443;51
443;129
443;204
444;9
444;13
444;22
444;51
444;381
445;9
445;10
445;27
445;50
445;97
445;330
446;9
446;13
446;24
446;54
446;95
447;9
447;18
447;21
447;54
447;136
447;217
448;9
448;10
448;27
448;54
448;133
448;213
449;9
449;10
449;26
449;53
449;159
449;351
450;9
450;10
450;158
450;344
451;9
451;14
451;24
451;42
451;84
451;367
452;9
452;13
452;21
452;53
452;159
452;185
453;9
453;18
453;29
453;53
453;80
453;188
454;9
454;18
454;26
454;43
455;9
455;14
455;27
455;54
455;135
455;216
456;9
456;13
456;27
456;54
456;134
456;215
457;8
457;14
457;27
457;55
457;135
457;214
458;3
458;12
458;26
458;41
458;338
459;2
459;10
459;21
459;69
459;331
460;4
460;10
460;31
460;63
460;84
460;333
461;2
461;11
461;32
461;54
461;84
461;188
462;2
462;11
462;21
462;63
462;83
463;2
463;11
463;21
463;43
463;86
464;2
464;11
464;26
464;67
464;88
464;454
465;9
465;10
465;24
465;69
465;146
465;170
466;9
466;11
466;24
466;49
466;142
466;166
467;9
467;10
467;24
467;48
467;141
467;167
468;5
468;11
468;24
468;47
468;157
468;189
469;7
469;10
469;20
469;46
469;80
469;207
470;7
470;13
470;21
470;45
470;80
470;203
471;3
471;10
471;21
471;43
471;213
472;2
472;10
472;21
472;40
473;3
473;10
473;27
473;40
474;2
474;10
474;27
474;61
475;4
475;10
475;20
475;40
476;2
476;10
476;27
477;5
477;10
477;21
477;42
477;105
478;4
478;14
478;28
478;42
479;7
479;11
479;21
479;72
479;168
480;4
480;10
480;21
480;42
481;7
481;14
481;35
481;43
481;134
481;160
482;7
482;14
482;28
482;43
483;7
483;14
483;21
483;42
483;249
484;7
484;14
484;21
484;42
485;7
485;14
485;21
485;43
486;7
486;14
486;28
486;57
487;7
487;14
487;35
487;42
488;7
488;14
488;28
488;56
489;7
489;14
489;28
489;49
490;7
490;14
490;21
490;49
491;4
491;14
491;35
491;64
492;7
492;14
492;28
492;56
493;4
493;14
493;28
493;49
494;7
494;14
494;21
494;49
495;7
495;14
495;35
495;50
495;85
496;7
496;14
496;28
496;42
496;141
496;168
497;7
497;14
497;21
497;49
498;7
498;21
498;42
498;134
498;160
499;7
499;14
499;28
499;53
500;7
500;14
500;28
500;42
500;85
500;189
501;7
501;14
501;28
501;63
502;7
502;14
502;31
502;41
503;7
503;21
503;42
504;7
504;14
504;28
504;42
504;167
505;7
505;14
505;28
505;43
505;151
505;170
506;7
506;14
506;21
507;5
507;18
507;35
507;52
507;159
507;160
508;5
508;13
508;22
509;5
509;10
509;20
509;43
509;249
510;4
510;12
511;5
511;10
511;22
511;62
511;107
512;4
512;10
512;22
512;42
513;4
513;11
513;26
513;52
513;80
513;193
514;5
514;19
514;20
514;42
515;4
515;18
515;23
515;46
515;92
515;187
516;4
516;18
516;21
516;42
516;132
517;4
517;10
517;25
517;46
517;201
518;4
518;10
518;23
518;71
519;4
519;10
519;30
520;4
520;10
520;26
520;53
520;156
520;182
521;4
521;18
521;26
521;78
521;130
521;261
522;4
522;13
522;35
522;75
522;151
522;175
523;4
523;13
523;24
523;49
523;146
524;6
524;10
524;21
524;48
524;143
524;160
525;4
525;11
525;24
525;47
525;119
526;6
526;10
526;21
526;48
526;136
526;249
527;4
527;10
527;22
527;40
528;4
528;14
528;26
528;40
528;107
529;5
529;11
529;26
529;48
529;94
529;169
530;5
530;11
530;24
530;48
530;96
530;194
531;5
531;11
531;21
531;43
531;86
532;5
532;11
532;21
532;43
532;107
533;5
533;11
533;26
533;43
533;132
534;5
534;10
534;21
534;42
534;85
534;168
535;5
535;11
535;20
535;42
535;81
536;5
536;11
536;27
536;43
537;5
537;11
537;26
537;41
537;100
538;5
538;11
538;26
538;42
538;105
539;5
539;11
539;27
539;44
539;110
539;168
540;5
540;11
540;27
540;48
540;83
541;5
541;11
541;37
541;40
541;120
541;160
542;5
542;11
542;22
542;52
542;150
543;5
543;11
543;20
543;43
543;149
543;249
544;5
544;11
544;24
544;51
544;125
544;177
545;6
545;11
545;21
545;79
545;80
545;211
546;7
546;14
546;35
546;79
546;80
546;187
547;7
547;10
547;28
547;53
547;80
547;160
548;7
548;10
548;28
548;57
548;86
548;161
549;4
549;10
549;28
549;60
549;90
550;7
550;14
550;35
550;42
550;132
550;160
551;7
551;14
551;28
551;49
552;7
552;10
552;28
552;56
552;131
552;249
553;7
553;14
553;21
553;60
554;7
554;28
554;71
554;95
554;160
555;7
555;14
555;23
555;70
555;93
555;187
556;7
556;14
556;21
556;76
556;124
556;169
557;7
557;14
557;21
557;78
557;104
557;182
558;8
558;14
558;22
558;53
558;140
558;160
559;4
559;14
559;21
559;52
559;139
560;7
560;15
560;22
560;42
560;81
560;161
561;7
561;10
561;21
561;42
561;158
562;4
562;14
562;21
562;43
562;84
563;7
563;14
563;28
563;43
563;167
564;7
564;14
564;28
564;42
565;7
565;14
565;28
565;49
565;126
565;168
566;7
566;14
566;21
566;42
566;84
566;170
567;7
567;14
567;28
567;43
567;159
567;172
568;7
568;14
568;35
568;42
568;92
568;268
569;7
569;14
569;35
569;41
569;84
569;249
570;7
570;14
570;21
570;42
570;83
570;214
571;7
571;14
571;21
571;50
571;86
571;163
572;7
572;14
572;36
572;70
572;85
572;186
573;7
573;14
573;35
573;63
573;136
573;168
574;7
574;14
574;28
574;62
574;86
574;167
575;7
575;13
575;27
575;52
575;85
575;161
576;5
576;18
576;36
576;52
576;85
576;182
577;4
577;13
577;22
577;54
577;145
577;189
578;5
578;13
578;35
578;53
578;126
578;280
579;4
579;13
579;35
579;53
579;85
580;4
580;10
580;35
580;53
580;146
581;3
581;10
581;35
581;62
581;133
581;167
582;5
582;10
582;21
582;55
582;126
582;169
583;4
583;12
583;32
583;57
583;97
583;171
584;5
584;10
584;35
584;53
584;88
584;164
585;4
585;10
585;21
585;69
585;85
585;163
586;4
586;12
586;25
586;49
586;136
586;169
587;4
587;13
587;26
587;53
587;157
587;214
588;4
588;13
588;27
588;53
588;159
588;160
589;4
589;13
589;27
589;53
589;80
589;186
590;4
590;18
590;25
590;51
590;130
590;179
591;4
591;10
591;24
591;47
591;84
591;165
592;5
592;10
592;20
592;47
592;84
592;173
593;3
593;14
593;21
593;71
593;95
593;163
594;2
594;12
594;23
594;47
594;144
594;167
595;4
595;10
595;35
595;49
595;156
595;164
596;2
596;13
596;35
596;62
596;157
596;241
597;2
597;10
597;23
597;71
597;83
597;171
598;2
598;12
598;23
598;46
598;80
598;164
599;3
599;10
599;35
599;62
599;92
599;186
600;3
600;24
600;60
600;134
600;267
601;2
601;12
601;36
601;63
601;148
601;168
602;2
602;10
602;21
602;41
602;84
602;167
603;3
603;14
603;25
603;41
603;97
603;169
604;6
604;13
604;24
604;77
604;92
604;168
605;7
605;10
605;21
605;53
605;122
605;196
606;3
606;10
606;23
606;79
606;129
606;170
607;2
607;19
607;20
607;56
607;141
607;166
608;3
608;13
608;37
608;56
608;138
608;187
609;2
609;17
609;25
609;70
609;147
609;166
610;4
610;13
610;26
610;72
610;105
610;171
611;2
611;13
611;25
611;72
611;107
611;171
612;5
612;13
612;25
612;72
612;107
612;179
613;2
613;13
613;25
613;69
613;144
613;168
614;6
614;12
614;21
614;72
614;102
614;179
615;7
615;10
615;28
615;71
615;108
615;168
616;7
616;14
616;21
616;71
616;108
616;169
617;7
617;14
617;28
617;47
617;143
617;194
618;7
618;14
618;28
618;53
618;155
618;161
619;7
619;14
619;28
619;53
619;132
619;167
620;7
620;14
620;21
620;52
620;131
620;175
621;7
621;14
621;28
621;42
621;89
621;249
622;7
622;11
622;21
622;53
622;89
622;176
623;7
623;13
623;21
623;65
623;97
623;162
624;7
624;14
624;34
624;68
624;102
624;170
625;7
625;18
625;35
625;70
625;139
625;174
626;7
626;14
626;35
626;70
626;139
626;175
627;7
627;14
627;21
627;75
627;141
627;160
628;7
628;14
628;21
628;70
628;105
628;167
629;7
629;10
629;33
629;65
629;130
629;163
630;7
630;10
630;31
630;60
630;155
630;173
631;8
631;10
631;21
631;78
631;80
631;170
632;7
632;18
632;21
632;71
632;107
632;177
633;7
633;11
633;35
633;69
633;140
633;175
634;7
634;10
634;28
634;63
634;125
634;175
635;7
635;14
635;21
635;64
635;95
635;166
636;7
636;14
636;32
636;53
636;96
636;193
637;7
637;15
637;31
637;62
637;158
637;162
638;3
638;14
638;28
638;49
638;152
638;193
639;7
639;18
639;28
639;165
640;7
640;13
640;33
640;65
640;142
640;164
641;7
641;14
641;32
641;64
641;141
641;193
642;7
642;14
642;29
642;58
642;154
642;201
643;7
643;14
643;28
643;41
643;83
643;189
644;6
644;10
644;23
644;53
644;126
644;170
645;5
645;10
645;26
645;54
645;130
645;209
646;4
646;18
646;27
646;53
646;108
646;160
647;4
647;18
647;22
647;54
647;138
647;166
648;4
648;18
648;32
648;52
648;159
648;160
649;4
649;18
649;34
649;68
649;84
649;170
650;4
650;18
650;22
650;70
650;104
650;173
651;4
651;13
651;22
651;71
651;107
651;179
652;4
652;10
652;32
652;66
652;159
652;162
653;4
653;10
653;22
653;67
653;132
653;173
654;4
654;10
654;27
654;71
654;115
654;170
655;4
655;18
655;36
655;67
655;144
655;163
656;4
656;18
656;32
656;65
656;129
656;161
657;4
657;13
657;32
657;64
657;129
657;191
658;4
658;18
658;29
658;64
658;129
658;172
659;4
659;18
659;28
659;55
659;141
659;196
660;4
660;18
660;27
660;54
660;135
660;217
661;9
661;17
661;21
661;54
661;80
661;187
662;4
662;18
662;21
662;53
662;80
662;160
663;9
663;10
663;27
663;54
663;140
663;166
664;9
664;18
664;27
664;72
664;219
665;9
665;10
665;20
665;65
665;159
665;160
666;3
666;11
666;34
666;69
666;103
666;171
667;5
667;11
667;20
667;71
667;142
667;177
668;5
668;11
668;27
668;72
668;144
668;180
669;5
669;11
669;27
669;42
669;141
670;5
670;11
670;32
670;66
670;132
670;177
671;5
671;11
671;32
671;72
671;127
671;253
672;5
672;13
672;33
672;40
672;127
672;163
673;5
673;11
673;21
673;42
673;128
673;193
674;7
674;14
674;39
674;40
674;138
674;191
675;7
675;13
675;39
675;40
675;159
675;160
676;7
676;13
676;36
676;40
676;126
676;177
677;7
677;13
677;36
677;51
677;127
677;204
678;7
678;14
678;25
678;53
678;142
678;187
679;7
679;13
679;32
679;54
679;121
679;188
680;6
680;13
680;31
680;54
680;122
680;189
681;3
681;13
681;27
681;53
681;159
681;186
682;7
682;13
682;27
682;71
682;159
682;490
683;4
683;14
683;24
683;72
683;143
683;167
684;7
684;14
684;28
684;72
684;93
684;167
685;7
685;18
685;28
685;47
685;159
685;168
686;7
686;18
686;21
686;46
687;7
687;18
687;26
687;53
687;159
687;160
688;7
688;17
688;26
688;52
688;144
688;257
689;7
689;14
689;26
689;52
689;154
689;161
690;7
690;14
690;28
690;52
690;154
691;7
691;15
691;21
691;51
691;156
691;160
692;7
692;14
692;25
692;52
692;93
692;183
693;7
693;14
693;24
693;52
693;157
693;176
694;7
694;14
694;26
694;78
694;80
694;182
695;7
695;14
695;22
695;78
695;141
695;180
696;7
696;14
696;21
696;75
696;140
696;160
697;7
697;14
697;24
697;72
697;146
697;168
698;3
698;14
698;24
698;76
698;145
698;167
699;7
699;14
699;37
699;78
699;80
699;176
700;4
700;15
700;25
700;76
700;148
700;161
701;7
701;14
701;24
701;72
701;96
701;174
702;7
702;14
702;37
702;47
702;95
702;171
703;7
703;14
703;28
703;47
703;96
704;7
704;14
704;28
704;53
704;134
704;160
705;7
705;14
705;28
705;53
706;7
706;10
706;21
706;40
706;118
706;161
707;3
707;14
707;21
707;89
707;177
708;7
708;16
708;28
708;57
708;105
708;210
709;7
709;14
709;23
709;70
709;150
709;196
710;7
710;14
710;23
710;68
710;141
710;190
711;7
711;18
711;21
711;63
711;84
711;166
712;7
712;14
712;20
712;62
712;83
712;165
713;3
713;10
713;22
713;43
713;142
713;164
714;4
714;18
714;21
714;44
714;142
714;178
715;4
715;18
715;22
715;124
715;205
716;4
716;18
716;22
716;40
716;141
716;391
717;4
717;18
717;22
717;53
717;157
717;161
718;4
718;18
718;24
718;47
718;146
718;164
719;4
719;18
719;25
719;76
719;100
719;170
720;4
720;18
720;26
720;52
720;104
720;169
721;4
721;18
721;22
721;53
721;132
721;167
722;4
722;18
722;36
722;52
722;136
722;161
723;4
723;18
723;26
723;54
723;81
723;162
724;4
724;18
724;26
724;77
724;80
724;160
725;4
725;17
725;38
725;79
725;80
725;164
726;4
726;18
726;26
726;53
726;158
726;195
727;4
727;18
727;27
727;54
727;142
727;163
728;9
728;18
728;26
728;52
728;141
728;170
729;9
729;18
729;25
729;75
729;122
729;168
730;9
730;18
730;21
730;63
730;115
730;166
731;9
731;18
731;24
731;72
731;141
731;166
732;9
732;10
732;24
732;73
732;97
732;168
733;9
733;18
733;26
733;76
733;80
733;160
734;5
734;11
734;21
734;79
734;80
734;168
735;5
735;10
735;21
735;77
735;104
736;5
736;10
736;21
736;76
736;102
736;168
737;5
737;10
737;21
737;71
737;93
737;169
738;5
738;10
738;21
738;69
738;117
738;161
739;5
739;11
739;21
739;42
739;131
739;160
740;5
740;11
740;21
740;48
740;131
740;161
741;5
741;10
741;21
741;79
741;143
741;292
742;5
742;11
742;24
742;41
742;108
742;165
743;7
743;14
743;38
743;40
743;126
743;165
744;2
744;17
744;20
744;70
744;103
744;162
745;6
745;13
745;23
745;70
745;103
745;164
746;7
746;17
746;26
746;64
746;115
746;179
747;7
747;13
747;20
747;69
747;104
747;165
748;7
748;13
748;25
748;71
748;107
748;178
749;5
749;13
749;26
749;53
749;142
749;175
750;7
750;13
750;20
750;72
750;142
750;166
751;3
751;15
751;21
751;72
751;106
751;175
752;7
752;14
752;35
752;66
752;142
752;166
753;7
753;14
753;28
753;49
753;142
753;175
754;7
754;14
754;25
754;47
754;117
754;194
755;7
755;14
755;28
755;51
755;155
755;191
756;7
756;14
756;28
756;53
756;132
756;168
757;7
757;14
757;26
757;53
757;80
757;184
758;7
758;14
758;24
758;48
758;131
758;249
759;7
759;18
759;21
759;113
759;180
760;7
760;13
760;24
760;77
760;159
760;179
761;7
761;14
761;24
761;67
761;100
761;166
762;7
762;14
762;36
762;71
762;142
762;178
763;7
763;14
763;35
763;70
763;106
763;177
764;7
764;19
764;21
764;69
764;95
764;175
765;7
765;14
765;21
765;71
765;145
765;178
766;7
766;10
766;32
766;63
766;159
766;160
767;7
767;10
767;30
767;71
767;143
767;179
768;6
768;14
768;20
768;72
768;106
768;175
769;3
769;18
769;36
769;72
769;143
769;214
770;7
770;14
770;28
770;70
770;140
770;175
771;7
771;17
771;28
771;63
771;141
771;192
772;7
772;18
772;32
772;65
772;129
772;162
773;7
773;11
773;28
773;65
773;159
773;160
774;7
774;18
774;31
774;63
774;159
774;161
775;5
775;12
775;28
775;45
775;128
775;171
776;7
776;18
776;28
776;65
776;128
776;177
777;7
777;13
777;32
777;47
777;141
777;196
778;7
778;15
778;31
778;70
778;92
778;347
779;7
779;14
779;27
779;42
779;83
779;168
780;7
780;14
780;21
780;62
780;83
781;6
781;10
781;23
781;56
781;113
781;171
782;5
782;10
782;26
782;53
782;125
782;178
783;4
783;18
783;27
783;53
783;80
783;194
784;4
784;18
784;27
784;54
784;108
784;219
785;4
785;18
785;35
785;52
785;159
785;163
786;4
786;18
786;35
786;69
786;105
786;341
787;4
787;18
787;36
787;72
787;109
787;361
788;4
788;10
788;37
788;53
788;106
789;4
789;10
789;30
789;61
789;90
790;4
790;10
790;33
790;65
790;131
790;326
791;4
791;10
791;33
791;65
791;98
791;163
792;4
792;10
792;37
792;66
792;116
792;225
793;4
793;18
793;34
793;67
793;114
793;165
794;9
794;14
794;32
794;65
794;159
794;160
795;4
795;18
795;32
795;63
795;158
795;190
796;4
796;18
796;32
796;63
796;94
796;221
797;9
797;18
797;29
797;59
797;85
797;212
798;9
798;19
798;22
798;44
798;82
798;167
799;9
799;10
799;21
799;63
799;127
799;177
800;8
800;10
800;35
800;71
800;89
800;313
801;9
801;10
801;35
801;71
801;278
802;9
802;18
802;22
802;71
802;84
802;177
803;4
803;18
803;21
803;79
803;132
803;238
804;5
804;19
804;21
804;76
804;103
804;206
805;5
805;11
805;27
805;56
805;84
805;196
806;5
806;11
806;27
806;79
806;80
806;160
807;5
807;10
807;35
807;55
807;136
807;164
808;5
808;11
808;21
808;78
808;130
808;162
809;5
809;11
809;25
809;40
809;159
809;240
810;5
810;11
810;24
810;48
810;80
810;202
811;7
811;10
811;21
811;43
811;119
811;200
812;7
812;13
812;38
812;40
812;80
812;240
813;2
813;19
813;20
813;40
813;80
813;177
814;7
814;13
814;36
814;40
814;137
814;178
815;7
815;14
815;36
815;40
815;141
815;181
816;7
816;14
816;32
816;42
816;159
816;191
817;7
817;16
817;31
817;54
817;159
817;192
818;4
818;15
818;27
818;71
818;159
818;308
819;7
819;13
819;27
819;40
819;159
819;506
820;4
820;15
820;28
820;72
820;142
820;166
821;7
821;14
821;28
821;72
821;93
821;168
822;7
822;14
822;22
822;73
822;97
822;168
823;7
823;14
823;28
823;63
823;118
824;7
824;14
824;27
824;53
824;134
824;160
825;7
825;14
825;28
825;51
825;154
825;257
826;7
826;14
826;25
826;52
826;129
826;161
827;7
827;14
827;28
827;51
827;154
827;178
828;7
828;15
828;21
828;51
828;159
828;160
829;7
829;14
829;26
829;52
829;93
829;183
830;7
830;14
830;25
830;77
830;157
830;179
831;7
831;14
831;26
831;78
831;80
831;168
832;7
832;13
832;26
832;78
832;141
833;7
833;14
833;21
833;50
833;142
833;206
834;7
834;14
834;24
834;73
834;145
834;171
835;4
835;10
835;24
835;75
835;144
835;210
836;7
836;14
836;24
836;75
836;80
836;160
837;5
837;14
837;28
837;77
837;125
837;174
838;7
838;14
838;24
838;72
838;96
839;7
839;14
839;22
839;70
839;80
839;171
840;7
840;14
840;25
840;48
840;96
841;7
841;14
841;21
841;49
841;134
841;161
842;7
842;14
842;28
842;53
843;7
843;14
843;21
843;42
843;105
843;161
844;7
844;12
844;28
844;89
844;177
845;7
845;15
845;21
845;63
845;105
845;168
846;7
846;14
846;28
846;69
846;142
846;173
847;7
847;14
847;25
847;69
847;141
847;169
848;7
848;14
848;28
848;42
848;140
848;166
849;7
849;14
849;21
849;41
849;83
849;166
850;5
850;12
850;20
850;44
850;125
850;171
851;4
851;10
851;21
851;44
851;142
852;4
852;10
852;21
852;43
852;124
852;205
853;4
853;10
853;22
853;71
853;141
853;182
854;4
854;10
854;22
854;44
854;159
854;161
855;4
855;10
855;24
855;49
855;147
855;161
856;4
856;10
856;25
856;70
856;144
856;169
857;4
857;17
857;26
857;52
857;103
858;4
858;10
858;26
858;52
858;135
858;167
859;4
859;10
859;22
859;52
859;132
859;164
860;4
860;10
860;25
860;76
860;80
860;162
861;4
861;18
861;26
861;78
861;157
861;199
862;4
862;18
862;27
862;78
862;80
862;161
863;4
863;13
863;26
863;52
863;80
863;162
864;9
864;18
864;26
864;54
864;142
864;162
865;9
865;18
865;26
865;78
865;140
865;171
866;4
866;18
866;36
866;53
866;121
866;168
867;4
867;18
867;21
867;73
867;121
867;166
868;4
868;18
868;21
868;71
868;148
868;172
869;9
869;10
869;24
869;71
869;96
869;192
870;9
870;18
870;25
870;79
870;80
870;160
871;6
871;10
871;22
871;79
871;105
871;161
872;5
872;11
872;21
872;77
872;104
873;5
873;11
873;21
873;76
873;101
873;168
874;5
874;11
874;21
874;71
874;94
875;5
875;11
875;21
875;70
875;94
875;161
876;5
876;10
876;21
876;42
876;132
877;5
877;11
877;21
877;50
877;133
877;161
878;5
878;11
878;21
878;42
878;131
878;250
879;5
879;11
879;21
879;53
879;108
879;165
880;4
880;11
880;21
880;40
880;126
880;166
881;2
881;10
881;26
881;72
881;141
881;161
882;2
882;13
882;25
882;78
882;135
882;160
883;2
883;11
883;26
883;43
883;122
883;179
884;2
884;13
884;25
884;76
884;111
884;161
885;5
885;11
885;26
885;78
885;103
885;176
886;6
886;10
886;23
886;40
886;94
886;200
887;3
887;13
887;21
887;56
887;93
887;308
888;2
888;11
888;26
888;43
888;83
888;179
889;0
889;14
889;35
889;42
889;115
889;195
890;7
890;14
890;28
890;49
890;84
890;171
891;7
891;14
891;28
891;42
891;90
892;7
892;14
892;28
892;50
893;7
893;14
893;35
893;42
893;92
894;7
894;14
894;35
894;56
894;84
895;7
895;14
895;28
895;49
895;91
896;7
896;14
896;28
896;42
896;85
897;7
897;14
897;28
897;56
897;107
897;160
898;7
898;14
898;28
898;42
899;9
899;14
899;28
899;42
899;121
899;167
900;14
900;28
900;42
901;9
901;14
901;22
901;42
902;14
902;21
902;42
902;94
903;9
903;10
903;35
903;42
903;85
903;168
904;9
904;10
904;21
904;42
905;9
905;10
905;28
905;47
906;9
906;14
906;36
906;42
907;14
907;35
907;42
907;85
908;14
908;28
908;47
908;84
909;28
909;47
909;95
910;36
910;42
910;85
911;28
911;42
912;35
912;42
913;28
913;42
914;35
914;42
915;14
915;36
915;43
916;14
916;35
916;47
917;14
917;35
917;42
918;28
918;47
919;14
919;36
919;47
920;7
920;14
920;28
920;47
921;7
921;14
921;28
921;47
922;14
922;28
922;48
923;9
923;10
923;27
923;42
924;9
924;10
924;27
924;42
925;9
925;13
925;36
926;9
926;13
926;35
926;47
927;9
927;10
927;28
927;47
928;9
928;13
928;27
928;42
929;9
929;13
929;27
930;9
930;13
930;35
931;9
931;13
931;22
931;47
932;9
932;13
932;22
932;40
933;9
933;13
933;31
933;49
934;9
934;13
934;31
934;40
935;9
935;13
935;23
935;40
936;9
936;13
936;21
936;40
936;118
937;9
937;13
937;31
937;49
937;118
938;9
938;10
938;31
938;40
939;9
939;13
939;31
939;40
940;9
940;10
940;26
940;47
941;8
941;18
941;21
941;48
942;11
942;27
942;135
942;189
943;9
943;18
943;27
943;54
943;80
944;9
944;11
944;36
944;40
944;107
944;177
945;11
945;21
945;63
946;7
946;14
946;27
946;40
946;159
946;241
947;11
947;39
947;41
947;80
947;201
948;9
948;11
948;26
948;42
948;121
948;201
949;9
949;11
949;39
949;40
949;159
949;240
950;11
950;39
950;40
950;159
950;240
951;9
951;10
951;36
951;40
951;80
951;178
952;11
952;36
952;40
952;180
953;13
953;32
953;43
953;159
953;191
954;9
954;10
954;31
954;40
954;159
954;223
955;13
955;27
955;48
955;158
956;13
956;27
956;40
956;157
956;181
957;2
957;18
957;21
957;40
958;18
958;28
958;40
959;18
959;21
959;40
960;18
960;28
961;18
961;28
961;40
961;167
962;18
962;21
962;167
963;18
963;28
964;18
964;28
965;17
965;21
966;13
966;21
966;48
966;152
966;181
967;14
967;25
967;50
967;201
968;18
968;27
968;54
968;216
969;18
970;2
970;17
970;21
970;55
970;111
970;166
971;18
971;21
971;54
971;81
972;9
972;10
972;28
972;58
972;87
973;9
973;10
973;27
973;55
973;108
974;9
974;17
974;28
974;51
974;99
975;9
975;18
975;28
975;51
975;101
976;18
976;21
976;49
976;98
977;18
977;28
977;49
978;18
978;21
979;18
979;21
979;49
979;148
979;169
980;18
980;21
980;49
980;122
981;18
981;24
981;49
981;97
982;17
982;21
983;13
983;27
983;40
984;13
984;21
985;18
985;21
986;18
987;17
987;23
987;159
987;160
988;18
988;28
988;291
991;9
991;17
991;26
991;79
991;127
991;181
992;18
992;21
992;72
992;144
992;168
993;18
993;21
993;51
994;18
994;21
995;18
995;21
995;55
995;133
995;172
996;18
996;26
996;76
996;101
997;18
997;21
997;79
997;80
998;18
998;28
998;159
998;174
999;18
999;23
1000;13
1000;24
1000;53
1000;107
1000;175
1001;18
1001;24
1001;54
1001;80
1001;480
1002;18
1002;28
1002;56
1002;143
1002;169
1003;18
1003;44
1003;194
1004;2
1004;19
1004;21
1004;49
1004;193
1005;21
1006;9
1006;10
1006;20
1006;44
1006;153
1007;9
1007;10
1007;22
1007;43
1007;151
1008;9
1008;19
1008;22
1008;47
1008;156
1008;163
1009;9
1009;16
1009;21
1009;77
1009;80
1010;16
1010;21
1010;55
1010;84
1010;167
1011;16
1011;21
1012;16
1012;21
1012;74
1012;147
1012;172
1013;16
1013;21
1014;16
1014;21
1015;16
1015;23
1015;44
1015;159
1015;167
1016;16
1016;27
1017;9
1017;16
1017;20
1017;50
1017;150
1017;173
1018;16
1018;20
1018;53
1018;80
1018;480
1019;16
1019;20
1019;153
1019;167
1020;16
1020;20
1020;332
1021;19
1021;20
1021;135
1021;348
1022;19
1022;20
1022;48
1022;96
1023;19
1023;26
1023;51
1023;102
1024;16
1024;27
1024;55
1024;110
1025;16
1025;27
1025;54
1025;190
1026;18
1026;21
1026;66
1026;158
1026;179
1027;18
1027;28
1027;64
1027;158
1027;168
1028;18
1028;28
1028;76
1028;81
1029;18
1029;28
1029;158
1030;18
1030;28
1030;159
1030;160
1031;18
1031;21
1031;154
1031;160
1032;18
1032;21
1032;159
1032;167
1033;18
1033;21
1033;165
1034;9
1034;14
1034;21
1034;48
1034;143
1034;165
1035;18
1035;24
1035;49
1035;157
1035;194
1036;18
1036;21
1036;49
1036;148
1036;173
1037;26
1037;51
1037;152
1038;9
1038;19
1038;22
1038;55
1038;82
1038;163
1039;27
1039;54
1039;161
1040;9
1040;10
1040;27
1040;55
1040;138
1040;166
1041;9
1041;10
1041;23
1041;138
1042;9
1042;10
1043;9
1043;18
1043;28
1043;57
1043;139
1043;340
1044;9
1044;18
1044;21
1044;75
1044;150
1044;175
1045;18
1045;21
1045;49
1045;148
1045;173
1046;18
1046;28
1046;74
1047;18
1047;28
1047;48
1047;146
1047;171
1048;18
1048;24
1048;47
1048;214
1049;18
1049;24
1049;49
1049;146
1049;194
1050;18
1050;24
1050;49
1050;146
1050;170
1051;9
1051;15
1051;24
1051;48
1051;158
1051;167
1052;13
1052;24
1052;48
1052;142
1052;190
1053;18
1053;21
1053;48
1054;18
1055;18
1055;175
1056;18
1056;26
1056;42
1056;167
1057;18
1057;21
1057;43
1057;194
1060;3
1060;18
1060;26
1060;47
1060;214
1061;18
1061;21
1061;229
1062;18
1062;21
1063;18
1063;21
1063;333
1064;18
1064;21
1064;43
1065;18
1065;21
1065;43
1065;183
1066;18
1066;27
1066;50
1066;181
1067;18
1067;21
1067;42
1068;9
1068;18
1068;21
1068;43
1068;159
1068;164
1069;13
1069;23
1069;71
1069;117
1069;181
1070;18
1070;25
1070;75
1070;100
1071;18
1071;27
1071;54
1071;80
1072;17
1072;28
1072;54
1073;2
1073;18
1073;21
1073;41
1074;18
1074;21
1075;9
1075;10
1075;23
1075;53
1075;134
1075;161
1076;9
1076;10
1077;6
1077;10
1077;21
1077;55
1077;106
1077;163
1078;2
1078;10
1078;21
1078;78
1078;80
1079;2
1079;16
1079;21
1079;69
1079;139
1079;162
1080;2
1080;16
1080;21
1080;72
1080;139
1081;2
1081;16
1081;21
1081;137
1081;177
1082;16
1082;21
1082;49
1082;99
1082;172
1083;16
1083;22
1083;49
1083;143
1083;169
1084;16
1084;27
1084;72
1084;153
1084;167
1085;16
1085;21
1085;298
1086;16
1086;26
1086;53
1086;149
1086;277
1087;16
1087;25
1087;50
1087;97
1087;200
1088;13
1088;20
1088;48
1088;155
1088;169
1089;13
1089;23
1089;46
1089;117
1089;186
1090;9
1090;13
1090;20
1090;42
1090;156
1090;168
1091;13
1091;22
1091;42
1091;138
1091;169
1092;5
1092;13
1092;26
1092;40
1092;108
1092;168
1093;2
1093;13
1093;24
1093;47
1093;481
1094;7
1094;10
1094;22
1094;59
1094;80
1094;468
1095;3
1095;10
1095;21
1096;7
1096;11
1096;21
1096;43
1096;169
1097;7
1097;11
1097;21
1098;7
1098;10
1098;36
1098;46
1099;7
1099;10
1099;21
1100;7
1100;11
1100;28
1101;7
1101;11
1101;21
1101;174
1102;7
1102;11
1102;33
1102;46
1103;7
1103;13
1103;33
1103;62
1103;83
1103;196
1104;7
1104;11
1104;32
1104;65
1104;84
1105;7
1105;18
1105;32
1105;64
1105;84
1106;7
1106;11
1106;36
1106;71
1107;7
1107;15
1107;21
1107;43
1107;168
1108;7
1108;11
1108;21
1109;9
1109;10
1109;20
1109;40
1109;81
1110;3
1110;10
1110;28
1111;9
1111;10
1111;23
1111;40
1111;116
1111;463
1112;3
1112;10
1112;21
1112;67
1112;86
1113;2
1113;11
1113;21
1113;66
1113;105
1114;7
1114;10
1114;28
1114;69
1114;138
1115;7
1115;14
1115;23
1115;71
1115;141
1116;7
1116;14
1116;36
1116;71
1116;142
1116;178
1117;7
1117;11
1117;20
1117;71
1117;143
1117;288
1118;4
1118;14
1118;21
1118;56
1118;142
1118;178
1119;7
1119;11
1119;21
1119;71
1119;142
1119;178
1120;7
1120;11
1120;26
1120;71
1120;107
1120;163
1121;7
1121;11
1121;27
1121;54
1121;80
1122;7
1122;11
1122;36
1122;79
1122;80
1122;178
1123;7
1123;11
1123;27
1123;54
1123;80
1124;7
1124;10
1124;26
1124;43
1124;142
1124;177
1125;9
1125;13
1125;26
1125;71
1125;107
1126;9
1126;10
1126;21
1126;42
1126;142
1127;9
1127;10
1127;28
1127;43
1127;142
1128;9
1128;10
1128;30
1128;41
1128;106
1129;9
1129;10
1129;24
1129;48
1129;143
1129;167
1130;9
1130;10
1130;24
1130;49
1130;143
1130;170
1131;9
1131;10
1131;27
1131;54
1131;82
1131;192
1132;9
1132;10
1132;27
1132;61
1132;156
1132;188
1133;9
1133;10
1133;26
1133;73
1133;97
1133;170
1134;9
1134;10
1134;25
1134;77
1134;127
1134;202
1135;9
1135;10
1135;26
1135;51
1135;80
1135;167
1136;9
1136;19
1136;20
1136;54
1136;108
1137;9
1137;14
1137;24
1137;47
1137;141
1137;165
1138;9
1138;13
1138;26
1138;78
1138;80
1138;406
1139;9
1139;18
1139;28
1139;54
1139;156
1139;160
1140;9
1140;18
1140;26
1140;52
1140;156
1141;9
1141;19
1141;21
1141;40
1141;80
1141;164
1142;9
1142;17
1142;26
1142;53
1142;106
1143;8
1143;10
1143;28
1143;53
1143;84
1143;165
1144;9
1144;10
1144;21
1144;54
1145;9
1145;11
1145;21
1145;43
1145;80
1145;175
1146;4
1146;10
1146;32
1146;44
1146;84
1146;162
1147;5
1147;11
1147;32
1147;41
1147;83
1147;376
1148;4
1148;11
1148;38
1148;63
1148;83
1148;258
1149;2
1149;10
1149;36
1149;43
1149;86
1150;1
1150;10
1150;37
1150;67
1150;121
1151;9
1151;10
1151;36
1151;54
1151;107
1151;160
1152;5
1152;10
1152;32
1152;53
1152;151
1152;174
1153;5
1153;11
1153;20
1153;76
1153;158
1153;162
1154;6
1154;11
1154;20
1154;78
1154;96
1154;168
1155;3
1155;10
1155;20
1155;74
1155;99
1155;172
1156;2
1156;10
1156;20
1156;78
1156;94
1156;181
1157;7
1157;10
1157;26
1157;53
1157;80
1158;7
1158;10
1158;21
1158;50
1159;7
1159;10
1159;20
1159;72
1159;93
1159;168
1160;7
1160;10
1160;24
1160;77
1160;100
1160;203
1161;4
1161;10
1161;26
1161;79
1161;80
1161;160
1162;2
1162;10
1162;23
1162;53
1162;80
1163;4
1163;14
1163;22
1163;42
1163;141
1163;266
1164;7
1164;14
1164;21
1164;49
1164;97
1164;170
1165;7
1165;11
1165;21
1165;42
1165;81
1166;7
1166;11
1166;39
1166;40
1166;95
1167;7
1167;11
1167;36
1167;71
1167;89
1168;7
1168;11
1168;35
1168;70
1168;145
1169;7
1169;11
1169;20
1169;67
1169;153
1169;167
1170;7
1170;11
1170;21
1170;49
1170;146
1170;181
1171;7
1171;10
1171;22
1171;55
1171;84
1171;174
1172;7
1172;11
1172;21
1172;66
1172;99
1172;196
1173;7
1173;11
1173;34
1173;69
1173;103
1173;172
1174;7
1174;18
1174;21
1174;71
1174;172
1175;7
1175;11
1175;35
1175;68
1175;173
1176;7
1176;11
1176;21
1176;71
1176;107
1176;173
1177;7
1177;11
1177;36
1177;72
1177;107
1177;178
1178;9
1178;10
1178;33
1178;71
1178;143
1178;251
1179;9
1179;10
1179;33
1179;72
1179;107
1180;7
1180;10
1180;21
1180;68
1180;125
1180;179
1181;7
1181;11
1181;21
1181;71
1181;83
1181;177
1182;7
1182;10
1182;35
1182;70
1182;143
1183;7
1183;10
1183;36
1183;70
1183;94
1184;7
1184;10
1184;24
1184;70
1184;142
1185;7
1185;11
1185;32
1185;71
1185;86
1186;7
1186;10
1186;21
1186;40
1186;142
1186;196
1187;3
1187;10
1187;21
1187;53
1187;106
1187;187
1188;7
1188;11
1188;21
1188;47
1188;142
1188;160
1189;7
1189;14
1189;27
1189;54
1189;133
1189;187
1190;7
1190;11
1190;27
1190;53
1190;80
1190;160
1191;7
1191;10
1191;21
1191;53
1191;132
1191;344
1192;7
1192;11
1192;26
1192;53
1192;80
1193;8
1193;10
1193;26
1193;53
1193;132
1193;167
1194;9
1194;10
1194;27
1194;48
1194;80
1194;178
1195;5
1195;15
1195;21
1195;40
1195;141
1195;187
1196;9
1196;10
1196;25
1196;49
1197;9
1197;10
1197;26
1197;43
1197;142
1197;463
1198;9
1198;10
1198;25
1198;48
1198;143
1198;166
1199;9
1199;10
1199;25
1199;50
1199;151
1199;174
1200;9
1200;10
1200;28
1200;55
1200;83
1200;192
1201;9
1201;10
1201;36
1201;72
1201;148
1201;165
1202;9
1202;18
1202;35
1202;73
1202;98
1202;220
1203;9
1203;10
1203;26
1203;79
1203;80
1203;213
1204;9
1204;10
1204;20
1204;53
1204;107
1204;160
1205;9
1205;10
1205;35
1205;53
1205;106
1206;9
1206;13
1206;25
1206;49
1206;84
1206;171
1207;9
1207;13
1207;27
1207;53
1207;80
1208;9
1208;18
1208;21
1208;51
1208;154
1208;160
1209;9
1209;10
1209;23
1209;42
1209;159
1210;9
1210;16
1210;21
1210;53
1210;80
1211;9
1211;10
1211;26
1211;53
1211;80
1211;212
1212;9
1212;10
1212;20
1212;54
1212;80
1213;3
1213;10
1213;27
1213;55
1214;9
1214;10
1214;21
1214;49
1214;128
1214;166
1215;3
1215;11
1215;21
1215;42
1215;83
1216;2
1216;10
1216;21
1216;49
1216;84
1216;474
1217;2
1217;10
1217;36
1217;63
1217;149
1218;2
1218;10
1218;35
1218;67
1218;87
1219;2
1219;10
1219;37
1219;54
1219;91
1220;9
1220;10
1220;36
1220;53
1220;143
1220;196
1221;5
1221;11
1221;26
1221;75
1221;152
1221;160
1222;5
1222;11
1222;26
1222;76
1222;157
1222;161
1223;7
1223;10
1223;20
1223;73
1223;95
1223;171
1224;7
1224;10
1224;20
1224;74
1224;91
1224;173
1225;6
1225;10
1225;27
1225;53
1225;81
1225;169
1226;2
1226;10
1226;22
1226;54
1226;83
1227;6
1227;10
1227;31
1227;51
1227;123
1227;167
1228;3
1228;10
1228;20
1228;73
1228;144
1228;169
1229;6
1229;10
1229;20
1229;79
1229;80
1229;233
1230;3
1230;10
1230;25
1230;52
1230;81
1230;210
1231;2
1231;10
1231;20
1231;43
1231;86
1231;301
1232;5
1232;14
1232;23
1232;45
1232;80
1232;182
1233;7
1233;10
1233;24
1233;47
1233;92
1234;7
1234;19
1234;39
1234;40
1235;4
1235;10
1235;37
1235;42
1235;93
1236;7
1236;18
1236;36
1236;71
1236;89
1237;7
1237;19
1237;20
1237;42
1238;7
1238;14
1238;21
1238;56
1238;249
1239;7
1239;14
1239;21
1239;42
1240;7
1240;14
1240;21
1240;62
1240;83
1240;464
1241;7
1241;14
1241;21
1241;63
1241;85
1241;166
1242;7
1242;14
1242;28
1242;42
1242;85
1242;168
1243;7
1243;14
1243;28
1243;49
1244;7
1244;14
1244;21
1244;50
1244;134
1244;160
1245;4
1245;14
1245;21
1245;64
1246;7
1246;14
1246;22
1246;63
1246;80
1247;7
1247;14
1247;28
1247;49
1248;7
1248;10
1248;28
1248;49
1249;7
1249;14
1249;28
1249;49
1249;131
1249;165
1250;7
1250;14
1250;35
1250;66
1250;139
1250;167
1251;7
1251;14
1251;36
1251;69
1251;80
1251;160
1252;7
1252;14
1252;36
1252;71
1252;141
1253;7
1253;12
1253;35
1253;47
1253;133
1253;160
1254;7
1254;14
1254;28
1254;40
1255;7
1255;14
1255;28
1255;42
1255;84
1255;249
1256;7
1256;18
1256;26
1256;54
1257;7
1257;14
1257;21
1257;58
1257;85
1257;463
1258;7
1258;14
1258;27
1258;53
1258;266
1259;7
1259;14
1259;28
1259;53
1259;132
1259;168
1260;7
1260;14
1260;27
1260;53
1260;141
1260;161
1261;7
1261;10
1261;29
1261;42
1261;80
1261;161
1262;5
1262;18
1262;35
1262;53
1262;132
1263;4
1263;13
1263;28
1263;44
1264;5
1264;14
1264;27
1264;142
1265;4
1265;12
1265;22
1266;4
1266;10
1266;26
1266;42
1267;3
1267;10
1267;27
1267;167
1268;5
1268;10
1268;25
1268;49
1268;177
1269;4
1269;12
1270;4
1270;10
1270;24
1270;47
1270;159
1270;160
1271;4
1271;18
1271;25
1271;47
1271;159
1271;160
1272;4
1272;10
1272;26
1272;46
1272;131
1272;203
1273;4
1273;10
1273;30
1274;4
1274;10
1274;26
1274;52
1274;155
1274;258
1275;4
1275;10
1275;21
1275;79
1275;131
1275;341
1276;4
1276;10
1276;21
1276;77
1276;129
1276;259
1277;4
1277;13
1277;24
1277;49
1277;149
1277;174
1278;5
1278;14
1278;25
1278;48
1278;144
1278;168
1279;5
1279;13
1279;21
1279;48
1279;143
1279;167
1280;4
1280;14
1280;23
1280;46
1280;119
1281;5
1281;10
1281;24
1281;49
1281;146
1281;170
1282;4
1282;13
1282;24
1282;41
1283;5
1283;10
1283;26
1283;42
1283;84
1284;5
1284;11
1284;24
1284;49
1284;83
1284;267
1285;5
1285;11
1285;21
1285;46
1285;95
1285;168
1286;5
1286;11
1286;21
1286;43
1286;85
1287;5
1287;10
1287;21
1287;42
1287;134
1287;160
1288;5
1288;10
1288;21
1288;42
1288;130
1288;160
1289;5
1289;11
1289;21
1289;43
1289;85
1289;170
1290;5
1290;10
1290;26
1290;75
1290;90
1291;5
1291;11
1291;37
1291;40
1291;97
1292;5
1292;11
1292;26
1292;41
1292;102
1293;5
1293;11
1293;26
1293;43
1293;106
1294;5
1294;11
1294;27
1294;44
1294;85
1295;5
1295;10
1295;27
1295;43
1295;490
1296;5
1296;11
1296;26
1296;50
1296;150
1297;5
1297;11
1297;21
1297;42
1297;85
1298;5
1298;11
1298;20
1298;48
1298;131
1299;5
1299;11
1299;26
1299;77
1299;128
1299;208
1300;6
1300;10
1300;35
1300;79
1300;80
1300;185
1301;4
1301;14
1301;35
1301;53
1301;80
1301;161
1302;7
1302;10
1302;20
1302;55
1302;81
1302;168
1303;4
1303;10
1303;30
1303;60
1303;91
1304;7
1304;14
1304;29
1304;43
1304;80
1304;161
1305;7
1305;14
1305;35
1305;42
1305;80
1306;7
1306;14
1306;28
1306;49
1306;84
1307;7
1307;14
1307;35
1307;42
1307;143
1308;7
1308;35
1308;79
1308;80
1308;259
1309;7
1309;10
1309;31
1309;70
1309;93
1309;264
1310;7
1310;10
1310;21
1310;42
1310;94
1310;171
1311;7
1311;11
1311;21
1311;62
1311;103
1311;174
1312;7
1312;14
1312;21
1312;78
1312;84
1312;174
1313;6
1313;10
1313;21
1313;40
1313;133
1313;160
1314;4
1314;14
1314;28
1314;53
1314;181
1315;7
1315;10
1315;21
1315;44
1315;85
1315;169
1316;4
1316;10
1316;21
1316;42
1317;7
1317;14
1317;28
1317;43
1317;137
1317;464
1318;7
1318;14
1318;33
1318;42
1318;84
1318;189
1319;7
1319;14
1319;35
1319;56
1319;141
1319;168
1320;7
1320;14
1320;21
1320;70
1320;93
1320;167
1321;7
1321;14
1321;21
1321;42
1321;142
1321;171
1322;7
1322;14
1322;35
1322;43
1322;132
1322;172
1323;7
1323;14
1323;35
1323;42
1323;88
1323;200
1324;7
1324;14
1324;21
1324;56
1324;81
1324;187
1325;7
1325;14
1325;21
1325;42
1325;83
1325;160
1326;7
1326;14
1326;21
1326;70
1326;105
1326;187
1327;7
1327;14
1327;36
1327;69
1327;136
1327;162
1328;7
1328;14
1328;28
1328;42
1328;136
1328;265
1329;7
1329;14
1329;28
1329;62
1329;86
1329;189
1330;7
1330;10
1330;26
1330;52
1330;86
1330;160
1331;5
1331;13
1331;22
1331;53
1331;80
1331;183
1332;4
1332;12
1332;20
1332;47
1332;143
1332;183
1333;4
1333;13
1333;24
1333;54
1333;102
1334;5
1334;10
1334;22
1334;52
1334;80
1334;168
1335;4
1335;10
1335;35
1335;54
1335;134
1336;4
1336;10
1336;20
1336;44
1336;87
1336;170
1337;5
1337;14
1337;25
1337;77
1337;128
1337;214
1338;4
1338;10
1338;39
1338;40
1338;156
1338;160
1339;4
1339;10
1339;21
1339;70
1339;115
1339;160
1340;4
1340;10
1340;23
1340;46
1340;137
1340;162
1341;4
1341;10
1341;26
1341;52
1341;86
1341;171
1342;4
1342;13
1342;27
1342;53
1342;133
1342;162
1343;5
1343;10
1343;27
1343;54
1343;154
1343;160
1344;4
1344;18
1344;26
1344;52
1344;86
1344;160
1345;4
1345;13
1345;24
1345;49
1345;126
1345;171
1346;4
1346;13
1346;23
1346;46
1346;82
1346;168
1347;6
1347;10
1347;22
1347;46
1347;114
1347;171
1348;3
1348;12
1348;23
1348;70
1348;93
1348;164
1349;9
1349;10
1349;24
1349;48
1349;81
1349;168
1350;3
1350;10
1350;35
1350;71
1350;158
1350;166
1351;2
1351;13
1351;21
1351;62
1351;154
1351;242
1352;2
1352;10
1352;23
1352;70
1352;86
1352;172
1353;2
1353;10
1353;27
1353;46
1353;143
1353;185
1354;2
1354;26
1354;62
1354;92
1354;248
1355;2
1355;27
1355;60
1355;158
1355;178
1356;2
1356;19
1356;21
1356;42
1356;86
1356;169
1357;3
1357;10
1357;31
1357;79
1357;80
1357;162
1358;2
1358;13
1358;21
1358;79
1358;135
1358;169
1359;4
1359;12
1359;24
1359;78
1359;92
1359;167
1360;5
1360;15
1360;21
1360;78
1360;159
1360;160
1361;3
1361;10
1361;22
1361;57
1361;84
1361;170
1362;6
1362;15
1362;21
1362;77
1362;140
1362;163
1363;3
1363;18
1363;26
1363;73
1363;130
1363;171
1364;6
1364;15
1364;21
1364;45
1364;147
1364;170
1365;3
1365;13
1365;26
1365;71
1365;108
1365;172
1366;2
1366;14
1366;25
1366;69
1366;107
1366;170
1367;3
1367;13
1367;36
1367;72
1367;143
1367;179
1368;2
1368;16
1368;26
1368;71
1368;144
1368;179
1369;7
1369;12
1369;28
1369;72
1369;107
1369;166
1370;7
1370;14
1370;28
1370;72
1370;108
1370;168
1371;7
1371;14
1371;35
1371;71
1371;159
1371;170
1372;7
1372;14
1372;35
1372;42
1372;107
1372;192
1373;7
1373;14
1373;35
1373;56
1373;158
1373;169
1374;7
1374;14
1374;28
1374;53
1374;162
1375;7
1375;14
1375;28
1375;50
1375;131
1375;249
1376;7
1376;14
1376;28
1376;43
1376;89
1377;7
1377;14
1377;28
1377;79
1377;84
1377;166
1378;7
1378;14
1378;28
1378;66
1378;99
1378;163
1379;7
1379;14
1379;28
1379;69
1379;103
1379;172
1380;7
1380;14
1380;28
1380;70
1380;144
1380;175
1381;7
1381;14
1381;21
1381;70
1381;104
1381;174
1382;7
1382;14
1382;21
1382;70
1382;141
1382;181
1383;7
1383;10
1383;21
1383;49
1383;144
1383;178
1384;7
1384;10
1384;33
1384;64
1384;159
1384;162
1385;7
1385;14
1385;35
1385;79
1385;80
1385;171
1386;4
1386;14
1386;28
1386;72
1386;143
1386;178
1387;7
1387;14
1387;35
1387;71
1387;106
1387;177
1388;7
1388;14
1388;28
1388;68
1388;134
1388;168
1389;7
1389;14
1389;27
1389;57
1389;135
1389;176
1390;7
1390;12
1390;32
1390;42
1390;159
1390;162
1391;7
1391;18
1391;35
1391;56
1391;157
1391;168
1392;7
1392;15
1392;21
1392;63
1392;158
1392;162
1393;3
1393;14
1393;21
1393;50
1393;89
1393;177
1394;7
1394;14
1394;29
1394;49
1394;105
1394;164
1395;7
1395;14
1395;32
1395;64
1395;131
1395;161
1396;7
1396;14
1396;31
1396;62
1396;125
1396;190
1397;7
1397;14
1397;21
1397;42
1397;83
1397;230
1398;7
1398;17
1398;21
1398;62
1398;139
1398;166
1399;5
1399;10
1399;26
1399;52
1399;158
1399;206
1400;4
1400;13
1400;26
1400;53
1400;105
1400;341
1401;4
1401;13
1401;27
1401;53
1401;136
1401;164
1402;4
1402;10
1402;35
1402;54
1402;108
1402;163
1403;4
1403;13
1403;32
1403;67
1403;156
1403;166
1404;4
1404;13
1404;34
1404;68
1404;102
1404;170
1405;4
1405;13
1405;27
1405;71
1405;142
1405;178
1406;4
1406;18
1406;35
1406;69
1406;143
1406;173
1407;4
1407;13
1407;33
1407;65
1407;159
1407;160
1408;4
1408;13
1408;22
1408;68
1408;136
1408;178
1409;4
1409;13
1409;35
1409;40
1409;159
1409;488
1410;4
1410;10
1410;35
1410;66
1410;130
1410;162
1411;9
1411;10
1411;22
1411;64
1411;129
1411;169
1412;9
1412;10
1412;22
1412;63
1412;94
1412;347
1413;9
1413;10
1413;28
1413;40
1413;142
1414;9
1414;10
1414;27
1414;55
1414;141
1414;219
1415;9
1415;10
1415;27
1415;54
1415;134
1415;216
1416;9
1416;13
1416;21
1416;53
1416;133
1416;213
1417;9
1417;13
1417;27
1417;40
1417;111
1417;213
1418;9
1418;10
1418;31
1418;40
1418;125
1418;186
1419;9
1419;14
1419;28
1419;53
1419;213
1420;6
1420;18
1420;20
1420;67
1420;134
1420;168
1421;5
1421;18
1421;32
1421;69
1421;138
1421;172
1422;5
1422;10
1422;31
1422;71
1422;142
1422;178
1423;5
1423;18
1423;27
1423;70
1423;145
1423;176
1424;5
1424;10
1424;26
1424;42
1424;135
1424;161
1425;5
1425;10
1425;26
1425;53
1425;131
1425;172
1426;5
1426;11
1426;32
1426;42
1426;127
1426;253
1427;5
1427;11
1427;39
1427;40
1427;129
1427;162
1428;5
1428;11
1428;34
1428;42
1428;85
1428;196
1429;7
1429;13
1429;39
1429;40
1429;141
1429;240
1430;7
1430;13
1430;39
1430;40
1430;80
1430;240
1431;7
1431;13
1431;35
1431;54
1431;141
1431;160
1432;7
1432;13
1432;35
1432;40
1432;141
1432;205
1433;7
1433;13
1433;32
1433;54
1433;159
1433;190
1434;7
1434;13
1434;32
1434;54
1434;122
1434;189
1435;5
1435;13
1435;27
1435;54
1435;159
1435;188
1436;7
1436;13
1436;27
1436;54
1436;158
1436;187
1437;8
1437;12
1437;26
1437;53
1437;159
1437;168
1438;7
1438;14
1438;35
1438;71
1438;143
1438;168
1439;7
1439;14
1439;28
1439;73
1439;97
1439;168
1440;7
1440;14
1440;28
1440;42
1440;91
1441;7
1441;14
1441;20
1441;53
1441;159
1441;162
1442;7
1442;14
1442;25
1442;51
1442;132
1442;178
1443;7
1443;14
1443;26
1443;52
1443;154
1443;257
1444;7
1444;18
1444;26
1444;52
1444;155
1444;178
1445;7
1445;18
1445;21
1445;42
1445;154
1446;7
1446;13
1446;21
1446;52
1446;142
1446;186
1447;7
1447;13
1447;25
1447;78
1447;156
1447;182
1448;7
1448;14
1448;25
1448;78
1448;156
1448;160
1449;7
1449;13
1449;21
1449;42
1449;80
1449;183
1450;7
1450;14
1450;21
1450;71
1450;159
1450;160
1451;7
1451;14
1451;25
1451;74
1451;148
1451;160
1452;6
1452;10
1452;20
1452;74
1452;145
1452;168
1453;3
1453;14
1453;21
1453;77
1453;80
1453;170
1454;6
1454;10
1454;21
1454;77
1454;80
1454;161
1455;3
1455;14
1455;28
1455;75
1455;147
1456;7
1456;14
1456;21
1456;69
1456;92
1456;171
1457;7
1457;14
1457;21
1457;47
1457;96
1458;7
1458;14
1458;28
1458;42
1458;99
1459;7
1459;14
1459;28
1459;53
1459;132
1460;7
1460;14
1460;28
1460;42
1460;105
1461;5
1461;14
1461;28
1461;43
1461;131
1461;176
1462;7
1462;14
1462;28
1462;43
1462;176
1463;7
1463;14
1463;28
1463;42
1463;141
1463;174
1464;7
1464;14
1464;28
1464;70
1464;141
1464;185
1465;7
1465;14
1465;28
1465;42
1465;158
1465;172
1466;7
1466;14
1466;35
1466;63
1466;83
1466;167
1467;6
1467;10
1467;21
1467;40
1467;126
1467;170
1468;5
1468;13
1468;22
1468;44
1468;140
1468;183
1469;4
1469;13
1469;21
1469;41
1469;140
1469;176
1470;4
1470;13
1470;22
1470;49
1470;137
1470;180
1471;4
1471;18
1471;36
1471;45
1471;159
1471;161
1472;4
1472;10
1472;31
1472;49
1472;155
1472;166
1473;4
1473;13
1473;25
1473;74
1473;138
1473;168
1474;4
1474;18
1474;25
1474;76
1474;127
1474;177
1475;4
1475;18
1475;36
1475;52
1475;105
1475;174
1476;4
1476;18
1476;35
1476;40
1476;132
1476;165
1477;4
1477;18
1477;26
1477;52
1477;149
1477;160
1478;4
1478;18
1478;26
1478;78
1478;80
1478;161
1479;4
1479;18
1479;26
1479;78
1479;80
1479;160
1480;4
1480;13
1480;27
1480;79
1480;80
1480;161
1481;4
1481;18
1481;27
1481;52
1481;129
1481;161
1482;4
1482;18
1482;26
1482;78
1482;118
1482;189
1483;4
1483;18
1483;47
1483;142
1483;189
1484;9
1484;18
1484;21
1484;40
1484;118
1484;167
1485;9
1485;18
1485;21
1485;74
1485;132
1485;179
1486;8
1486;13
1486;20
1486;75
1486;94
1486;171
1487;9
1487;10
1487;36
1487;78
1487;102
1487;168
1488;9
1488;13
1488;38
1488;76
1488;133
1488;160
1489;4
1489;11
1489;39
1489;78
1489;80
1490;5
1490;11
1490;39
1490;76
1490;103
1491;5
1491;10
1491;21
1491;74
1491;95
1491;168
1492;5
1492;11
1492;21
1492;70
1492;93
1493;5
1493;11
1493;21
1493;42
1493;159
1493;160
1494;5
1494;11
1494;21
1494;42
1495;5
1495;11
1495;21
1495;43
1495;80
1495;226
1496;5
1496;11
1496;21
1496;42
1496;89
1497;6
1497;10
1497;22
1497;42
1497;119
1497;164
1498;7
1498;13
1498;20
1498;41
1498;131
1498;184
1499;7
1499;13
1499;24
1499;71
1499;136
1499;176
1500;7
1500;13
1500;26
1500;53
1500;136
1500;162
1501;7
1501;13
1501;24
1501;71
1501;117
1501;175
1502;7
1502;13
1502;39
1502;70
1502;89
1502;166
1503;7
1503;10
1503;25
1503;69
1503;100
1503;178
1504;4
1504;13
1504;20
1504;70
1504;106
1504;175
1505;7
1505;13
1505;26
1505;72
1505;143
1505;165
1506;4
1506;13
1506;28
1506;72
1506;106
1506;175
1507;7
1507;18
1507;28
1507;73
1507;142
1507;166
1508;7
1508;10
1508;39
1508;71
1508;158
1508;177
1509;7
1509;14
1509;28
1509;42
1509;89
1509;213
1510;7
1510;14
1510;28
1510;53
1510;136
1510;161
1511;7
1511;14
1511;28
1511;49
1511;151
1511;179
1512;7
1512;14
1512;24
1512;50
1512;105
1512;175
1513;7
1513;14
1513;28
1513;57
1513;89
1513;171
1514;7
1514;14
1514;20
1514;63
1514;159
1514;160
1515;7
1515;14
1515;28
1515;66
1515;99
1515;165
1516;7
1516;14
1516;21
1516;71
1516;140
1516;178
1517;7
1517;14
1517;28
1517;70
1517;105
1517;175
1518;7
1518;14
1518;36
1518;72
1518;107
1518;179
1519;7
1519;14
1519;21
1519;68
1519;95
1519;179
1520;7
1520;14
1520;21
1520;58
1520;144
1520;179
1521;7
1521;10
1521;32
1521;64
1521;159
1521;192
1522;7
1522;14
1522;35
1522;57
1522;143
1522;205
1523;5
1523;15
1523;21
1523;73
1523;141
1523;177
1524;7
1524;14
1524;28
1524;71
1524;142
1524;214
1525;7
1525;18
1525;21
1525;68
1525;139
1525;173
1526;7
1526;14
1526;32
1526;63
1526;158
1526;190
1527;7
1527;14
1527;33
1527;65
1527;130
1527;163
1528;7
1528;14
1528;32
1528;53
1528;129
1528;161
1529;7
1529;16
1529;21
1529;62
1529;158
1529;200
1530;7
1530;12
1530;21
1530;43
1530;141
1530;177
1531;7
1531;14
1531;30
1531;64
1531;159
1531;212
1532;7
1532;14
1532;32
1532;70
1532;126
1532;229
1533;7
1533;14
1533;30
1533;59
1533;87
1533;247
1534;7
1534;14
1534;21
1534;42
1534;84
1534;168
1535;7
1535;14
1535;29
1535;62
1535;139
1535;166
1536;5
1536;13
1536;27
1536;52
1536;142
1536;217
1537;4
1537;13
1537;27
1537;54
1537;142
1537;190
1538;4
1538;13
1538;26
1538;53
1538;141
1538;209
1539;4
1539;10
1539;27
1539;54
1539;108
1539;161
1540;4
1540;13
1540;35
1540;68
1540;135
1540;238
1541;4
1541;13
1541;22
1541;71
1541;107
1541;324
1542;4
1542;13
1542;36
1542;73
1542;110
1542;170
1543;4
1543;13
1543;35
1543;53
1543;95
1543;336
1544;4
1544;13
1544;32
1544;64
1544;98
1544;167
1545;4
1545;13
1545;32
1545;64
1545;129
1545;161
1546;4
1546;13
1546;32
1546;64
1546;127
1546;162
1547;4
1547;18
1547;22
1547;53
1547;130
1547;175
1548;4
1548;18
1548;33
1548;67
1548;135
1548;170
1549;4
1549;14
1549;32
1549;64
1549;159
1549;222
1550;9
1550;13
1550;32
1550;63
1550;158
1550;221
1551;9
1551;13
1551;31
1551;60
1551;84
1551;217
1552;9
1552;18
1552;31
1552;60
1552;84
1552;168
1553;9
1553;18
1553;21
1553;79
1553;80
1553;166
1554;9
1554;13
1554;39
1554;40
1554;126
1555;9
1555;10
1555;31
1555;40
1555;125
1555;186
1556;9
1556;18
1556;27
1556;71
1557;6
1557;11
1557;20
1557;56
1557;84
1557;164
1558;5
1558;11
1558;32
1558;76
1558;125
1558;175
1559;5
1559;11
1559;32
1559;79
1559;80
1559;160
1560;5
1560;11
1560;27
1560;54
1560;82
1560;167
1561;5
1561;10
1561;21
1561;42
1561;145
1561;166
1562;5
1562;11
1562;26
1562;53
1562;132
1562;162
1563;5
1563;10
1563;26
1563;42
1563;80
1563;161
1564;5
1564;10
1564;39
1564;40
1564;159
1564;240
1565;5
1565;11
1565;23
1565;45
1565;114
1565;201
1566;7
1566;13
1566;39
1566;40
1566;80
1566;240
1567;7
1567;13
1567;39
1567;40
1567;80
1567;160
1568;6
1568;14
1568;36
1568;40
1568;141
1568;161
1569;7
1569;13
1569;35
1569;40
1569;80
1569;180
1570;7
1570;13
1570;31
1570;40
1570;159
1570;191
1571;7
1571;17
1571;32
1571;40
1571;159
1571;160
1572;6
1572;10
1572;27
1572;46
1572;136
1572;231
1573;7
1573;13
1573;27
1573;47
1573;159
1573;280
1574;7
1574;13
1574;29
1574;46
1574;156
1574;161
1575;3
1575;14
1575;28
1575;72
1575;143
1575;167
1576;7
1576;14
1576;24
1576;72
1576;93
1576;167
1577;7
1577;14
1577;21
1577;47
1577;94
1577;167
1578;7
1578;14
1578;20
1578;42
1579;7
1579;18
1579;35
1579;52
1579;136
1579;160
1580;7
1580;13
1580;26
1580;52
1580;154
1580;170
1581;7
1581;14
1581;21
1581;52
1581;155
1581;169
1582;7
1582;14
1582;21
1582;52
1582;154
1583;7
1583;13
1583;21
1583;49
1583;96
1583;161
1584;7
1584;14
1584;35
1584;78
1584;93
1584;182
1585;7
1585;14
1585;26
1585;78
1585;157
1585;175
1586;7
1586;14
1586;26
1586;78
1586;127
1586;179
1587;7
1587;12
1587;22
1587;71
1587;107
1587;180
1588;7
1588;12
1588;24
1588;74
1588;148
1588;160
1589;6
1589;10
1589;20
1589;73
1589;143
1589;168
1590;3
1590;10
1590;36
1590;73
1590;102
1590;308
1591;7
1591;13
1591;21
1591;77
1591;80
1591;165
1592;3
1592;14
1592;38
1592;75
1592;148
1593;7
1593;14
1593;38
1593;69
1593;96
1593;181
1594;7
1594;13
1594;28
1594;47
1594;90
1595;7
1595;12
1595;28
1595;42
1595;95
1596;7
1596;14
1596;28
1596;53
1596;134
1596;160
1597;7
1597;14
1597;28
1597;42
1597;105
1598;5
1598;15
1598;28
1598;43
1598;117
1599;7
1599;14
1599;28
1599;43
1599;92
1599;177
1600;7
1600;14
1600;28
1600;42
1600;105
1600;162
1601;7
1601;14
1601;28
1601;49
1601;141
1601;168
1602;7
1602;14
1602;22
1602;43
1602;157
1602;172
1603;7
1603;14
1603;35
1603;63
1603;83
1603;167
1604;7
1604;14
1604;21
1604;40
1604;83
1604;170
1605;3
1605;13
1605;22
1605;44
1605;108
1605;182
1606;4
1606;13
1606;21
1606;41
1606;135
1606;176
1607;4
1607;18
1607;35
1607;48
1607;125
1607;278
1608;4
1608;18
1608;22
1608;49
1608;142
1609;4
1609;10
1609;31
1609;49
1609;157
1609;172
1610;4
1610;10
1610;26
1610;47
1610;139
1610;164
1611;4
1611;18
1611;38
1611;51
1611;127
1611;169
1612;4
1612;13
1612;26
1612;52
1612;104
1613;4
1613;18
1613;22
1613;40
1613;132
1613;164
1614;4
1614;18
1614;36
1614;53
1614;155
1614;167
1615;4
1615;13
1615;25
1615;77
1615;80
1615;160
1616;4
1616;13
1616;39
1616;77
1616;80
1616;160
1617;4
1617;17
1617;26
1617;79
1617;80
1617;160
1618;4
1618;13
1618;38
1618;52
1618;158
1618;161
1619;4
1619;13
1619;26
1619;79
1619;80
1619;189
1620;4
1620;18
1620;52
1620;80
1620;189
1621;9
1621;19
1621;21
1621;48
1621;118
1621;164
1622;9
1622;18
1622;21
1622;63
1622;131
1622;178
1623;9
1623;10
1623;26
1623;71
1623;94
1623;171
1624;9
1624;10
1624;24
1624;73
1624;98
1624;169
1625;9
1625;18
1625;38
1625;77
1625;80
1625;160
1626;4
1626;11
1626;32
1626;79
1626;80
1626;179
1627;5
1627;11
1627;39
1627;77
1627;103
1627;169
1628;5
1628;11
1628;21
1628;74
1628;100
1628;168
1629;5
1629;11
1629;21
1629;70
1629;93
1630;5
1630;11
1630;21
1630;42
1630;134
1630;160
1631;5
1631;11
1631;37
1631;53
1631;130
1632;5
1632;10
1632;26
1632;53
1632;159
1632;165
1633;5
1633;10
1633;21
1633;42
1633;89
1633;425
1634;6
1634;10
1634;20
1634;48
1634;132
1634;163
1635;3
1635;13
1635;21
1635;41
1635;127
1635;196
1636;2
1636;10
1636;26
1636;70
1636;136
1636;162
1637;2
1637;14
1637;26
1637;74
1637;129
1637;162
1638;2
1638;13
1638;26
1638;77
1638;115
1638;167
1639;9
1639;13
1639;21
1639;47
1639;103
1639;171
1640;5
1640;11
1640;25
1640;45
1640;100
1640;177
1641;4
1641;15
1641;21
1641;47
1641;94
1641;190
1642;2
1642;13
1642;27
1642;53
1642;125
1642;190
1643;1
1643;18
1643;28
1643;78
1643;115
1643;179
1644;18
1644;21
1644;61
1644;83
1644;170
1645;18
1645;21
1645;72
1645;135
1645;160
1646;18
1646;21
1646;89
1646;172
1647;18
1647;21
1647;157
1647;162
1648;18
1648;21
1649;18
1649;21
1650;18
1650;21
1650;141
1651;18
1651;28
1651;74
1651;146
1651;163
1652;18
1652;28
1652;72
1652;99
1652;240
1653;18
1653;28
1653;77
1653;103
1654;18
1654;27
1654;79
1654;80
1654;161
1655;18
1655;28
1655;48
1656;2
1656;18
1656;21
1656;41
1656;492
1657;18
1657;21
1657;47
1657;85
1658;9
1658;10
1658;27
1658;42
1658;83
1658;163
1659;9
1659;10
1659;28
1659;54
1659;153
1659;163
1660;9
1660;18
1660;28
1660;52
1660;156
1660;160
1661;9
1661;18
1661;21
1661;74
1661;142
1661;178
1662;18
1662;21
1662;46
1662;140
1662;233
1663;18
1663;21
1663;42
1664;18
1664;24
1664;49
1664;174
1665;18
1665;24
1665;47
1666;18
1666;24
1666;49
1666;97
1667;18
1667;28
1667;42
1668;18
1668;28
1668;42
1669;18
1669;24
1669;48
1669;95
1669;161
1670;18
1670;35
1670;44
1670;88
1671;18
1671;28
1671;40
1671;183
1672;18
1672;35
1672;41
1673;2
1673;18
1673;21
1673;44
1673;195
1674;18
1674;21
1674;43
1674;85
1675;18
1675;21
1675;43
1676;18
1676;21
1676;43
1677;9
1677;18
1677;21
1677;47
1677;159
1677;164
1678;18
1678;21
1678;48
1678;144
1678;168
1679;17
1679;27
1679;76
1679;103
1679;173
1680;18
1680;21
1680;54
1680;80
1680;161
1681;18
1681;27
1681;55
1681;82
1681;167
1682;18
1682;28
1682;42
1683;18
1683;27
1683;71
1684;18
1684;32
1684;64
1685;18
1685;24
1685;49
1685;144
1685;160
1686;18
1686;21
1686;73
1686;98
1686;161
1687;18
1687;22
1687;43
1687;86
1688;18
1688;21
1688;43
1689;18
1689;21
1689;43
1689;192
1690;2
1690;19
1690;21
1690;63
1690;146
1690;167
1691;21
1691;63
1691;84
1692;9
1692;10
1692;21
1692;42
1692;84
1693;9
1693;10
1693;21
1693;42
1694;9
1694;15
1694;21
1694;45
1694;157
1695;9
1695;16
1695;21
1695;71
1695;95
1695;167
1696;16
1696;26
1696;75
1696;150
1697;16
1697;27
1697;54
1697;136
1697;163
1698;16
1698;26
1699;16
1699;27
1699;54
1699;108
1700;16
1700;26
1700;52
1700;104
1701;16
1701;25
1701;50
1701;151
1702;16
1702;24
1702;47
1702;141
1702;165
1703;9
1703;19
1703;20
1703;47
1703;142
1703;164
1704;19
1704;20
1704;47
1705;19
1705;20
1706;19
1706;26
1706;45
1706;201
1707;19
1707;26
1707;44
1707;174
1708;16
1708;21
1708;42
1708;84
1708;169
1709;19
1709;20
1709;41
1709;81
1709;162
1710;19
1710;38
1710;57
1711;16
1711;20
1711;43
1712;18
1712;28
1713;18
1713;21
1714;18
1714;21
1715;18
1715;28
1716;18
1716;21
1716;179
1717;18
1717;21
1717;42
1718;18
1718;21
1718;40
1719;18
1719;21
1719;72
1719;166
1720;17
1720;21
1720;75
1720;146
1720;162
1721;18
1721;21
1721;75
1721;148
1721;174
1722;18
1722;36
1722;72
1722;81
1722;162
1723;18
1723;27
1723;55
1723;82
1723;164
1724;9
1724;19
1724;22
1724;40
1724;82
1725;1
1725;18
1725;21
1726;9
1726;10
1726;27
1726;54
1726;135
1726;160
1727;9
1727;10
1727;27
1727;55
1727;134
1728;9
1728;10
1728;34
1728;66
1728;116
1729;9
1729;18
1729;28
1729;77
1729;102
1730;9
1730;18
1730;21
1730;73
1730;97
1731;18
1731;21
1731;47
1731;118
1732;18
1732;21
1732;71
1733;18
1733;21
1733;49
1733;122
1734;18
1734;21
1734;48
1734;127
1735;18
1735;21
1736;18
1736;21
1737;18
1737;25
1737;50
1737;142
1737;175
1738;18
1738;23
1738;47
1738;142
1738;166
1739;18
1739;21
1739;43
1740;18
1741;17
1741;22
1741;45
1742;18
1742;21
1742;43
1742;106
1743;18
1743;21
1743;41
1744;18
1744;21
1744;43
1744;198
1745;18
1745;21
1745;275
1746;18
1746;21
1746;48
1746;217
1747;18
1747;21
1747;51
1747;150
1748;17
1748;27
1748;51
1748;107
1749;18
1749;27
1749;108
1749;162
1750;18
1750;21
1750;54
1750;80
1750;161
1751;18
1751;35
1751;79
1751;80
1751;160
1752;18
1752;21
1752;72
1753;18
1753;20
1753;41
1754;18
1754;24
1754;50
1754;94
1755;18
1755;24
1755;49
1755;96
1756;18
1756;21
1756;43
1756;124
1757;18
1757;20
1757;43
1757;505
1758;17
1758;20
1758;509
1759;2
1759;18
1759;21
1759;46
1759;138
1760;21
1760;42
1761;9
1761;10
1761;21
1761;44
1762;9
1762;10
1763;9
1763;16
1763;21
1763;48
1763;144
1764;9
1764;16
1764;21
1764;48
1764;145
1764;169
1765;16
1765;27
1765;52
1765;159
1765;182
1766;16
1766;27
1766;73
1767;16
1767;21
1767;54
1767;135
1767;216
1768;16
1768;21
1769;16
1769;21
1770;16
1770;25
1770;50
1770;149
1771;16
1771;24
1771;47
1771;144
1771;167
1772;17
1772;21
1772;43
1773;21
1773;43
1773;150
1773;166
1774;19
1774;20
1774;42
1774;148
1774;163
1775;19
1775;20
1775;42
1775;83
1775;167
1776;16
1776;26
1776;42
1777;16
1777;20
1778;2
1778;16
1778;20
1778;47
1779;16
1779;20
1780;7
1780;10
1780;27
1780;46
1780;106
1781;4
1781;18
1781;28
1782;7
1782;10
1782;28
1782;51
1783;7
1783;18
1783;21
1784;7
1784;18
1784;28
1784;42
1784;80
1784;162
1785;7
1785;18
1785;28
1785;43
1786;7
1786;18
1786;21
1786;40
1787;7
1787;19
1787;20
1787;40
1788;7
1788;18
1788;21
1788;48
1788;159
1788;161
1789;7
1789;17
1789;21
1789;71
1789;118
1789;166
1790;7
1790;18
1790;21
1790;79
1790;80
1790;182
1791;7
1791;18
1791;28
1791;55
1791;82
1791;169
1792;7
1792;18
1792;27
1792;53
1792;80
1793;7
1793;10
1793;21
1793;54
1793;105
1794;4
1794;14
1794;21
1794;54
1794;134
1794;214
1795;7
1795;10
1795;21
1795;42
1795;158
1795;160
1796;4
1796;10
1796;21
1796;54
1796;135
1797;7
1797;17
1797;29
1797;42
1798;7
1798;18
1798;28
1798;65
1798;130
1798;162
1799;7
1799;18
1799;21
1799;67
1799;100
1799;233
1800;7
1800;18
1800;21
1800;67
1800;100
1801;7
1801;18
1801;21
1801;40
1802;7
1802;18
1802;21
1802;54
1803;7
1803;18
1803;28
1804;7
1804;18
1804;35
1804;63
1804;95
1805;7
1805;18
1805;21
1805;42
1806;7
1806;18
1806;28
1806;42
1806;81
1806;165
1807;7
1807;18
1807;26
1807;52
1807;155
1807;180
1808;7
1808;18
1808;27
1808;54
1808;81
1808;215
1809;7
1809;18
1809;28
1809;57
1810;7
1810;17
1810;26
1810;56
1810;80
1811;5
1811;18
1811;21
1812;4
1812;10
1812;26
1812;46
1812;189
1813;5
1813;18
1813;21
1813;43
1814;4
1814;18
1814;21
1814;43
1814;111
1815;4
1815;18
1815;21
1815;46
1815;113
1816;4
1816;18
1816;21
1816;49
1816;96
1817;5
1817;18
1817;21
1817;77
1818;4
1818;18
1818;26
1818;53
1819;4
1819;18
1819;27
1819;54
1819;82
1820;4
1820;18
1820;27
1820;53
1820;135
1820;160
1821;4
1821;18
1821;26
1821;54
1822;4
1822;18
1822;27
1823;4
1823;17
1823;21
1823;75
1823;150
1823;161
1824;4
1824;10
1824;24
1824;48
1824;143
1825;4
1825;18
1825;21
1825;63
1825;88
1826;4
1826;19
1826;39
1826;58
1826;136
1827;9
1827;14
1827;22
1827;55
1827;92
1828;5
1828;19
1828;21
1828;40
1829;4
1829;15
1829;22
1829;44
1829;108
1830;5
1830;10
1830;35
1830;42
1831;4
1831;10
1831;21
1832;5
1832;16
1832;21
1832;70
1832;140
1832;186
1833;5
1833;16
1833;21
1833;73
1833;98
1833;193
1834;5
1834;16
1834;26
1834;54
1834;81
1835;5
1835;16
1835;21
1835;54
1835;137
1835;165
1836;5
1836;16
1836;25
1836;51
1837;5
1837;16
1837;21
1838;5
1838;11
1838;21
1838;56
1838;95
1839;5
1839;11
1839;21
1839;42
1839;105
1840;5
1840;19
1840;20
1840;43
1840;97
1840;164
1841;5
1841;11
1841;20
1841;54
1841;91
1842;5
1842;19
1842;20
1842;53
1843;5
1843;11
1843;20
1844;5
1844;11
1844;20
1844;41
1844;96
1845;5
1845;11
1845;20
1845;53
1846;5
1846;11
1846;20
1846;79
1847;5
1847;11
1847;20
1847;71
1848;5
1848;11
1848;27
1848;41
1849;6
1849;18
1849;28
1849;56
1850;4
1850;18
1850;21
1850;41
1851;6
1851;18
1851;21
1851;43
1852;4
1852;18
1852;21
1852;83
1853;7
1853;18
1853;28
1853;43
1853;82
1854;7
1854;18
1854;36
1854;55
1855;7
1855;18
1855;36
1855;42
1855;109
1856;7
1856;18
1856;21
1856;133
1857;7
1857;18
1857;21
1857;76
1857;153
1857;174
1858;7
1858;18
1858;25
1858;74
1858;123
1858;172
1859;7
1859;17
1859;21
1859;77
1859;80
1859;160
1860;7
1860;18
1860;28
1860;54
1860;81
1860;168
1861;7
1861;15
1861;23
1861;51
1861;85
1861;163
1862;7
1862;17
1862;21
1862;53
1862;80
1862;237
1863;4
1863;14
1863;22
1863;53
1863;132
1863;184
1864;6
1864;10
1864;21
1864;51
1864;105
1864;210
1865;4
1865;10
1865;22
1865;40
1866;7
1866;18
1866;28
1866;54
1866;85
1866;197
1867;7
1867;18
1867;28
1867;62
1867;123
1867;215
1868;7
1868;18
1868;31
1868;63
1868;94
1868;314
1869;7
1869;18
1869;36
1869;65
1869;95
1870;7
1870;18
1870;21
1870;70
1870;139
1871;7
1871;18
1871;21
1871;52
1871;139
1871;181
1872;7
1872;18
1872;28
1872;63
1872;95
1873;7
1873;18
1873;35
1873;53
1873;158
1873;333
1874;7
1874;18
1874;35
1874;42
1874;84
1874;319
1875;7
1875;17
1875;27
1875;42
1875;105
1875;319
1876;7
1876;18
1876;27
1876;53
1876;132
1876;167
1877;7
1877;18
1877;27
1877;53
1877;81
1877;167
1878;7
1878;18
1878;30
1878;42
1878;85
1878;171
1879;8
1879;18
1879;26
1879;64
1879;105
1879;172
1880;5
1880;18
1880;21
1880;48
1880;118
1880;268
1881;5
1881;10
1881;21
1881;55
1881;80
1881;375
1882;4
1882;13
1882;27
1882;70
1882;83
1882;343
1883;5
1883;10
1883;21
1883;63
1883;82
1883;347
1884;4
1884;18
1884;26
1884;52
1884;90
1884;181
1885;4
1885;10
1885;21
1885;48
1885;145
1885;169
1886;5
1886;11
1886;21
1886;52
1886;86
1886;192
1887;4
1887;12
1887;21
1887;52
1887;85
1887;335
1888;4
1888;10
1888;21
1888;51
1888;147
1888;242
1889;4
1889;18
1889;27
1889;53
1889;146
1889;243
1890;4
1890;18
1890;27
1890;53
1890;159
1890;178
1891;4
1891;18
1891;35
1891;63
1891;96
1891;180
1892;4
1892;18
1892;24
1892;48
1892;84
1892;168
1893;4
1893;10
1893;25
1893;50
1893;84
1893;167
1894;4
1894;15
1894;26
1894;55
1894;86
1894;176
1895;5
1895;10
1895;26
1895;42
1895;139
1895;175
1896;5
1896;10
1896;21
1896;70
1896;115
1896;175
1897;2
1897;10
1897;21
1897;69
1897;86
1897;171
1898;9
1898;10
1898;23
1898;43
1898;86
1898;169
1899;3
1899;10
1899;27
1899;77
1899;120
1899;160
1900;2
1900;16
1900;27
1900;75
1900;112
1900;186
1901;2
1901;16
1901;21
1901;70
1901;105
1901;160
1902;2
1902;16
1902;21
1902;62
1902;93
1902;215
1903;2
1903;16
1903;21
1903;58
1903;128
1903;168
1904;2
1904;16
1904;21
1904;69
1904;84
1904;172
1905;3
1905;16
1905;27
1905;74
1905;92
1905;244
1906;5
1906;16
1906;27
1906;53
1906;131
1906;167
1907;2
1907;13
1907;23
1907;52
1907;126
1907;184
1908;4
1908;16
1908;24
1908;62
1908;102
1908;241
1909;4
1909;12
1909;27
1909;72
1909;116
1909;246
1910;2
1910;11
1910;23
1910;62
1910;127
1910;243
1911;5
1911;19
1911;20
1911;62
1911;130
1911;249
1912;2
1912;19
1912;20
1912;60
1912;129
1912;257
1913;6
1913;15
1913;20
1913;63
1913;127
1913;170
1914;3
1914;19
1914;26
1914;68
1914;105
1914;166
1915;6
1915;15
1915;21
1915;79
1915;121
1915;181
1916;3
1916;16
1916;26
1916;78
1916;87
1916;168
1917;3
1917;16
1917;21
1917;52
1917;144
1917;179
1918;7
1918;16
1918;20
1918;71
1918;107
1918;174
1919;7
1919;14
1919;20
1919;71
1919;108
1919;170
1920;7
1920;14
1920;28
1920;50
1920;150
1920;193
1921;7
1921;14
1921;21
1921;42
1921;155
1921;191
1922;7
1922;14
1922;21
1922;53
1922;157
1922;168
1923;7
1923;14
1923;21
1923;52
1923;161
1924;7
1924;14
1924;21
1924;50
1924;131
1924;249
1925;7
1925;14
1925;28
1925;42
1925;113
1926;7
1926;14
1926;28
1926;65
1926;95
1926;162
1927;7
1927;14
1927;21
1927;67
1927;100
1927;167
1928;7
1928;14
1928;21
1928;69
1928;104
1928;173
1929;7
1929;14
1929;28
1929;70
1929;144
1929;175
1930;7
1930;14
1930;22
1930;71
1930;144
1930;167
1931;7
1931;14
1931;28
1931;56
1931;145
1931;167
1932;7
1932;10
1932;21
1932;42
1932;142
1932;170
1933;7
1933;14
1933;28
1933;62
1933;159
1933;162
1934;7
1934;15
1934;35
1934;79
1934;80
1934;160
1935;7
1935;14
1935;36
1935;72
1935;144
1935;180
1936;7
1936;14
1936;28
1936;71
1936;141
1936;177
1937;7
1937;14
1937;28
1937;64
1937;159
1937;161
1938;7
1938;14
1938;28
1938;57
1938;107
1938;178
1939;7
1939;18
1939;32
1939;64
1939;127
1939;163
1940;7
1940;15
1940;30
1940;49
1940;121
1940;165
1941;5
1941;15
1941;21
1941;42
1941;157
1941;161
1942;7
1942;14
1942;21
1942;50
1942;177
1943;7
1943;14
1943;21
1943;69
1943;159
1943;165
1944;7
1944;14
1944;28
1944;64
1944;97
1944;193
1945;7
1945;14
1945;21
1945;61
1945;157
1945;179
1946;7
1946;14
1946;21
1946;63
1946;83
1946;231
1947;7
1947;10
1947;21
1947;40
1947;83
1947;170
1948;3
1948;13
1948;26
1948;53
1948;155
1948;180
1949;4
1949;18
1949;26
1949;53
1949;106
1949;342
1950;4
1950;18
1950;27
1950;55
1950;135
1950;165
1951;4
1951;13
1951;22
1951;53
1951;136
1951;165
1952;4
1952;13
1952;33
1952;68
1952;133
1952;167
1953;4
1953;13
1953;34
1953;68
1953;137
1953;170
1954;4
1954;13
1954;36
1954;72
1954;143
1954;179
1955;4
1955;18
1955;35
1955;69
1955;103
1955;173
1956;4
1956;13
1956;33
1956;43
1956;132
1956;164
1957;4
1957;13
1957;27
1957;71
1957;144
1957;179
1958;4
1958;13
1958;36
1958;72
1958;109
1958;174
1959;4
1959;13
1959;22
1959;65
1959;129
1959;162
1960;9
1960;15
1960;22
1960;65
1960;129
1960;160
1961;9
1961;13
1961;29
1961;62
1961;95
1961;160
1962;9
1962;13
1962;28
1962;42
1962;82
1962;168
1963;9
1963;13
1963;27
1963;54
1963;135
1963;217
1964;9
1964;18
1964;27
1964;54
1964;134
1964;215
1965;9
1965;18
1965;21
1965;40
1965;134
1965;160
1966;9
1966;13
1966;25
1966;40
1966;108
1966;213
1967;9
1967;10
1967;27
1967;44
1967;125
1967;212
1968;9
1968;18
1968;27
1968;40
1968;159
1968;213
1969;4
1969;18
1969;32
1969;68
1969;136
1969;169
1970;5
1970;18
1970;32
1970;70
1970;141
1970;173
1971;5
1971;18
1971;27
1971;72
1971;143
1971;179
1972;5
1972;18
1972;27
1972;69
1972;143
1972;176
1973;5
1973;11
1973;36
1973;65
1973;131
1973;160
1974;5
1974;11
1974;31
1974;53
1974;126
1974;181
1975;5
1975;14
1975;32
1975;40
1975;127
1975;280
1976;5
1976;10
1976;21
1976;64
1976;129
1976;161
1977;6
1977;10
1977;22
1977;40
1977;127
1977;208
1978;7
1978;12
1978;39
1978;40
1978;142
1978;240
1979;7
1979;17
1979;39
1979;40
1979;143
1979;240
1980;7
1980;14
1980;36
1980;40
1980;141
1980;202
1981;7
1981;13
1981;26
1981;52
1981;141
1981;185
1982;7
1982;13
1982;32
1982;55
1982;159
1982;191
1983;7
1983;13
1983;32
1983;54
1983;150
1983;190
1984;4
1984;13
1984;27
1984;53
1984;159
1984;187
1985;7
1985;13
1985;27
1985;54
1985;159
1985;160
1986;8
1986;15
1986;35
1986;72
1986;154
1986;166
1987;7
1987;14
1987;35
1987;71
1987;145
1987;168
1988;7
1988;14
1988;24
1988;73
1988;85
1988;168
1989;7
1989;14
1989;21
1989;42
1989;85
1989;176
1990;7
1990;14
1990;20
1990;43
1990;121
1990;160
1991;7
1991;14
1991;35
1991;51
1991;154
1991;176
1992;7
1992;15
1992;25
1992;52
1992;154
1992;182
1993;7
1993;14
1993;26
1993;51
1993;155
1993;169
1994;7
1994;14
1994;21
1994;50
1994;159
1994;160
1995;7
1995;14
1995;21
1995;52
1995;142
1995;169
1996;7
1996;14
1996;25
1996;77
1996;156
1996;176
1997;7
1997;13
1997;26
1997;78
1997;80
1997;168
1998;7
1998;13
1998;21
1998;42
1998;141
1999;7
1999;13
1999;21
1999;71
1999;141
1999;160
2000;7
2000;14
2000;24
2000;74
2000;147
2000;171
2001;5
2001;12
2001;20
2001;75
2001;144
2001;186
2002;7
2002;14
2002;37
2002;74
2002;80
2002;160
2003;5
2003;10
2003;20
2003;77
2003;102
2003;160
2004;7
2004;12
2004;38
2004;74
2004;96
2005;7
2005;14
2005;37
2005;70
2005;92
2005;171
2006;7
2006;18
2006;28
2006;43
2006;92
2007;7
2007;14
2007;28
2007;42
2007;99
2007;160
2008;7
2008;14
2008;28
2008;53
2008;130
2009;7
2009;14
2009;28
2009;42
2009;105
2010;3
2010;14
2010;28
2010;49
2010;125
2010;177
2011;7
2011;14
2011;28
2011;42
2011;113
2012;7
2012;14
2012;28
2012;49
2012;142
2012;174
2013;7
2013;17
2013;28
2013;69
2013;142
2013;175
2014;7
2014;18
2014;28
2014;42
2014;140
2014;171
2015;7
2015;14
2015;35
2015;62
2015;145
2015;166
2016;6
2016;10
2016;22
2016;40
2016;125
2016;170
2017;5
2017;13
2017;20
2017;44
2017;141
2017;187
2018;4
2018;13
2018;21
2018;43
2018;140
2018;176
2019;4
2019;18
2019;22
2019;71
2019;137
2019;181
2020;4
2020;10
2020;36
2020;40
2020;158
2020;162
2021;4
2021;18
2021;27
2021;49
2021;152
2021;160
2022;4
2022;13
2022;26
2022;70
2022;144
2022;168
2023;4
2023;18
2023;26
2023;52
2023;103
2024;4
2024;13
2024;26
2024;52
2024;105
2024;164
2025;4
2025;18
2025;22
2025;52
2025;132
2025;166
2026;4
2026;13
2026;22
2026;51
2026;80
2026;160
2027;4
2027;10
2027;26
2027;79
2027;105
2027;186
2028;4
2028;18
2028;26
2028;77
2028;80
2028;160
2029;9
2029;14
2029;26
2029;79
2029;158
2029;162
2030;9
2030;10
2030;26
2030;78
2030;142
2030;161
2031;9
2031;13
2031;22
2031;78
2031;141
2031;171
2032;9
2032;10
2032;27
2032;47
2032;119
2032;189
2033;9
2033;19
2033;21
2033;72
2033;118
2033;166
2034;9
2034;13
2034;21
2034;71
2034;149
2035;8
2035;10
2035;37
2035;72
2035;94
2035;193
2036;9
2036;10
2036;37
2036;79
2036;80
2036;170
2037;9
2037;11
2037;26
2037;78
2037;133
2037;160
2038;5
2038;11
2038;21
2038;78
2038;80
2039;5
2039;10
2039;21
2039;51
2039;127
2040;5
2040;11
2040;21
2040;71
2040;94
2041;5
2041;10
2041;21
2041;70
2041;94
2042;5
2042;11
2042;21
2042;53
2042;158
2042;160
2043;5
2043;11
2043;21
2043;58
2044;5
2044;11
2044;21
2044;47
2044;131
2044;249
2045;5
2045;11
2045;26
2045;48
2045;103
2045;176
2046;7
2046;13
2046;20
2046;46
2046;126
2046;169
2047;7
2047;13
2047;22
2047;72
2047;138
2047;161
2048;6
2048;15
2048;25
2048;79
2048;136
2048;175
2049;7
2049;13
2049;26
2049;69
2049;133
2049;182
2050;7
2050;13
2050;27
2050;71
2050;115
2050;178
2051;7
2051;13
2051;20
2051;78
2051;81
2051;165
2052;6
2052;14
2052;27
2052;46
2052;106
2052;165
2053;3
2053;13
2053;20
2053;70
2053;106
2053;178
2054;7
2054;13
2054;25
2054;72
2054;143
2054;165
2055;4
2055;14
2055;28
2055;66
2055;142
2055;166
2056;7
2056;14
2056;28
2056;49
2056;142
2056;173
2057;7
2057;14
2057;35
2057;72
2057;153
2057;175
2058;7
2058;18
2058;28
2058;42
2058;155
2058;191
2059;7
2059;18
2059;28
2059;53
2059;158
2059;168
2060;7
2060;14
2060;28
2060;51
2060;102
2060;178
2061;7
2061;14
2061;24
2061;48
2061;131
2061;249
2062;7
2062;14
2062;28
2062;43
2062;89
2062;171
2063;7
2063;14
2063;28
2063;72
2063;80
2063;175
2064;7
2064;14
2064;21
2064;66
2064;99
2064;166
2065;7
2065;14
2065;21
2065;71
2065;107
2065;178
2066;7
2066;14
2066;28
2066;70
2066;105
2066;175
2067;7
2067;14
2067;22
2067;72
2067;108
2067;179
2068;7
2068;14
2068;21
2068;70
2068;141
2068;179
2069;7
2069;13
2069;21
2069;58
2069;158
2069;160
2070;7
2070;14
2070;21
2070;50
2070;125
2070;191
2071;7
2071;14
2071;35
2071;71
2071;143
2071;220
2072;4
2072;14
2072;36
2072;72
2072;142
2072;177
2073;7
2073;14
2073;35
2073;71
2073;106
2073;211
2074;7
2074;14
2074;33
2074;65
2074;142
2074;195
2075;7
2075;14
2075;32
2075;57
2075;158
2075;160
2076;7
2076;14
2076;33
2076;65
2076;130
2076;161
2077;7
2077;14
2077;28
2077;64
2077;97
2077;161
2078;7
2078;10
2078;21
2078;53
2078;128
2078;170
2079;7
2079;14
2079;28
2079;50
2079;96
2079;177
2080;7
2080;15
2080;31
2080;64
2080;159
2080;164
2081;7
2081;14
2081;32
2081;70
2081;94
2081;161
2082;7
2082;14
2082;28
2082;57
2082;86
2082;173
2083;7
2083;14
2083;21
2083;63
2083;84
2083;166
2084;7
2084;14
2084;28
2084;62
2084;139
2084;172
2085;5
2085;13
2085;26
2085;52
2085;142
2085;163
2086;4
2086;13
2086;22
2086;54
2086;141
2087;4
2087;13
2087;26
2087;53
2087;124
2087;209
2088;4
2088;14
2088;28
2088;53
2088;141
2088;210
2089;4
2089;13
2089;34
2089;68
2089;135
2089;238
2090;4
2090;13
2090;35
2090;71
2090;107
2090;324
2091;4
2091;18
2091;22
2091;73
2091;110
2091;364
2092;4
2092;18
2092;22
2092;47
2092;94
2092;329
2093;4
2093;18
2093;32
2093;65
2093;98
2093;326
2094;4
2094;18
2094;32
2094;64
2094;97
2094;162
2095;4
2095;18
2095;22
2095;64
2095;159
2095;161
2096;4
2096;18
2096;22
2096;40
2096;117
2096;175
2097;4
2097;17
2097;33
2097;67
2097;101
2097;170
2098;9
2098;18
2098;32
2098;64
2098;159
2098;222
2099;9
2099;13
2099;32
2099;63
2099;158
2099;221
2100;9
2100;13
2100;31
2100;59
2100;84
2100;171
2101;9
2101;17
2101;22
2101;44
2101;84
2101;210
2102;9
2102;13
2102;21
2102;72
2102;80
2102;165
2103;9
2103;13
2103;31
2103;40
2103;126
2104;9
2104;10
2104;27
2104;40
2104;125
2104;186
2105;9
2105;13
2105;26
2105;71
2106;5
2106;11
2106;20
2106;57
2106;135
2106;163
2107;5
2107;10
2107;32
2107;76
2107;125
2107;176
2108;5
2108;11
2108;27
2108;79
2108;81
2108;168
2109;5
2109;11
2109;27
2109;53
2109;133
2109;163
2110;5
2110;10
2110;26
2110;53
2110;159
2110;160
2111;5
2111;11
2111;32
2111;53
2111;131
2111;162
2112;5
2112;11
2112;35
2112;42
2112;139
2112;181
2113;5
2113;11
2113;39
2113;40
2113;155
2113;160
2114;5
2114;10
2114;23
2114;45
2114;113
2114;202
2115;7
2115;13
2115;26
2115;41
2115;80
2115;240
2116;7
2116;13
2116;39
2116;40
2116;141
2116;160
2117;6
2117;13
2117;35
2117;40
2117;141
2117;179
2118;7
2118;13
2118;36
2118;40
2118;140
2118;180
2119;7
2119;13
2119;32
2119;43
2119;159
2119;223
2120;7
2120;17
2120;31
2120;46
2120;159
2120;160
2121;5
2121;13
2121;27
2121;47
2121;159
2121;169
2122;7
2122;13
2122;27
2122;71
2122;159
2122;425
2123;5
2123;10
2123;24
2123;72
2123;120
2123;165
2124;7
2124;14
2124;35
2124;50
2124;146
2124;168
2125;7
2125;14
2125;24
2125;74
2125;84
2125;167
2126;7
2126;14
2126;21
2126;42
2126;93
2126;176
2127;7
2127;14
2127;20
2127;53
2127;86
2127;172
2128;7
2128;14
2128;35
2128;51
2128;82
2128;375
2129;7
2129;14
2129;26
2129;52
2129;154
2129;169
2130;7
2130;14
2130;26
2130;52
2130;128
2130;169
2131;7
2131;14
2131;21
2131;52
2131;154
2131;176
2132;7
2132;14
2132;21
2132;52
2132;141
2132;175
2133;7
2133;14
2133;35
2133;78
2133;141
2133;180
2134;7
2134;14
2134;26
2134;78
2134;151
2134;168
2135;7
2135;13
2135;21
2135;42
2135;80
2135;169
2136;7
2136;14
2136;21
2136;71
2136;159
2136;160
2137;7
2137;14
2137;24
2137;73
2137;148
2137;160
2138;6
2138;10
2138;20
2138;73
2138;144
2138;169
2139;7
2139;10
2139;37
2139;78
2139;80
2139;170
2140;6
2140;10
2140;21
2140;77
2140;80
2140;166
2141;3
2141;14
2141;28
2141;75
2141;147
2142;2
2142;14
2142;28
2142;69
2142;92
2142;171
2143;7
2143;14
2143;28
2143;47
2143;95
2144;7
2144;14
2144;28
2144;42
2144;99
2145;7
2145;14
2145;28
2145;53
2145;132
2146;7
2146;14
2146;28
2146;42
2146;105
2147;5
2147;14
2147;28
2147;50
2147;131
2147;176
2148;7
2148;14
2148;28
2148;43
2148;92
2149;7
2149;15
2149;28
2149;42
2149;141
2149;174
2150;7
2150;14
2150;28
2150;49
2150;142
2150;172
2151;7
2151;14
2151;22
2151;42
2151;141
2151;171
2152;7
2152;14
2152;35
2152;62
2152;83
2152;167
2153;6
2153;15
2153;20
2153;62
2153;126
2153;170
2154;5
2154;13
2154;27
2154;44
2154;141
2155;4
2155;13
2155;22
2155;41
2155;140
2155;176
2156;4
2156;13
2156;22
2156;53
2156;141
2156;181
2157;4
2157;18
2157;35
2157;40
2157;159
2157;160
2158;4
2158;10
2158;31
2158;49
2158;157
2158;160
2159;4
2159;18
2159;25
2159;70
2159;138
2159;171
2160;4
2160;13
2160;22
2160;76
2160;127
2160;177
2161;4
2161;13
2161;22
2161;52
2161;105
2162;4
2162;10
2162;35
2162;40
2162;132
2162;165
2163;4
2163;10
2163;22
2163;51
2163;80
2163;160
2164;4
2164;10
2164;25
2164;75
2164;80
2164;160
2165;4
2165;13
2165;26
2165;78
2165;80
2165;160
2166;9
2166;13
2166;38
2166;52
2166;132
2166;163
2167;9
2167;13
2167;27
2167;52
2167;158
2167;161
2168;9
2168;13
2168;26
2168;78
2168;118
2168;189
2169;4
2169;18
2169;26
2169;71
2169;109
2169;189
2170;9
2170;19
2170;22
2170;47
2170;118
2170;166
2171;9
2171;13
2171;21
2171;72
2171;131
2172;8
2172;13
2172;25
2172;71
2172;94
2172;171
2173;9
2173;10
2173;24
2173;78
2173;101
2173;168
2174;9
2174;13
2174;38
2174;78
2174;133
2174;160
2175;4
2175;13
2175;39
2175;78
2175;80
2175;162
2176;2
2176;13
2176;39
2176;77
2176;103
2176;169
2177;2
2177;13
2177;37
2177;71
2177;95
2177;168
2178;2
2178;12
2178;35
2178;70
2178;93
2179;1
2179;12
2179;23
2179;73
2179;159
2179;160
2180;12
2180;25
2180;71
2180;103
2181;12
2181;26
2181;79
2181;131
2181;169
2182;24
2182;103
2182;215
2183;15
2183;24
2183;45
2183;136
2183;163
2184;5
2184;16
2184;27
2184;41
2184;138
2184;162
2185;19
2185;24
2185;45
2185;136
2185;188
2186;26
2186;66
2186;136
2186;160
2187;24
2187;76
2187;118
2187;164
2188;17
2188;27
2188;49
2188;94
2188;181
2189;14
2189;25
2189;50
2189;107
2189;166
2190;18
2190;26
2190;60
2190;94
2190;173
2191;19
2191;26
2191;59
2191;128
2192;39
2192;73
2192;128
2192;179
2193;61
2193;91
2194;3
2194;60
2195;4
2195;10
2196;5
2196;10
2196;25
2197;3
2369;19
2369;63
2370;19
2370;63
2373;13
2373;34
2373;266
2374;15
2374;21
2374;62
2374;181
2375;14
2375;69
2375;84
2375;172
2376;77
2377;14
2377;35
2447;9
2447;13
2447;21
2447;60
2447;81
2448;6
2448;14
2448;26
2448;54
2448;92
2449;12
2449;20
2449;42
2449;92
2450;7
2450;19
2450;20
2450;96
2451;6
2451;19
2451;20
2451;97
2452;7
2452;19
2452;20
2456;14
2456;36
2457;9
2457;19
2457;20
2457;64
2457;104
2458;19
2458;20
2458;42
2459;6
2459;18
2459;31
2459;40
2460;7
2460;18
2460;39
2461;6
2461;13
2467;12
2467;23
2468;9
2468;19
2468;20
2469;6
2469;12
2469;20
2470;12
2470;20
2471;12
2474;14
2474;20
2475;12
2475;21
2475;57
2476;9
2476;19
2476;20
2476;69
2477;9
2477;14
2477;20
2477;44
2478;6
2478;12
2479;6
2479;18
2481;9
2481;19
2481;20
2481;63
2481;89
2482;9
2482;19
2482;20
2482;68
2482;87
2483;9
2483;13
2483;20
2483;69
2483;88
2484;19
2484;20
2484;68
2484;109
2485;20
2485;68
2505;8
2505;10
2505;24
2506;7
2506;14
2506;28
2507;7
2507;14
2507;21
2508;7
2508;14
2508;21
2509;7
2509;14
2509;20
2510;7
2510;14
2510;21
2510;53
2511;7
2511;16
2511;28
2512;7
2512;14
2512;32
2512;42
2513;7
2513;14
2513;21
2514;6
2514;17
2514;24
2514;62
2514;93
2515;7
2515;18
2515;21
2515;63
2515;94
2516;7
2516;21
2516;77
2516;85
2517;3
2517;14
2517;26
2517;78
2517;105
2518;7
2518;11
2518;27
2518;54
2518;107
2519;7
2519;52
2520;7
2520;85
2521;7
2521;18
2522;9
2522;11
2522;27
2522;40
2522;126
2523;7
2523;14
2523;22
2523;67
2523;86
2524;7
2524;14
2524;22
2524;66
2524;85
2524;171
2525;7
2525;14
2525;23
2525;69
2526;7
2526;14
2526;28
2526;70
2527;7
2527;14
2527;28
2527;53
2527;132
2527;172
2528;7
2528;17
2528;20
2528;59
2528;138
2529;7
2529;18
2529;21
2529;56
2529;81
2529;160
2530;7
2530;14
2530;28
2530;71
2530;83
2531;7
2531;11
2531;21
2531;70
2531;141
2531;163
2532;7
2532;14
2532;21
2532;69
2532;141
2533;7
2533;14
2533;21
2533;64
2533;141
2533;160
2534;7
2534;17
2534;21
2534;62
2534;86
2534;285
2535;6
2535;10
2535;21
2535;52
2535;85
2535;169
2536;5
2536;10
2536;26
2536;52
2536;159
2536;183
2537;4
2537;10
2537;22
2537;52
2537;121
2537;183
2538;4
2538;10
2538;22
2538;67
2538;181
2539;4
2539;10
2539;23
2539;63
2539;127
2540;4
2540;10
2540;22
2540;135
2541;4
2541;13
2541;22
2541;87
2541;170
2542;4
2542;10
2542;35
2542;76
2542;98
2542;214
2543;4
2543;10
2543;22
2543;64
2543;97
2543;170
2544;4
2544;10
2544;22
2544;69
2544;113
2544;166
2545;4
2545;13
2545;35
2545;58
2545;84
2545;171
2546;4
2546;13
2546;22
2546;69
2546;135
2546;170
2547;4
2547;10
2547;22
2547;58
2547;105
2547;239
2548;5
2548;13
2548;22
2548;53
2548;148
2548;160
2549;9
2549;10
2549;21
2549;62
2549;91
2549;214
2550;9
2550;10
2550;21
2550;62
2550;120
2550;173
2551;9
2551;21
2551;64
2551;99
2551;172
2552;9
2552;10
2552;53
2552;84
2552;172
2553;6
2553;10
2553;26
2553;58
2553;113
2553;172
2554;5
2554;14
2554;26
2554;53
2554;138
2554;222
2555;3
2555;35
2555;52
2555;135
2555;167
2556;9
2556;10
2556;20
2556;62
2556;155
2556;242
2557;6
2557;18
2557;26
2557;61
2557;154
2557;247
2558;5
2558;19
2558;20
2558;62
2558;83
2558;242
2559;5
2559;18
2559;27
2559;63
2559;84
2559;249
2560;5
2560;18
2560;27
2560;60
2560;81
2560;249
2561;5
2561;18
2561;36
2561;67
2561;121
2561;163
2562;5
2562;10
2562;26
2562;67
2563;5
2563;10
2563;21
2563;67
2563;80
2563;241
2564;5
2564;10
2564;39
2564;40
2564;80
2564;240
2565;5
2565;10
2565;26
2565;41
2565;240
2566;7
2566;10
2566;39
2566;40
2566;96
2566;240
2567;7
2567;13
2567;39
2567;40
2567;80
2567;240
2568;6
2568;13
2568;35
2568;40
2568;83
2568;160
2569;7
2569;13
2569;20
2569;40
2570;6
2570;13
2570;31
2570;40
2570;90
2570;191
2571;6
2571;13
2571;31
2571;40
2571;159
2572;4
2572;13
2572;27
2572;54
2572;158
2573;6
2573;13
2573;27
2574;6
2574;13
2574;32
2574;40
2575;7
2575;32
