2;9
2;13
2;36
2;60
2;154
2;179
3;9
3;11
3;32
3;52
3;147
3;173
4;9
4;11
4;32
4;63
4;154
4;300
5;7
5;10
5;30
5;79
5;93
5;265
6;4
6;19
6;24
6;74
6;139
6;266
7;2
7;16
7;28
7;70
7;98
7;277
8;0
8;19
8;28
8;55
8;84
8;280
9;1
9;17
9;31
9;62
9;94
9;372
10;2
10;12
10;32
10;64
10;127
10;286
11;8
11;17
11;37
11;71
11;99
11;293
12;0
12;11
12;32
12;63
12;95
12;287
13;1
13;13
13;36
13;72
13;99
13;325
14;7
14;18
14;36
14;71
14;107
14;284
15;6
15;13
15;39
15;42
15;154
15;163
16;9
16;10
16;34
16;43
16;107
16;382
17;2
17;15
17;28
17;56
17;112
17;169
18;9
18;14
18;28
18;57
18;140
18;167
19;8
19;14
19;28
19;56
19;84
19;167
20;9
20;18
20;27
20;42
20;112
20;169
21;8
21;14
21;28
21;42
21;114
21;169
22;8
22;14
22;21
22;58
22;121
22;370
23;8
23;14
23;21
23;42
23;148
23;243
24;8
24;15
24;36
24;42
24;107
24;178
25;8
25;19
25;34
25;42
25;140
25;320
26;8
26;14
26;35
26;41
26;104
26;178
27;1
27;14
27;34
27;41
27;105
27;171
28;2
28;14
28;35
28;42
28;105
28;169
29;9
29;14
29;28
29;56
29;152
29;179
30;8
30;14
30;28
30;57
30;85
30;171
31;9
31;18
31;21
31;42
31;148
31;169
32;8
32;14
32;21
32;42
32;85
32;169
33;8
33;14
33;21
33;42
33;85
33;370
34;8
34;14
34;21
34;42
34;84
34;487
35;8
35;15
35;36
35;42
35;107
35;178
36;8
36;15
36;36
36;71
36;106
36;209
37;8
37;14
37;35
37;42
37;105
37;178
38;2
38;14
38;35
38;42
38;105
38;321
39;3
39;14
39;35
39;41
39;105
39;178
40;3
40;14
40;36
40;42
40;105
40;194
41;2
41;14
41;35
41;41
41;105
41;179
42;5
42;14
42;35
42;41
42;149
42;180
43;2
43;14
43;37
43;50
43;137
43;179
44;3
44;13
44;35
44;56
44;152
44;184
45;1
45;17
45;38
45;40
45;83
45;177
46;9
46;18
46;21
46;45
46;81
46;283
47;9
47;14
47;21
47;45
47;152
47;180
48;8
48;14
48;28
48;56
48;83
48;190
49;7
49;14
49;29
49;57
49;85
49;201
50;8
50;14
50;31
50;42
50;94
50;221
51;9
51;14
51;32
51;42
51;95
51;220
52;8
52;14
52;32
52;63
52;126
52;253
53;8
53;15
53;35
53;42
53;93
53;178
54;9
54;19
54;35
54;43
54;134
54;238
55;9
55;10
55;35
55;54
55;94
55;218
56;1
56;15
56;38
56;43
56;81
56;181
57;2
57;15
57;33
57;40
57;132
57;473
58;9
58;14
58;29
58;56
58;142
58;235
59;8
59;14
59;28
59;56
59;111
59;224
60;9
60;15
60;28
60;56
60;141
60;169
61;8
61;14
61;21
61;56
61;85
61;170
62;9
62;14
62;28
62;42
62;140
62;168
63;8
63;14
63;28
63;57
63;85
63;198
64;8
64;14
64;35
64;58
64;107
64;178
65;9
65;19
65;30
65;60
65;89
65;179
66;8
66;16
66;34
66;51
66;159
66;163
67;3
67;14
67;29
67;56
67;124
67;362
68;2
68;10
68;29
68;41
68;144
68;510
69;9
69;11
69;39
69;40
69;131
69;284
70;8
70;11
70;21
70;78
70;94
70;292
71;9
71;10
71;31
71;62
71;94
71;281
72;8
72;16
72;32
72;71
72;106
72;178
73;9
73;16
73;32
73;71
73;143
73;178
74;9
74;16
74;32
74;48
74;94
74;362
75;8
75;16
75;31
75;57
75;142
75;283
76;9
76;15
76;33
76;48
76;150
76;161
77;8
77;12
77;35
77;42
77;95
77;204
78;8
78;12
78;28
78;56
78;84
78;169
79;8
79;18
79;29
79;59
79;88
79;174
80;9
80;18
80;36
80;56
80;84
80;168
81;8
81;18
81;36
81;43
81;84
81;169
82;9
82;18
82;36
82;57
82;84
82;169
83;7
83;18
83;28
83;56
83;85
83;457
84;8
84;17
84;28
84;56
84;85
84;170
85;8
85;18
85;35
85;42
85;105
85;170
86;4
86;18
86;35
86;42
86;105
86;172
87;2
87;18
87;34
87;41
87;105
87;172
88;8
88;12
88;24
88;59
88;156
88;164
89;8
89;12
89;24
89;41
89;151
89;226
90;8
90;18
90;36
90;53
90;89
90;161
91;9
91;18
91;36
91;54
91;90
91;162
92;8
92;18
92;36
92;47
92;119
92;190
93;9
93;18
93;36
93;57
93;85
93;169
94;7
94;18
94;28
94;56
94;85
94;457
95;8
95;17
95;28
95;51
95;85
95;165
96;8
96;18
96;35
96;42
96;97
96;170
97;3
97;18
97;35
97;42
97;85
97;170
98;4
98;18
98;35
98;41
98;105
98;171
99;8
99;18
99;35
99;41
99;156
99;181
100;9
100;12
100;35
100;42
100;132
100;183
101;9
101;11
101;36
101;56
101;143
101;176
102;3
102;10
102;35
102;41
102;98
102;183
103;4
103;10
103;29
103;42
103;155
103;176
104;9
104;16
104;38
104;42
104;159
104;167
105;8
105;11
105;25
105;44
105;108
105;268
106;9
106;12
106;31
106;45
106;80
106;390
107;8
107;12
107;29
107;57
107;140
107;365
108;8
108;18
108;32
108;63
108;95
108;348
109;8
109;18
109;32
109;63
109;95
109;285
110;8
110;18
110;31
110;63
110;126
110;345
111;8
111;18
111;32
111;64
111;159
111;286
112;8
112;18
112;31
112;57
112;85
112;286
113;8
113;17
113;28
113;56
113;85
113;289
114;8
114;19
114;34
114;55
114;151
114;290
115;7
115;18
115;29
115;64
115;128
115;276
116;4
116;18
116;35
116;70
116;134
116;279
117;9
117;12
117;33
117;49
117;137
117;389
118;8
118;12
118;24
118;79
118;80
118;169
119;8
119;18
119;35
119;54
119;89
119;225
120;8
120;18
120;36
120;53
120;89
120;161
121;8
121;18
121;28
121;47
121;141
121;168
122;8
122;18
122;28
122;56
122;140
122;281
123;8
123;18
123;28
123;56
123;85
123;466
124;9
124;17
124;28
124;57
124;127
124;458
125;8
125;17
125;28
125;56
125;112
125;308
126;2
126;18
126;28
126;57
126;84
126;307
127;3
127;13
127;33
127;46
127;158
127;165
128;9
128;18
128;27
128;56
128;84
128;498
129;9
129;18
129;32
129;64
129;159
129;285
130;9
130;13
130;34
130;69
130;139
130;161
131;9
131;13
131;35
131;71
131;106
131;283
132;9
132;18
132;36
132;42
132;115
132;262
133;9
133;18
133;35
133;60
133;121
133;247
134;9
134;18
134;28
134;56
134;140
134;168
135;8
135;19
135;28
135;43
135;118
135;253
136;9
136;10
136;28
136;57
136;142
136;170
137;9
137;10
137;20
137;56
137;84
137;168
138;9
138;14
138;28
138;55
138;82
138;165
139;9
139;10
139;28
139;57
139;85
139;173
140;9
140;10
140;22
140;43
140;84
140;181
141;9
141;10
141;24
141;47
141;95
141;359
142;9
142;10
142;24
142;48
142;118
142;190
143;8
143;11
143;35
143;41
143;93
143;166
144;9
144;10
144;34
144;41
144;105
144;172
145;9
145;19
145;35
145;42
145;105
145;166
146;9
146;18
146;29
146;57
146;158
146;166
147;9
147;10
147;29
147;58
147;144
147;291
148;9
148;10
148;32
148;63
148;158
148;284
149;9
149;14
149;28
149;42
149;85
149;506
150;9
150;10
150;32
150;64
150;126
150;283
151;9
151;10
151;32
151;63
151;95
151;285
152;9
152;19
152;24
152;63
152;95
152;286
153;9
153;19
153;32
153;47
153;95
153;315
154;8
154;19
154;23
154;47
154;110
154;321
155;9
155;19
155;23
155;46
155;95
155;274
156;8
156;14
156;32
156;63
156;95
156;276
157;9
157;19
157;36
157;64
157;96
157;320
158;9
158;14
158;35
158;41
158;94
158;278
159;9
159;19
159;35
159;42
159;95
159;320
160;9
160;19
160;36
160;42
160;95
160;320
161;9
161;19
161;35
161;42
161;127
161;160
162;9
162;14
162;35
162;42
162;95
162;319
163;8
163;19
163;35
163;41
163;95
163;318
164;9
164;19
164;24
164;52
164;131
164;184
165;8
165;11
165;21
165;53
165;153
165;212
166;9
166;10
166;21
166;53
166;85
166;165
167;8
167;16
167;32
167;47
167;95
167;191
168;7
168;16
168;32
168;48
168;95
168;191
169;8
169;16
169;32
169;47
169;95
169;169
170;9
170;10
170;32
170;54
170;106
170;160
171;9
171;11
171;31
171;47
171;107
171;163
172;8
172;17
172;26
172;52
172;149
172;163
173;4
173;10
173;31
173;72
173;144
173;282
174;4
174;19
174;21
174;71
174;132
174;282
175;8
175;10
175;22
175;40
175;94
175;490
176;8
176;11
176;30
176;60
176;90
176;176
177;8
177;10
177;36
177;72
177;108
177;302
178;8
178;16
178;32
178;42
178;84
178;480
179;9
179;11
179;31
179;47
179;147
179;169
180;8
180;11
180;35
180;71
180;107
180;289
181;9
181;11
181;35
181;71
181;106
181;353
182;9
182;11
182;35
182;71
182;106
182;274
183;9
183;11
183;35
183;71
183;106
183;283
184;8
184;11
184;35
184;71
184;106
184;273
185;4
185;10
185;36
185;71
185;143
185;380
186;2
186;11
186;36
186;71
186;106
186;479
187;2
187;12
187;33
187;64
187;106
187;166
188;2
188;17
188;31
188;63
188;94
188;220
189;2
189;18
189;28
189;57
189;85
189;169
190;3
190;15
190;28
190;42
190;84
190;226
191;1
191;16
191;36
191;42
191;106
191;289
192;2
192;12
192;35
192;42
192;106
192;178
193;2
193;19
193;28
193;56
193;84
193;280
194;8
194;14
194;28
194;57
194;99
194;179
195;8
195;14
195;28
195;42
195;85
195;361
196;8
196;14
196;21
196;42
196;148
196;169
197;8
197;14
197;21
197;42
197;85
197;169
198;8
198;14
198;21
198;42
198;85
198;370
199;8
199;14
199;21
199;42
199;147
199;321
200;8
200;19
200;36
200;42
200;107
200;178
201;8
201;15
201;36
201;42
201;105
201;211
202;8
202;14
202;35
202;42
202;104
202;178
203;8
203;14
203;35
203;42
203;105
203;321
204;8
204;14
204;35
204;41
204;105
204;168
205;8
205;14
205;28
205;56
205;98
205;179
206;8
206;14
206;28
206;42
206;85
206;314
207;8
207;15
207;21
207;42
207;148
207;169
208;8
208;19
208;21
208;42
208;85
208;169
209;8
209;14
209;21
209;42
209;85
209;370
210;8
210;14
210;21
210;42
210;146
210;321
211;8
211;14
211;36
211;42
211;106
211;178
212;8
212;15
212;33
212;42
212;106
212;331
213;8
213;14
213;35
213;42
213;107
213;178
214;9
214;14
214;35
214;42
214;105
214;321
215;9
215;14
215;21
215;41
215;109
215;213
216;2
216;19
216;31
216;63
216;94
216;180
217;0
217;12
217;32
217;66
217;97
217;187
218;3
218;14
218;35
218;71
218;105
218;209
219;2
219;19
219;35
219;71
219;107
219;212
220;2
220;19
220;39
220;42
220;82
220;214
221;9
221;17
221;35
221;43
221;84
221;170
222;7
222;19
222;35
222;79
222;80
222;168
223;9
223;14
223;28
223;43
223;84
223;179
224;8
224;14
224;28
224;43
224;84
224;169
225;9
225;15
225;28
225;42
225;148
225;169
226;8
226;14
226;21
226;42
226;85
226;169
227;8
227;14
227;28
227;42
227;85
227;370
228;8
228;14
228;22
228;45
228;112
228;179
229;8
229;18
229;36
229;42
229;107
229;178
230;8
230;19
230;36
230;70
230;106
230;292
231;8
231;17
231;22
231;45
231;84
231;224
232;3
232;18
232;22
232;43
232;106
232;287
233;2
233;18
233;35
233;42
233;105
233;290
234;9
234;14
234;28
234;56
234;153
234;179
235;8
235;14
235;28
235;57
235;85
235;171
236;9
236;15
236;21
236;42
236;148
236;169
237;8
237;14
237;21
237;42
237;84
237;169
238;8
238;14
238;21
238;42
238;85
238;370
239;8
239;14
239;21
239;42
239;84
239;487
240;8
240;15
240;36
240;42
240;107
240;178
241;9
241;19
241;21
241;42
241;84
241;177
242;8
242;14
242;27
242;53
242;130
242;392
243;2
243;15
243;28
243;57
243;85
243;255
244;1
244;19
244;31
244;63
244;95
244;348
245;9
245;17
245;31
245;74
245;109
245;326
246;3
246;18
246;32
246;64
246;95
246;316
247;1
247;19
247;33
247;66
247;96
247;325
248;1
248;19
248;35
248;70
248;141
248;317
249;1
249;10
249;35
249;42
249;141
249;319
250;9
250;12
250;36
250;47
250;83
250;222
251;9
251;14
251;28
251;42
251;85
251;199
252;9
252;16
252;28
252;56
252;84
252;167
253;6
253;14
253;28
253;57
253;85
253;170
254;4
254;14
254;28
254;58
254;87
254;171
255;3
255;14
255;21
255;55
255;82
255;163
256;3
256;14
256;22
256;42
256;83
256;371
257;3
257;14
257;24
257;42
257;121
257;170
258;3
258;14
258;21
258;42
258;107
258;321
259;8
259;19
259;35
259;42
259;82
259;178
260;6
260;17
260;28
260;41
260;127
260;185
261;8
261;17
261;22
261;42
261;118
261;181
262;5
262;14
262;35
262;42
262;104
262;185
263;9
263;16
263;20
263;41
263;104
263;184
264;6
264;14
264;28
264;57
264;84
264;178
265;4
265;14
265;28
265;42
265;86
265;169
266;3
266;14
266;21
266;42
266;84
266;169
267;3
267;14
267;21
267;42
267;84
267;370
268;3
268;14
268;21
268;42
268;84
268;399
269;3
269;14
269;35
269;42
269;107
269;321
270;9
270;19
270;36
270;40
270;141
270;177
271;7
271;14
271;36
271;42
271;106
271;413
272;4
272;14
272;35
272;42
272;105
272;178
273;4
273;14
273;35
273;42
273;107
273;178
274;3
274;15
274;29
274;42
274;159
274;160
275;8
275;17
275;20
275;40
275;157
275;182
276;6
276;17
276;35
276;42
276;142
276;193
277;3
277;17
277;36
277;43
277;141
277;201
278;3
278;15
278;35
278;42
278;155
278;185
279;4
279;10
279;35
279;42
279;134
279;207
280;9
280;19
280;21
280;41
280;145
280;166
281;2
281;19
281;20
281;42
281;152
281;170
282;7
282;10
282;20
282;75
282;88
282;177
283;4
283;14
283;28
283;71
283;99
283;169
284;3
284;14
284;21
284;42
284;148
284;169
285;3
285;19
285;20
285;42
285;85
285;170
286;3
286;14
286;32
286;64
286;159
286;192
287;3
287;14
287;32
287;63
287;126
287;220
288;3
288;19
288;32
288;64
288;128
288;160
289;7
289;16
289;32
289;64
289;95
289;160
290;8
290;18
290;32
290;63
290;94
290;189
291;6
291;17
291;32
291;64
291;128
291;231
292;6
292;14
292;32
292;64
292;95
292;185
293;7
293;10
293;28
293;57
293;84
293;223
294;4
294;14
294;29
294;57
294;85
294;311
295;3
295;14
295;21
295;42
295;113
295;309
296;3
296;19
296;28
296;42
296;141
296;225
297;3
297;14
297;28
297;56
297;113
297;338
298;3
298;14
298;21
298;42
298;147
298;321
299;3
299;19
299;36
299;42
299;106
299;484
300;7
300;10
300;30
300;57
300;141
300;280
301;0
301;18
301;28
301;55
301;84
301;168
302;9
302;14
302;35
302;40
302;83
302;368
303;5
303;14
303;32
303;63
303;159
303;253
304;8
304;10
304;21
304;63
304;84
304;176
305;8
305;10
305;21
305;66
305;98
305;262
306;8
306;16
306;32
306;63
306;95
306;252
307;8
307;16
307;32
307;71
307;106
307;282
308;8
308;16
308;32
308;64
308;128
308;316
309;9
309;16
309;31
309;63
309;149
309;255
310;8
310;16
310;27
310;56
310;140
310;168
311;9
311;10
311;20
311;43
311;118
311;160
312;5
312;12
312;28
312;57
312;84
312;168
313;4
313;18
313;28
313;56
313;84
313;167
314;3
314;18
314;36
314;56
314;84
314;168
315;3
315;18
315;36
315;47
315;140
315;359
316;3
316;18
316;35
316;47
316;147
316;172
317;3
317;18
317;28
317;56
317;85
317;169
318;9
318;18
318;28
318;56
318;159
318;161
319;8
319;17
319;35
319;41
319;159
319;182
320;6
320;18
320;36
320;42
320;105
320;193
321;6
321;18
321;35
321;42
321;106
321;201
322;9
322;10
322;20
322;41
322;90
322;206
323;5
323;12
323;24
323;42
323;116
323;176
324;4
324;18
324;35
324;53
324;89
324;161
325;3
325;18
325;36
325;53
325;89
325;161
326;3
326;18
326;36
326;47
326;119
326;359
327;3
327;18
327;35
327;47
327;93
327;167
328;3
328;18
328;28
328;56
328;85
328;169
329;8
329;17
329;28
329;56
329;85
329;456
330;8
330;17
330;35
330;42
330;100
330;174
331;2
331;18
331;35
331;41
331;85
331;171
332;2
332;18
332;35
332;41
332;152
332;189
333;7
333;16
333;28
333;40
333;159
333;160
334;8
334;17
334;21
334;41
334;137
334;178
335;9
335;17
335;20
335;56
335;159
335;176
336;8
336;17
336;23
336;45
336;146
336;183
337;8
337;19
337;20
337;41
337;123
337;186
338;1
338;19
338;21
338;42
338;127
338;254
339;1
339;19
339;21
339;42
339;106
339;211
340;9
340;13
340;20
340;42
340;84
340;281
341;5
341;12
341;28
341;57
341;85
341;226
342;4
342;12
342;31
342;63
342;127
342;160
343;3
343;18
343;31
343;63
343;126
343;161
344;3
344;18
344;36
344;67
344;100
344;358
345;3
345;18
345;32
345;64
345;96
345;290
346;3
346;18
346;31
346;56
346;85
346;169
347;4
347;18
347;28
347;56
347;85
347;256
348;6
348;17
348;35
348;75
348;86
348;185
349;2
349;18
349;32
349;63
349;95
349;160
350;2
350;10
350;31
350;63
350;94
350;430
351;9
351;13
351;20
351;40
351;97
351;465
352;5
352;12
352;28
352;56
352;83
352;195
353;4
353;12
353;24
353;57
353;159
353;161
354;3
354;18
354;36
354;53
354;89
354;161
355;3
355;18
355;36
355;47
355;135
355;358
356;3
356;18
356;28
356;57
356;85
356;263
357;3
357;18
357;28
357;56
357;85
357;169
358;9
358;18
358;28
358;56
358;85
358;396
359;8
359;17
359;28
359;56
359;85
359;169
360;4
360;18
360;28
360;56
360;112
360;280
361;2
361;18
361;32
361;63
361;158
361;284
362;9
362;18
362;32
362;63
362;126
362;316
363;9
363;18
363;32
363;65
363;128
363;352
364;9
364;18
364;33
364;65
364;133
364;288
365;9
365;13
365;27
365;71
365;142
365;284
366;9
366;18
366;27
366;43
366;107
366;384
367;9
367;18
367;27
367;43
367;137
367;175
368;9
368;18
368;21
368;42
368;84
368;169
369;8
369;10
369;28
369;56
369;118
369;160
370;7
370;10
370;28
370;56
370;112
370;225
371;4
371;19
371;27
371;55
371;83
371;166
372;3
372;14
372;28
372;58
372;147
372;176
373;3
373;14
373;30
373;58
373;118
373;267
374;3
374;10
374;28
374;42
374;113
374;278
375;9
375;10
375;21
375;47
375;95
375;359
376;9
376;10
376;24
376;47
376;155
376;168
377;9
377;10
377;24
377;47
377;159
377;173
378;8
378;14
378;36
378;42
378;122
378;190
379;5
379;18
379;35
379;42
379;104
379;185
380;8
380;11
380;35
380;41
380;89
380;169
381;7
381;10
381;27
381;74
381;93
381;169
382;4
382;10
382;28
382;56
382;85
382;169
383;3
383;14
383;31
383;63
383;159
383;222
384;3
384;13
384;31
384;63
384;157
384;220
385;3
385;10
385;32
385;63
385;157
385;189
386;9
386;19
386;32
386;63
386;158
386;286
387;9
387;19
387;24
387;63
387;126
387;286
388;8
388;18
388;24
388;47
388;95
388;358
389;8
389;10
389;23
389;70
389;118
389;265
390;9
390;19
390;20
390;79
390;143
390;160
391;5
391;17
391;21
391;65
391;131
391;166
392;8
392;17
392;28
392;40
392;158
392;182
393;7
393;17
393;35
393;42
393;127
393;181
394;8
394;17
394;36
394;40
394;159
394;193
395;2
395;16
395;34
395;42
395;129
395;185
396;3
396;19
396;35
396;42
396;127
396;173
397;2
397;17
397;39
397;42
397;158
397;178
398;4
398;17
398;35
398;41
398;158
398;193
399;8
399;10
399;20
399;42
399;152
399;341
400;5
400;11
400;21
400;53
400;152
400;164
401;3
401;16
401;32
401;48
401;95
401;355
402;3
402;16
402;32
402;48
402;95
402;191
403;3
403;16
403;32
403;47
403;95
403;362
404;3
404;16
404;32
404;48
404;148
404;351
405;8
405;11
405;32
405;47
405;107
405;160
406;8
406;15
406;20
406;52
406;159
406;160
407;8
407;19
407;20
407;59
407;159
407;190
408;9
408;19
408;38
408;48
408;121
408;275
409;9
409;13
409;27
409;40
409;147
409;289
410;8
410;10
410;22
410;62
410;80
410;163
411;4
411;11
411;32
411;64
411;98
411;162
412;3
412;16
412;32
412;73
412;109
412;257
413;3
413;11
413;31
413;47
413;95
413;247
414;3
414;11
414;37
414;42
414;148
414;216
415;3
415;11
415;35
415;70
415;105
415;175
416;3
416;11
416;36
416;72
416;108
416;182
417;9
417;11
417;34
417;67
417;100
417;169
418;8
418;14
418;39
418;42
418;80
418;166
419;8
419;11
419;36
419;72
419;156
419;417
420;2
420;11
420;35
420;66
420;131
420;447
421;7
421;16
421;33
421;79
421;159
421;174
422;8
422;15
422;32
422;63
422;94
422;266
423;9
423;18
423;37
423;42
423;99
423;185
424;7
424;19
424;28
424;56
424;141
424;280
425;2
425;18
425;36
425;42
425;95
425;464
426;3
426;15
426;34
426;43
426;107
426;312
427;7
427;10
427;30
427;42
427;84
427;181
428;9
428;13
428;28
428;57
428;84
428;180
429;5
429;14
429;28
429;40
429;100
429;171
430;4
430;15
430;28
430;42
430;148
430;169
431;3
431;14
431;21
431;42
431;84
431;169
432;3
432;14
432;21
432;42
432;84
432;370
433;3
433;14
433;21
433;42
433;84
433;399
434;3
434;15
434;36
434;42
434;107
434;178
435;2
435;19
435;35
435;42
435;104
435;174
436;7
436;18
436;35
436;41
436;127
436;182
437;8
437;17
437;36
437;42
437;124
437;193
438;5
438;14
438;35
438;42
438;105
438;193
439;9
439;13
439;20
439;44
439;154
439;180
440;5
440;14
440;28
440;57
440;85
440;171
441;4
441;15
441;28
441;42
441;148
441;169
442;3
442;14
442;21
442;42
442;84
442;169
443;3
443;14
443;21
443;42
443;84
443;370
444;3
444;14
444;21
444;42
444;84
444;399
445;3
445;15
445;36
445;42
445;107
445;178
446;9
446;19
446;31
446;63
446;94
446;176
447;8
447;16
447;32
447;63
447;95
447;413
448;7
448;16
448;31
448;63
448;94
448;213
449;8
449;16
449;32
449;63
449;95
449;179
450;6
450;15
450;31
450;50
450;159
450;160
451;8
451;19
451;28
451;63
451;94
451;190
452;6
452;14
452;29
452;71
452;105
452;193
453;8
453;14
453;35
453;71
453;106
453;212
454;4
454;14
454;28
454;40
454;81
454;215
455;3
455;14
455;29
455;42
455;85
455;169
456;6
456;14
456;27
456;53
456;84
456;169
457;9
457;19
457;24
457;48
457;85
457;169
458;6
458;14
458;28
458;57
458;124
458;461
459;4
459;14
459;28
459;42
459;123
459;464
460;3
460;14
460;21
460;42
460;148
460;463
461;3
461;14
461;22
461;42
461;124
461;464
462;3
462;14
462;21
462;42
462;124
462;213
463;3
463;14
463;35
463;42
463;124
463;465
464;4
464;19
464;36
464;41
464;124
464;464
465;6
465;17
465;28
465;79
465;124
465;463
466;8
466;17
466;28
466;49
466;124
466;463
467;5
467;14
467;36
467;49
467;124
467;465
468;9
468;18
468;23
468;56
468;124
468;463
469;6
469;14
469;28
469;57
469;124
469;463
470;4
470;14
470;28
470;42
470;124
470;464
471;3
471;14
471;21
471;42
471;124
471;463
472;3
472;14
472;20
472;42
472;124
472;464
473;3
473;14
473;21
473;42
473;84
473;465
474;3
474;14
474;35
474;42
474;124
474;463
475;3
475;19
475;36
475;41
475;124
475;462
476;7
476;14
476;35
476;71
476;124
476;463
477;6
477;14
477;35
477;49
477;124
477;464
478;0
478;14
478;34
478;48
478;125
478;465
479;9
479;19
479;34
479;48
479;124
479;463
480;8
480;17
480;28
480;40
480;152
480;213
481;7
481;17
481;34
481;49
481;125
481;214
482;8
482;17
482;34
482;49
482;124
482;214
483;8
483;18
483;36
483;49
483;124
483;214
484;8
484;19
484;34
484;49
484;124
484;214
485;5
485;15
485;36
485;40
485;123
485;214
486;2
486;12
486;31
486;62
486;94
486;189
487;7
487;10
487;20
487;70
487;83
487;179
488;4
488;13
488;35
488;60
488;83
488;445
489;6
489;18
489;36
489;53
489;95
489;179
490;6
490;18
490;31
490;63
490;125
490;188
491;6
491;18
491;32
491;64
491;127
491;359
492;6
492;18
492;32
492;63
492;95
492;190
493;7
493;18
493;32
493;63
493;94
493;189
494;6
494;12
494;33
494;42
494;84
494;160
495;6
495;12
495;32
495;64
495;127
495;218
496;6
496;12
496;31
496;63
496;126
496;283
497;6
497;12
497;32
497;64
497;159
497;160
498;8
498;10
498;21
498;57
498;155
498;174
499;4
499;10
499;28
499;56
499;84
499;168
500;5
500;14
500;29
500;57
500;86
500;172
501;5
501;15
501;28
501;56
501;112
501;224
502;5
502;10
502;29
502;57
502;85
502;284
503;5
503;19
503;28
503;57
503;85
503;198
504;6
504;19
504;24
504;47
504;139
504;359
505;5
505;14
505;23
505;47
505;141
505;400
506;5
506;14
506;24
506;71
506;142
506;285
507;5
507;14
507;24
507;47
507;143
507;285
508;5
508;14
508;24
508;47
508;117
508;353
509;6
509;10
509;24
509;47
509;159
509;201
510;5
510;14
510;24
510;48
510;120
510;285
511;5
511;14
511;26
511;54
511;135
511;283
512;5
512;14
512;24
512;47
512;145
512;291
513;5
513;14
513;21
513;43
513;126
513;271
514;5
514;14
514;21
514;63
514;106
514;405
515;5
515;14
515;21
515;63
515;106
515;337
516;5
516;17
516;22
516;42
516;127
516;212
517;5
517;14
517;21
517;63
517;105
517;211
518;4
518;17
518;21
518;63
518;84
518;402
519;7
519;14
519;21
519;64
519;126
519;211
520;7
520;14
520;22
520;64
520;86
520;406
521;7
521;14
521;21
521;71
521;106
521;213
522;9
522;10
522;36
522;71
522;107
522;178
523;7
523;14
523;21
523;71
523;106
523;171
524;7
524;14
524;36
524;72
524;108
524;181
525;7
525;14
525;35
525;71
525;106
525;177
526;7
526;14
526;36
526;72
526;108
526;180
527;7
527;10
527;37
527;74
527;87
527;223
528;5
528;11
528;35
528;63
528;106
528;168
529;5
529;16
529;31
529;48
529;159
529;175
530;5
530;16
530;32
530;40
530;80
530;160
531;5
531;16
531;32
531;47
531;99
531;362
532;5
532;10
532;21
532;63
532;145
532;167
533;7
533;10
533;21
533;64
533;148
533;276
534;5
534;10
534;21
534;43
534;85
534;372
535;5
535;16
535;23
535;44
535;158
535;400
536;5
536;11
536;34
536;42
536;159
536;160
537;5
537;11
537;21
537;43
537;142
537;475
538;5
538;13
538;33
538;45
538;159
538;173
539;6
539;11
539;36
539;71
539;107
539;177
540;5
540;10
540;35
540;71
540;106
540;177
541;5
541;10
541;36
541;71
541;107
541;178
542;5
542;11
542;35
542;71
542;106
542;282
543;5
543;11
543;39
543;42
543;85
543;388
544;5
544;16
544;35
544;42
544;138
544;449
545;5
545;10
545;21
545;43
545;81
545;470
546;6
546;15
546;21
546;77
546;113
546;261
547;4
547;14
547;39
547;77
547;115
547;360
548;5
548;14
548;28
548;42
548;85
548;212
549;5
549;10
549;33
549;42
549;118
549;346
550;5
550;19
550;36
550;71
550;143
550;177
551;5
551;11
551;35
551;47
551;142
551;359
552;5
552;19
552;24
552;71
552;141
552;178
553;5
553;14
553;24
553;79
553;82
553;201
554;5
554;14
554;24
554;42
554;84
554;254
555;5
555;14
555;37
555;72
555;116
555;274
556;5
556;14
556;36
556;71
556;142
556;285
557;6
557;19
557;36
557;72
557;143
557;178
558;4
558;10
558;36
558;71
558;107
558;172
559;5
559;14
559;29
559;42
559;143
559;171
560;5
560;18
560;35
560;41
560;84
560;410
561;5
561;19
561;20
561;42
561;126
561;168
562;5
562;10
562;24
562;47
562;127
562;359
563;5
563;18
563;24
563;47
563;83
563;262
564;5
564;14
564;24
564;47
564;156
564;169
565;5
565;14
565;24
565;43
565;85
565;170
566;5
566;14
566;20
566;45
566;89
566;269
567;5
567;10
567;35
567;47
567;94
567;273
568;6
568;15
568;20
568;42
568;84
568;182
569;5
569;14
569;20
569;45
569;94
569;174
570;5
570;14
570;20
570;47
570;142
570;202
571;5
571;14
571;38
571;40
571;106
571;239
572;5
572;14
572;28
572;56
572;141
572;170
573;5
573;14
573;29
573;59
573;88
573;174
574;5
574;14
574;32
574;63
574;159
574;190
575;7
575;11
575;32
575;63
575;158
575;360
576;4
576;10
576;31
576;64
576;124
576;181
577;5
577;16
577;37
577;64
577;112
577;160
578;5
578;11
578;33
578;63
578;159
578;160
579;5
579;16
579;21
579;43
579;149
579;170
580;5
580;16
580;21
580;54
580;133
580;350
581;6
581;11
581;27
581;53
581;133
581;160
582;5
582;11
582;26
582;52
582;158
582;173
583;5
583;10
583;21
583;79
583;150
583;357
584;5
584;10
584;21
584;53
584;128
584;406
585;5
585;11
585;21
585;79
585;155
585;447
586;7
586;13
586;32
586;79
586;80
586;183
587;5
587;11
587;30
587;63
587;147
587;176
588;5
588;16
588;32
588;64
588;126
588;352
589;5
589;16
589;32
589;42
589;85
589;349
590;9
590;16
590;27
590;63
590;126
590;282
591;9
591;16
591;35
591;70
591;106
591;176
592;9
592;16
592;35
592;71
592;143
592;178
593;5
593;19
593;39
593;62
593;83
593;160
594;7
594;18
594;36
594;73
594;90
594;161
595;0
595;17
595;28
595;56
595;84
595;197
596;8
596;19
596;22
596;56
596;86
596;174
597;2
597;12
597;28
597;56
597;84
597;196
598;1
598;19
598;27
598;56
598;141
598;196
599;2
599;15
599;28
599;56
599;152
599;462
600;4
600;12
600;29
600;57
600;84
600;174
601;1
601;18
601;28
601;56
601;84
601;168
602;1
602;17
602;28
602;56
602;85
602;170
603;5
603;13
603;28
603;56
603;83
603;190
604;9
604;10
604;20
604;48
604;94
604;276
605;5
605;19
605;37
605;64
605;95
605;346
606;4
606;19
606;28
606;71
606;106
606;353
607;5
607;14
607;28
607;70
607;118
607;171
608;5
608;14
608;28
608;75
608;94
608;169
609;5
609;18
609;38
609;56
609;132
609;174
610;6
610;10
610;28
610;47
610;94
610;189
611;5
611;14
611;23
611;46
611;94
611;189
612;5
612;14
612;21
612;47
612;86
612;170
613;5
613;14
613;23
613;42
613;91
613;243
614;5
614;14
614;23
614;71
614;94
614;165
615;8
615;10
615;24
615;43
615;130
615;215
616;5
616;14
616;28
616;42
616;142
616;214
617;7
617;11
617;21
617;42
617;94
617;355
618;7
618;14
618;21
618;42
618;84
618;190
619;7
619;14
619;28
619;65
619;141
619;256
620;7
620;11
620;21
620;64
620;85
620;168
621;7
621;11
621;28
621;71
621;84
621;177
622;7
622;11
622;35
622;70
622;141
622;177
623;5
623;18
623;35
623;70
623;84
623;176
624;4
624;11
624;35
624;70
624;84
624;197
625;7
625;14
625;36
625;63
625;105
625;260
626;7
626;19
626;28
626;58
626;86
626;173
627;3
627;14
627;28
627;57
627;84
627;167
628;3
628;14
628;31
628;63
628;159
628;160
629;5
629;16
629;31
629;62
629;95
629;220
630;1
630;16
630;32
630;63
630;126
630;315
631;1
631;16
631;32
631;63
631;95
631;285
632;0
632;16
632;31
632;64
632;126
632;285
633;9
633;16
633;21
633;63
633;158
633;177
634;5
634;16
634;31
634;64
634;96
634;255
635;4
635;16
635;31
635;52
635;125
635;164
636;5
636;16
636;21
636;63
636;128
636;160
637;5
637;16
637;21
637;47
637;95
637;458
638;5
638;16
638;21
638;57
638;142
638;227
639;5
639;15
639;32
639;64
639;132
639;212
640;6
640;16
640;31
640;53
640;132
640;212
641;5
641;11
641;31
641;63
641;126
641;236
642;5
642;11
642;33
642;70
642;106
642;283
643;5
643;18
643;36
643;53
643;106
643;249
644;5
644;10
644;20
644;62
644;94
644;189
645;5
645;12
645;31
645;63
645;126
645;378
646;4
646;19
646;28
646;56
646;84
646;279
647;6
647;18
647;35
647;56
647;83
647;232
648;6
648;17
648;35
648;56
648;112
648;166
649;6
649;14
649;23
649;56
649;84
649;279
650;6
650;18
650;23
650;56
650;86
650;225
651;6
651;18
651;23
651;56
651;140
651;225
652;6
652;10
652;21
652;41
652;100
652;269
653;4
653;18
653;21
653;71
653;86
653;167
654;6
654;12
654;27
654;78
654;84
654;316
655;6
655;19
655;28
655;77
655;85
655;173
656;3
656;12
656;37
656;56
656;84
656;180
657;3
657;14
657;27
657;40
657;85
657;285
658;4
658;14
658;28
658;56
658;85
658;278
659;9
659;13
659;28
659;56
659;159
659;168
660;5
660;11
660;32
660;65
660;117
660;193
661;9
661;10
661;21
661;63
661;126
661;273
662;7
662;18
662;39
662;56
662;138
662;169
663;7
663;10
663;21
663;66
663;134
663;288
664;4
664;19
664;37
664;65
664;85
664;321
665;4
665;18
665;36
665;72
665;141
665;214
666;5
666;18
666;36
666;71
666;107
666;213
667;5
667;18
667;37
667;71
667;107
667;320
668;5
668;14
668;20
668;70
668;143
668;165
669;5
669;19
669;34
669;71
669;141
669;165
670;5
670;19
670;23
670;71
670;108
670;166
671;5
671;18
671;35
671;71
671;106
671;319
672;5
672;14
672;36
672;71
672;107
672;320
673;5
673;14
673;34
673;71
673;106
673;213
674;6
674;12
674;28
674;72
674;142
674;179
675;4
675;14
675;28
675;57
675;141
675;186
676;7
676;14
676;36
676;72
676;107
676;250
677;7
677;11
677;35
677;71
677;126
677;212
678;7
678;14
678;21
678;64
678;127
678;222
679;7
679;11
679;22
679;63
679;95
679;284
680;7
680;11
680;21
680;63
680;95
680;283
681;8
681;10
681;20
681;69
681;127
681;211
682;4
682;11
682;24
682;56
682;95
682;168
683;7
683;11
683;21
683;63
683;95
683;228
684;7
684;16
684;32
684;63
684;127
684;221
685;7
685;16
685;32
685;63
685;159
685;222
686;7
686;16
686;35
686;71
686;106
686;245
687;7
687;18
687;36
687;71
687;107
687;213
688;7
688;17
688;31
688;63
688;95
688;255
689;7
689;16
689;31
689;63
689;158
689;285
690;7
690;15
690;33
690;62
690;158
690;189
691;7
691;16
691;38
691;40
691;158
691;194
692;7
692;10
692;39
692;53
692;80
692;352
693;5
693;15
693;32
693;52
693;95
693;351
694;3
694;16
694;32
694;47
694;95
694;190
695;5
695;16
695;31
695;47
695;143
695;190
696;5
696;16
696;32
696;56
696;83
696;194
697;5
697;16
697;21
697;42
697;142
697;258
698;7
698;10
698;32
698;53
698;106
698;252
699;5
699;11
699;31
699;53
699;133
699;211
700;5
700;10
700;31
700;63
700;94
700;311
701;5
701;10
701;35
701;70
701;105
701;317
702;5
702;10
702;26
702;71
702;107
702;318
703;8
703;10
703;27
703;60
703;94
703;355
704;4
704;12
704;30
704;59
704;88
704;330
705;6
705;18
705;35
705;57
705;85
705;355
706;6
706;18
706;35
706;71
706;142
706;189
707;6
707;18
707;23
707;58
707;84
707;168
708;6
708;18
708;23
708;56
708;84
708;167
709;6
709;18
709;24
709;47
709;84
709;225
710;6
710;18
710;27
710;55
710;82
710;197
711;5
711;15
711;29
711;58
711;145
711;174
712;4
712;17
712;27
712;54
712;81
712;161
713;6
713;12
713;35
713;55
713;84
713;311
714;5
714;12
714;28
714;71
714;144
714;182
715;3
715;11
715;22
715;69
715;90
715;246
716;3
716;18
716;37
716;76
716;93
716;162
717;2
717;17
717;36
717;42
717;92
717;185
718;2
718;10
718;36
718;42
718;148
718;178
719;6
719;18
719;34
719;43
719;134
719;175
720;3
720;10
720;35
720;42
720;105
720;181
721;9
721;16
721;20
721;42
721;88
721;287
722;5
722;19
722;37
722;42
722;84
722;211
723;3
723;19
723;37
723;47
723;95
723;189
724;5
724;14
724;28
724;47
724;95
724;190
725;5
725;19
725;28
725;47
725;142
725;189
726;5
726;19
726;28
726;75
726;143
726;190
727;5
727;10
727;28
727;47
727;142
727;166
728;5
728;10
728;38
728;47
728;94
728;189
729;5
729;10
729;23
729;48
729;119
729;236
730;5
730;14
730;37
730;47
730;94
730;496
731;5
731;14
731;36
731;42
731;84
731;168
732;5
732;11
732;20
732;42
732;126
732;168
733;5
733;15
733;28
733;71
733;142
733;185
734;4
734;10
734;23
734;43
734;84
734;170
735;7
735;11
735;21
735;42
735;84
735;212
736;7
736;11
736;21
736;42
736;85
736;255
737;7
737;11
737;21
737;43
737;124
737;256
738;7
738;11
738;21
738;57
738;113
738;284
739;7
739;11
739;21
739;42
739;112
739;168
740;6
740;10
740;20
740;54
740;85
740;170
741;4
741;11
741;33
741;53
741;133
741;222
742;7
742;16
742;33
742;66
742;131
742;201
743;7
743;11
743;32
743;64
743;140
743;223
744;7
744;18
744;35
744;48
744;142
744;213
745;7
745;18
745;35
745;71
745;106
745;212
746;7
746;18
746;36
746;71
746;143
746;250
747;7
747;18
747;36
747;72
747;142
747;286
748;7
748;18
748;35
748;71
748;107
748;284
749;7
749;17
749;36
749;71
749;143
749;214
750;7
750;14
750;21
750;42
750;84
750;167
751;6
751;10
751;32
751;63
751;138
751;225
752;4
752;16
752;21
752;63
752;138
752;181
753;5
753;16
753;31
753;75
753;149
753;188
754;5
754;16
754;31
754;76
754;143
754;189
755;5
755;16
755;31
755;42
755;142
755;277
756;5
756;16
756;31
756;54
756;105
756;212
757;6
757;16
757;31
757;71
757;106
757;212
758;5
758;19
758;32
758;48
758;140
758;236
759;5
759;11
759;35
759;48
759;145
759;247
760;5
760;10
760;34
760;65
760;130
760;241
761;5
761;11
761;28
761;55
761;111
761;248
762;6
762;10
762;24
762;47
762;142
762;364
763;4
763;18
763;34
763;70
763;142
763;216
764;6
764;18
764;35
764;63
764;126
764;254
765;6
765;17
765;35
765;63
765;95
765;316
766;6
766;12
766;24
766;70
766;106
766;281
767;6
767;18
767;24
767;72
767;105
767;355
768;6
768;12
768;35
768;56
768;103
768;225
769;7
769;10
769;23
769;74
769;110
769;294
770;4
770;18
770;35
770;71
770;104
770;309
771;6
771;12
771;36
771;73
771;111
771;333
772;6
772;12
772;24
772;63
772;110
772;180
773;6
773;12
773;26
773;53
773;142
773;170
774;6
774;12
774;24
774;71
774;94
774;247
775;6
775;19
775;20
775;58
775;92
775;206
776;6
776;18
776;36
776;43
776;92
776;177
777;6
777;12
777;36
777;42
777;152
777;179
778;6
778;12
778;35
778;42
778;144
778;291
779;6
779;12
779;35
779;42
779;125
779;327
780;7
780;10
780;36
780;71
780;106
780;285
781;4
781;10
781;35
781;71
781;106
781;248
782;5
782;19
782;36
782;73
782;145
782;181
783;5
783;18
783;28
783;73
783;112
783;216
784;5
784;14
784;28
784;42
784;84
784;294
785;5
785;14
785;29
785;42
785;84
785;168
786;6
786;14
786;28
786;47
786;84
786;167
787;5
787;19
787;24
787;47
787;127
787;211
788;5
788;14
788;28
788;47
788;84
788;227
789;5
789;14
789;28
789;42
789;93
789;171
790;5
790;14
790;28
790;42
790;84
790;168
791;7
791;10
791;20
791;42
791;85
791;169
792;4
792;19
792;37
792;71
792;85
792;168
793;4
793;19
793;28
793;44
793;85
793;168
794;5
794;19
794;28
794;63
794;127
794;254
795;5
795;19
795;28
795;70
795;141
795;185
796;5
796;19
796;20
796;47
796;95
796;167
797;5
797;19
797;24
797;75
797;112
797;338
798;5
798;10
798;24
798;47
798;94
798;189
799;5
799;10
799;33
799;71
799;127
799;165
800;4
800;19
800;38
800;75
800;112
800;263
801;5
801;19
801;38
801;75
801;113
801;339
802;5
802;19
802;28
802;48
802;140
802;236
803;5
803;19
803;28
803;75
803;85
803;228
804;5
804;18
804;35
804;71
804;141
804;283
805;5
805;18
805;36
805;71
805;107
805;285
806;5
806;14
806;31
806;63
806;126
806;285
807;5
807;16
807;32
807;63
807;126
807;284
808;5
808;16
808;32
808;63
808;126
808;283
809;9
809;11
809;23
809;41
809;126
809;348
810;5
810;13
810;21
810;42
810;120
810;291
811;4
811;16
811;32
811;42
811;94
811;275
812;5
812;16
812;32
812;62
812;93
812;216
813;5
813;16
813;21
813;42
813;142
813;191
814;5
814;16
814;21
814;42
814;142
814;190
815;5
815;10
815;27
815;53
815;132
815;186
816;5
816;15
816;26
816;53
816;132
816;186
817;5
817;16
817;37
817;47
817;142
817;186
818;5
818;16
818;27
818;48
818;126
818;252
819;5
819;16
819;26
819;48
819;126
819;359
820;5
820;10
820;27
820;41
820;130
820;164
821;5
821;15
821;21
821;74
821;140
821;162
822;3
822;16
822;31
822;74
822;95
822;355
823;5
823;16
823;31
823;42
823;94
823;191
824;5
824;16
824;31
824;42
824;95
824;191
825;5
825;16
825;31
825;42
825;95
825;191
826;5
826;16
826;26
826;53
826;159
826;186
827;5
827;16
827;32
827;53
827;159
827;186
828;6
828;16
828;21
828;55
828;111
828;299
829;4
829;16
829;29
829;56
829;84
829;284
830;5
830;16
830;31
830;63
830;95
830;344
831;5
831;16
831;27
831;75
831;127
831;172
832;5
832;16
832;32
832;64
832;97
832;327
833;5
833;16
833;34
833;69
833;103
833;301
834;5
834;16
834;34
834;70
834;141
834;177
835;5
835;16
835;33
835;42
835;96
835;299
836;5
836;16
836;26
836;44
836;152
836;163
837;5
837;16
837;28
837;57
837;143
837;171
838;5
838;10
838;27
838;43
838;127
838;162
839;6
839;14
839;22
839;56
839;84
839;169
840;4
840;14
840;28
840;57
840;84
840;170
841;3
841;14
841;21
841;55
841;83
841;276
842;7
842;14
842;21
842;42
842;113
842;370
843;7
843;14
843;21
843;42
843;142
843;263
844;7
844;11
844;21
844;47
844;142
844;249
845;7
845;14
845;21
845;42
845;142
845;248
846;7
846;18
846;21
846;79
846;127
846;185
847;7
847;14
847;21
847;41
847;159
847;463
848;7
848;14
848;21
848;42
848;159
848;488
849;7
849;13
849;22
849;41
849;127
849;462
850;5
850;14
850;28
850;43
850;128
850;335
851;4
851;14
851;28
851;57
851;129
851;171
852;3
852;14
852;21
852;42
852;84
852;276
853;7
853;14
853;22
853;42
853;86
853;370
854;7
854;14
854;21
854;42
854;113
854;312
855;7
855;11
855;21
855;42
855;142
855;249
856;7
856;14
856;21
856;42
856;106
856;248
857;7
857;14
857;31
857;63
857;82
857;173
858;7
858;14
858;31
858;63
858;94
858;177
859;7
859;14
859;32
859;63
859;95
859;179
860;7
860;14
860;25
860;50
860;159
860;160
861;8
861;10
861;28
861;57
861;84
861;182
862;7
862;14
862;28
862;56
862;128
862;185
863;7
863;14
863;28
863;56
863;127
863;176
864;7
864;14
864;21
864;60
864;135
864;255
865;7
865;14
865;21
865;64
865;150
865;258
866;7
866;14
866;27
866;53
866;152
866;500
867;7
867;14
867;24
867;48
867;139
867;377
868;7
868;10
868;28
868;57
868;85
868;367
869;4
869;14
869;30
869;60
869;90
869;269
870;3
870;14
870;21
870;63
870;94
870;346
871;7
871;14
871;22
871;63
871;94
871;343
872;7
872;14
872;21
872;63
872;127
872;347
873;7
873;16
873;21
873;42
873;158
873;160
874;8
874;15
874;21
874;42
874;107
874;249
875;7
875;14
875;34
875;70
875;127
875;172
876;7
876;14
876;32
876;63
876;126
876;283
877;7
877;14
877;32
877;64
877;95
877;318
878;7
878;14
878;32
878;64
878;96
878;287
879;7
879;10
879;20
879;56
879;84
879;169
880;4
880;14
880;28
880;42
880;128
880;225
881;3
881;14
881;21
881;42
881;128
881;276
882;7
882;14
882;22
882;42
882;84
882;453
883;7
883;14
883;28
883;42
883;113
883;253
884;7
884;19
884;29
884;42
884;117
884;234
885;8
885;15
885;27
885;42
885;142
885;249
886;7
886;10
886;29
886;56
886;84
886;221
887;7
887;14
887;28
887;56
887;84
887;280
888;7
888;14
888;31
888;62
888;93
888;280
889;7
889;14
889;31
889;63
889;95
889;316
890;8
890;10
890;21
890;64
890;95
890;201
891;5
891;11
891;21
891;64
891;97
891;319
892;5
892;16
892;32
892;71
892;106
892;284
893;5
893;16
893;32
893;49
893;80
893;162
894;5
894;16
894;32
894;48
894;96
894;190
895;5
895;16
895;31
895;71
895;84
895;182
896;5
896;16
896;27
896;55
896;137
896;164
897;9
897;10
897;21
897;56
897;140
897;167
898;5
898;12
898;28
898;56
898;84
898;277
899;3
899;18
899;35
899;58
899;117
899;283
900;6
900;18
900;36
900;56
900;112
900;161
901;6
901;18
901;36
901;47
901;141
901;238
902;6
902;18
902;36
902;47
902;150
902;161
903;7
903;18
903;28
903;56
903;85
903;255
904;6
904;18
904;28
904;56
904;113
904;255
905;6
905;12
905;23
905;42
905;159
905;190
906;6
906;12
906;24
906;42
906;128
906;193
907;6
907;12
907;24
907;41
907;118
907;197
908;7
908;10
908;20
908;41
908;126
908;472
909;4
909;12
909;36
909;59
909;83
909;280
910;3
910;12
910;36
910;54
910;89
910;161
911;6
911;18
911;36
911;71
911;89
911;161
912;6
912;18
912;24
912;71
912;95
912;190
913;6
913;18
913;35
913;71
913;95
913;167
914;7
914;10
914;36
914;56
914;113
914;170
915;6
915;12
915;35
915;56
915;113
915;169
916;6
916;12
916;31
916;63
916;111
916;168
917;6
917;12
917;32
917;63
917;94
917;198
918;6
918;12
918;31
918;63
918;95
918;212
919;6
919;10
919;25
919;40
919;159
919;160
920;6
920;12
920;28
920;56
920;83
920;196
921;6
921;12
921;29
921;58
921;113
921;193
922;6
922;12
922;31
922;55
922;83
922;244
923;6
923;12
923;20
923;41
923;141
923;221
924;6
924;12
924;21
924;63
924;83
924;166
925;6
925;12
925;21
925;64
925;86
925;366
926;6
926;19
926;23
926;43
926;84
926;385
927;5
927;12
927;36
927;73
927;111
927;258
928;4
928;12
928;35
928;42
928;84
928;211
929;6
929;12
929;36
929;42
929;84
929;210
930;6
930;12
930;36
930;43
930;85
930;212
931;6
931;12
931;36
931;47
931;84
931;167
932;6
932;18
932;28
932;57
932;126
932;169
933;6
933;18
933;24
933;56
933;84
933;226
934;6
934;18
934;34
934;43
934;84
934;185
935;6
935;12
935;28
935;42
935;126
935;168
936;6
936;12
936;24
936;55
936;83
936;167
937;6
937;11
937;23
937;51
937;102
937;472
938;5
938;15
938;35
938;71
938;106
938;179
939;4
939;17
939;35
939;71
939;106
939;212
940;6
940;18
940;36
940;71
940;107
940;214
941;6
941;18
941;35
941;70
941;106
941;212
942;6
942;18
942;36
942;74
942;110
942;217
943;6
943;18
943;35
943;56
943;85
943;212
944;6
944;18
944;35
944;56
944;113
944;213
945;6
945;17
945;32
945;64
945;97
945;348
946;6
946;12
946;31
946;64
946;95
946;352
947;6
947;12
947;36
947;71
947;107
947;213
948;6
948;15
948;36
948;72
948;142
948;249
949;5
949;18
949;26
949;49
949;98
949;342
950;4
950;18
950;27
950;70
950;104
950;350
951;4
951;18
951;27
951;74
951;111
951;335
952;4
952;18
952;37
952;75
952;113
952;339
953;4
953;18
953;27
953;40
953;145
953;183
954;4
954;18
954;35
954;42
954;105
954;213
955;4
955;18
955;32
955;64
955;118
955;256
956;6
956;10
956;21
956;57
956;115
956;496
957;4
957;10
957;33
957;66
957;98
957;295
958;3
958;14
958;28
958;63
958;95
958;160
959;5
959;10
959;32
959;63
959;95
959;282
960;5
960;10
960;38
960;63
960;94
960;161
961;5
961;10
961;31
961;64
961;95
961;160
962;5
962;19
962;28
962;56
962;84
962;167
963;5
963;17
963;24
963;74
963;80
963;171
964;5
964;14
964;24
964;71
964;95
964;166
965;5
965;14
965;35
965;42
965;84
965;178
966;5
966;14
966;23
966;73
966;96
966;184
967;6
967;10
967;20
967;79
967;130
967;278
968;4
968;19
968;20
968;78
968;119
968;163
969;3
969;19
969;28
969;41
969;85
969;210
970;5
970;18
970;28
970;56
970;96
970;242
971;5
971;19
971;36
971;71
971;142
971;178
972;5
972;11
972;35
972;71
972;141
972;282
973;5
973;10
973;24
973;71
973;107
973;178
974;5
974;10
974;24
974;62
974;94
974;186
975;5
975;14
975;31
975;63
975;87
975;212
976;5
976;10
976;28
976;56
976;84
976;278
977;5
977;14
977;28
977;62
977;140
977;255
978;6
978;17
978;28
978;56
978;84
978;182
979;5
979;14
979;28
979;56
979;85
979;170
980;5
980;14
980;28
980;56
980;113
980;169
981;5
981;10
981;24
981;66
981;93
981;201
982;5
982;14
982;32
982;63
982;95
982;160
983;5
983;14
983;32
983;64
983;96
983;160
984;5
984;14
984;32
984;63
984;95
984;253
985;7
985;10
985;20
985;64
985;94
985;341
986;4
986;11
986;32
986;63
986;96
986;187
987;3
987;16
987;32
987;71
987;95
987;178
988;5
988;16
988;32
988;47
988;95
988;160
989;5
989;16
989;21
989;48
989;85
989;180
990;5
990;10
990;36
990;71
990;142
990;178
991;6
991;11
991;32
991;53
991;133
991;160
992;5
992;15
992;26
992;52
992;106
992;173
993;5
993;10
993;38
993;75
993;150
993;165
994;5
994;11
994;37
994;75
994;149
994;507
995;5
995;10
995;21
995;57
995;155
995;163
996;7
996;10
996;23
996;71
996;97
996;326
997;4
997;11
997;21
997;71
997;106
997;248
998;3
998;16
998;36
998;71
998;107
998;250
999;5
999;16
999;35
999;71
999;106
999;390
1000;5
1000;11
1000;21
1000;71
1000;106
1000;249
1001;5
1001;11
1001;21
1001;71
1001;106
1001;319
1002;6
1002;11
1002;35
1002;71
1002;106
1002;187
1003;5
1003;11
1003;21
1003;71
1003;106
1003;187
1004;5
1004;10
1004;36
1004;71
1004;107
1004;310
1005;5
1005;16
1005;35
1005;71
1005;142
1005;496
1006;5
1006;16
1006;21
1006;71
1006;106
1006;491
1007;7
1007;10
1007;34
1007;41
1007;159
1007;174
1008;5
1008;19
1008;31
1008;62
1008;93
1008;219
1009;5
1009;18
1009;28
1009;57
1009;85
1009;171
1010;5
1010;18
1010;28
1010;42
1010;84
1010;226
1011;5
1011;18
1011;36
1011;42
1011;87
1011;439
1012;5
1012;11
1012;29
1012;43
1012;85
1012;271
1013;5
1013;17
1013;28
1013;55
1013;83
1013;274
1014;5
1014;10
1014;20
1014;40
1014;105
1014;335
1015;5
1015;14
1015;28
1015;43
1015;128
1015;171
1016;4
1016;14
1016;28
1016;42
1016;85
1016;275
1017;7
1017;14
1017;21
1017;57
1017;85
1017;276
1018;7
1018;14
1018;21
1018;42
1018;113
1018;370
1019;7
1019;14
1019;21
1019;42
1019;113
1019;312
1020;9
1020;10
1020;21
1020;42
1020;142
1020;249
1021;7
1021;14
1021;35
1021;42
1021;142
1021;248
1022;7
1022;14
1022;21
1022;41
1022;127
1022;182
1023;7
1023;14
1023;21
1023;42
1023;128
1023;193
1024;7
1024;14
1024;21
1024;42
1024;141
1024;202
1025;7
1025;12
1025;28
1025;50
1025;127
1025;472
1026;5
1026;14
1026;28
1026;43
1026;128
1026;171
1027;4
1027;14
1027;28
1027;42
1027;85
1027;275
1028;3
1028;14
1028;21
1028;57
1028;84
1028;276
1029;7
1029;15
1029;21
1029;42
1029;113
1029;370
1030;7
1030;14
1030;21
1030;42
1030;113
1030;312
1031;9
1031;10
1031;21
1031;42
1031;142
1031;213
1032;7
1032;14
1032;35
1032;63
1032;142
1032;248
1033;7
1033;14
1033;31
1033;63
1033;95
1033;302
1034;7
1034;14
1034;31
1034;63
1034;94
1034;255
1035;7
1035;14
1035;32
1035;63
1035;95
1035;173
1036;7
1036;13
1036;30
1036;50
1036;159
1036;160
1037;7
1037;14
1037;32
1037;56
1037;94
1037;190
1038;7
1038;14
1038;29
1038;71
1038;105
1038;193
1039;7
1039;14
1039;35
1039;71
1039;106
1039;212
1040;7
1040;14
1040;28
1040;40
1040;81
1040;215
1041;7
1041;14
1041;29
1041;42
1041;85
1041;169
1042;7
1042;14
1042;27
1042;52
1042;84
1042;169
1043;7
1043;19
1043;29
1043;49
1043;84
1043;169
1044;6
1044;14
1044;28
1044;42
1044;128
1044;335
1045;4
1045;14
1045;28
1045;57
1045;129
1045;171
1046;3
1046;14
1046;21
1046;42
1046;128
1046;276
1047;7
1047;14
1047;22
1047;42
1047;84
1047;370
1048;7
1048;14
1048;21
1048;42
1048;113
1048;312
1049;7
1049;11
1049;21
1049;42
1049;142
1049;249
1050;7
1050;14
1050;35
1050;42
1050;106
1050;248
1051;7
1051;19
1051;28
1051;79
1051;127
1051;185
1052;7
1052;14
1052;21
1052;42
1052;127
1052;177
1053;7
1053;14
1053;21
1053;42
1053;84
1053;194
1054;7
1054;15
1054;21
1054;52
1054;84
1054;184
1055;6
1055;14
1055;28
1055;42
1055;128
1055;335
1056;4
1056;14
1056;28
1056;57
1056;129
1056;171
1057;3
1057;14
1057;21
1057;42
1057;84
1057;276
1058;7
1058;14
1058;22
1058;42
1058;86
1058;370
1059;7
1059;14
1059;21
1059;42
1059;113
1059;312
1060;7
1060;11
1060;21
1060;42
1060;142
1060;249
1061;7
1061;15
1061;35
1061;42
1061;106
1061;248
1062;7
1062;19
1062;39
1062;40
1062;82
1062;226
1063;7
1063;19
1063;38
1063;75
1063;80
1063;252
1064;7
1064;17
1064;21
1064;68
1064;85
1064;246
1065;7
1065;14
1065;21
1065;79
1065;136
1065;160
1066;8
1066;10
1066;22
1066;73
1066;153
1066;171
1067;7
1067;14
1067;21
1067;42
1067;128
1067;244
1068;7
1068;14
1068;21
1068;42
1068;127
1068;193
1069;7
1069;14
1069;21
1069;70
1069;107
1069;195
1070;7
1070;14
1070;21
1070;42
1070;146
1070;179
1071;7
1071;14
1071;36
1071;40
1071;90
1071;192
1072;7
1072;14
1072;32
1072;63
1072;95
1072;189
1073;8
1073;10
1073;27
1073;48
1073;94
1073;224
1074;4
1074;12
1074;36
1074;47
1074;95
1074;497
1075;6
1075;12
1075;35
1075;43
1075;96
1075;170
1076;6
1076;12
1076;31
1076;41
1076;126
1076;188
1077;6
1077;12
1077;36
1077;63
1077;126
1077;189
1078;6
1078;18
1078;36
1078;63
1078;95
1078;191
1079;7
1079;18
1079;31
1079;63
1079;94
1079;170
1080;6
1080;12
1080;28
1080;42
1080;157
1080;245
1081;6
1081;12
1081;32
1081;42
1081;127
1081;326
1082;6
1082;12
1082;32
1082;63
1082;126
1082;283
1083;6
1083;12
1083;32
1083;64
1083;85
1083;160
1084;7
1084;10
1084;24
1084;75
1084;117
1084;285
1085;4
1085;10
1085;28
1085;56
1085;84
1085;167
1086;4
1086;14
1086;28
1086;57
1086;86
1086;172
1087;5
1087;14
1087;28
1087;56
1087;112
1087;224
1088;5
1088;19
1088;28
1088;57
1088;85
1088;199
1089;5
1089;10
1089;28
1089;56
1089;141
1089;284
1090;5
1090;19
1090;24
1090;46
1090;139
1090;334
1091;5
1091;10
1091;31
1091;47
1091;141
1091;400
1092;5
1092;10
1092;32
1092;71
1092;143
1092;285
1093;5
1093;10
1093;24
1093;48
1093;143
1093;282
1094;5
1094;10
1094;24
1094;47
1094;117
1094;353
1095;6
1095;17
1095;32
1095;48
1095;119
1095;174
1096;5
1096;10
1096;33
1096;49
1096;122
1096;228
1097;5
1097;10
1097;24
1097;48
1097;143
1097;283
1098;5
1098;10
1098;23
1098;47
1098;145
1098;160
1099;5
1099;14
1099;21
1099;43
1099;126
1099;359
1100;5
1100;10
1100;21
1100;64
1100;106
1100;405
1101;5
1101;10
1101;21
1101;63
1101;127
1101;336
1102;5
1102;14
1102;21
1102;42
1102;127
1102;211
1103;5
1103;14
1103;21
1103;63
1103;105
1103;401
1104;7
1104;14
1104;21
1104;63
1104;84
1104;401
1105;7
1105;14
1105;21
1105;63
1105;85
1105;168
1106;7
1106;14
1106;28
1106;68
1106;88
1106;169
1107;7
1107;14
1107;28
1107;71
1107;84
1107;275
1108;9
1108;10
1108;28
1108;71
1108;106
1108;177
1109;7
1109;14
1109;35
1109;71
1109;142
1109;249
1110;7
1110;14
1110;36
1110;72
1110;107
1110;167
1111;7
1111;14
1111;35
1111;71
1111;106
1111;177
1112;7
1112;14
1112;36
1112;72
1112;85
1112;180
1113;8
1113;11
1113;20
1113;41
1113;84
1113;292
1114;5
1114;11
1114;21
1114;43
1114;84
1114;171
1115;3
1115;11
1115;21
1115;42
1115;96
1115;192
1116;5
1116;11
1116;32
1116;42
1116;85
1116;193
1117;5
1117;11
1117;21
1117;46
1117;118
1117;362
1118;5
1118;11
1118;32
1118;63
1118;147
1118;168
1119;7
1119;10
1119;28
1119;42
1119;148
1119;240
1120;5
1120;11
1120;21
1120;43
1120;87
1120;240
1121;5
1121;11
1121;23
1121;45
1121;159
1121;391
1122;5
1122;11
1122;36
1122;42
1122;85
1122;226
1123;5
1123;11
1123;21
1123;43
1123;126
1123;457
1124;5
1124;11
1124;37
1124;45
1124;159
1124;174
1125;6
1125;11
1125;35
1125;71
1125;84
1125;168
1126;5
1126;11
1126;35
1126;71
1126;106
1126;177
1127;5
1127;16
1127;36
1127;71
1127;80
1127;178
1128;5
1128;16
1128;36
1128;45
1128;91
1128;282
1129;5
1129;16
1129;39
1129;41
1129;81
1129;388
1130;5
1130;16
1130;21
1130;75
1130;149
1130;453
1131;5
1131;11
1131;39
1131;52
1131;83
1131;388
1132;6
1132;14
1132;38
1132;77
1132;112
1132;192
1133;5
1133;14
1133;24
1133;79
1133;116
1133;238
1134;5
1134;19
1134;24
1134;42
1134;84
1134;238
1135;5
1135;19
1135;33
1135;47
1135;99
1135;371
1136;5
1136;19
1136;35
1136;71
1136;143
1136;176
1137;5
1137;19
1137;35
1137;72
1137;142
1137;179
1138;5
1138;19
1138;36
1138;71
1138;142
1138;178
1139;5
1139;19
1139;24
1139;79
1139;83
1139;163
1140;5
1140;10
1140;24
1140;42
1140;84
1140;253
1141;5
1141;10
1141;36
1141;72
1141;143
1141;178
1142;5
1142;10
1142;35
1142;71
1142;142
1142;283
1143;5
1143;19
1143;36
1143;72
1143;142
1143;178
1144;5
1144;19
1144;36
1144;71
1144;106
1144;177
1145;5
1145;19
1145;24
1145;72
1145;142
1145;178
1146;5
1146;19
1146;24
1146;42
1146;84
1146;409
1147;5
1147;10
1147;24
1147;42
1147;126
1147;169
1148;5
1148;10
1148;24
1148;42
1148;84
1148;168
1149;5
1149;10
1149;24
1149;42
1149;85
1149;185
1150;5
1150;10
1150;24
1150;42
1150;147
1150;277
1151;5
1151;10
1151;24
1151;42
1151;84
1151;292
1152;5
1152;10
1152;24
1152;47
1152;95
1152;269
1153;5
1153;10
1153;24
1153;47
1153;94
1153;170
1154;5
1154;10
1154;24
1154;42
1154;84
1154;274
1155;5
1155;10
1155;24
1155;47
1155;95
1155;173
1156;5
1156;14
1156;22
1156;52
1156;133
1156;199
1157;5
1157;12
1157;39
1157;40
1157;114
1157;206
1158;5
1158;14
1158;28
1158;56
1158;85
1158;170
1159;5
1159;14
1159;30
1159;60
1159;90
1159;179
1160;5
1160;14
1160;32
1160;63
1160;159
1160;191
1161;8
1161;16
1161;31
1161;63
1161;158
1161;212
1162;8
1162;16
1162;32
1162;64
1162;84
1162;240
1163;8
1163;16
1163;34
1163;53
1163;127
1163;240
1164;9
1164;16
1164;34
1164;53
1164;106
1164;240
1165;9
1165;16
1165;30
1165;53
1165;133
1165;240
1166;9
1166;16
1166;36
1166;53
1166;106
1166;175
1167;9
1167;11
1167;21
1167;53
1167;106
1167;500
1168;7
1168;11
1168;21
1168;53
1168;133
1168;476
1169;9
1169;11
1169;21
1169;53
1169;133
1169;240
1170;9
1170;11
1170;21
1170;53
1170;133
1170;500
1171;9
1171;11
1171;21
1171;53
1171;80
1171;173
1172;6
1172;11
1172;21
1172;79
1172;80
1172;170
1173;6
1173;11
1173;30
1173;61
1173;147
1173;176
1174;9
1174;11
1174;32
1174;64
1174;127
1174;352
1175;6
1175;11
1175;21
1175;42
1175;86
1175;365
1176;1
1176;11
1176;31
1176;63
1176;94
1176;282
1177;0
1177;10
1177;35
1177;70
1177;106
1177;176
1178;9
1178;11
1178;35
1178;71
1178;143
1178;178
1179;5
1179;10
1179;21
1179;62
1179;82
1179;160
1180;6
1180;17
1180;36
1180;73
1180;103
1180;161
1181;9
1181;11
1181;28
1181;55
1181;84
1181;197
1182;9
1182;11
1182;20
1182;53
1182;86
1182;174
1183;2
1183;10
1183;28
1183;56
1183;84
1183;196
1184;9
1184;11
1184;27
1184;56
1184;83
1184;169
1185;2
1185;11
1185;21
1185;56
1185;152
1185;436
1186;9
1186;10
1186;21
1186;58
1186;146
1186;174
1187;2
1187;11
1187;28
1187;56
1187;84
1187;168
1188;1
1188;11
1188;28
1188;56
1188;85
1188;170
1189;8
1189;13
1189;27
1189;56
1189;83
1189;190
1190;8
1190;10
1190;20
1190;48
1190;94
1190;276
1191;4
1191;19
1191;37
1191;64
1191;97
1191;254
1192;3
1192;19
1192;28
1192;71
1192;106
1192;353
1193;5
1193;19
1193;28
1193;57
1193;94
1193;171
1194;5
1194;19
1194;38
1194;75
1194;95
1194;169
1195;5
1195;10
1195;38
1195;71
1195;106
1195;206
1196;6
1196;10
1196;28
1196;47
1196;94
1196;189
1197;5
1197;14
1197;23
1197;46
1197;117
1197;189
1198;5
1198;15
1198;21
1198;47
1198;83
1198;186
1199;5
1199;14
1199;23
1199;70
1199;93
1199;161
1200;5
1200;14
1200;24
1200;71
1200;95
1200;166
1201;9
1201;10
1201;20
1201;52
1201;134
1201;161
1202;4
1202;14
1202;28
1202;71
1202;94
1202;165
1203;7
1203;14
1203;21
1203;42
1203;95
1203;384
1204;7
1204;11
1204;21
1204;42
1204;94
1204;168
1205;7
1205;10
1205;21
1205;64
1205;85
1205;254
1206;7
1206;11
1206;21
1206;79
1206;85
1206;168
1207;7
1207;11
1207;28
1207;71
1207;89
1207;319
1208;7
1208;11
1208;20
1208;70
1208;94
1208;319
1209;5
1209;11
1209;34
1209;77
1209;99
1209;165
1210;4
1210;10
1210;21
1210;71
1210;90
1210;189
1211;7
1211;18
1211;21
1211;63
1211;94
1211;175
1212;8
1212;17
1212;27
1212;54
1212;152
1212;172
1213;3
1213;14
1213;28
1213;57
1213;85
1213;170
1214;3
1214;14
1214;32
1214;63
1214;159
1214;160
1215;8
1215;16
1215;31
1215;62
1215;156
1215;188
1216;8
1216;17
1216;32
1216;64
1216;158
1216;160
1217;9
1217;16
1217;31
1217;63
1217;157
1217;189
1218;8
1218;16
1218;31
1218;64
1218;127
1218;160
1219;9
1219;10
1219;32
1219;43
1219;94
1219;343
1220;5
1220;15
1220;21
1220;63
1220;95
1220;255
1221;4
1221;16
1221;31
1221;53
1221;128
1221;180
1222;5
1222;16
1222;32
1222;63
1222;95
1222;348
1223;5
1223;16
1223;21
1223;47
1223;95
1223;409
1224;5
1224;16
1224;21
1224;56
1224;142
1224;224
1225;5
1225;11
1225;21
1225;64
1225;133
1225;212
1226;5
1226;16
1226;32
1226;79
1226;132
1226;212
1227;5
1227;16
1227;32
1227;64
1227;128
1227;254
1228;5
1228;11
1228;34
1228;68
1228;106
1228;177
1229;5
1229;18
1229;35
1229;70
1229;105
1229;248
1230;5
1230;11
1230;23
1230;65
1230;95
1230;189
1231;5
1231;12
1231;24
1231;63
1231;126
1231;252
1232;4
1232;19
1232;35
1232;56
1232;85
1232;254
1233;6
1233;18
1233;35
1233;56
1233;83
1233;288
1234;6
1234;18
1234;35
1234;58
1234;112
1234;189
1235;6
1235;18
1235;35
1235;56
1235;85
1235;396
1236;6
1236;18
1236;23
1236;56
1236;84
1236;225
1237;6
1237;18
1237;24
1237;56
1237;140
1237;225
1238;6
1238;10
1238;21
1238;56
1238;86
1238;171
1239;4
1239;10
1239;26
1239;47
1239;84
1239;212
1240;6
1240;12
1240;27
1240;56
1240;127
1240;390
1241;6
1241;12
1241;24
1241;41
1241;94
1241;227
1242;3
1242;12
1242;38
1242;56
1242;85
1242;338
1243;3
1243;14
1243;27
1243;56
1243;84
1243;337
1244;4
1244;14
1244;28
1244;56
1244;86
1244;341
1245;7
1245;12
1245;26
1245;54
1245;133
1245;163
1246;9
1246;11
1246;32
1246;43
1246;117
1246;193
1247;9
1247;10
1247;21
1247;64
1247;128
1247;204
1248;4
1248;18
1248;39
1248;40
1248;140
1248;162
1249;6
1249;10
1249;37
1249;75
1249;104
1249;189
1250;4
1250;10
1250;37
1250;56
1250;104
1250;189
1251;5
1251;14
1251;36
1251;71
1251;141
1251;250
1252;5
1252;14
1252;28
1252;71
1252;106
1252;322
1253;5
1253;14
1253;38
1253;71
1253;107
1253;319
1254;5
1254;19
1254;20
1254;47
1254;94
1254;166
1255;5
1255;19
1255;37
1255;70
1255;141
1255;189
1256;5
1256;14
1256;28
1256;73
1256;107
1256;236
1257;5
1257;14
1257;35
1257;71
1257;105
1257;317
1258;5
1258;17
1258;36
1258;71
1258;107
1258;320
1259;5
1259;18
1259;35
1259;71
1259;106
1259;178
1260;6
1260;10
1260;36
1260;71
1260;142
1260;179
1261;4
1261;11
1261;28
1261;42
1261;99
1261;186
1262;7
1262;11
1262;36
1262;71
1262;106
1262;188
1263;7
1263;10
1263;35
1263;71
1263;105
1263;169
1264;7
1264;11
1264;21
1264;63
1264;125
1264;252
1265;7
1265;11
1265;21
1265;63
1265;95
1265;355
1266;7
1266;11
1266;21
1266;71
1266;141
1266;355
1267;7
1267;10
1267;21
1267;43
1267;142
1267;248
1268;4
1268;10
1268;21
1268;48
1268;95
1268;194
1269;7
1269;10
1269;39
1269;40
1269;123
1269;228
1270;7
1270;16
1270;32
1270;64
1270;127
1270;224
1271;7
1271;17
1271;32
1271;64
1271;142
1271;222
1272;7
1272;16
1272;36
1272;72
1272;108
1272;252
1273;7
1273;18
1273;36
1273;72
1273;108
1273;214
1274;7
1274;17
1274;32
1274;64
1274;156
1274;164
1275;7
1275;16
1275;31
1275;63
1275;157
1275;283
1276;7
1276;12
1276;34
1276;63
1276;158
1276;162
1277;7
1277;14
1277;31
1277;63
1277;156
1277;218
1278;7
1278;10
1278;23
1278;41
1278;148
1278;270
1279;4
1279;11
1279;21
1279;73
1279;85
1279;281
1280;4
1280;16
1280;32
1280;63
1280;127
1280;191
1281;5
1281;16
1281;21
1281;53
1281;143
1281;196
1282;5
1282;16
1282;21
1282;57
1282;142
1282;171
1283;5
1283;16
1283;21
1283;42
1283;142
1283;173
1284;7
1284;10
1284;32
1284;64
1284;126
1284;212
1285;5
1285;15
1285;31
1285;53
1285;133
1285;213
1286;5
1286;10
1286;27
1286;63
1286;96
1286;314
1287;5
1287;11
1287;25
1287;71
1287;106
1287;315
1288;5
1288;17
1288;26
1288;71
1288;106
1288;355
1289;7
1289;10
1289;26
1289;66
1289;95
1289;280
1290;4
1290;12
1290;36
1290;59
1290;115
1290;343
1291;6
1291;18
1291;35
1291;59
1291;142
1291;384
1292;6
1292;18
1292;35
1292;71
1292;127
1292;190
1293;6
1293;12
1293;35
1293;58
1293;85
1293;169
1294;6
1294;12
1294;23
1294;55
1294;83
1294;194
1295;6
1295;18
1295;24
1295;56
1295;88
1295;225
1296;6
1296;17
1296;23
1296;57
1296;141
1296;169
1297;5
1297;15
1297;28
1297;56
1297;139
1297;161
1298;4
1298;12
1298;27
1298;56
1298;87
1298;384
1299;6
1299;12
1299;35
1299;55
1299;141
1299;311
1300;6
1300;17
1300;23
1300;71
1300;144
1300;213
1301;3
1301;19
1301;22
1301;68
1301;90
1301;246
1302;3
1302;18
1302;36
1302;74
1302;93
1302;162
1303;2
1303;18
1303;20
1303;72
1303;93
1303;169
1304;8
1304;19
1304;26
1304;69
1304;148
1304;178
1305;9
1305;14
1305;37
1305;40
1305;86
1305;285
1306;8
1306;13
1306;39
1306;40
1306;84
1306;167
1307;9
1307;10
1307;20
1307;46
1307;89
1307;346
1308;5
1308;10
1308;37
1308;43
1308;86
1308;171
1309;4
1309;14
1309;37
1309;47
1309;94
1309;187
1310;5
1310;14
1310;28
1310;47
1310;95
1310;189
1311;5
1311;14
1311;28
1311;48
1311;142
1311;189
1312;5
1312;10
1312;38
1312;43
1312;142
1312;189
1313;5
1313;10
1313;28
1313;48
1313;142
1313;190
1314;5
1314;14
1314;24
1314;47
1314;94
1314;190
1315;5
1315;10
1315;22
1315;48
1315;92
1315;236
1316;5
1316;14
1316;22
1316;48
1316;94
1316;496
1317;5
1317;14
1317;37
1317;42
1317;84
1317;168
1318;5
1318;11
1318;20
1318;42
1318;84
1318;168
1319;5
1319;14
1319;28
1319;71
1319;142
1319;185
1320;4
1320;13
1320;22
1320;42
1320;84
1320;169
1321;7
1321;11
1321;21
1321;42
1321;84
1321;212
1322;7
1322;11
1322;28
1322;42
1322;85
1322;255
1323;7
1323;11
1323;21
1323;43
1323;127
1323;256
1324;7
1324;11
1324;35
1324;56
1324;113
1324;284
1325;7
1325;11
1325;21
1325;56
1325;112
1325;169
1326;6
1326;10
1326;22
1326;57
1326;112
1326;170
1327;4
1327;11
1327;34
1327;52
1327;125
1327;220
1328;7
1328;14
1328;32
1328;64
1328;97
1328;226
1329;7
1329;17
1329;31
1329;67
1329;141
1329;221
1330;7
1330;14
1330;28
1330;71
1330;141
1330;249
1331;7
1331;14
1331;35
1331;71
1331;107
1331;213
1332;7
1332;14
1332;36
1332;71
1332;106
1332;174
1333;7
1333;18
1333;35
1333;71
1333;107
1333;286
1334;7
1334;18
1334;35
1334;71
1334;107
1334;284
1335;7
1335;10
1335;21
1335;44
1335;86
1335;391
1336;7
1336;18
1336;21
1336;42
1336;85
1336;169
1337;6
1337;19
1337;32
1337;53
1337;138
1337;225
1338;4
1338;10
1338;21
1338;78
1338;156
1338;400
1339;5
1339;11
1339;32
1339;75
1339;151
1339;189
1340;5
1340;16
1340;32
1340;74
1340;143
1340;186
1341;5
1341;16
1341;31
1341;47
1341;142
1341;197
1342;5
1342;16
1342;31
1342;70
1342;106
1342;212
1343;6
1343;16
1343;35
1343;53
1343;106
1343;212
1344;5
1344;18
1344;33
1344;48
1344;154
1344;236
1345;5
1345;17
1345;35
1345;71
1345;143
1345;247
1346;5
1346;11
1346;33
1346;64
1346;126
1346;255
1347;5
1347;16
1347;28
1347;55
1347;113
1347;252
1348;6
1348;11
1348;29
1348;47
1348;142
1348;256
1349;4
1349;12
1349;35
1349;70
1349;142
1349;225
1350;6
1350;18
1350;35
1350;63
1350;95
1350;283
1351;6
1351;12
1351;35
1351;64
1351;96
1351;318
1352;6
1352;12
1352;35
1352;72
1352;108
1352;290
1353;6
1353;12
1353;35
1353;69
1353;103
1353;256
1354;6
1354;18
1354;24
1354;70
1354;106
1354;225
1355;6
1355;10
1355;21
1355;73
1355;109
1355;286
1356;4
1356;17
1356;34
1356;69
1356;103
1356;309
1357;6
1357;12
1357;38
1357;77
1357;117
1357;322
1358;6
1358;17
1358;35
1358;71
1358;108
1358;174
1359;6
1359;18
1359;25
1359;74
1359;122
1359;174
1360;6
1360;19
1360;21
1360;43
1360;94
1360;188
1361;6
1361;18
1361;36
1361;71
1361;89
1361;193
1362;6
1362;12
1362;39
1362;43
1362;145
1362;176
1363;6
1363;12
1363;36
1363;42
1363;91
1363;296
1364;6
1364;12
1364;35
1364;43
1364;95
1364;280
1365;6
1365;18
1365;35
1365;42
1365;105
1365;268
1366;7
1366;10
1366;21
1366;75
1366;85
1366;179
1367;4
1367;18
1367;37
1367;71
1367;106
1367;213
1368;4
1368;14
1368;36
1368;70
1368;99
1368;180
1369;5
1369;14
1369;28
1369;73
1369;112
1369;217
1370;5
1370;19
1370;28
1370;42
1370;85
1370;169
1371;5
1371;14
1371;38
1371;42
1371;85
1371;168
1372;6
1372;19
1372;28
1372;47
1372;85
1372;168
1373;5
1373;19
1373;24
1373;47
1373;84
1373;168
1374;5
1374;19
1374;28
1374;47
1374;141
1374;231
1375;5
1375;19
1375;28
1375;43
1375;93
1375;168
1376;5
1376;19
1376;28
1376;42
1376;85
1376;169
1377;7
1377;11
1377;20
1377;75
1377;85
1377;171
1378;4
1378;18
1378;28
1378;56
1378;85
1378;187
1379;5
1379;14
1379;28
1379;45
1379;86
1379;168
1380;5
1380;18
1380;29
1380;42
1380;127
1380;170
1381;5
1381;19
1381;28
1381;42
1381;83
1381;185
1382;5
1382;19
1382;28
1382;43
1382;84
1382;166
1383;5
1383;19
1383;28
1383;75
1383;112
1383;337
1384;5
1384;10
1384;23
1384;76
1384;114
1384;165
1385;5
1385;19
1385;28
1385;71
1385;113
1385;190
1386;3
1386;14
1386;39
1386;75
1386;112
1386;264
1387;4
1387;19
1387;28
1387;76
1387;113
1387;342
1388;5
1388;19
1388;28
1388;48
1388;140
1388;236
1389;5
1389;19
1389;20
1389;75
1389;127
1389;228
1390;5
1390;18
1390;35
1390;73
1390;109
1390;255
1391;5
1391;14
1391;36
1391;70
1391;106
1391;247
1392;5
1392;14
1392;31
1392;69
1392;133
1392;291
1393;5
1393;14
1393;31
1393;62
1393;125
1393;312
1394;5
1394;14
1394;32
1394;63
1394;126
1394;346
1395;9
1395;10
1395;21
1395;41
1395;125
1395;342
1396;5
1396;15
1396;21
1396;63
1396;98
1396;293
1397;3
1397;16
1397;21
1397;42
1397;99
1397;160
1398;5
1398;10
1398;21
1398;61
1398;91
1398;160
1399;5
1399;10
1399;21
1399;42
1399;126
1399;191
1400;5
1400;10
1400;21
1400;42
1400;142
1400;425
1401;7
1401;10
1401;21
1401;79
1401;132
1401;186
1402;5
1402;15
1402;21
1402;53
1402;105
1402;185
1403;5
1403;11
1403;26
1403;48
1403;141
1403;180
1404;5
1404;11
1404;32
1404;53
1404;84
1404;252
1405;5
1405;10
1405;21
1405;56
1405;84
1405;354
1406;8
1406;10
1406;28
1406;61
1406;113
1406;353
1407;5
1407;11
1407;21
1407;74
1407;140
1407;223
1408;4
1408;15
1408;31
1408;56
1408;95
1408;168
1409;5
1409;16
1409;32
1409;48
1409;94
1409;191
1410;5
1410;16
1410;32
1410;63
1410;94
1410;188
1411;5
1411;16
1411;31
1411;64
1411;80
1411;194
1412;5
1412;11
1412;21
1412;53
1412;159
1412;186
1413;5
1413;15
1413;26
1413;42
1413;159
1413;186
1414;5
1414;18
1414;32
1414;59
1414;141
1414;249
1415;4
1415;16
1415;32
1415;42
1415;129
1415;211
1416;5
1416;16
1416;21
1416;72
1416;85
1416;265
1417;5
1417;16
1417;23
1417;79
1417;158
1417;184
1418;5
1418;16
1418;27
1418;79
1418;80
1418;160
1419;5
1419;16
1419;32
1419;53
1419;158
1419;370
1420;5
1420;16
1420;32
1420;52
1420;159
1420;401
1421;5
1421;16
1421;28
1421;56
1421;83
1421;166
1422;5
1422;16
1422;28
1422;56
1422;84
1422;282
1423;5
1423;14
1423;28
1423;56
1423;84
1423;278
1424;5
1424;11
1424;34
1424;68
1424;81
1424;272
1425;5
1425;15
1425;28
1425;70
1425;141
1425;185
1426;4
1426;10
1426;21
1426;70
1426;141
1426;185
1427;7
1427;10
1427;21
1427;42
1427;99
1427;185
1428;7
1428;14
1428;20
1428;42
1428;141
1428;169
1429;7
1429;14
1429;21
1429;42
1429;141
1429;225
1430;7
1430;11
1430;21
1430;42
1430;112
1430;213
1431;7
1431;11
1431;21
1431;71
1431;142
1431;213
1432;7
1432;14
1432;28
1432;48
1432;106
1432;236
1433;7
1433;14
1433;21
1433;51
1433;101
1433;228
1434;7
1434;14
1434;21
1434;57
1434;113
1434;170
1435;7
1435;15
1435;21
1435;55
1435;109
1435;474
1436;5
1436;16
1436;21
1436;55
1436;110
1436;212
1437;4
1437;10
1437;21
1437;57
1437;112
1437;358
1438;5
1438;11
1438;32
1438;56
1438;112
1438;222
1439;5
1439;16
1439;31
1439;55
1439;106
1439;255
1440;5
1440;16
1440;21
1440;63
1440;127
1440;191
1441;5
1441;16
1441;27
1441;70
1441;132
1441;213
1442;5
1442;16
1442;21
1442;72
1442;132
1442;212
1443;6
1443;10
1443;32
1443;71
1443;95
1443;474
1444;4
1444;10
1444;27
1444;71
1444;95
1444;212
1445;5
1445;11
1445;35
1445;71
1445;105
1445;477
1446;5
1446;18
1446;21
1446;65
1446;139
1446;176
1447;5
1447;12
1447;27
1447;53
1447;107
1447;170
1448;5
1448;11
1448;27
1448;56
1448;112
1448;278
1449;5
1449;16
1449;28
1449;55
1449;112
1449;163
1450;5
1450;10
1450;35
1450;57
1450;112
1450;456
1451;5
1451;11
1451;35
1451;56
1451;111
1451;277
1452;5
1452;14
1452;36
1452;57
1452;115
1452;172
1453;5
1453;11
1453;35
1453;56
1453;112
1453;282
1454;6
1454;10
1454;20
1454;58
1454;143
1454;344
1455;4
1455;12
1455;36
1455;63
1455;126
1455;191
1456;6
1456;12
1456;35
1456;70
1456;142
1456;166
1457;6
1457;18
1457;35
1457;72
1457;144
1457;273
1458;6
1458;18
1458;36
1458;71
1458;142
1458;212
1459;6
1459;18
1459;36
1459;56
1459;141
1459;226
1460;7
1460;19
1460;35
1460;56
1460;112
1460;225
1461;6
1461;19
1461;28
1461;48
1461;154
1461;212
1462;6
1462;12
1462;28
1462;48
1462;126
1462;228
1463;6
1463;12
1463;27
1463;79
1463;119
1463;252
1464;6
1464;12
1464;28
1464;56
1464;84
1464;168
1465;6
1465;10
1465;37
1465;56
1465;141
1465;282
1466;4
1466;10
1466;28
1466;56
1466;141
1466;197
1467;4
1467;14
1467;28
1467;42
1467;85
1467;188
1468;5
1468;14
1468;29
1468;70
1468;85
1468;183
1469;5
1469;19
1469;28
1469;63
1469;95
1469;191
1470;5
1470;19
1470;27
1470;71
1470;95
1470;213
1471;5
1471;19
1471;36
1471;42
1471;94
1471;166
1472;8
1472;10
1472;20
1472;43
1472;107
1472;282
1473;5
1473;13
1473;23
1473;67
1473;157
1473;161
1474;4
1474;10
1474;37
1474;75
1474;142
1474;163
1475;5
1475;14
1475;31
1475;62
1475;81
1475;183
1476;5
1476;14
1476;26
1476;79
1476;80
1476;236
1477;5
1477;13
1477;26
1477;53
1477;106
1477;161
1478;5
1478;13
1478;26
1478;63
1478;158
1478;397
1479;5
1479;13
1479;26
1479;42
1479;158
1479;160
1480;5
1480;14
1480;28
1480;57
1480;85
1480;168
1481;5
1481;14
1481;28
1481;57
1481;85
1481;280
1482;5
1482;14
1482;27
1482;71
1482;84
1482;281
1483;8
1483;10
1483;23
1483;71
1483;143
1483;186
1484;4
1484;11
1484;28
1484;71
1484;142
1484;185
1485;7
1485;14
1485;21
1485;70
1485;84
1485;188
1486;7
1486;11
1486;21
1486;42
1486;84
1486;185
1487;7
1487;10
1487;21
1487;42
1487;105
1487;190
1488;7
1488;11
1488;21
1488;42
1488;104
1488;169
1489;9
1489;10
1489;28
1489;42
1489;142
1489;213
1490;7
1490;11
1490;35
1490;70
1490;142
1490;213
1491;7
1491;14
1491;21
1491;53
1491;106
1491;162
1492;7
1492;14
1492;21
1492;57
1492;114
1492;342
1493;7
1493;14
1493;21
1493;53
1493;106
1493;266
1494;7
1494;10
1494;23
1494;58
1494;112
1494;270
1495;5
1495;15
1495;31
1495;56
1495;110
1495;168
1496;3
1496;10
1496;32
1496;56
1496;111
1496;275
1497;5
1497;10
1497;32
1497;56
1497;112
1497;169
1498;5
1498;16
1498;21
1498;62
1498;126
1498;169
1499;5
1499;11
1499;22
1499;63
1499;127
1499;254
1500;5
1500;16
1500;21
1500;70
1500;133
1500;212
1501;5
1501;16
1501;32
1501;70
1501;132
1501;212
1502;5
1502;10
1502;27
1502;72
1502;84
1502;212
1503;4
1503;10
1503;21
1503;68
1503;84
1503;414
1504;5
1504;11
1504;27
1504;71
1504;114
1504;211
1505;5
1505;17
1505;22
1505;54
1505;153
1505;212
1506;5
1506;10
1506;27
1506;54
1506;107
1506;228
1507;5
1507;10
1507;28
1507;57
1507;114
1507;451
1508;5
1508;16
1508;27
1508;54
1508;108
1508;267
1509;5
1509;11
1509;28
1509;58
1509;116
1509;231
1510;5
1510;11
1510;27
1510;57
1510;114
1510;274
1511;5
1511;11
1511;28
1511;56
1511;112
1511;166
1512;5
1512;10
1512;20
1512;56
1512;113
1512;169
1513;5
1513;12
1513;23
1513;63
1513;142
1513;256
1514;4
1514;12
1514;35
1514;64
1514;130
1514;266
1515;6
1515;18
1515;35
1515;71
1515;142
1515;213
1516;6
1516;18
1516;23
1516;71
1516;142
1516;189
1517;6
1517;18
1517;35
1517;71
1517;142
1517;214
1518;6
1518;12
1518;35
1518;56
1518;141
1518;225
1519;6
1519;18
1519;24
1519;71
1519;140
1519;224
1520;6
1520;18
1520;26
1520;48
1520;142
1520;236
1521;6
1521;12
1521;27
1521;47
1521;126
1521;252
1522;6
1522;12
1522;24
1522;71
1522;126
1522;449
1523;6
1523;12
1523;20
1523;48
1523;126
1523;164
1524;5
1524;10
1524;37
1524;56
1524;114
1524;188
1525;4
1525;14
1525;28
1525;75
1525;144
1525;358
1526;5
1526;14
1526;28
1526;70
1526;98
1526;185
1527;5
1527;19
1527;28
1527;47
1527;98
1527;207
1528;5
1528;14
1528;28
1528;70
1528;94
1528;184
1529;5
1529;19
1529;23
1529;75
1529;94
1529;166
1530;5
1530;14
1530;28
1530;47
1530;118
1530;165
1531;6
1531;10
1531;23
1531;46
1531;142
1531;237
1532;4
1532;10
1532;23
1532;75
1532;117
1532;190
1533;5
1533;10
1533;23
1533;75
1533;95
1533;190
1534;5
1534;19
1534;25
1534;75
1534;154
1534;173
1535;5
1535;12
1535;26
1535;48
1535;141
1535;170
1536;5
1536;10
1536;27
1536;48
1536;93
1536;193
1537;5
1537;10
1537;28
1537;75
1537;93
1537;208
1538;5
1538;10
1538;22
1538;76
1538;108
1538;455
1539;5
1539;10
1539;28
1539;75
1539;95
1539;220
1540;5
1540;10
1540;31
1540;62
1540;93
1540;184
1541;5
1541;10
1541;33
1541;65
1541;96
1541;193
1542;8
1542;12
1542;35
1542;56
1542;143
1542;307
1543;6
1543;12
1543;24
1543;56
1543;143
1543;479
1544;6
1544;12
1544;32
1544;64
1544;96
1544;160
1545;2
1545;12
1545;32
1545;64
1545;126
1545;189
1546;0
1546;12
1546;31
1546;62
1546;93
1546;169
1547;3
1547;12
1547;34
1547;56
1547;104
1547;312
1548;8
1548;18
1548;31
1548;56
1548;150
1548;161
1549;8
1549;17
1549;33
1549;63
1549;133
1549;164
1550;8
1550;18
1550;32
1550;63
1550;126
1550;378
1551;7
1551;12
1551;32
1551;63
1551;95
1551;160
1552;7
1552;12
1552;32
1552;64
1552;96
1552;192
1553;8
1553;14
1553;28
1553;57
1553;85
1553;274
1554;9
1554;10
1554;28
1554;57
1554;84
1554;223
1555;9
1555;10
1555;28
1555;56
1555;85
1555;170
1556;9
1556;10
1556;28
1556;57
1556;112
1556;224
1557;9
1557;10
1557;28
1557;56
1557;84
1557;169
1558;9
1558;10
1558;26
1558;50
1558;157
1558;160
1559;9
1559;10
1559;24
1559;47
1559;142
1559;166
1560;9
1560;10
1560;24
1560;72
1560;95
1560;167
1561;9
1561;10
1561;24
1561;71
1561;143
1561;166
1562;9
1562;10
1562;24
1562;48
1562;95
1562;166
1563;9
1563;10
1563;24
1563;47
1563;94
1563;311
1564;9
1564;10
1564;24
1564;48
1564;96
1564;285
1565;8
1565;13
1565;26
1565;51
1565;130
1565;268
1566;9
1566;12
1566;24
1566;47
1566;142
1566;163
1567;3
1567;19
1567;21
1567;49
1567;158
1567;256
1568;8
1568;19
1568;22
1568;45
1568;154
1568;311
1569;3
1569;19
1569;20
1569;41
1569;102
1569;352
1570;2
1570;19
1570;21
1570;42
1570;85
1570;169
1571;9
1571;14
1571;21
1571;43
1571;106
1571;213
1572;8
1572;14
1572;21
1572;63
1572;84
1572;213
1573;8
1573;14
1573;21
1573;42
1573;85
1573;213
1574;1
1574;19
1574;21
1574;57
1574;106
1574;213
1575;8
1575;19
1575;24
1575;76
1575;106
1575;213
1576;2
1576;14
1576;36
1576;57
1576;106
1576;213
1577;2
1577;15
1577;21
1577;57
1577;106
1577;481
1578;8
1578;15
1578;35
1578;71
1578;106
1578;213
1579;8
1579;10
1579;35
1579;71
1579;106
1579;176
1580;8
1580;16
1580;35
1580;70
1580;105
1580;176
1581;9
1581;15
1581;36
1581;72
1581;108
1581;216
1582;8
1582;15
1582;35
1582;69
1582;107
1582;239
1583;8
1583;16
1583;27
1583;53
1583;80
1583;240
1584;8
1584;16
1584;21
1584;53
1584;80
1584;240
1585;8
1585;16
1585;27
1585;53
1585;80
1585;213
1586;6
1586;16
1586;22
1586;44
1586;106
1586;169
1587;2
1587;16
1587;21
1587;42
1587;145
1587;166
1588;2
1588;16
1588;21
1588;42
1588;147
1588;358
1589;6
1589;16
1589;21
1589;42
1589;85
1589;213
1590;1
1590;16
1590;24
1590;44
1590;80
1590;275
1591;3
1591;11
1591;37
1591;40
1591;80
1591;199
1592;2
1592;16
1592;27
1592;53
1592;80
1592;419
1593;7
1593;10
1593;21
1593;53
1593;80
1593;163
1594;9
1594;10
1594;35
1594;71
1594;106
1594;177
1595;9
1595;13
1595;36
1595;71
1595;107
1595;161
1596;4
1596;17
1596;37
1596;73
1596;110
1596;216
1597;9
1597;15
1597;36
1597;71
1597;106
1597;217
1598;9
1598;14
1598;36
1598;71
1598;107
1598;438
1599;8
1599;14
1599;36
1599;41
1599;159
1599;386
1600;9
1600;14
1600;24
1600;46
1600;150
1600;366
1601;9
1601;14
1601;37
1601;75
1601;112
1601;238
1602;9
1602;10
1602;24
1602;41
1602;82
1602;238
1603;9
1603;10
1603;24
1603;42
1603;118
1603;238
1604;9
1604;19
1604;24
1604;47
1604;119
1604;332
1605;9
1605;10
1605;36
1605;71
1605;143
1605;178
1606;9
1606;10
1606;24
1606;47
1606;142
1606;238
1607;9
1607;10
1607;36
1607;71
1607;106
1607;284
1608;9
1608;10
1608;39
1608;41
1608;83
1608;288
1609;9
1609;10
1609;24
1609;42
1609;84
1609;341
1610;9
1610;10
1610;36
1610;40
1610;80
1610;256
1611;9
1611;10
1611;36
1611;71
1611;107
1611;288
1612;9
1612;10
1612;36
1612;71
1612;107
1612;178
1613;9
1613;10
1613;35
1613;47
1613;106
1613;273
1614;9
1614;10
1614;24
1614;47
1614;142
1614;375
1615;9
1615;10
1615;24
1615;42
1615;83
1615;286
1616;9
1616;10
1616;24
1616;42
1616;84
1616;168
1617;9
1617;10
1617;24
1617;43
1617;85
1617;171
1618;9
1618;10
1618;24
1618;77
1618;159
1618;164
1619;9
1619;10
1619;24
1619;42
1619;85
1619;268
1620;9
1620;10
1620;24
1620;42
1620;84
1620;168
1621;9
1621;10
1621;24
1621;47
1621;94
1621;274
1622;9
1622;10
1622;24
1622;48
1622;95
1622;192
1623;9
1623;10
1623;24
1623;47
1623;84
1623;186
1624;9
1624;14
1624;24
1624;43
1624;95
1624;178
1625;8
1625;14
1625;24
1625;56
1625;159
1625;205
1626;8
1626;13
1626;28
1626;58
1626;85
1626;206
1627;2
1627;12
1627;28
1627;56
1627;84
1627;168
1628;8
1628;13
1628;31
1628;61
1628;92
1628;177
1629;8
1629;17
1629;32
1629;63
1629;158
1629;160
1630;8
1630;16
1630;32
1630;63
1630;159
1630;160
1631;8
1631;16
1631;21
1631;53
1631;106
1631;240
1632;9
1632;16
1632;32
1632;53
1632;133
1632;240
1633;8
1633;16
1633;21
1633;53
1633;133
1633;240
1634;9
1634;16
1634;21
1634;53
1634;133
1634;240
1635;9
1635;16
1635;21
1635;53
1635;159
1635;498
1636;9
1636;11
1636;21
1636;53
1636;106
1636;504
1637;9
1637;11
1637;21
1637;53
1637;133
1637;240
1638;9
1638;11
1638;21
1638;53
1638;133
1638;160
1639;9
1639;11
1639;21
1639;53
1639;133
1639;160
1640;9
1640;11
1640;21
1640;53
1640;107
1640;180
1641;9
1641;11
1641;21
1641;53
1641;159
1641;171
1642;9
1642;11
1642;21
1642;53
1642;159
1642;160
1643;9
1643;11
1643;21
1643;53
1643;133
1643;187
1644;9
1644;10
1644;21
1644;66
1644;124
1644;269
1645;0
1645;11
1645;32
1645;63
1645;95
1645;222
1646;9
1646;10
1646;35
1646;70
1646;103
1646;211
1647;9
1647;11
1647;35
1647;70
1647;105
1647;351
1648;2
1648;11
1648;35
1648;71
1648;107
1648;212
1649;9
1649;11
1649;32
1649;68
1649;133
1649;218
1650;9
1650;11
1650;32
1650;64
1650;96
1650;289
1651;3
1651;11
1651;32
1651;63
1651;136
1651;287
1652;2
1652;11
1652;33
1652;64
1652;96
1652;166
1653;9
1653;11
1653;31
1653;63
1653;95
1653;288
1654;0
1654;11
1654;28
1654;56
1654;84
1654;337
1655;7
1655;11
1655;29
1655;43
1655;86
1655;306
1656;1
1656;11
1656;27
1656;54
1656;80
1656;347
1657;7
1657;14
1657;29
1657;58
1657;87
1657;354
1658;6
1658;10
1658;29
1658;57
1658;86
1658;173
1659;9
1659;10
1659;31
1659;62
1659;93
1659;280
1660;9
1660;10
1660;32
1660;64
1660;96
1660;348
1661;9
1661;14
1661;36
1661;71
1661;107
1661;250
1662;9
1662;10
1662;28
1662;57
1662;99
1662;239
1663;9
1663;10
1663;28
1663;56
1663;132
1663;409
1664;9
1664;10
1664;28
1664;71
1664;142
1664;238
1665;9
1665;10
1665;24
1665;47
1665;142
1665;238
1666;9
1666;10
1666;24
1666;47
1666;83
1666;190
1667;8
1667;12
1667;21
1667;42
1667;85
1667;274
1668;2
1668;12
1668;23
1668;47
1668;141
1668;162
1669;9
1669;12
1669;23
1669;47
1669;94
1669;160
1670;8
1670;15
1670;28
1670;43
1670;133
1670;176
1671;2
1671;14
1671;28
1671;57
1671;128
1671;176
1672;8
1672;14
1672;21
1672;42
1672;84
1672;169
1673;8
1673;15
1673;21
1673;56
1673;84
1673;170
1674;8
1674;18
1674;21
1674;65
1674;86
1674;171
1675;8
1675;10
1675;21
1675;63
1675;85
1675;355
1676;8
1676;19
1676;21
1676;71
1676;107
1676;213
1677;8
1677;18
1677;36
1677;70
1677;142
1677;213
1678;8
1678;18
1678;22
1678;78
1678;84
1678;177
1679;1
1679;19
1679;22
1679;41
1679;159
1679;172
1680;2
1680;19
1680;35
1680;40
1680;85
1680;172
1681;9
1681;15
1681;29
1681;75
1681;158
1681;182
1682;2
1682;16
1682;28
1682;56
1682;84
1682;171
1683;4
1683;17
1683;31
1683;63
1683;95
1683;192
1684;1
1684;16
1684;31
1684;63
1684;95
1684;192
1685;3
1685;16
1685;32
1685;64
1685;96
1685;160
1686;2
1686;16
1686;32
1686;63
1686;95
1686;189
1687;3
1687;16
1687;32
1687;64
1687;95
1687;285
1688;9
1688;10
1688;21
1688;52
1688;126
1688;248
1689;9
1689;11
1689;21
1689;63
1689;95
1689;254
1690;9
1690;16
1690;32
1690;63
1690;95
1690;221
1691;9
1691;16
1691;32
1691;63
1691;159
1691;160
1692;8
1692;16
1692;31
1692;47
1692;85
1692;171
1693;9
1693;11
1693;28
1693;57
1693;85
1693;198
1694;9
1694;16
1694;32
1694;64
1694;80
1694;375
1695;8
1695;16
1695;30
1695;63
1695;127
1695;160
1696;1
1696;16
1696;32
1696;64
1696;95
1696;254
1697;1
1697;16
1697;34
1697;68
1697;101
1697;269
1698;0
1698;18
1698;35
1698;71
1698;106
1698;177
1699;8
1699;12
1699;24
1699;62
1699;94
1699;197
1700;8
1700;12
1700;24
1700;63
1700;94
1700;251
1701;8
1701;18
1701;35
1701;56
1701;84
1701;278
1702;8
1702;18
1702;36
1702;56
1702;83
1702;197
1703;8
1703;18
1703;24
1703;57
1703;85
1703;238
1704;8
1704;18
1704;24
1704;55
1704;82
1704;273
1705;8
1705;18
1705;29
1705;58
1705;86
1705;169
1706;8
1706;18
1706;28
1706;56
1706;82
1706;169
1707;9
1707;14
1707;28
1707;58
1707;87
1707;264
1708;8
1708;18
1708;29
1708;68
1708;147
1708;256
1709;3
1709;16
1709;35
1709;41
1709;131
1709;164
1710;4
1710;16
1710;29
1710;77
1710;84
1710;511
1711;2
1711;14
1711;28
1711;56
1711;84
1711;337
1712;8
1712;14
1712;29
1712;57
1712;85
1712;286
1713;5
1713;14
1713;28
1713;41
1713;84
1713;165
1714;4
1714;11
1714;27
1714;54
1714;159
1714;161
1715;9
1715;11
1715;22
1715;65
1715;86
1715;265
1716;9
1716;11
1716;21
1716;63
1716;84
1716;210
1717;9
1717;10
1717;39
1717;47
1717;107
1717;226
1718;9
1718;10
1718;28
1718;57
1718;125
1718;330
1719;9
1719;10
1719;36
1719;40
1719;81
1719;209
1720;9
1720;14
1720;36
1720;71
1720;107
1720;214
1721;9
1721;10
1721;35
1721;70
1721;106
1721;346
1722;9
1722;10
1722;36
1722;71
1722;107
1722;180
1723;9
1723;10
1723;36
1723;72
1723;144
1723;286
1724;9
1724;10
1724;24
1724;71
1724;142
1724;358
1725;8
1725;18
1725;36
1725;72
1725;107
1725;182
1726;8
1726;18
1726;35
1726;71
1726;106
1726;213
1727;8
1727;18
1727;34
1727;69
1727;141
1727;176
1728;7
1728;14
1728;36
1728;42
1728;110
1728;376
1729;8
1729;14
1729;36
1729;72
1729;144
1729;180
1730;8
1730;14
1730;36
1730;72
1730;142
1730;361
1731;8
1731;14
1731;21
1731;71
1731;107
1731;361
1732;8
1732;18
1732;21
1732;65
1732;104
1732;370
1733;8
1733;16
1733;21
1733;63
1733;95
1733;253
1734;8
1734;16
1734;21
1734;63
1734;95
1734;213
1735;8
1735;16
1735;21
1735;71
1735;106
1735;213
1736;8
1736;19
1736;39
1736;40
1736;80
1736;167
1737;7
1737;15
1737;39
1737;42
1737;84
1737;169
1738;7
1738;19
1738;31
1738;43
1738;125
1738;338
1739;6
1739;16
1739;32
1739;63
1739;128
1739;223
1740;5
1740;16
1740;32
1740;63
1740;95
1740;222
1741;0
1741;17
1741;36
1741;71
1741;107
1741;285
1742;7
1742;18
1742;35
1742;71
1742;107
1742;248
1743;4
1743;17
1743;33
1743;65
1743;96
1743;161
1744;3
1744;16
1744;32
1744;63
1744;95
1744;190
1745;6
1745;15
1745;31
1745;63
1745;94
1745;282
1746;7
1746;15
1746;32
1746;63
1746;93
1746;281
1747;9
1747;10
1747;21
1747;42
1747;84
1747;213
1748;9
1748;11
1748;21
1748;53
1748;159
1748;247
1749;8
1749;16
1749;32
1749;63
1749;95
1749;253
1750;9
1750;15
1750;32
1750;58
1750;87
1750;175
1751;8
1751;16
1751;21
1751;56
1751;85
1751;198
1752;9
1752;10
1752;32
1752;42
1752;80
1752;348
1753;9
1753;10
1753;32
1753;64
1753;80
1753;160
1754;7
1754;16
1754;31
1754;63
1754;146
1754;193
1755;8
1755;16
1755;32
1755;64
1755;95
1755;220
1756;7
1756;18
1756;36
1756;71
1756;106
1756;320
1757;6
1757;18
1757;34
1757;71
1757;103
1757;173
1758;8
1758;12
1758;32
1758;63
1758;94
1758;316
1759;8
1759;12
1759;28
1759;56
1759;85
1759;308
1760;7
1760;18
1760;36
1760;53
1760;142
1760;270
1761;8
1761;18
1761;36
1761;53
1761;143
1761;287
1762;8
1762;18
1762;28
1762;56
1762;85
1762;169
1763;8
1763;18
1763;29
1763;56
1763;85
1763;170
1764;8
1764;18
1764;28
1764;58
1764;81
1764;170
1765;0
1765;17
1765;30
1765;60
1765;151
1765;169
1766;1
1766;14
1766;27
1766;54
1766;82
1766;164
1767;9
1767;12
1767;31
1767;62
1767;86
1767;171
1768;9
1768;15
1768;31
1768;60
1768;86
1768;263
1769;8
1769;14
1769;30
1769;56
1769;85
1769;164
1770;9
1770;12
1770;30
1770;56
1770;86
1770;170
1771;9
1771;14
1771;28
1771;60
1771;85
1771;172
1772;8
1772;18
1772;28
1772;59
1772;86
1772;172
1773;4
1773;13
1773;30
1773;60
1773;86
1773;169
1774;8
1774;13
1774;27
1774;60
1774;86
1774;168
1775;2
1775;13
1775;30
1775;56
1775;86
1775;228
1776;8
1776;10
1776;20
1776;71
1776;131
1776;168
1777;4
1777;19
1777;37
1777;75
1777;86
1777;170
1778;5
1778;14
1778;37
1778;48
1778;141
1778;189
1779;5
1779;14
1779;28
1779;47
1779;99
1779;189
1780;5
1780;19
1780;38
1780;48
1780;142
1780;190
1781;5
1781;14
1781;38
1781;75
1781;143
1781;189
1782;6
1782;10
1782;24
1782;47
1782;142
1782;190
1783;5
1783;14
1783;23
1783;48
1783;94
1783;189
1784;5
1784;14
1784;24
1784;48
1784;92
1784;170
1785;5
1785;14
1785;39
1785;40
1785;93
1785;286
1786;5
1786;14
1786;21
1786;71
1786;84
1786;252
1787;8
1787;11
1787;20
1787;61
1787;85
1787;170
1788;4
1788;14
1788;28
1788;57
1788;141
1788;170
1789;7
1789;11
1789;21
1789;43
1789;125
1789;171
1790;7
1790;11
1790;21
1790;42
1790;85
1790;212
1791;7
1791;10
1791;21
1791;42
1791;84
1791;255
1792;7
1792;11
1792;21
1792;42
1792;126
1792;255
1793;7
1793;11
1793;28
1793;57
1793;113
1793;170
1794;7
1794;12
1794;28
1794;57
1794;112
1794;168
1795;5
1795;16
1795;35
1795;58
1795;114
1795;173
1796;4
1796;11
1796;32
1796;46
1796;139
1796;219
1797;7
1797;11
1797;33
1797;65
1797;130
1797;226
1798;7
1798;17
1798;35
1798;48
1798;153
1798;236
1799;7
1799;17
1799;35
1799;71
1799;107
1799;250
1800;7
1800;14
1800;35
1800;72
1800;93
1800;248
1801;7
1801;14
1801;35
1801;71
1801;141
1801;175
1802;7
1802;18
1802;35
1802;71
1802;106
1802;178
1803;7
1803;18
1803;38
1803;70
1803;143
1803;284
1804;7
1804;14
1804;35
1804;45
1804;127
1804;172
1805;7
1805;10
1805;22
1805;42
1805;84
1805;167
1806;5
1806;10
1806;31
1806;53
1806;138
1806;225
1807;4
1807;16
1807;31
1807;76
1807;148
1807;186
1808;5
1808;16
1808;32
1808;75
1808;149
1808;187
1809;5
1809;16
1809;31
1809;78
1809;80
1809;186
1810;5
1810;16
1810;31
1810;59
1810;142
1810;191
1811;5
1811;10
1811;21
1811;53
1811;106
1811;212
1812;5
1812;11
1812;35
1812;71
1812;106
1812;323
1813;5
1813;16
1813;35
1813;47
1813;106
1813;236
1814;5
1814;11
1814;35
1814;69
1814;108
1814;247
1815;5
1815;16
1815;32
1815;62
1815;156
1815;249
1816;5
1816;10
1816;28
1816;56
1816;113
1816;343
1817;5
1817;12
1817;28
1817;59
1817;142
1817;227
1818;4
1818;12
1818;35
1818;62
1818;142
1818;245
1819;6
1819;12
1819;35
1819;62
1819;127
1819;254
1820;6
1820;18
1820;24
1820;72
1820;132
1820;356
1821;6
1821;18
1821;24
1821;71
1821;140
1821;281
1822;6
1822;18
1822;23
1822;72
1822;145
1822;310
1823;6
1823;18
1823;35
1823;72
1823;139
1823;225
1824;6
1824;17
1824;23
1824;72
1824;135
1824;254
1825;4
1825;17
1825;35
1825;69
1825;127
1825;286
1826;6
1826;12
1826;20
1826;72
1826;142
1826;285
1827;6
1827;17
1827;24
1827;71
1827;143
1827;286
1828;6
1828;18
1828;28
1828;63
1828;127
1828;162
1829;6
1829;18
1829;28
1829;61
1829;119
1829;307
1830;6
1830;18
1830;28
1830;56
1830;112
1830;309
1831;6
1831;18
1831;24
1831;71
1831;120
1831;166
1832;6
1832;10
1832;24
1832;48
1832;117
1832;215
1833;6
1833;10
1833;24
1833;42
1833;144
1833;476
1834;6
1834;16
1834;22
1834;40
1834;120
1834;311
1835;6
1835;10
1835;36
1835;75
1835;107
1835;214
1836;4
1836;19
1836;36
1836;71
1836;106
1836;213
1837;4
1837;14
1837;37
1837;72
1837;107
1837;248
1838;5
1838;14
1838;28
1838;72
1838;107
1838;213
1839;5
1839;14
1839;28
1839;75
1839;83
1839;207
1840;5
1840;19
1840;28
1840;47
1840;83
1840;167
1841;5
1841;19
1841;28
1841;47
1841;85
1841;169
1842;5
1842;19
1842;28
1842;48
1842;127
1842;169
1843;5
1843;14
1843;33
1843;47
1843;83
1843;228
1844;5
1844;14
1844;28
1844;75
1844;93
1844;169
1845;5
1845;14
1845;28
1845;42
1845;126
1845;168
1846;6
1846;10
1846;20
1846;75
1846;85
1846;189
1847;4
1847;14
1847;29
1847;42
1847;84
1847;189
1848;4
1848;14
1848;28
1848;44
1848;85
1848;168
1849;5
1849;14
1849;29
1849;63
1849;128
1849;171
1850;5
1850;10
1850;28
1850;42
1850;126
1850;185
1851;5
1851;10
1851;28
1851;47
1851;94
1851;166
1852;5
1852;10
1852;24
1852;74
1852;112
1852;165
1853;7
1853;10
1853;24
1853;47
1853;93
1853;165
1854;4
1854;19
1854;33
1854;71
1854;113
1854;165
1855;4
1855;19
1855;28
1855;75
1855;114
1855;265
1856;5
1856;19
1856;28
1856;75
1856;111
1856;297
1857;5
1857;19
1857;28
1857;48
1857;92
1857;185
1858;5
1858;19
1858;24
1858;70
1858;139
1858;280
1859;5
1859;19
1859;35
1859;70
1859;143
1859;250
1860;5
1860;14
1860;36
1860;71
1860;140
1860;274
1861;5
1861;14
1861;31
1861;63
1861;126
1861;286
1862;5
1862;14
1862;31
1862;63
1862;156
1862;280
1863;5
1863;14
1863;32
1863;63
1863;127
1863;286
1864;7
1864;10
1864;21
1864;42
1864;97
1864;352
1865;4
1865;16
1865;21
1865;42
1865;92
1865;336
1866;5
1866;16
1866;21
1866;62
1866;111
1866;160
1867;5
1867;16
1867;32
1867;63
1867;122
1867;160
1868;5
1868;16
1868;21
1868;42
1868;142
1868;191
1869;5
1869;15
1869;21
1869;42
1869;141
1869;187
1870;6
1870;16
1870;21
1870;53
1870;159
1870;186
1871;5
1871;19
1871;26
1871;52
1871;133
1871;185
1872;5
1872;16
1872;21
1872;63
1872;141
1872;170
1873;5
1873;16
1873;21
1873;63
1873;126
1873;355
1874;5
1874;16
1874;28
1874;70
1874;84
1874;355
1875;7
1875;11
1875;21
1875;42
1875;112
1875;163
1876;4
1876;14
1876;28
1876;42
1876;84
1876;169
1877;3
1877;11
1877;32
1877;56
1877;142
1877;169
1878;5
1878;16
1878;31
1878;53
1878;95
1878;191
1879;5
1879;16
1879;21
1879;64
1879;95
1879;190
1880;5
1880;17
1880;21
1880;64
1880;81
1880;212
1881;5
1881;16
1881;21
1881;42
1881;133
1881;186
1882;5
1882;10
1882;26
1882;43
1882;106
1882;186
1883;5
1883;15
1883;27
1883;64
1883;141
1883;213
1884;3
1884;16
1884;26
1884;42
1884;158
1884;384
1885;5
1885;16
1885;21
1885;67
1885;148
1885;160
1886;5
1886;16
1886;26
1886;79
1886;80
1886;160
1887;5
1887;16
1887;27
1887;53
1887;80
1887;186
1888;5
1888;16
1888;32
1888;53
1888;159
1888;371
1889;5
1889;16
1889;27
1889;53
1889;133
1889;160
1890;5
1890;16
1890;28
1890;56
1890;106
1890;167
1891;5
1891;16
1891;28
1891;57
1891;85
1891;283
1892;5
1892;11
1892;28
1892;71
1892;84
1892;280
1893;9
1893;10
1893;20
1893;40
1893;111
1893;279
1894;5
1894;11
1894;28
1894;70
1894;112
1894;185
1895;4
1895;11
1895;21
1895;70
1895;142
1895;185
1896;7
1896;14
1896;21
1896;42
1896;99
1896;169
1897;7
1897;14
1897;28
1897;42
1897;141
1897;185
1898;7
1898;14
1898;21
1898;42
1898;84
1898;284
1899;9
1899;11
1899;21
1899;42
1899;142
1899;213
1900;7
1900;11
1900;35
1900;70
1900;113
1900;248
1901;7
1901;14
1901;35
1901;52
1901;104
1901;236
1902;7
1902;14
1902;21
1902;51
1902;101
1902;225
1903;7
1903;14
1903;21
1903;56
1903;112
1903;225
1904;7
1904;10
1904;24
1904;57
1904;84
1904;212
1905;5
1905;11
1905;21
1905;55
1905;110
1905;212
1906;3
1906;15
1906;32
1906;57
1906;115
1906;358
1907;5
1907;16
1907;31
1907;56
1907;113
1907;227
1908;5
1908;16
1908;21
1908;56
1908;113
1908;227
1909;5
1909;16
1909;21
1909;63
1909;127
1909;191
1910;5
1910;16
1910;21
1910;71
1910;141
1910;213
1911;5
1911;16
1911;21
1911;72
1911;94
1911;212
1912;5
1912;15
1912;32
1912;71
1912;84
1912;213
1913;4
1913;13
1913;21
1913;72
1913;85
1913;211
1914;5
1914;10
1914;21
1914;71
1914;94
1914;213
1915;5
1915;17
1915;26
1915;55
1915;154
1915;173
1916;5
1916;16
1916;25
1916;54
1916;107
1916;223
1917;5
1917;16
1917;21
1917;56
1917;114
1917;169
1918;5
1918;16
1918;21
1918;54
1918;112
1918;162
1919;5
1919;14
1919;28
1919;58
1919;112
1919;229
1920;5
1920;11
1920;35
1920;56
1920;111
1920;222
1921;5
1921;16
1921;36
1921;55
1921;112
1921;229
1922;5
1922;17
1922;20
1922;56
1922;112
1922;335
1923;5
1923;17
1923;35
1923;60
1923;142
1923;225
1924;4
1924;14
1924;24
1924;63
1924;129
1924;283
1925;6
1925;18
1925;35
1925;71
1925;142
1925;283
1926;6
1926;18
1926;35
1926;72
1926;142
1926;279
1927;6
1927;18
1927;23
1927;71
1927;142
1927;284
1928;6
1928;17
1928;36
1928;56
1928;112
1928;225
1929;6
1929;12
1929;35
1929;47
1929;112
1929;225
1930;6
1930;18
1930;28
1930;48
1930;94
1930;236
1931;6
1931;12
1931;28
1931;47
1931;95
1931;225
1932;6
1932;18
1932;35
1932;78
1932;82
1932;268
1933;6
1933;11
1933;21
1933;79
1933;122
1933;286
1934;5
1934;14
1934;38
1934;75
1934;126
1934;291
1935;4
1935;14
1935;24
1935;43
1935;126
1935;169
1936;5
1936;14
1936;28
1936;56
1936;84
1936;169
1937;5
1937;14
1937;28
1937;43
1937;85
1937;173
1938;5
1938;14
1938;28
1938;75
1938;83
1938;166
1939;5
1939;14
1939;23
1939;75
1939;85
1939;189
1940;5
1940;19
1940;24
1940;64
1940;94
1940;166
1941;7
1941;10
1941;36
1941;71
1941;141
1941;250
1942;4
1942;13
1942;38
1942;75
1942;150
1942;300
1943;5
1943;10
1943;28
1943;75
1943;150
1943;225
1944;5
1944;19
1944;25
1944;77
1944;156
1944;266
1945;5
1945;19
1945;20
1945;71
1945;142
1945;178
1946;5
1946;19
1946;20
1946;68
1946;104
1946;176
1947;5
1947;14
1947;32
1947;63
1947;157
1947;283
1948;5
1948;14
1948;32
1948;63
1948;126
1948;379
1949;5
1949;10
1949;33
1949;68
1949;130
1949;275
1950;5
1950;15
1950;32
1950;64
1950;96
1950;160
1951;5
1951;14
1951;32
1951;63
1951;95
1951;286
1952;7
1952;10
1952;24
1952;71
1952;85
1952;185
1953;4
1953;14
1953;29
1953;70
1953;84
1953;186
1954;7
1954;14
1954;21
1954;42
1954;90
1954;272
1955;7
1955;11
1955;20
1955;42
1955;83
1955;168
1956;7
1956;10
1956;21
1956;62
1956;124
1956;270
1957;7
1957;11
1957;21
1957;56
1957;83
1957;213
1958;8
1958;10
1958;35
1958;71
1958;142
1958;213
1959;7
1959;14
1959;21
1959;54
1959;154
1959;211
1960;7
1960;14
1960;21
1960;54
1960;106
1960;162
1961;7
1961;14
1961;21
1961;56
1961;112
1961;224
1962;7
1962;14
1962;21
1962;57
1962;113
1962;227
1963;7
1963;10
1963;23
1963;55
1963;110
1963;192
1964;4
1964;11
1964;31
1964;57
1964;111
1964;280
1965;5
1965;16
1965;32
1965;56
1965;111
1965;276
1966;5
1966;11
1966;32
1966;56
1966;102
1966;228
1967;5
1967;10
1967;21
1967;63
1967;126
1967;169
1968;5
1968;11
1968;21
1968;67
1968;131
1968;213
1969;5
1969;16
1969;21
1969;71
1969;142
1969;212
1970;5
1970;10
1970;20
1970;63
1970;133
1970;211
1971;5
1971;10
1971;27
1971;72
1971;83
1971;213
1972;5
1972;16
1972;21
1972;71
1972;84
1972;453
1973;5
1973;10
1973;21
1973;71
1973;84
1973;213
1974;5
1974;16
1974;26
1974;54
1974;108
1974;236
1975;5
1975;11
1975;27
1975;54
1975;106
1975;335
1976;5
1976;11
1976;29
1976;57
1976;113
1976;456
1977;5
1977;10
1977;27
1977;54
1977;108
1977;165
1978;5
1978;10
1978;28
1978;56
1978;113
1978;229
1979;5
1979;11
1979;28
1979;57
1979;114
1979;222
1980;5
1980;16
1980;28
1980;56
1980;111
1980;228
1981;8
1981;10
1981;20
1981;56
1981;107
1981;318
1982;5
1982;12
1982;24
1982;64
1982;95
1982;167
1983;6
1983;12
1983;36
1983;68
1983;131
1983;168
1984;6
1984;18
1984;36
1984;71
1984;142
1984;213
1985;6
1985;18
1985;36
1985;71
1985;142
1985;337
1986;6
1986;18
1986;35
1986;71
1986;142
1986;337
1987;8
1987;10
1987;35
1987;56
1987;84
1987;225
1988;6
1988;18
1988;35
1988;55
1988;140
1988;166
1989;6
1989;12
1989;28
1989;47
1989;141
1989;195
1990;6
1990;11
1990;28
1990;71
1990;126
1990;423
1991;6
1991;16
1991;23
1991;78
1991;123
1991;358
1992;8
1992;10
1992;28
1992;48
1992;140
1992;359
1993;4
1993;10
1993;28
1993;75
1993;142
1993;286
1994;3
1994;14
1994;28
1994;56
1994;85
1994;355
1995;5
1995;14
1995;28
1995;70
1995;141
1995;283
1996;5
1996;14
1996;28
1996;63
1996;158
1996;284
1997;5
1997;14
1997;37
1997;64
1997;80
1997;212
1998;5
1998;19
1998;36
1998;75
1998;118
1998;211
1999;5
1999;18
1999;37
1999;47
1999;118
1999;165
2000;5
2000;16
2000;23
2000;49
2000;141
2000;189
2001;3
2001;14
2001;35
2001;75
2001;112
2001;226
2002;5
2002;17
2002;34
2002;59
2002;153
2002;277
2003;5
2003;17
2003;27
2003;54
2003;80
2003;181
2004;5
2004;13
2004;27
2004;52
2004;158
2004;161
2005;5
2005;13
2005;27
2005;53
2005;80
2005;161
2006;5
2006;13
2006;27
2006;53
2006;134
2006;377
2007;5
2007;14
2007;28
2007;56
2007;84
2007;285
2008;5
2008;14
2008;35
2008;56
2008;140
2008;280
2009;5
2009;14
2009;28
2009;56
2009;84
2009;278
2010;5
2010;15
2010;34
2010;68
2010;115
2010;273
2011;5
2011;10
2011;28
2011;70
2011;141
2011;185
2012;4
2012;14
2012;21
2012;70
2012;141
2012;185
2013;7
2013;14
2013;21
2013;42
2013;99
2013;185
2014;7
2014;14
2014;28
2014;42
2014;141
2014;169
2015;7
2015;11
2015;21
2015;42
2015;99
2015;284
2016;7
2016;11
2016;21
2016;42
2016;142
2016;213
2017;7
2017;19
2017;35
2017;71
2017;142
2017;213
2018;7
2018;14
2018;35
2018;48
2018;105
2018;236
2019;7
2019;14
2019;21
2019;51
2019;101
2019;246
2020;7
2020;14
2020;21
2020;57
2020;113
2020;224
2021;7
2021;10
2021;20
2021;55
2021;109
2021;227
2022;5
2022;10
2022;21
2022;55
2022;110
2022;211
2023;4
2023;16
2023;21
2023;57
2023;112
2023;355
2024;5
2024;16
2024;32
2024;56
2024;112
2024;223
2025;5
2025;16
2025;31
2025;55
2025;110
2025;228
2026;5
2026;16
2026;21
2026;63
2026;127
2026;276
2027;5
2027;16
2027;28
2027;71
2027;84
2027;213
2028;5
2028;16
2028;21
2028;72
2028;132
2028;213
2029;6
2029;10
2029;20
2029;71
2029;84
2029;211
2030;4
2030;10
2030;27
2030;71
2030;84
2030;214
2031;5
2031;12
2031;21
2031;71
2031;85
2031;211
2032;5
2032;18
2032;21
2032;65
2032;154
2032;173
2033;5
2033;10
2033;21
2033;53
2033;107
2033;162
2034;5
2034;11
2034;21
2034;56
2034;112
2034;223
2035;5
2035;11
2035;21
2035;55
2035;112
2035;163
2036;5
2036;13
2036;28
2036;57
2036;116
2036;456
2037;5
2037;10
2037;35
2037;56
2037;111
2037;277
2038;5
2038;13
2038;36
2038;57
2038;113
2038;221
2039;5
2039;11
2039;29
2039;56
2039;112
2039;227
2040;6
2040;10
2040;35
2040;58
2040;142
2040;266
2041;4
2041;12
2041;24
2041;63
2041;126
2041;191
2042;6
2042;18
2042;35
2042;70
2042;138
2042;282
2043;6
2043;18
2043;35
2043;72
2043;142
2043;272
2044;6
2044;18
2044;23
2044;71
2044;142
2044;424
2045;6
2045;12
2045;36
2045;56
2045;95
2045;224
2046;7
2046;12
2046;35
2046;47
2046;112
2046;197
2047;6
2047;12
2047;28
2047;48
2047;154
2047;212
2048;6
2048;12
2048;28
2048;47
2048;126
2048;228
2049;6
2049;12
2049;20
2049;75
2049;122
2049;296
2050;6
2050;12
2050;27
2050;54
2050;82
2050;300
2051;6
2051;19
2051;28
2051;75
2051;142
2051;170
2052;4
2052;14
2052;28
2052;47
2052;141
2052;394
2053;4
2053;14
2053;28
2053;47
2053;84
2053;168
2054;5
2054;14
2054;29
2054;64
2054;159
2054;288
2055;5
2055;14
2055;28
2055;64
2055;159
2055;191
2056;5
2056;14
2056;28
2056;58
2056;95
2056;189
2057;5
2057;14
2057;28
2057;48
2057;94
2057;166
2058;8
2058;10
2058;23
2058;55
2058;84
2058;363
2059;4
2059;13
2059;23
2059;75
2059;151
2059;300
2060;4
2060;10
2060;36
2060;67
2060;150
2060;238
2061;5
2061;14
2061;31
2061;64
2061;159
2061;160
2062;5
2062;19
2062;28
2062;64
2062;142
2062;173
2063;5
2063;19
2063;29
2063;57
2063;145
2063;290
2064;5
2064;19
2064;28
2064;56
2064;141
2064;170
2065;5
2065;15
2065;28
2065;57
2065;142
2065;284
2066;5
2066;10
2066;30
2066;62
2066;153
2066;162
2067;5
2067;14
2067;34
2067;42
2067;84
2067;169
2068;5
2068;14
2068;35
2068;42
2068;84
2068;294
2069;8
2069;10
2069;20
2069;71
2069;112
2069;186
2070;4
2070;14
2070;35
2070;71
2070;141
2070;185
2071;7
2071;14
2071;21
2071;42
2071;84
2071;188
2072;7
2072;10
2072;34
2072;42
2072;102
2072;169
2073;7
2073;11
2073;21
2073;75
2073;84
2073;264
2074;7
2074;11
2074;21
2074;69
2074;141
2074;169
2075;9
2075;10
2075;28
2075;71
2075;142
2075;213
2076;7
2076;11
2076;21
2076;70
2076;112
2076;213
2077;7
2077;14
2077;21
2077;53
2077;106
2077;227
2078;7
2078;14
2078;21
2078;57
2078;113
2078;226
2079;7
2079;14
2079;21
2079;54
2079;107
2079;221
2080;8
2080;10
2080;32
2080;55
2080;112
2080;212
2081;4
2081;11
2081;31
2081;56
2081;110
2081;223
2082;3
2082;11
2082;32
2082;56
2082;111
2082;275
2083;5
2083;11
2083;32
2083;56
2083;112
2083;221
2084;5
2084;16
2084;21
2084;63
2084;126
2084;169
2085;5
2085;11
2085;21
2085;63
2085;130
2085;254
2086;5
2086;11
2086;21
2086;70
2086;141
2086;212
2087;5
2087;16
2087;32
2087;70
2087;132
2087;212
2088;5
2088;16
2088;27
2088;72
2088;84
2088;214
2089;3
2089;11
2089;21
2089;68
2089;84
2089;213
2090;5
2090;10
2090;21
2090;71
2090;84
2090;209
2091;5
2091;17
2091;26
2091;54
2091;153
2091;236
2092;5
2092;11
2092;27
2092;54
2092;107
2092;225
2093;5
2093;11
2093;28
2093;57
2093;114
2093;222
2094;5
2094;11
2094;27
2094;54
2094;108
2094;268
2095;5
2095;10
2095;27
2095;58
2095;116
2095;222
2096;5
2096;10
2096;27
2096;57
2096;114
2096;227
2097;5
2097;16
2097;28
2097;56
2097;111
2097;222
2098;9
2098;10
2098;20
2098;56
2098;113
2098;193
2099;5
2099;12
2099;24
2099;63
2099;95
2099;255
2100;4
2100;17
2100;36
2100;64
2100;130
2100;287
2101;6
2101;18
2101;35
2101;71
2101;142
2101;213
2102;6
2102;14
2102;23
2102;71
2102;142
2102;165
2103;6
2103;18
2103;35
2103;71
2103;142
2103;178
2104;6
2104;12
2104;35
2104;56
2104;141
2104;225
2105;6
2105;18
2105;35
2105;71
2105;140
2105;224
2106;6
2106;12
2106;26
2106;47
2106;142
2106;236
2107;6
2107;12
2107;27
2107;47
2107;126
2107;252
2108;6
2108;14
2108;26
2108;78
2108;125
2108;198
2109;6
2109;10
2109;31
2109;79
2109;95
2109;164
2110;5
2110;10
2110;28
2110;56
2110;140
2110;188
2111;4
2111;10
2111;28
2111;56
2111;140
2111;355
2112;5
2112;10
2112;28
2112;75
2112;98
2112;184
2113;5
2113;10
2113;31
2113;63
2113;93
2113;186
2114;5
2114;10
2114;32
2114;64
2114;95
2114;190
2115;5
2115;19
2115;35
2115;71
2115;142
2115;212
2116;5
2116;14
2116;36
2116;71
2116;142
2116;189
2117;6
2117;10
2117;35
2117;70
2117;106
2117;189
2118;4
2118;12
2118;23
2118;75
2118;156
2118;219
2119;4
2119;14
2119;35
2119;75
2119;127
2119;311
2120;5
2120;10
2120;32
2120;63
2120;155
2120;173
2121;5
2121;10
2121;27
2121;53
2121;80
2121;160
2122;5
2122;10
2122;27
2122;53
2122;80
2122;161
2123;5
2123;10
2123;26
2123;53
2123;80
2123;212
2124;5
2124;10
2124;26
2124;53
2124;80
2124;212
2125;5
2125;10
2125;28
2125;57
2125;85
2125;284
2126;5
2126;15
2126;27
2126;53
2126;80
2126;267
2127;5
2127;10
2127;27
2127;53
2127;80
2127;160
2128;5
2128;14
2128;25
2128;73
2128;98
2128;276
2129;5
2129;14
2129;23
2129;70
2129;93
2129;280
2130;5
2130;19
2130;23
2130;70
2130;92
2130;237
2131;5
2131;19
2131;24
2131;73
2131;121
2131;268
2132;5
2132;19
2132;23
2132;46
2132;81
2132;264
2133;5
2133;10
2133;25
2133;49
2133;99
2133;259
2134;5
2134;10
2134;24
2134;48
2134;143
2134;196
2135;5
2135;19
2135;35
2135;41
2135;140
2135;196
2136;5
2136;19
2136;24
2136;47
2136;80
2136;161
2137;5
2137;19
2137;35
2137;42
2137;104
2137;237
2138;5
2138;19
2138;23
2138;41
2138;104
2138;276
2139;5
2139;19
2139;21
2139;63
2139;84
2139;272
2140;5
2140;19
2140;21
2140;63
2140;127
2140;169
2141;5
2141;19
2141;21
2141;62
2141;125
2141;261
2142;5
2142;19
2142;21
2142;43
2142;109
2142;255
2143;5
2143;19
2143;25
2143;49
2143;99
2143;257
2144;5
2144;10
2144;23
2144;45
2144;121
2144;346
2145;5
2145;10
2145;35
2145;42
2145;136
2145;165
2146;5
2146;19
2146;35
2146;42
2146;125
2146;172
2147;5
2147;19
2147;35
2147;41
2147;157
2147;162
2148;5
2148;10
2148;35
2148;42
2148;105
2148;163
2149;5
2149;18
2149;23
2149;41
2149;105
2149;181
2150;5
2150;19
2150;20
2150;40
2150;147
2150;161
2151;5
2151;18
2151;35
2151;53
2151;88
2151;268
2152;5
2152;18
2152;35
2152;53
2152;141
2152;257
2153;5
2153;19
2153;20
2153;53
2153;121
2153;254
2154;5
2154;18
2154;35
2154;77
2154;114
2154;246
2155;5
2155;18
2155;35
2155;76
2155;83
2155;226
2156;5
2156;18
2156;24
2156;41
2156;124
2156;181
2157;5
2157;18
2157;35
2157;42
2157;131
2157;186
2158;5
2158;18
2158;35
2158;42
2158;105
2158;230
2159;5
2159;18
2159;35
2159;42
2159;105
2159;212
2160;5
2160;18
2160;36
2160;42
2160;105
2160;209
2161;5
2161;18
2161;35
2161;41
2161;139
2161;247
2162;5
2162;10
2162;24
2162;71
2162;105
2162;461
2163;5
2163;10
2163;36
2163;42
2163;104
2163;172
2164;5
2164;10
2164;35
2164;42
2164;105
2164;230
2165;5
2165;14
2165;35
2165;41
2165;105
2165;336
2166;5
2166;19
2166;24
2166;42
2166;105
2166;343
2167;5
2167;10
2167;35
2167;42
2167;105
2167;242
2168;5
2168;10
2168;35
2168;41
2168;105
2168;315
2169;5
2169;10
2169;34
2169;42
2169;104
2169;384
2170;5
2170;10
2170;35
2170;42
2170;105
2170;482
2171;5
2171;10
2171;35
2171;41
2171;107
2171;283
2172;5
2172;10
2172;36
2172;42
2172;104
2172;330
2173;9
2173;10
2173;35
2173;41
2173;103
2173;290
2174;9
2174;10
2174;35
2174;42
2174;83
2174;282
2175;9
2175;10
2175;35
2175;42
2175;104
2175;334
2176;9
2176;18
2176;35
2176;42
2176;158
2176;271
2177;9
2177;10
2177;38
2177;40
2177;155
2177;330
2178;9
2178;19
2178;36
2178;41
2178;149
2178;191
2179;0
2179;13
2179;35
2179;41
2179;126
2179;275
2180;8
2180;17
2180;35
2180;42
2180;127
2180;428
2181;3
2181;17
2181;35
2181;42
2181;159
2181;344
2182;7
2182;10
2182;30
2182;44
2182;101
2182;183
2183;0
2183;10
2183;20
2183;40
2183;80
2183;160
