7;0
7;10
7;20
7;63
7;125
7;189
8;5
8;13
8;28
8;40
8;89
8;279
9;6
9;11
9;39
9;50
9;84
9;370
10;5
10;11
10;39
10;50
10;82
10;277
11;6
11;10
11;39
11;41
11;83
11;161
12;6
12;15
12;35
12;48
12;84
12;278
13;8
13;18
13;20
13;65
13;109
13;278
14;4
14;19
14;20
14;50
14;121
14;200
15;4
15;19
15;20
15;51
15;101
15;203
16;8
16;18
16;20
16;67
16;101
16;203
17;4
17;17
17;27
17;67
17;152
17;253
18;8
18;19
18;28
18;47
18;101
18;203
19;8
19;19
19;20
19;67
19;134
19;167
20;8
20;15
20;28
20;67
20;135
20;168
21;8
21;18
21;21
21;46
21;135
21;168
22;8
22;17
22;28
22;67
22;134
22;175
23;8
23;19
23;20
23;67
23;101
23;200
24;8
24;19
24;20
24;67
24;100
24;175
25;8
25;18
25;28
25;46
25;134
25;175
26;8
26;17
26;24
26;67
26;134
26;167
27;8
27;17
27;37
27;67
27;100
27;201
28;8
28;19
28;34
28;67
28;134
28;276
29;8
29;17
29;33
29;67
29;134
29;200
30;8
30;17
30;34
30;50
30;134
30;175
31;8
31;17
31;37
31;42
31;134
31;201
32;8
32;17
32;25
32;67
32;101
32;200
33;8
33;17
33;33
33;67
33;100
33;201
34;8
34;17
34;33
34;67
34;134
34;175
35;8
35;17
35;25
35;67
35;134
35;208
36;8
36;17
36;33
36;67
36;134
36;208
37;8
37;17
37;38
37;67
37;134
37;175
38;8
38;17
38;33
38;67
38;134
38;167
39;8
39;17
39;25
39;67
39;134
39;167
40;8
40;14
40;33
40;67
40;101
40;201
41;8
41;17
41;25
41;67
41;134
41;183
42;8
42;17
42;33
42;67
42;134
42;175
43;8
43;17
43;33
43;67
43;134
43;200
44;8
44;17
44;34
44;67
44;101
44;175
45;8
45;19
45;21
45;67
45;134
45;175
46;8
46;17
46;34
46;67
46;135
46;201
47;8
47;18
47;24
47;46
47;134
47;202
48;8
48;19
48;20
48;46
48;134
48;168
49;4
49;18
49;20
49;50
49;101
49;201
50;9
50;17
50;28
50;67
50;101
50;202
51;8
51;17
51;20
51;67
51;152
51;203
52;8
52;19
52;20
52;67
52;101
52;203
53;8
53;12
53;23
53;51
53;102
53;203
54;8
54;10
54;22
54;49
54;99
54;201
55;7
55;10
55;20
55;64
55;95
55;351
56;7
56;18
56;33
56;76
56;104
56;163
57;9
57;10
57;38
57;77
57;130
57;167
58;7
58;10
58;28
58;77
58;104
58;211
59;9
59;17
59;37
59;69
59;90
59;332
60;5
60;13
60;38
60;53
60;84
60;357
61;8
61;17
61;24
61;54
61;85
61;317
62;6
62;10
62;21
62;46
62;83
62;169
63;4
63;13
63;20
63;40
63;93
63;169
64;4
64;15
64;23
64;40
64;85
64;405
65;3
65;18
65;25
65;42
65;86
65;160
66;8
66;17
66;25
66;42
66;83
66;168
67;9
67;17
67;20
67;41
67;159
67;192
68;5
68;10
68;25
68;42
68;85
68;188
69;4
69;16
69;24
69;41
69;150
69;184
70;3
70;16
70;24
70;40
70;150
70;193
71;8
71;12
71;24
71;40
71;115
71;184
72;8
72;16
72;24
72;40
72;87
72;200
73;9
73;11
73;21
73;42
73;84
73;171
74;4
74;15
74;23
74;46
74;107
74;193
75;4
75;15
75;22
75;44
75;83
75;184
76;3
76;14
76;21
76;42
76;127
76;191
77;3
77;14
77;21
77;42
77;87
77;214
78;3
78;14
78;21
78;43
78;103
78;160
79;6
79;10
79;22
79;43
79;154
79;192
80;4
80;14
80;21
80;42
80;153
80;192
81;3
81;14
81;21
81;42
81;154
81;192
82;3
82;14
82;21
82;43
82;103
82;184
83;3
83;14
83;21
83;42
83;153
83;185
84;7
84;14
84;22
84;43
84;80
84;172
85;6
85;14
85;22
85;44
85;105
85;180
86;4
86;15
86;23
86;46
86;86
86;201
87;3
87;16
87;25
87;41
87;118
87;185
88;8
88;17
88;25
88;42
88;85
88;160
89;8
89;17
89;25
89;42
89;85
89;204
90;9
90;11
90;21
90;46
90;153
90;192
91;4
91;17
91;25
91;41
91;84
91;181
92;4
92;16
92;24
92;40
92;150
92;191
93;3
93;19
93;24
93;41
93;115
93;184
94;8
94;16
94;24
94;40
94;87
94;184
95;8
95;16
95;24
95;40
95;87
95;188
96;6
96;10
96;22
96;40
96;115
96;163
97;4
97;15
97;23
97;45
97;83
97;193
98;3
98;14
98;22
98;43
98;88
98;184
99;3
99;14
99;21
99;42
99;86
99;179
100;3
100;14
100;21
100;42
100;110
100;184
101;7
101;14
101;21
101;42
101;159
101;190
102;6
102;14
102;21
102;42
102;155
102;190
103;4
103;14
103;21
103;42
103;153
103;172
104;3
104;14
104;21
104;42
104;150
104;193
105;3
105;14
105;21
105;43
105;102
105;184
106;7
106;14
106;21
106;42
106;159
106;181
107;9
107;11
107;22
107;40
107;83
107;172
108;4
108;15
108;22
108;44
108;107
108;184
109;4
109;15
109;24
109;40
109;87
109;180
110;3
110;17
110;25
110;42
110;85
110;160
111;8
111;17
111;25
111;42
111;85
111;181
112;8
112;17
112;25
112;42
112;85
112;479
113;6
113;10
113;22
113;42
113;153
113;192
114;4
114;17
114;24
114;41
114;83
114;192
115;4
115;10
115;24
115;40
115;150
115;192
116;3
116;19
116;24
116;40
116;115
116;184
117;8
117;16
117;24
117;40
117;87
117;185
118;8
118;16
118;24
118;40
118;82
118;172
119;6
119;10
119;23
119;40
119;114
119;184
120;4
120;15
120;22
120;45
120;82
120;172
121;3
121;14
121;21
121;43
121;88
121;180
122;3
122;14
122;21
122;42
122;128
122;449
123;3
123;14
123;21
123;44
123;103
123;160
124;9
124;14
124;20
124;42
124;153
124;192
125;4
125;14
125;21
125;42
125;158
125;181
126;4
126;14
126;21
126;42
126;150
126;191
127;3
127;14
127;21
127;44
127;103
127;193
128;7
128;14
128;21
128;42
128;99
128;184
129;7
129;14
129;21
129;42
129;153
129;188
130;9
130;10
130;21
130;45
130;96
130;163
131;4
131;15
131;23
131;45
131;107
131;213
132;4
132;15
132;24
132;40
132;82
132;185
133;3
133;18
133;24
133;55
133;85
133;160
134;8
134;17
134;25
134;42
134;84
134;237
135;8
135;17
135;25
135;42
135;158
135;185
136;6
136;10
136;25
136;43
136;155
136;190
137;4
137;18
137;26
137;53
137;88
137;172
138;3
138;18
138;39
138;43
138;134
138;193
139;9
139;19
139;20
139;56
139;96
139;184
140;9
140;19
140;20
140;56
140;84
140;188
141;9
141;12
141;21
141;40
141;80
141;206
142;4
142;19
142;20
142;57
142;98
142;191
143;4
143;10
143;20
143;51
143;82
143;184
144;3
144;10
144;21
144;53
144;141
144;207
145;3
145;10
145;21
145;53
145;139
145;208
146;3
146;19
146;20
146;64
146;148
146;191
147;9
147;10
147;21
147;46
147;154
147;192
148;4
148;12
148;31
148;42
148;82
148;172
149;3
149;11
149;32
149;40
149;150
149;192
150;3
150;12
150;32
150;42
150;86
150;184
151;3
151;11
151;32
151;42
151;82
151;175
152;3
152;11
152;32
152;41
152;88
152;184
153;6
153;11
153;21
153;42
153;83
153;215
154;4
154;13
154;20
154;40
154;94
154;181
155;3
155;15
155;24
155;40
155;86
155;406
156;3
156;17
156;25
156;42
156;86
156;160
157;8
157;17
157;25
157;42
157;84
157;204
158;9
158;11
158;21
158;41
158;159
158;192
159;4
159;17
159;25
159;42
159;85
159;181
160;4
160;16
160;24
160;40
160;150
160;191
161;3
161;16
161;24
161;40
161;116
161;185
162;8
162;16
162;24
162;40
162;115
162;184
163;8
163;15
163;24
163;40
163;87
163;200
164;9
164;10
164;21
164;42
164;115
164;171
165;4
165;15
165;23
165;46
165;107
165;193
166;3
166;14
166;22
166;44
166;84
166;184
167;3
167;14
167;21
167;42
167;126
167;191
168;3
168;14
168;21
168;42
168;95
168;214
169;3
169;14
169;21
169;43
169;102
169;203
170;6
170;10
170;21
170;42
170;154
170;184
171;4
171;14
171;21
171;42
171;159
171;172
172;3
172;14
172;21
172;42
172;150
172;192
173;3
173;14
173;21
173;43
173;102
173;184
174;3
174;14
174;21
174;42
174;153
174;181
175;3
175;14
175;22
175;41
175;80
175;172
176;5
176;15
176;22
176;44
176;105
176;184
177;4
177;15
177;23
177;40
177;85
177;181
178;3
178;17
178;25
178;42
178;120
178;160
179;8
179;17
179;25
179;42
179;85
179;215
180;8
180;17
180;25
180;42
180;85
180;246
181;9
181;11
181;22
181;49
181;153
181;192
182;4
182;17
182;25
182;41
182;83
182;184
183;4
183;10
183;24
183;40
183;150
183;192
184;3
184;19
184;24
184;41
184;115
184;184
185;8
185;16
185;24
185;40
185;87
185;184
186;8
186;16
186;24
186;40
186;139
186;184
187;6
187;10
187;22
187;40
187;115
187;163
188;4
188;15
188;22
188;45
188;83
188;193
189;3
189;14
189;21
189;43
189;88
189;277
190;3
190;14
190;21
190;42
190;120
190;190
191;3
191;14
191;21
191;44
191;101
191;162
192;7
192;14
192;21
192;42
192;153
192;192
193;5
193;14
193;21
193;42
193;157
193;182
194;4
194;14
194;21
194;42
194;150
194;184
195;3
195;14
195;21
195;42
195;136
195;193
196;3
196;14
196;21
196;42
196;102
196;184
197;7
197;14
197;21
197;42
197;159
197;181
198;9
198;11
198;21
198;45
198;84
198;172
199;4
199;15
199;22
199;45
199;107
199;212
200;4
200;15
200;24
200;40
200;88
200;185
201;3
201;18
201;22
201;42
201;85
201;160
202;8
202;17
202;25
202;42
202;85
202;234
203;8
203;17
203;25
203;42
203;85
203;256
204;6
204;10
204;22
204;42
204;153
204;192
205;4
205;16
205;24
205;41
205;83
205;172
206;3
206;16
206;24
206;40
206;150
206;192
207;3
207;19
207;24
207;40
207;115
207;184
208;8
208;16
208;24
208;40
208;87
208;185
209;3
209;13
209;23
209;41
209;82
209;173
210;5
210;10
210;23
210;46
210;114
210;184
211;4
211;15
211;22
211;44
211;81
211;320
212;3
212;14
212;21
212;43
212;87
212;181
213;3
213;14
213;21
213;43
213;84
213;171
214;3
214;19
214;21
214;44
214;103
214;161
215;9
215;11
215;20
215;42
215;153
215;192
216;4
216;14
216;21
216;42
216;154
216;184
217;4
217;14
217;21
217;42
217;150
217;191
218;3
218;19
218;20
218;44
218;103
218;193
219;7
219;14
219;21
219;42
219;85
219;184
220;7
220;14
220;21
220;42
220;116
220;188
221;6
221;10
221;21
221;54
221;105
221;163
222;4
222;15
222;23
222;46
222;107
222;213
223;3
223;16
223;24
223;41
223;94
223;184
224;3
224;18
224;24
224;42
224;86
224;160
225;8
225;17
225;25
225;42
225;83
225;233
226;9
226;17
226;24
226;41
226;159
226;185
227;6
227;10
227;25
227;43
227;87
227;182
228;4
228;18
228;23
228;45
228;150
228;172
229;3
229;18
229;39
229;46
229;136
229;193
230;9
230;19
230;20
230;57
230;96
230;184
231;9
231;19
231;20
231;56
231;84
231;181
232;9
232;11
232;20
232;46
232;80
232;207
233;4
233;19
233;20
233;49
233;98
233;192
234;4
234;10
234;20
234;51
234;82
234;184
235;3
235;10
235;21
235;53
235;138
235;207
236;3
236;10
236;21
236;53
236;106
236;204
237;9
237;19
237;20
237;51
237;148
237;192
238;6
238;10
238;21
238;46
238;153
238;192
239;4
239;12
239;39
239;42
239;83
239;172
240;3
240;11
240;32
240;40
240;150
240;192
241;3
241;11
241;33
241;42
241;86
241;184
242;3
242;11
242;39
242;42
242;84
242;165
243;3
243;11
243;32
243;41
243;97
243;191
244;6
244;11
244;33
244;67
244;101
244;373
245;4
245;13
245;34
245;68
245;102
245;306
246;3
246;11
246;32
246;65
246;102
246;405
247;3
247;17
247;25
247;42
247;106
247;173
248;8
248;17
248;25
248;42
248;84
248;204
249;9
249;11
249;21
249;40
249;153
249;192
250;4
250;17
250;28
250;56
250;84
250;194
251;4
251;16
251;29
251;57
251;85
251;323
252;3
252;19
252;24
252;41
252;86
252;184
253;8
253;16
253;24
253;40
253;115
253;184
254;8
254;16
254;24
254;40
254;87
254;200
255;6
255;10
255;21
255;51
255;114
255;333
256;4
256;15
256;28
256;57
256;85
256;200
257;3
257;14
257;22
257;43
257;142
257;372
258;3
258;14
258;28
258;57
258;85
258;284
259;3
259;14
259;26
259;58
259;86
259;199
260;7
260;14
260;21
260;42
260;153
260;190
261;6
261;14
261;28
261;57
261;85
261;198
262;4
262;14
262;28
262;56
262;84
262;197
263;3
263;14
263;29
263;59
263;88
263;209
264;3
264;14
264;28
264;43
264;87
264;247
265;3
265;14
265;28
265;42
265;84
265;250
266;9
266;11
266;22
266;44
266;93
266;161
267;4
267;15
267;22
267;75
267;100
267;176
268;3
268;15
268;24
268;40
268;149
268;348
269;3
269;17
269;25
269;42
269;101
269;202
270;8
270;17
270;25
270;50
270;101
270;252
271;8
271;17
271;25
271;50
271;101
271;253
272;6
272;10
272;25
272;50
272;153
272;192
273;4
273;16
273;25
273;50
273;124
273;276
274;4
274;16
274;25
274;50
274;125
274;276
275;3
275;19
275;24
275;51
275;127
275;279
276;8
276;16
276;24
276;49
276;80
276;173
277;8
277;16
277;28
277;57
277;85
277;197
278;6
278;10
278;23
278;55
278;82
278;188
279;4
279;15
279;22
279;45
279;90
279;201
280;3
280;14
280;21
280;43
280;85
280;189
281;3
281;14
281;21
281;67
281;94
281;186
282;3
282;19
282;21
282;44
282;104
282;162
283;7
283;14
283;20
283;42
283;153
283;192
284;4
284;14
284;21
284;42
284;158
284;181
285;4
285;14
285;21
285;42
285;150
285;191
286;3
286;14
286;21
286;43
286;138
286;193
287;3
287;14
287;21
287;42
287;99
287;184
288;7
288;14
288;21
288;42
288;117
288;188
289;9
289;10
289;21
289;45
289;84
289;163
290;4
290;15
290;22
290;45
290;107
290;194
291;3
291;15
291;24
291;40
291;107
291;180
292;3
292;18
292;24
292;42
292;85
292;160
293;8
293;17
293;25
293;42
293;84
293;237
294;8
294;17
294;25
294;42
294;158
294;183
295;6
295;10
295;24
295;42
295;155
295;190
296;4
296;16
296;24
296;41
296;83
296;172
297;3
297;16
297;24
297;40
297;153
297;172
298;3
298;15
298;24
298;74
298;88
298;177
299;8
299;16
299;24
299;77
299;152
299;179
300;9
300;12
300;20
300;45
300;80
300;225
301;4
301;11
301;29
301;57
301;86
301;201
302;3
302;15
302;28
302;56
302;84
302;225
303;3
303;14
303;23
303;45
303;91
303;325
304;3
304;14
304;21
304;55
304;93
304;333
305;3
305;14
305;21
305;44
305;103
305;181
306;9
306;11
306;21
306;43
306;153
306;192
307;4
307;14
307;21
307;42
307;153
307;184
308;3
308;14
308;21
308;42
308;150
308;192
309;3
309;14
309;20
309;44
309;103
309;184
310;3
310;14
310;21
310;42
310;132
310;350
311;3
311;14
311;21
311;42
311;80
311;190
312;6
312;10
312;25
312;50
312;98
312;197
313;4
313;15
313;25
313;50
313;101
313;200
314;3
314;16
314;25
314;41
314;84
314;179
315;8
315;17
315;26
315;51
315;129
315;200
316;8
316;17
316;26
316;42
316;81
316;163
317;9
317;12
317;25
317;50
317;153
317;192
318;4
318;17
318;25
318;51
318;154
318;179
319;4
319;18
319;25
319;45
319;100
319;274
320;3
320;10
320;25
320;46
320;150
320;175
321;9
321;19
321;24
321;57
321;121
321;242
322;9
322;19
322;28
322;57
322;85
322;284
323;9
323;10
323;20
323;57
323;85
323;227
324;4
324;10
324;20
324;55
324;82
324;218
325;4
325;10
325;20
325;56
325;84
325;200
326;3
326;10
326;21
326;56
326;139
326;207
327;3
327;19
327;20
327;75
327;81
327;270
328;9
328;19
328;20
328;55
328;86
328;161
329;6
329;10
329;21
329;43
329;153
329;184
330;4
330;11
330;39
330;42
330;83
330;172
331;3
331;11
331;32
331;43
331;134
331;193
332;3
332;11
332;33
332;42
332;95
332;184
333;3
333;11
333;39
333;42
333;82
333;162
334;3
334;11
334;20
334;45
334;83
334;160
335;5
335;12
335;34
335;67
335;103
335;303
336;4
336;14
336;34
336;68
336;102
336;306
337;3
337;16
337;25
337;41
337;118
337;253
338;8
338;17
338;25
338;42
338;85
338;184
339;8
339;17
339;25
339;42
339;85
339;448
340;9
340;11
340;22
340;59
340;153
340;192
341;4
341;17
341;28
341;55
341;84
341;194
342;4
342;15
342;29
342;58
342;97
342;323
343;3
343;19
343;22
343;51
343;114
343;183
344;8
344;16
344;24
344;40
344;87
344;184
345;8
345;16
345;24
345;40
345;85
345;191
346;6
346;10
346;22
346;76
346;94
346;185
347;4
347;15
347;23
347;45
347;84
347;353
348;3
348;14
348;21
348;43
348;149
348;350
349;3
349;14
349;28
349;57
349;85
349;285
350;3
350;14
350;29
350;58
350;87
350;288
351;7
351;14
351;22
351;43
351;159
351;192
352;5
352;14
352;28
352;56
352;84
352;196
353;4
353;14
353;28
353;56
353;84
353;197
354;3
354;14
354;28
354;56
354;83
354;199
355;3
355;14
355;30
355;61
355;89
355;246
356;7
356;14
356;28
356;56
356;84
356;281
357;9
357;11
357;21
357;43
357;80
357;287
358;4
358;15
358;25
358;50
358;100
358;227
359;4
359;15
359;25
359;50
359;100
359;276
360;3
360;18
360;25
360;50
360;100
360;250
361;8
361;17
361;25
361;42
361;100
361;199
362;8
362;17
362;25
362;75
362;100
362;201
363;6
363;10
363;23
363;67
363;89
363;192
364;4
364;16
364;25
364;76
364;102
364;283
365;3
365;16
365;25
365;75
365;125
365;199
366;3
366;11
366;25
366;50
366;126
366;176
367;8
367;16
367;26
367;56
367;82
367;180
368;8
368;15
368;29
368;58
368;86
368;286
369;5
369;14
369;23
369;53
369;82
369;191
370;4
370;15
370;22
370;45
370;87
370;202
371;3
371;14
371;21
371;43
371;86
371;206
372;3
372;14
372;21
372;40
372;86
372;237
373;3
373;19
373;20
373;44
373;83
373;214
374;9
374;14
374;23
374;42
374;153
374;192
375;4
375;14
375;21
375;42
375;154
375;184
376;4
376;14
376;21
376;42
376;150
376;191
377;3
377;19
377;21
377;44
377;80
377;223
378;3
378;14
378;21
378;42
378;82
378;162
379;7
379;14
379;27
379;42
379;80
379;230
380;7
380;10
380;21
380;45
380;104
380;168
381;4
381;15
381;23
381;46
381;107
381;213
382;3
382;16
382;24
382;41
382;82
382;185
383;3
383;18
383;24
383;42
383;86
383;160
384;8
384;17
384;25
384;42
384;85
384;246
385;8
385;16
385;25
385;42
385;159
385;192
386;6
386;10
386;25
386;42
386;85
386;190
387;4
387;16
387;24
387;41
387;150
387;184
388;3
388;16
388;24
388;51
388;101
388;165
389;8
389;12
389;24
389;76
389;102
389;178
390;8
390;16
390;23
390;78
390;144
390;173
391;9
391;11
391;21
391;40
391;151
391;162
392;4
392;15
392;23
392;58
392;115
392;434
393;4
393;15
393;22
393;56
393;112
393;282
394;3
394;14
394;21
394;51
394;101
394;365
395;3
395;14
395;35
395;46
395;82
395;354
396;3
396;14
396;21
396;43
396;96
396;302
397;6
397;10
397;22
397;42
397;154
397;192
398;4
398;14
398;21
398;42
398;148
398;192
399;3
399;14
399;21
399;42
399;150
399;192
400;3
400;14
400;21
400;44
400;103
400;184
401;7
401;14
401;21
401;42
401;153
401;184
402;3
402;14
402;21
402;42
402;107
402;498
403;7
403;15
403;23
403;47
403;93
403;160
404;4
404;15
404;25
404;50
404;101
404;330
405;3
405;14
405;25
405;75
405;100
405;225
406;8
406;17
406;25
406;50
406;125
406;177
407;8
407;17
407;25
407;42
407;112
407;507
408;9
408;12
408;20
408;40
408;152
408;192
409;4
409;17
409;25
409;77
409;102
409;181
410;3
410;18
410;24
410;73
410;97
410;219
411;3
411;10
411;26
411;53
411;106
411;490
412;9
412;19
412;20
412;57
412;85
412;509
413;9
413;18
413;25
413;57
413;85
413;170
414;9
414;10
414;21
414;55
414;82
414;192
415;4
415;10
415;20
415;50
415;98
415;184
416;4
416;10
416;21
416;52
416;153
416;160
417;3
417;10
417;21
417;57
417;85
417;210
418;3
418;10
418;29
418;58
418;85
418;286
419;9
419;19
419;20
419;63
419;95
419;285
420;6
420;12
420;24
420;75
420;115
420;199
421;3
421;17
421;25
421;75
421;99
421;231
422;3
422;11
422;25
422;76
422;126
422;173
423;3
423;11
423;25
423;76
423;101
423;231
424;3
424;11
424;25
424;75
424;100
424;174
425;9
425;14
425;21
425;44
425;104
425;174
426;7
426;14
426;21
426;63
426;101
426;178
427;7
427;14
427;21
427;51
427;88
427;178
428;6
428;15
428;28
428;56
428;100
428;211
429;5
429;13
429;25
429;54
429;102
429;211
430;7
430;13
430;25
430;53
430;110
430;473
431;9
431;10
431;25
431;41
431;100
431;169
432;4
432;10
432;26
432;67
432;100
432;167
433;6
433;10
433;36
433;72
433;108
433;180
434;6
434;11
434;28
434;71
434;107
434;320
435;7
435;19
435;20
435;70
435;142
435;178
436;6
436;17
436;25
436;65
436;84
436;169
437;5
437;11
437;33
437;66
437;98
437;163
438;5
438;15
438;35
438;69
438;102
438;204
439;9
439;15
439;36
439;71
439;107
439;214
440;5
440;10
440;36
440;71
440;84
440;251
441;9
441;12
441;26
441;42
441;84
441;256
442;7
442;17
442;21
442;41
442;90
442;217
443;4
443;12
443;33
443;66
443;98
443;163
444;9
444;10
444;34
444;69
444;102
444;167
445;5
445;13
445;30
445;71
445;106
445;177
446;6
446;13
446;36
446;71
446;107
446;285
447;5
447;18
447;36
447;72
447;108
447;180
448;9
448;10
448;20
448;66
448;97
448;168
449;4
449;11
449;35
449;70
449;103
449;173
450;6
450;15
450;36
450;72
450;108
450;179
451;5
451;14
451;26
451;64
451;110
451;211
452;7
452;11
452;34
452;68
452;102
452;210
453;6
453;14
453;33
453;66
453;99
453;265
454;5
454;11
454;28
454;57
454;86
454;255
455;4
455;10
455;29
455;58
455;87
455;260
456;5
456;10
456;22
456;44
456;102
456;202
457;5
457;10
457;28
457;57
457;84
457;196
458;7
458;15
458;28
458;57
458;85
458;197
459;9
459;11
459;28
459;58
459;86
459;289
460;6
460;10
460;28
460;57
460;85
460;200
461;5
461;15
461;26
461;52
461;80
461;205
462;5
462;13
462;22
462;43
462;86
462;191
463;6
463;14
463;21
463;42
463;83
463;187
464;5
464;13
464;21
464;43
464;86
464;193
465;9
465;10
465;22
465;41
465;92
465;200
466;4
466;19
466;20
466;40
466;81
466;262
467;6
467;13
467;22
467;42
467;81
467;269
468;9
468;14
468;23
468;78
468;104
468;308
469;6
469;16
469;26
469;51
469;101
469;308
470;7
470;18
470;25
470;74
470;150
470;320
471;6
471;13
471;28
471;57
471;88
471;205
472;7
472;14
472;29
472;57
472;87
472;319
473;6
473;12
473;25
473;51
473;97
473;168
474;5
474;10
474;22
474;65
474;87
474;175
475;9
475;12
475;22
475;65
475;86
475;172
476;9
476;19
476;20
476;42
476;107
476;185
477;6
477;12
477;25
477;79
477;98
477;165
478;4
478;10
478;33
478;66
478;98
478;163
479;5
479;11
479;36
479;72
479;108
479;287
480;5
480;10
480;35
480;71
480;106
480;283
481;6
481;15
481;25
481;70
481;107
481;285
482;9
482;10
482;23
482;61
482;107
482;179
483;5
483;11
483;33
483;66
483;99
483;263
484;5
484;10
484;36
484;71
484;107
484;287
485;4
485;13
485;36
485;72
485;108
485;288
486;5
486;11
486;35
486;72
486;108
486;286
487;6
487;13
487;29
487;71
487;108
487;298
488;5
488;17
488;25
488;65
488;131
488;162
489;7
489;10
489;27
489;71
489;143
489;286
490;5
490;13
490;36
490;72
490;143
490;286
491;5
491;13
491;28
491;70
491;84
491;211
492;7
492;14
492;25
492;74
492;82
492;302
493;9
493;11
493;20
493;68
493;86
493;186
494;7
494;10
494;35
494;70
494;105
494;177
495;7
495;15
495;36
495;72
495;108
495;216
496;9
496;10
496;20
496;72
496;108
496;178
497;9
497;18
497;39
497;77
497;155
497;193
498;9
498;18
498;38
498;77
498;153
498;191
499;9
499;18
499;22
499;42
499;86
499;171
500;9
500;18
500;25
500;43
500;86
500;171
501;9
501;18
501;27
501;43
501;86
501;170
502;9
502;10
502;28
502;58
502;109
502;174
503;9
503;10
503;28
503;72
503;149
503;169
504;9
504;10
504;25
504;64
504;96
504;191
505;9
505;11
505;28
505;64
505;96
505;191
506;9
506;10
506;32
506;64
506;96
506;192
507;9
507;10
507;33
507;67
507;101
507;169
508;9
508;10
508;20
508;63
508;96
508;192
509;9
509;10
509;20
509;56
509;84
509;281
510;9
510;10
510;28
510;56
510;84
510;168
511;9
511;10
511;29
511;58
511;88
511;176
512;9
512;10
512;25
512;56
512;84
512;167
513;9
513;11
513;21
513;57
513;84
513;174
514;9
514;11
514;26
514;56
514;85
514;283
515;5
515;11
515;25
515;58
515;100
515;176
516;8
516;11
516;20
516;43
516;103
516;179
517;7
517;14
517;21
517;58
517;87
517;320
518;7
518;14
518;28
518;55
518;141
518;167
519;8
519;19
519;22
519;58
519;144
519;221
520;5
520;19
520;21
520;41
520;82
520;184
521;7
521;19
521;21
521;42
521;86
521;215
522;9
522;10
522;23
522;41
522;106
522;167
523;4
523;10
523;33
523;66
523;99
523;165
524;5
524;10
524;28
524;72
524;108
524;180
525;6
525;14
525;28
525;71
525;107
525;178
526;9
526;19
526;20
526;41
526;107
526;179
527;7
527;12
527;25
527;72
527;84
527;321
528;6
528;13
528;31
528;66
528;98
528;224
529;6
529;15
529;33
529;68
529;101
529;201
530;5
530;15
530;36
530;71
530;107
530;178
531;5
531;10
531;36
531;72
531;108
531;180
532;9
532;11
532;39
532;41
532;84
532;185
533;8
533;17
533;20
533;41
533;91
533;187
534;4
534;12
534;34
534;68
534;100
534;166
535;7
535;10
535;35
535;71
535;85
535;177
536;5
536;13
536;36
536;72
536;85
536;181
537;6
537;11
537;27
537;70
537;82
537;285
538;6
538;18
538;28
538;61
538;144
538;308
539;9
539;10
539;31
539;63
539;156
539;311
540;4
540;13
540;33
540;66
540;99
540;165
541;6
541;10
541;35
541;70
541;141
541;389
542;5
542;14
542;34
542;70
542;102
542;211
543;7
543;12
543;34
543;67
543;98
543;172
544;7
544;15
544;32
544;67
544;100
544;201
545;6
545;15
545;29
545;57
545;143
545;171
546;4
546;10
546;24
546;57
546;86
546;402
547;5
547;11
547;31
547;57
547;86
547;371
548;5
548;13
548;28
548;57
548;85
548;284
549;7
549;15
549;28
549;56
549;83
549;166
550;9
550;10
550;29
550;59
550;88
550;177
551;4
551;10
551;28
551;59
551;83
551;169
552;5
552;15
552;28
552;56
552;84
552;165
553;5
553;13
553;29
553;59
553;86
553;367
554;6
554;11
554;25
554;61
554;86
554;173
555;6
555;13
555;27
555;58
555;92
555;178
556;9
556;10
556;22
556;41
556;92
556;208
557;4
557;10
557;25
557;50
557;101
557;177
558;5
558;10
558;25
558;50
558;99
558;174
559;5
559;14
559;29
559;58
559;85
559;173
560;5
560;15
560;25
560;57
560;84
560;308
561;7
561;13
561;26
561;56
561;84
561;306
562;6
562;13
562;31
562;63
562;96
562;282
563;7
563;10
563;34
563;68
563;101
563;305
564;5
564;11
564;33
564;66
564;99
564;332
565;5
565;14
565;25
565;67
565;101
565;302
566;9
566;13
566;20
566;75
566;98
566;306
567;9
567;17
567;20
567;42
567;107
567;222
568;6
568;13
568;34
568;68
568;102
568;204
569;6
569;10
569;33
569;66
569;99
569;297
570;5
570;11
570;33
570;42
570;83
570;202
571;5
571;11
571;35
571;71
571;86
571;288
572;6
572;15
572;33
572;42
572;98
572;197
573;9
573;10
573;31
573;63
573;83
573;166
574;5
574;10
574;33
574;66
574;99
574;300
575;5
575;10
575;34
575;68
575;102
575;302
576;4
576;14
576;26
576;58
576;97
576;506
577;5
577;11
577;33
577;66
577;99
577;166
578;6
578;19
578;33
578;67
578;101
578;169
579;6
579;16
579;25
579;57
579;113
579;284
580;7
580;10
580;29
580;57
580;98
580;286
581;5
581;13
581;29
581;55
581;109
581;221
582;5
582;13
582;33
582;67
582;101
582;169
583;6
583;15
583;33
583;66
583;99
583;198
584;9
584;11
584;32
584;63
584;95
584;190
585;6
585;10
585;32
585;75
585;95
585;285
586;7
586;15
586;32
586;64
586;128
586;287
587;8
587;12
587;31
587;63
587;94
587;312
588;5
588;11
588;33
588;67
588;100
588;301
589;6
589;10
589;33
589;67
589;101
589;467
590;8
590;11
590;39
590;41
590;153
590;192
591;5
591;14
591;33
591;74
591;145
591;162
592;6
592;12
592;29
592;76
592;100
592;192
593;6
593;10
593;32
593;65
593;97
593;162
594;9
594;11
594;34
594;68
594;135
594;508
595;5
595;14
595;25
595;71
595;101
595;203
596;6
596;18
596;28
596;58
596;116
596;511
597;5
597;11
597;28
597;56
597;112
597;336
598;6
598;10
598;28
598;57
598;114
598;314
599;5
599;11
599;29
599;61
599;123
599;339
600;9
600;11
600;29
600;57
600;114
600;317
601;9
601;10
601;28
601;56
601;110
601;192
602;6
602;17
602;23
602;43
602;93
602;174
603;6
603;17
603;24
603;41
603;126
603;165
604;8
604;15
604;26
604;40
604;153
604;160
605;9
605;17
605;23
605;43
605;115
605;181
606;5
606;15
606;25
606;44
606;91
606;174
607;9
607;11
607;21
607;41
607;95
607;327
608;4
608;12
608;38
608;40
608;84
608;295
609;3
609;14
609;25
609;50
609;114
609;170
610;3
610;17
610;28
610;46
610;125
610;336
611;8
611;17
611;25
611;50
611;85
611;168
612;8
612;17
612;28
612;42
612;84
612;190
613;6
613;10
613;24
613;42
613;93
613;192
614;4
614;19
614;37
614;74
614;91
614;189
615;3
615;18
615;36
615;54
615;105
615;160
616;3
616;17
616;35
616;52
616;104
616;276
617;8
617;16
617;32
617;40
617;84
617;168
618;9
618;14
618;23
618;41
618;85
618;443
619;5
619;19
619;23
619;40
619;85
619;201
620;4
620;15
620;30
620;60
620;94
620;360
621;3
621;14
621;21
621;42
621;123
621;315
622;3
622;14
622;28
622;73
622;130
622;294
623;3
623;14
623;28
623;44
623;101
623;164
624;9
624;10
624;21
624;40
624;96
624;192
625;4
625;17
625;33
625;50
625;84
625;170
626;3
626;14
626;28
626;56
626;85
626;184
627;3
627;18
627;39
627;40
627;80
627;445
628;3
628;14
628;24
628;72
628;123
628;317
629;3
629;14
629;25
629;75
629;150
629;175
630;6
630;10
630;25
630;73
630;146
630;171
631;4
631;15
631;24
631;71
631;118
631;308
632;3
632;18
632;24
632;41
632;118
632;166
633;3
633;18
633;23
633;45
633;86
633;229
634;8
634;17
634;22
634;44
634;88
634;284
635;9
635;11
635;22
635;43
635;87
635;191
636;5
636;12
636;21
636;41
636;83
636;230
637;4
637;19
637;20
637;42
637;84
637;249
638;3
638;16
638;28
638;57
638;85
638;281
639;8
639;11
639;24
639;40
639;82
639;285
640;8
640;16
640;24
640;40
640;84
640;437
641;9
641;11
641;21
641;45
641;84
641;181
642;4
642;17
642;34
642;46
642;84
642;277
643;3
643;15
643;22
643;44
643;88
643;378
644;3
644;14
644;21
644;76
644;82
644;160
645;3
645;17
645;28
645;57
645;92
645;285
646;3
646;14
646;21
646;43
646;95
646;164
647;6
647;10
647;22
647;42
647;95
647;193
648;4
648;14
648;21
648;43
648;85
648;275
649;3
649;14
649;28
649;57
649;85
649;507
650;3
650;15
650;38
650;79
650;80
650;322
651;3
651;14
651;24
651;72
651;120
651;304
652;3
652;14
652;26
652;51
652;101
652;204
653;5
653;15
653;24
653;48
653;142
653;169
654;4
654;19
654;23
654;47
654;90
654;170
655;3
655;17
655;21
655;40
655;84
655;164
656;8
656;17
656;21
656;43
656;85
656;276
657;8
657;17
657;21
657;42
657;86
657;343
658;9
658;10
658;21
658;42
658;98
658;191
659;4
659;17
659;21
659;42
659;84
659;230
660;3
660;19
660;20
660;40
660;80
660;287
661;3
661;17
661;28
661;56
661;84
661;286
662;8
662;16
662;24
662;40
662;85
662;288
663;8
663;16
663;24
663;40
663;84
663;467
664;6
664;10
664;22
664;40
664;82
664;358
665;4
665;15
665;22
665;45
665;91
665;360
666;3
666;14
666;21
666;43
666;84
666;511
667;3
667;14
667;21
667;57
667;132
667;306
668;3
668;14
668;29
668;56
668;84
668;307
669;7
669;14
669;21
669;43
669;141
669;160
670;6
670;14
670;21
670;61
670;84
670;200
671;4
671;14
671;28
671;56
671;85
671;181
672;3
672;15
672;28
672;57
672;85
672;179
673;3
673;14
673;20
673;79
673;80
673;318
674;3
674;14
674;25
674;75
674;125
674;176
675;9
675;11
675;25
675;45
675;101
675;199
676;4
676;15
676;24
676;73
676;120
676;171
677;4
677;19
677;20
677;40
677;94
677;198
678;3
678;18
678;22
678;44
678;84
678;179
679;8
679;17
679;22
679;43
679;85
679;260
680;8
680;17
680;22
680;43
680;86
680;236
681;6
681;10
681;21
681;42
681;154
681;180
682;4
682;18
682;21
682;43
682;85
682;237
683;3
683;19
683;20
683;76
683;83
683;287
684;3
684;19
684;20
684;62
684;85
684;287
685;9
685;19
685;20
685;66
685;84
685;287
686;9
686;19
686;27
686;56
686;85
686;172
687;6
687;19
687;20
687;42
687;85
687;207
688;4
688;10
688;20
688;50
688;84
688;168
689;3
689;10
689;21
689;52
689;84
689;208
690;3
690;10
690;21
690;57
690;85
690;207
691;3
691;19
691;29
691;56
691;84
691;169
692;9
692;18
692;39
692;42
692;116
692;180
693;7
693;18
693;35
693;40
693;121
693;263
694;6
694;10
694;25
694;42
694;88
694;191
695;9
695;10
695;39
695;42
695;86
695;194
696;9
696;11
696;32
696;43
696;88
696;184
697;9
697;11
697;32
697;41
697;147
697;200
698;6
698;11
698;21
698;57
698;130
698;327
699;4
699;13
699;39
699;40
699;114
699;295
700;3
700;15
700;25
700;51
700;114
700;170
701;3
701;18
701;28
701;42
701;125
701;169
702;8
702;17
702;25
702;42
702;85
702;168
703;8
703;16
703;28
703;42
703;84
703;190
704;6
704;10
704;25
704;76
704;93
704;166
705;4
705;19
705;38
705;56
705;94
705;189
706;3
706;18
706;35
706;53
706;104
706;160
707;8
707;17
707;35
707;52
707;122
707;276
708;8
708;16
708;24
708;40
708;84
708;488
709;9
709;11
709;21
709;40
709;85
709;489
710;4
710;19
710;23
710;40
710;141
710;162
711;4
711;15
711;31
711;62
711;94
711;369
712;3
712;14
712;21
712;43
712;121
712;315
713;3
713;14
713;28
713;56
713;138
713;161
714;3
714;14
714;21
714;44
714;145
714;163
715;9
715;10
715;22
715;42
715;81
715;192
716;4
716;15
716;21
716;42
716;84
716;259
717;4
717;15
717;28
717;57
717;85
717;192
718;3
718;14
718;21
718;42
718;87
718;300
719;3
719;14
719;25
719;75
719;125
719;201
720;7
720;14
720;24
720;50
720;151
720;226
721;6
721;10
721;25
721;70
721;113
721;160
722;4
722;19
722;23
722;78
722;116
722;348
723;3
723;16
723;24
723;41
723;113
723;168
724;8
724;17
724;22
724;42
724;151
724;278
725;8
725;17
725;21
725;42
725;157
725;195
726;9
726;11
726;21
726;42
726;109
726;191
727;4
727;19
727;20
727;50
727;95
727;276
728;4
728;18
728;24
728;67
728;95
728;300
729;3
729;17
729;33
729;67
729;101
729;304
730;8
730;16
730;32
730;64
730;96
730;288
731;8
731;16
731;24
731;40
731;84
731;412
732;9
732;10
732;22
732;40
732;85
732;176
733;4
733;18
733;23
733;56
733;135
733;282
734;4
734;14
734;29
734;58
734;100
734;294
735;3
735;14
735;28
735;60
735;85
735;161
736;3
736;11
736;29
736;60
736;92
736;285
737;3
737;14
737;21
737;43
737;95
737;163
738;6
738;10
738;35
738;69
738;86
738;173
739;4
739;14
739;21
739;56
739;84
739;224
740;3
740;14
740;28
740;57
740;85
740;193
741;3
741;14
741;21
741;49
741;84
741;337
742;3
742;14
742;25
742;63
742;101
742;176
743;9
743;14
743;21
743;76
743;152
743;418
744;4
744;15
744;25
744;74
744;112
744;334
745;4
745;19
745;20
745;40
745;116
745;347
746;3
746;18
746;21
746;42
746;141
746;163
747;8
747;17
747;21
747;50
747;149
747;181
748;8
748;17
748;21
748;74
748;150
748;183
749;9
749;11
749;21
749;42
749;154
749;192
750;4
750;16
750;21
750;41
750;83
750;285
751;4
751;18
751;24
751;67
751;100
751;300
752;3
752;16
752;33
752;65
752;96
752;287
753;8
753;16
753;24
753;40
753;84
753;289
754;8
754;16
754;28
754;56
754;84
754;463
755;6
755;10
755;29
755;40
755;141
755;170
756;4
756;15
756;22
756;67
756;126
756;295
757;3
757;14
757;21
757;58
757;87
757;321
758;3
758;14
758;28
758;60
758;88
758;322
759;3
759;14
759;28
759;61
759;123
759;314
760;7
760;14
760;20
760;43
760;121
760;180
761;4
761;15
761;21
761;58
761;90
761;188
762;4
762;15
762;21
762;56
762;85
762;261
763;3
763;14
763;28
763;56
763;85
763;174
764;3
764;14
764;21
764;65
764;96
764;161
765;3
765;14
765;25
765;76
765;130
765;231
766;9
766;10
766;25
766;46
766;113
766;226
767;4
767;15
767;22
767;76
767;114
767;342
768;4
768;18
768;24
768;40
768;112
768;300
769;3
769;19
769;21
769;53
769;153
769;179
770;8
770;17
770;21
770;42
770;159
770;160
771;8
771;17
771;21
771;42
771;130
771;218
772;6
772;10
772;21
772;57
772;84
772;180
773;4
773;18
773;21
773;43
773;85
773;287
774;3
774;19
774;32
774;67
774;101
774;287
775;9
775;19
775;31
775;65
775;96
775;282
776;9
776;19
776;28
776;56
776;84
776;365
777;9
777;10
777;28
777;56
777;84
777;355
778;5
778;19
778;25
778;71
778;159
778;287
779;5
779;15
779;20
779;51
779;159
779;184
780;5
780;15
780;20
780;40
780;153
780;192
781;5
781;15
781;36
781;46
781;140
781;181
782;5
782;15
782;26
782;46
782;100
782;198
783;9
783;16
783;28
783;52
783;90
783;480
784;1
784;16
784;31
784;44
784;117
784;264
785;9
785;13
785;25
785;40
785;87
785;365
786;9
786;11
786;26
786;43
786;94
786;482
787;5
787;15
787;37
787;51
787;82
787;323
788;5
788;15
788;26
788;50
788;113
788;198
789;9
789;11
789;34
789;44
789;151
789;184
790;7
790;14
790;34
790;54
790;80
790;190
791;7
791;10
791;30
791;60
791;90
791;204
792;8
792;16
792;34
792;75
792;92
792;232
793;9
793;17
793;33
793;66
793;91
793;232
794;8
794;17
794;33
794;67
794;85
794;225
795;8
795;16
795;33
795;74
795;90
795;228
796;8
796;16
796;32
796;64
796;98
796;224
797;9
797;19
797;39
797;62
797;95
797;220
798;8
798;16
798;31
798;62
798;86
798;219
799;8
799;16
799;32
799;62
799;96
799;219
800;9
800;17
800;39
800;62
800;94
800;218
801;8
801;15
801;38
801;60
801;82
801;211
802;7
802;15
802;29
802;57
802;80
802;194
803;7
803;14
803;38
803;78
803;80
803;193
804;5
804;15
804;21
804;46
804;153
804;198
805;7
805;14
805;28
805;77
805;85
805;195
806;7
806;14
806;28
806;56
806;84
806;195
807;7
807;15
807;28
807;56
807;85
807;189
808;5
808;15
808;26
808;46
808;113
808;198
809;7
809;14
809;28
809;56
809;85
809;188
810;7
810;14
810;35
810;56
810;84
810;195
811;7
811;14
811;28
811;56
811;86
811;189
812;7
812;14
812;29
812;65
812;80
812;202
813;8
813;16
813;31
813;62
813;94
813;215
814;5
814;19
814;39
814;66
814;101
814;234
815;8
815;17
815;33
815;66
815;91
815;232
816;8
816;17
816;33
816;66
816;102
816;224
817;9
817;18
817;39
817;67
817;101
817;235
818;9
818;18
818;26
818;70
818;87
818;241
819;9
819;10
819;36
819;73
819;100
819;251
820;9
820;19
820;38
820;75
820;113
820;261
821;9
821;19
821;37
821;75
821;95
821;261
822;9
822;10
822;20
822;75
822;85
822;253
823;9
823;19
823;38
823;76
823;114
823;264
824;9
824;10
824;20
824;79
824;108
824;275
825;9
825;10
825;21
825;63
825;85
825;295
826;6
826;16
826;25
826;42
826;114
826;198
827;9
827;15
827;36
827;79
827;81
827;166
828;9
828;17
828;26
828;64
828;84
828;249
829;7
829;13
829;26
829;71
829;81
829;169
830;5
830;11
830;27
830;53
830;142
830;170
831;9
831;19
831;39
831;79
831;100
831;161
832;9
832;19
832;21
832;64
832;84
832;170
833;6
833;19
833;21
833;64
833;85
833;169
834;9
834;11
834;22
834;44
834;88
834;419
835;4
835;12
835;30
835;67
835;135
835;271
836;4
836;14
836;22
836;43
836;102
836;272
837;3
837;17
837;25
837;41
837;127
837;475
838;8
838;17
838;33
838;67
838;100
838;233
839;8
839;17
839;34
839;67
839;134
839;302
840;6
840;10
840;33
840;67
840;98
840;164
841;4
841;16
841;33
841;64
841;96
841;196
842;3
842;16
842;24
842;40
842;95
842;192
843;3
843;19
843;32
843;64
843;95
843;286
844;8
844;16
844;24
844;64
844;96
844;286
845;8
845;16
845;24
845;40
845;80
845;188
846;6
846;10
846;23
846;57
846;85
846;168
847;4
847;15
847;22
847;45
847;141
847;197
848;3
848;14
848;28
848;56
848;85
848;255
849;3
849;14
849;28
849;79
849;84
849;255
850;3
850;19
850;21
850;42
850;147
850;204
851;9
851;14
851;22
851;42
851;148
851;252
852;4
852;14
852;21
852;42
852;155
852;386
853;4
853;14
853;21
853;42
853;157
853;191
854;3
854;14
854;21
854;79
854;91
854;491
855;7
855;14
855;21
855;65
855;86
855;175
856;7
856;14
856;21
856;43
856;86
856;296
857;9
857;10
857;21
857;56
857;130
857;492
858;4
858;15
858;34
858;68
858;102
858;376
859;3
859;16
859;24
859;40
859;103
859;416
860;3
860;18
860;34
860;42
860;136
860;170
861;8
861;17
861;33
861;67
861;101
861;202
862;8
862;17
862;24
862;42
862;101
862;235
863;6
863;10
863;33
863;64
863;128
863;160
864;4
864;16
864;32
864;65
864;97
864;296
865;3
865;10
865;24
865;40
865;95
865;491
866;3
866;12
866;32
866;63
866;159
866;192
867;8
867;16
867;32
867;63
867;95
867;253
868;9
868;11
868;20
868;63
868;94
868;284
869;4
869;15
869;23
869;56
869;84
869;169
870;4
870;15
870;22
870;55
870;85
870;286
871;3
871;14
871;28
871;58
871;83
871;490
872;3
872;14
872;21
872;56
872;83
872;166
873;3
873;19
873;23
873;42
873;86
873;237
874;6
874;11
874;21
874;43
874;92
874;192
875;4
875;14
875;21
875;43
875;86
875;192
876;3
876;14
876;21
876;42
876;150
876;192
877;3
877;14
877;21
877;63
877;103
877;165
878;3
878;14
878;21
878;64
878;86
878;236
879;3
879;14
879;21
879;42
879;87
879;188
880;6
880;10
880;22
880;66
880;85
880;193
881;4
881;15
881;23
881;63
881;89
881;291
882;3
882;16
882;25
882;41
882;128
882;218
883;8
883;17
883;34
883;68
883;102
883;372
884;8
884;17
884;34
884;42
884;100
884;308
885;9
885;11
885;20
885;49
885;104
885;252
886;4
886;17
886;32
886;63
886;95
886;285
887;4
887;16
887;32
887;64
887;96
887;191
888;3
888;16
888;24
888;63
888;96
888;491
889;8
889;16
889;31
889;63
889;94
889;285
890;8
890;16
890;31
890;63
890;94
890;220
891;9
891;10
891;21
891;63
891;124
891;346
892;4
892;15
892;28
892;56
892;84
892;169
893;3
893;14
893;28
893;56
893;85
893;227
894;3
894;14
894;21
894;44
894;124
894;489
895;3
895;18
895;21
895;42
895;94
895;334
896;7
896;14
896;21
896;43
896;85
896;171
897;6
897;10
897;22
897;42
897;85
897;255
898;4
898;14
898;21
898;42
898;86
898;482
899;3
899;14
899;21
899;42
899;155
899;493
900;3
900;14
900;21
900;64
900;106
900;169
901;3
901;14
901;21
901;63
901;106
901;170
902;3
902;14
902;21
902;63
902;84
902;211
903;4
903;15
903;22
903;77
903;113
903;178
904;4
904;15
904;34
904;68
904;102
904;205
905;3
905;10
905;39
905;45
905;130
905;490
906;8
906;17
906;34
906;67
906;134
906;268
907;8
907;17
907;34
907;67
907;101
907;269
908;9
908;10
908;22
908;66
908;136
908;192
909;4
909;17
909;38
909;76
909;151
909;301
910;3
910;18
910;33
910;77
910;151
910;472
911;3
911;19
911;33
911;56
911;113
911;475
912;9
912;19
912;38
912;76
912;114
912;303
913;9
913;19
913;38
913;74
913;108
913;304
914;6
914;10
914;20
914;76
914;114
914;305
915;4
915;10
915;20
915;75
915;80
915;191
916;3
916;10
916;21
916;42
916;86
916;213
917;3
917;10
917;21
917;42
917;84
917;169
918;3
918;10
918;34
918;65
918;139
918;197
919;9
919;17
919;31
919;63
919;94
919;222
920;5
920;12
920;32
920;63
920;95
920;222
921;4
921;11
921;28
921;41
921;85
921;200
922;3
922;19
922;20
922;62
922;83
922;345
923;3
923;11
923;32
923;64
923;107
923;172
924;3
924;11
924;21
924;63
924;84
924;189
925;9
925;11
925;21
925;66
925;89
925;177
926;4
926;12
926;32
926;63
926;96
926;174
927;4
927;14
927;22
927;44
927;91
927;505
928;3
928;17
928;34
928;68
928;136
928;170
929;8
929;17
929;33
929;67
929;100
929;332
930;8
930;17
930;33
930;42
930;100
930;368
931;6
931;10
931;33
931;66
931;99
931;364
932;4
932;16
932;32
932;64
932;95
932;350
933;3
933;16
933;32
933;75
933;94
933;301
934;3
934;15
934;32
934;63
934;126
934;190
935;8
935;16
935;24
935;40
935;95
935;221
936;8
936;13
936;23
936;40
936;88
936;208
937;5
937;15
937;28
937;57
937;85
937;283
938;4
938;15
938;28
938;56
938;112
938;310
939;3
939;14
939;28
939;56
939;113
939;341
940;4
940;13
940;25
940;74
940;114
940;200
941;7
941;12
941;36
941;52
941;95
941;221
942;5
942;15
942;39
942;55
942;111
942;278
943;0
943;19
943;39
943;40
943;81
943;270
944;5
944;19
944;30
944;40
944;83
944;449
945;9
945;18
945;28
945;56
945;84
945;269
946;7
946;14
946;21
946;43
946;87
946;398
947;7
947;14
947;21
947;43
947;84
947;399
948;6
948;10
948;22
948;52
948;81
948;174
949;4
949;13
949;32
949;64
949;95
949;160
950;3
950;15
950;23
950;40
950;90
950;397
951;3
951;18
951;33
951;42
951;84
951;172
952;8
952;17
952;34
952;67
952;101
952;201
953;9
953;16
953;34
953;66
953;99
953;197
954;5
954;10
954;25
954;70
954;102
954;177
955;4
955;16
955;32
955;64
955;96
955;188
956;3
956;16
956;32
956;63
956;95
956;189
957;8
957;15
957;32
957;64
957;95
957;286
958;8
958;16
958;32
958;65
958;97
958;228
959;9
959;11
959;20
959;61
959;84
959;281
960;4
960;15
960;23
960;56
960;85
960;168
961;3
961;15
961;22
961;56
961;85
961;282
962;3
962;14
962;21
962;55
962;86
962;285
963;4
963;10
963;27
963;77
963;85
963;348
964;6
964;10
964;39
964;52
964;151
964;178
965;5
965;11
965;38
965;57
965;113
965;260
966;5
966;16
966;39
966;42
966;86
966;160
967;9
967;19
967;35
967;74
967;80
967;170
968;7
968;19
968;21
968;63
968;86
968;214
969;7
969;14
969;21
969;42
969;84
969;188
970;7
970;14
970;22
970;42
970;84
970;172
971;6
971;15
971;25
971;48
971;80
971;292
972;4
972;15
972;34
972;67
972;101
972;235
973;3
973;17
973;29
973;42
973;127
973;164
974;8
974;17
974;34
974;68
974;102
974;169
975;8
975;17
975;33
975;67
975;134
975;168
976;9
976;11
976;33
976;42
976;133
976;192
977;4
977;17
977;32
977;63
977;95
977;285
978;4
978;11
978;24
978;40
978;97
978;192
979;3
979;18
979;33
979;66
979;98
979;295
980;8
980;16
980;32
980;64
980;95
980;286
981;8
981;16
981;23
981;40
981;96
981;449
982;6
982;10
982;22
982;58
982;84
982;167
983;4
983;15
983;23
983;56
983;84
983;168
984;3
984;14
984;29
984;57
984;85
984;200
985;3
985;14
985;21
985;56
985;84
985;480
986;3
986;14
986;21
986;45
986;86
986;405
987;0
987;19
987;22
987;43
987;108
987;289
988;7
988;19
988;21
988;42
988;84
988;297
989;7
989;19
989;22
989;44
989;99
989;166
990;9
990;19
990;20
990;41
990;126
990;490
991;3
991;14
991;22
991;44
991;88
991;200
992;3
992;14
992;21
992;43
992;86
992;264
993;9
993;11
993;21
993;46
993;80
993;341
994;4
994;14
994;26
994;53
994;87
994;235
995;4
995;15
995;34
995;68
995;102
995;170
996;3
996;10
996;39
996;46
996;110
996;211
997;8
997;17
997;33
997;66
997;132
997;298
998;8
998;17
998;37
998;74
998;111
998;298
999;6
999;11
999;25
999;72
999;107
999;192
1000;4
1000;18
1000;38
1000;76
1000;152
1000;190
1001;4
1001;18
1001;37
1001;75
1001;150
1001;300
1002;3
1002;19
1002;20
1002;75
1002;113
1002;189
1003;9
1003;19
1003;20
1003;73
1003;112
1003;263
1004;9
1004;19
1004;20
1004;66
1004;132
1004;197
1005;6
1005;19
1005;20
1005;76
1005;114
1005;191
1006;9
1006;10
1006;20
1006;75
1006;112
1006;188
1007;9
1007;10
1007;21
1007;42
1007;85
1007;255
1008;8
1008;10
1008;21
1008;42
1008;84
1008;355
1009;7
1009;19
1009;37
1009;40
1009;147
1009;183
1010;9
1010;12
1010;26
1010;42
1010;147
1010;272
1011;4
1011;12
1011;32
1011;64
1011;96
1011;351
1012;6
1012;17
1012;24
1012;63
1012;95
1012;165
1013;9
1013;17
1013;26
1013;63
1013;94
1013;166
1014;9
1014;10
1014;32
1014;67
1014;92
1014;167
1015;9
1015;11
1015;25
1015;62
1015;115
1015;328
1016;5
1016;17
1016;22
1016;52
1016;128
1016;205
1017;6
1017;14
1017;21
1017;42
1017;101
1017;178
1018;7
1018;12
1018;38
1018;63
1018;101
1018;439
1019;6
1019;14
1019;24
1019;54
1019;122
1019;440
1020;5
1020;11
1020;39
1020;40
1020;99
1020;485
1021;7
1021;19
1021;22
1021;42
1021;96
1021;445
1022;5
1022;10
1022;24
1022;41
1022;102
1022;169
1023;4
1023;10
1023;34
1023;77
1023;101
1023;169
1024;5
1024;10
1024;36
1024;72
1024;108
1024;180
1025;5
1025;10
1025;36
1025;71
1025;107
1025;177
1026;9
1026;14
1026;21
1026;70
1026;107
1026;176
1027;9
1027;10
1027;25
1027;53
1027;84
1027;170
1028;6
1028;10
1028;33
1028;66
1028;98
1028;197
1029;6
1029;15
1029;36
1029;71
1029;107
1029;215
1030;8
1030;15
1030;35
1030;71
1030;84
1030;214
1031;5
1031;11
1031;28
1031;72
1031;84
1031;251
1032;6
1032;13
1032;24
1032;72
1032;85
1032;251
1033;8
1033;10
1033;25
1033;66
1033;93
1033;449
1034;4
1034;13
1034;33
1034;66
1034;98
1034;163
1035;6
1035;10
1035;35
1035;71
1035;106
1035;177
1036;5
1036;13
1036;28
1036;71
1036;106
1036;177
1037;7
1037;15
1037;36
1037;72
1037;107
1037;286
1038;7
1038;18
1038;36
1038;72
1038;108
1038;180
1039;5
1039;11
1039;32
1039;65
1039;97
1039;196
1040;7
1040;15
1040;36
1040;71
1040;108
1040;179
1041;4
1041;10
1041;35
1041;69
1041;107
1041;179
1042;4
1042;12
1042;33
1042;65
1042;97
1042;211
1043;7
1043;11
1043;33
1043;65
1043;97
1043;457
1044;9
1044;11
1044;31
1044;65
1044;98
1044;451
1045;6
1045;15
1045;28
1045;57
1045;85
1045;255
1046;6
1046;10
1046;29
1046;58
1046;86
1046;260
1047;5
1047;13
1047;29
1047;57
1047;85
1047;283
1048;4
1048;13
1048;28
1048;56
1048;84
1048;196
1049;7
1049;15
1049;25
1049;58
1049;87
1049;291
1050;9
1050;10
1050;21
1050;57
1050;84
1050;195
1051;4
1051;11
1051;29
1051;57
1051;86
1051;200
1052;5
1052;16
1052;26
1052;52
1052;104
1052;286
1053;5
1053;13
1053;21
1053;42
1053;85
1053;190
1054;7
1054;11
1054;21
1054;42
1054;84
1054;188
1055;4
1055;14
1055;22
1055;43
1055;86
1055;194
1056;5
1056;11
1056;21
1056;42
1056;85
1056;170
1057;4
1057;10
1057;21
1057;50
1057;95
1057;201
1058;5
1058;19
1058;20
1058;41
1058;85
1058;171
1059;5
1059;13
1059;26
1059;78
1059;130
1059;308
1060;6
1060;15
1060;25
1060;76
1060;118
1060;197
1061;8
1061;16
1061;22
1061;41
1061;101
1061;169
1062;6
1062;10
1062;29
1062;58
1062;102
1062;171
1063;7
1063;14
1063;29
1063;58
1063;102
1063;169
1064;6
1064;11
1064;23
1064;45
1064;99
1064;165
1065;5
1065;11
1065;22
1065;65
1065;104
1065;173
1066;6
1066;13
1066;21
1066;64
1066;86
1066;172
1067;9
1067;17
1067;25
1067;42
1067;92
1067;441
1068;4
1068;12
1068;33
1068;66
1068;99
1068;166
1069;6
1069;10
1069;28
1069;70
1069;104
1069;169
1070;6
1070;11
1070;36
1070;71
1070;107
1070;286
1071;7
1071;19
1071;20
1071;71
1071;142
1071;285
1072;6
1072;17
1072;24
1072;70
1072;102
1072;320
1073;5
1073;11
1073;32
1073;64
1073;99
1073;350
1074;5
1074;15
1074;26
1074;66
1074;99
1074;271
1075;5
1075;19
1075;36
1075;72
1075;108
1075;289
1076;4
1076;13
1076;36
1076;79
1076;108
1076;275
1077;5
1077;11
1077;26
1077;43
1077;87
1077;305
1078;7
1078;18
1078;31
1078;40
1078;108
1078;193
1079;6
1079;16
1079;32
1079;65
1079;80
1079;162
1080;9
1080;10
1080;36
1080;72
1080;85
1080;286
1081;5
1081;13
1081;36
1081;72
1081;85
1081;169
1082;6
1082;12
1082;38
1082;75
1082;84
1082;293
1083;5
1083;15
1083;39
1083;76
1083;85
1083;295
1084;9
1084;10
1084;20
1084;55
1084;90
1084;216
1085;4
1085;10
1085;36
1085;71
1085;107
1085;215
1086;7
1086;15
1086;36
1086;72
1086;108
1086;179
1087;9
1087;10
1087;20
1087;54
1087;155
1087;440
1088;9
1088;18
1088;38
1088;77
1088;115
1088;192
1089;9
1089;18
1089;37
1089;77
1089;154
1089;191
1090;9
1090;10
1090;22
1090;43
1090;86
1090;171
1091;9
1091;18
1091;39
1091;43
1091;86
1091;171
1092;8
1092;18
1092;27
1092;43
1092;129
1092;171
1093;9
1093;10
1093;36
1093;74
1093;111
1093;259
1094;9
1094;10
1094;38
1094;65
1094;97
1094;168
1095;9
1095;10
1095;28
1095;64
1095;96
1095;191
1096;9
1096;10
1096;32
1096;64
1096;95
1096;191
1097;9
1097;10
1097;26
1097;65
1097;97
1097;193
1098;9
1098;11
1098;29
1098;63
1098;94
1098;188
1099;9
1099;10
1099;20
1099;58
1099;84
1099;167
1100;9
1100;10
1100;20
1100;56
1100;84
1100;281
1101;8
1101;11
1101;25
1101;56
1101;84
1101;168
1102;9
1102;10
1102;20
1102;58
1102;88
1102;176
1103;9
1103;10
1103;25
1103;73
1103;108
1103;172
1104;9
1104;11
1104;25
1104;55
1104;83
1104;275
1105;9
1105;11
1105;26
1105;78
1105;120
1105;193
1106;9
1106;11
1106;25
1106;57
1106;121
1106;162
1107;5
1107;11
1107;22
1107;76
1107;115
1107;205
1108;7
1108;14
1108;29
1108;58
1108;113
1108;319
1109;6
1109;10
1109;28
1109;65
1109;97
1109;292
1110;6
1110;19
1110;21
1110;65
1110;98
1110;229
1111;5
1111;19
1111;22
1111;69
1111;139
1111;278
1112;7
1112;17
1112;20
1112;71
1112;141
1112;177
1113;6
1113;11
1113;31
1113;64
1113;94
1113;166
1114;4
1114;10
1114;29
1114;77
1114;101
1114;166
1115;5
1115;11
1115;36
1115;72
1115;107
1115;179
1116;5
1116;13
1116;35
1116;71
1116;107
1116;179
1117;9
1117;14
1117;24
1117;40
1117;107
1117;170
1118;9
1118;10
1118;20
1118;52
1118;107
1118;305
1119;5
1119;11
1119;33
1119;66
1119;98
1119;195
1120;5
1120;10
1120;35
1120;70
1120;106
1120;176
1121;4
1121;13
1121;36
1121;72
1121;107
1121;179
1122;5
1122;11
1122;37
1122;73
1122;109
1122;184
1123;6
1123;14
1123;39
1123;41
1123;80
1123;297
1124;5
1124;17
1124;25
1124;79
1124;84
1124;459
1125;7
1125;10
1125;33
1125;67
1125;100
1125;167
1126;5
1126;13
1126;28
1126;72
1126;86
1126;180
1127;5
1127;13
1127;28
1127;72
1127;144
1127;289
1128;7
1128;15
1128;26
1128;70
1128;81
1128;457
1129;7
1129;14
1129;32
1129;58
1129;144
1129;305
1130;6
1130;11
1130;32
1130;63
1130;95
1130;160
1131;7
1131;15
1131;35
1131;70
1131;141
1131;176
1132;8
1132;12
1132;31
1132;70
1132;106
1132;386
1133;8
1133;11
1133;35
1133;71
1133;106
1133;178
1134;7
1134;11
1134;33
1134;65
1134;98
1134;162
1135;9
1135;10
1135;30
1135;41
1135;91
1135;451
1136;4
1136;16
1136;29
1136;58
1136;86
1136;441
1137;5
1137;10
1137;29
1137;58
1137;86
1137;440
1138;5
1138;13
1138;31
1138;70
1138;86
1138;458
1139;7
1139;13
1139;28
1139;57
1139;84
1139;169
1140;7
1140;15
1140;25
1140;58
1140;86
1140;174
1141;9
1141;10
1141;25
1141;58
1141;83
1141;173
1142;4
1142;11
1142;30
1142;60
1142;90
1142;180
1143;5
1143;10
1143;29
1143;59
1143;86
1143;282
1144;6
1144;13
1144;39
1144;53
1144;84
1144;506
1145;9
1145;11
1145;28
1145;61
1145;121
1145;458
1146;6
1146;19
1146;20
1146;58
1146;115
1146;342
1147;6
1147;12
1147;24
1147;52
1147;97
1147;435
1148;9
1148;10
1148;25
1148;45
1148;89
1148;436
1149;5
1149;13
1149;25
1149;72
1149;112
1149;174
1150;5
1150;14
1150;26
1150;56
1150;84
1150;167
1151;9
1151;15
1151;24
1151;49
1151;83
1151;474
1152;9
1152;10
1152;20
1152;59
1152;153
1152;180
1153;6
1153;12
1153;32
1153;65
1153;97
1153;320
1154;6
1154;15
1154;34
1154;68
1154;101
1154;305
1155;6
1155;10
1155;32
1155;70
1155;98
1155;164
1156;5
1156;11
1156;37
1156;75
1156;112
1156;315
1157;7
1157;16
1157;28
1157;42
1157;84
1157;337
1158;9
1158;10
1158;25
1158;41
1158;106
1158;441
1159;4
1159;11
1159;34
1159;68
1159;101
1159;204
1160;6
1160;10
1160;34
1160;68
1160;85
1160;214
1161;6
1161;11
1161;33
1161;65
1161;98
1161;294
1162;7
1162;19
1162;33
1162;42
1162;101
1162;251
1163;7
1163;17
1163;33
1163;42
1163;98
1163;198
1164;6
1164;13
1164;32
1164;65
1164;128
1164;165
1165;6
1165;15
1165;34
1165;68
1165;102
1165;340
1166;9
1166;15
1166;23
1166;68
1166;86
1166;481
1167;5
1167;12
1167;29
1167;76
1167;113
1167;265
1168;9
1168;12
1168;33
1168;77
1168;101
1168;167
1169;7
1169;17
1169;20
1169;79
1169;82
1169;169
1170;4
1170;12
1170;28
1170;56
1170;85
1170;281
1171;9
1171;10
1171;34
1171;67
1171;101
1171;275
1172;5
1172;13
1172;31
1172;58
1172;86
1172;200
1173;6
1173;11
1173;33
1173;67
1173;85
1173;170
1174;6
1174;18
1174;31
1174;63
1174;94
1174;188
1175;9
1175;10
1175;20
1175;64
1175;95
1175;160
1176;4
1176;11
1176;32
1176;77
1176;95
1176;192
1177;6
1177;10
1177;32
1177;79
1177;80
1177;160
1178;9
1178;10
1178;36
1178;75
1178;150
1178;300
1179;7
1179;18
1179;32
1179;78
1179;94
1179;210
1180;9
1180;18
1180;38
1180;76
1180;101
1180;307
1181;5
1181;15
1181;38
1181;76
1181;153
1181;433
1182;9
1182;18
1182;35
1182;75
1182;145
1182;441
1183;9
1183;17
1183;24
1183;76
1183;154
1183;308
1184;9
1184;10
1184;33
1184;68
1184;101
1184;169
1185;9
1185;10
1185;25
1185;68
1185;127
1185;322
1186;9
1186;12
1186;28
1186;41
1186;125
1186;162
1187;9
1187;10
1187;29
1187;78
1187;116
1187;310
1188;9
1188;10
1188;28
1188;56
1188;85
1188;301
1189;9
1189;11
1189;29
1189;78
1189;109
1189;351
1190;9
1190;10
1190;20
1190;62
1190;124
1190;341
1191;9
1191;10
1191;30
1191;68
1191;122
1191;168
1192;9
1192;10
1192;25
1192;68
1192;100
1192;169
1193;9
1193;10
1193;23
1193;68
1193;137
1193;205
1194;9
1194;10
1194;35
1194;71
1194;108
1194;173
1195;9
1195;11
1195;25
1195;64
1195;130
1195;162
1196;9
1196;11
1196;32
1196;59
1196;114
1196;170
1197;8
1197;11
1197;22
1197;57
1197;115
1197;263
1198;6
1198;11
1198;34
1198;41
1198;83
1198;328
1199;4
1199;13
1199;39
1199;42
1199;126
1199;288
1200;3
1200;15
1200;25
1200;52
1200;115
1200;169
1201;3
1201;17
1201;25
1201;42
1201;85
1201;169
1202;8
1202;17
1202;28
1202;42
1202;99
1202;232
1203;9
1203;17
1203;21
1203;41
1203;98
1203;191
1204;5
1204;17
1204;25
1204;74
1204;93
1204;166
1205;4
1205;19
1205;37
1205;55
1205;94
1205;189
1206;3
1206;17
1206;35
1206;52
1206;105
1206;498
1207;8
1207;17
1207;34
1207;52
1207;156
1207;170
1208;8
1208;16
1208;24
1208;40
1208;84
1208;487
1209;9
1209;10
1209;21
1209;46
1209;84
1209;373
1210;4
1210;15
1210;23
1210;45
1210;141
1210;162
1211;3
1211;15
1211;31
1211;44
1211;95
1211;306
1212;3
1212;14
1212;21
1212;79
1212;124
1212;480
1213;3
1213;14
1213;28
1213;71
1213;123
1213;160
1214;3
1214;14
1214;21
1214;43
1214;95
1214;160
1215;6
1215;10
1215;21
1215;66
1215;82
1215;185
1216;4
1216;16
1216;32
1216;56
1216;84
1216;164
1217;3
1217;13
1217;28
1217;57
1217;85
1217;192
1218;3
1218;14
1218;39
1218;40
1218;85
1218;487
1219;3
1219;14
1219;25
1219;74
1219;124
1219;174
1220;3
1220;14
1220;24
1220;50
1220;98
1220;172
1221;5
1221;14
1221;24
1221;72
1221;143
1221;168
1222;4
1222;15
1222;23
1222;71
1222;118
1222;309
1223;3
1223;17
1223;28
1223;42
1223;80
1223;489
1224;8
1224;17
1224;22
1224;45
1224;85
1224;245
1225;8
1225;17
1225;22
1225;43
1225;88
1225;241
1226;9
1226;10
1226;22
1226;43
1226;141
1226;185
1227;4
1227;17
1227;21
1227;42
1227;85
1227;232
1228;3
1228;19
1228;20
1228;40
1228;83
1228;231
1229;3
1229;16
1229;28
1229;52
1229;82
1229;490
1230;8
1230;17
1230;24
1230;40
1230;84
1230;279
1231;8
1231;16
1231;24
1231;40
1231;84
1231;399
1232;6
1232;10
1232;22
1232;40
1232;85
1232;179
1233;4
1233;15
1233;22
1233;45
1233;94
1233;408
1234;3
1234;14
1234;21
1234;43
1234;95
1234;386
1235;3
1235;14
1235;21
1235;77
1235;85
1235;171
1236;3
1236;18
1236;29
1236;40
1236;96
1236;195
1237;7
1237;14
1237;21
1237;43
1237;87
1237;160
1238;5
1238;14
1238;21
1238;57
1238;85
1238;195
1239;4
1239;15
1239;29
1239;56
1239;85
1239;259
1240;3
1240;13
1240;28
1240;56
1240;80
1240;492
1241;3
1241;14
1241;21
1241;64
1241;83
1241;328
1242;3
1242;14
1242;25
1242;74
1242;124
1242;304
1243;9
1243;11
1243;21
1243;47
1243;148
1243;406
1244;4
1244;15
1244;23
1244;70
1244;140
1244;165
1245;3
1245;18
1245;24
1245;40
1245;94
1245;166
1246;3
1246;19
1246;21
1246;42
1246;84
1246;480
1247;8
1247;17
1247;21
1247;43
1247;86
1247;276
1248;8
1248;17
1248;21
1248;43
1248;86
1248;215
1249;6
1249;10
1249;21
1249;42
1249;92
1249;192
1250;4
1250;16
1250;21
1250;43
1250;85
1250;236
1251;3
1251;18
1251;24
1251;40
1251;80
1251;287
1252;3
1252;19
1252;24
1252;40
1252;113
1252;287
1253;8
1253;16
1253;24
1253;56
1253;84
1253;196
1254;8
1254;16
1254;23
1254;41
1254;85
1254;363
1255;5
1255;19
1255;20
1255;40
1255;100
1255;345
1256;4
1256;15
1256;22
1256;44
1256;86
1256;379
1257;3
1257;14
1257;21
1257;43
1257;84
1257;487
1258;3
1258;14
1258;21
1258;79
1258;142
1258;309
1259;3
1259;14
1259;28
1259;56
1259;85
1259;165
1260;9
1260;10
1260;20
1260;40
1260;98
1260;192
1261;4
1261;14
1261;28
1261;45
1261;84
1261;296
1262;3
1262;14
1262;28
1262;56
1262;85
1262;181
1263;3
1263;16
1263;34
1263;72
1263;88
1263;490
1264;7
1264;14
1264;20
1264;42
1264;83
1264;164
1265;7
1265;14
1265;25
1265;50
1265;127
1265;178
1266;6
1266;10
1266;25
1266;50
1266;97
1266;173
1267;4
1267;15
1267;23
1267;46
1267;120
1267;170
1268;3
1268;18
1268;24
1268;41
1268;93
1268;180
1269;3
1269;18
1269;22
1269;43
1269;155
1269;266
1270;8
1270;17
1270;21
1270;42
1270;85
1270;258
1271;9
1271;17
1271;21
1271;43
1271;87
1271;207
1272;6
1272;10
1272;21
1272;42
1272;83
1272;230
1273;4
1273;18
1273;21
1273;42
1273;85
1273;236
1274;3
1274;19
1274;28
1274;54
1274;109
1274;285
1275;9
1275;19
1275;20
1275;67
1275;100
1275;365
1276;9
1276;19
1276;20
1276;77
1276;116
1276;350
1277;9
1277;12
1277;21
1277;77
1277;116
1277;347
1278;4
1278;19
1278;20
1278;42
1278;85
1278;342
1279;4
1279;10
1279;20
1279;74
1279;112
1279;320
1280;3
1280;10
1280;21
1280;68
1280;102
1280;500
1281;3
1281;10
1281;21
1281;57
1281;85
1281;313
1282;3
1282;19
1282;20
1282;60
1282;89
1282;302
1283;9
1283;10
1283;34
1283;68
1283;102
1283;341
1284;9
1284;17
1284;34
1284;66
1284;99
1284;328
1285;9
1285;12
1285;34
1285;68
1285;102
1285;336
1286;8
1286;17
1286;35
1286;68
1286;107
1286;476
1287;5
1287;19
1287;34
1287;67
1287;100
1287;167
1288;9
1288;18
1288;34
1288;69
1288;103
1288;173
1289;6
1289;11
1289;35
1289;74
1289;112
1289;328
1290;4
1290;13
1290;39
1290;42
1290;126
1290;269
1291;3
1291;18
1291;33
1291;52
1291;115
1291;169
1292;3
1292;17
1292;33
1292;42
1292;85
1292;169
1293;8
1293;17
1293;28
1293;42
1293;99
1293;170
1294;9
1294;12
1294;20
1294;43
1294;98
1294;192
1295;4
1295;18
1295;25
1295;74
1295;91
1295;166
1296;4
1296;19
1296;37
1296;55
1296;94
1296;186
1297;3
1297;17
1297;34
1297;51
1297;86
1297;490
1298;8
1298;17
1298;34
1298;51
1298;155
1298;170
1299;8
1299;14
1299;24
1299;40
1299;84
1299;495
1300;6
1300;10
1300;22
1300;46
1300;113
1300;505
1301;4
1301;15
1301;23
1301;53
1301;129
1301;161
1302;4
1302;14
1302;31
1302;43
1302;95
1302;305
1303;3
1303;14
1303;21
1303;77
1303;116
1303;310
1304;3
1304;14
1304;29
1304;77
1304;117
1304;312
1305;7
1305;14
1305;21
1305;43
1305;84
1305;299
1306;6
1306;14
1306;33
1306;65
1306;100
1306;184
1307;4
1307;16
1307;32
1307;56
1307;118
1307;259
1308;3
1308;15
1308;28
1308;73
1308;85
1308;460
1309;3
1309;14
1309;23
1309;79
1309;95
1309;354
1310;3
1310;14
1310;24
1310;73
1310;147
1310;197
1311;9
1311;14
1311;21
1311;42
1311;152
1311;418
1312;4
1312;15
1312;23
1312;69
1312;151
1312;370
1313;3
1313;18
1313;23
1313;78
1313;80
1313;347
1314;3
1314;16
1314;22
1314;44
1314;154
1314;179
1315;8
1315;17
1315;21
1315;42
1315;153
1315;192
1316;8
1316;17
1316;21
1316;42
1316;126
1316;183
1317;6
1317;11
1317;20
1317;51
1317;154
1317;192
1318;4
1318;19
1318;20
1318;78
1318;116
1318;233
1319;3
1319;17
1319;35
1319;71
1319;106
1319;212
1320;3
1320;18
1320;29
1320;59
1320;96
1320;235
1321;8
1321;16
1321;28
1321;40
1321;84
1321;199
1322;8
1322;15
1322;28
1322;56
1322;84
1322;409
1323;6
1323;10
1323;23
1323;40
1323;134
1323;160
1324;4
1324;15
1324;35
1324;69
1324;103
1324;347
1325;3
1325;14
1325;29
1325;58
1325;89
1325;298
1326;3
1326;14
1326;28
1326;56
1326;84
1326;171
1327;3
1327;18
1327;30
1327;60
1327;97
1327;194
1328;7
1328;14
1328;28
1328;43
1328;84
1328;180
1329;4
1329;17
1329;28
1329;56
1329;84
1329;204
1330;4
1330;14
1330;27
1330;55
1330;84
1330;184
1331;3
1331;14
1331;28
1331;77
1331;80
1331;500
1332;3
1332;14
1332;21
1332;65
1332;86
1332;332
1333;7
1333;14
1333;25
1333;76
1333;127
1333;317
1334;9
1334;10
1334;21
1334;76
1334;152
1334;418
1335;4
1335;15
1335;24
1335;74
1335;115
1335;374
1336;3
1336;18
1336;24
1336;40
1336;103
1336;374
1337;3
1337;19
1337;21
1337;42
1337;150
1337;176
1338;8
1338;17
1338;21
1338;42
1338;84
1338;190
1339;8
1339;17
1339;21
1339;42
1339;147
1339;292
1340;6
1340;10
1340;21
1340;50
1340;95
1340;191
1341;4
1341;19
1341;20
1341;41
1341;95
1341;222
1342;3
1342;16
1342;33
1342;67
1342;134
1342;235
1343;3
1343;17
1343;32
1343;64
1343;96
1343;288
1344;8
1344;16
1344;24
1344;40
1344;84
1344;257
1345;9
1345;12
1345;21
1345;40
1345;85
1345;372
1346;4
1346;19
1346;38
1346;40
1346;134
1346;284
1347;4
1347;15
1347;22
1347;56
1347;101
1347;303
1348;3
1348;14
1348;28
1348;57
1348;86
1348;433
1349;3
1349;14
1349;28
1349;57
1349;84
1349;289
1350;3
1350;14
1350;21
1350;44
1350;138
1350;160
1351;9
1351;10
1351;20
1351;46
1351;87
1351;174
1352;4
1352;14
1352;21
1352;43
1352;84
1352;278
1353;4
1353;15
1353;29
1353;57
1353;85
1353;192
1354;3
1354;16
1354;33
1354;72
1354;85
1354;489
1355;3
1355;14
1355;21
1355;68
1355;107
1355;161
1356;3
1356;14
1356;26
1356;51
1356;116
1356;308
1357;6
1357;10
1357;25
1357;75
1357;113
1357;379
1358;4
1358;19
1358;23
1358;76
1358;113
1358;341
1359;3
1359;18
1359;24
1359;41
1359;85
1359;168
1360;8
1360;17
1360;22
1360;51
1360;91
1360;381
1361;8
1361;17
1361;20
1361;53
1361;84
1361;161
1362;9
1362;16
1362;21
1362;43
1362;129
1362;192
1363;5
1363;17
1363;21
1363;41
1363;83
1363;229
1364;4
1364;18
1364;21
1364;42
1364;85
1364;280
1365;3
1365;17
1365;32
1365;67
1365;100
1365;222
1366;9
1366;19
1366;32
1366;64
1366;97
1366;162
1367;9
1367;19
1367;28
1367;56
1367;86
1367;286
1368;9
1368;18
1368;20
1368;58
1368;83
1368;221
1369;9
1369;16
1369;29
1369;64
1369;84
1369;193
1370;6
1370;10
1370;30
1370;65
1370;97
1370;161
1371;5
1371;17
1371;27
1371;58
1371;95
1371;161
1372;5
1372;19
1372;28
1372;59
1372;97
1372;163
1373;5
1373;18
1373;23
1373;64
1373;97
1373;162
1374;7
1374;18
1374;38
1374;43
1374;148
1374;177
1375;2
1375;15
1375;28
1375;42
1375;96
1375;400
1376;0
1376;12
1376;23
1376;69
1376;95
1376;386
1377;5
1377;19
1377;29
1377;59
1377;97
1377;163
1378;5
1378;15
1378;25
1378;59
1378;96
1378;161
1379;9
1379;13
1379;20
1379;40
1379;82
1379;481
1380;5
1380;11
1380;35
1380;67
1380;87
1380;480
1381;4
1381;14
1381;21
1381;56
1381;86
1381;480
1382;3
1382;16
1382;25
1382;42
1382;100
1382;480
1383;8
1383;17
1383;25
1383;66
1383;91
1383;232
1384;8
1384;17
1384;25
1384;67
1384;102
1384;224
1385;9
1385;11
1385;22
1385;45
1385;153
1385;192
1386;4
1386;17
1386;25
1386;65
1386;82
1386;227
1387;3
1387;17
1387;24
1387;40
1387;88
1387;191
1388;3
1388;13
1388;22
1388;63
1388;95
1388;220
1389;8
1389;16
1389;24
1389;63
1389;86
1389;219
1390;8
1390;16
1390;24
1390;63
1390;96
1390;219
1391;6
1391;10
1391;22
1391;62
1391;94
1391;217
1392;4
1392;15
1392;23
1392;59
1392;82
1392;208
1393;4
1393;14
1393;21
1393;57
1393;87
1393;191
1394;3
1394;14
1394;21
1394;42
1394;120
1394;320
1395;3
1395;14
1395;21
1395;56
1395;85
1395;196
1396;7
1396;14
1396;21
1396;42
1396;85
1396;194
1397;5
1397;14
1397;21
1397;78
1397;104
1397;164
1398;4
1398;14
1398;21
1398;42
1398;105
1398;211
1399;3
1399;14
1399;21
1399;74
1399;80
1399;379
1400;3
1400;14
1400;21
1400;42
1400;84
1400;195
1401;3
1401;14
1401;21
1401;53
1401;85
1401;195
1402;9
1402;11
1402;21
1402;71
1402;92
1402;190
1403;4
1403;15
1403;22
1403;45
1403;104
1403;201
1404;4
1404;15
1404;24
1404;40
1404;104
1404;180
1405;3
1405;18
1405;25
1405;42
1405;84
1405;160
1406;8
1406;17
1406;25
1406;42
1406;85
1406;204
1407;8
1407;17
1407;25
1407;42
1407;102
1407;234
1408;6
1408;10
1408;22
1408;42
1408;153
1408;192
1409;4
1409;16
1409;24
1409;41
1409;83
1409;172
1410;3
1410;16
1410;24
1410;40
1410;104
1410;192
1411;3
1411;19
1411;24
1411;40
1411;115
1411;184
1412;8
1412;16
1412;24
1412;40
1412;87
1412;184
1413;8
1413;16
1413;23
1413;40
1413;84
1413;172
1414;6
1414;10
1414;23
1414;41
1414;114
1414;201
1415;4
1415;15
1415;22
1415;45
1415;82
1415;223
1416;3
1416;14
1416;21
1416;42
1416;112
1416;218
1417;3
1417;14
1417;22
1417;64
1417;108
1417;172
1418;3
1418;19
1418;33
1418;45
1418;133
1418;266
1419;9
1419;11
1419;20
1419;40
1419;153
1419;192
1420;4
1420;14
1420;29
1420;58
1420;116
1420;405
1421;3
1421;14
1421;21
1421;42
1421;115
1421;191
1422;3
1422;14
1422;21
1422;57
1422;112
1422;401
1423;7
1423;14
1423;21
1423;57
1423;114
1423;184
1424;7
1424;14
1424;21
1424;42
1424;116
1424;228
1425;6
1425;10
1425;21
1425;44
1425;151
1425;195
1426;4
1426;15
1426;23
1426;53
1426;80
1426;178
1427;3
1427;16
1427;24
1427;41
1427;90
1427;198
1428;3
1428;17
1428;24
1428;67
1428;101
1428;224
1429;8
1429;17
1429;25
1429;67
1429;91
1429;232
1430;8
1430;17
1430;26
1430;67
1430;84
1430;183
1431;6
1431;10
1431;25
1431;74
1431;91
1431;190
1432;4
1432;16
1432;24
1432;64
1432;98
1432;224
1433;3
1433;16
1433;24
1433;40
1433;98
1433;193
1434;8
1434;12
1434;24
1434;71
1434;86
1434;219
1435;8
1435;15
1435;24
1435;62
1435;96
1435;219
1436;9
1436;11
1436;21
1436;41
1436;96
1436;171
1437;4
1437;15
1437;23
1437;60
1437;84
1437;211
1438;4
1438;15
1438;22
1438;79
1438;80
1438;194
1439;3
1439;14
1439;21
1439;42
1439;85
1439;190
1440;3
1440;14
1440;21
1440;42
1440;138
1440;195
1441;3
1441;14
1441;21
1441;56
1441;85
1441;196
1442;6
1442;10
1442;22
1442;56
1442;84
1442;192
1443;4
1443;14
1443;21
1443;42
1443;85
1443;192
1444;3
1444;14
1444;21
1444;42
1444;150
1444;192
1445;3
1445;14
1445;21
1445;56
1445;85
1445;188
1446;3
1446;14
1446;21
1446;56
1446;84
1446;196
1447;3
1447;14
1447;35
1447;56
1447;86
1447;189
1448;6
1448;14
1448;22
1448;69
1448;132
1448;269
1449;4
1449;15
1449;23
1449;74
1449;82
1449;269
1450;3
1450;16
1450;39
1450;41
1450;80
1450;266
1451;8
1451;17
1451;25
1451;78
1451;86
1451;286
1452;8
1452;17
1452;25
1452;42
1452;88
1452;301
1453;9
1453;11
1453;20
1453;46
1453;80
1453;192
1454;4
1454;17
1454;26
1454;74
1454;93
1454;181
1455;3
1455;18
1455;26
1455;45
1455;114
1455;191
1456;3
1456;19
1456;39
1456;46
1456;87
1456;193
1457;9
1457;19
1457;20
1457;57
1457;96
1457;184
1458;9
1458;19
1458;20
1458;47
1458;89
1458;164
1459;9
1459;10
1459;20
1459;46
1459;139
1459;207
1460;4
1460;10
1460;20
1460;49
1460;88
1460;173
1461;3
1461;10
1461;21
1461;52
1461;119
1461;161
1462;3
1462;10
1462;21
1462;53
1462;81
1462;161
1463;3
1463;10
1463;25
1463;52
1463;125
1463;271
1464;9
1464;19
1464;21
1464;54
1464;108
1464;192
1465;6
1465;10
1465;23
1465;45
1465;91
1465;179
1466;4
1466;11
1466;35
1466;42
1466;137
1466;263
1467;3
1467;11
1467;23
1467;45
1467;139
1467;463
1468;3
1468;11
1468;32
1468;49
1468;136
1468;264
1469;3
1469;11
1469;31
1469;42
1469;123
1469;273
1470;9
1470;11
1470;21
1470;40
1470;135
1470;357
1471;4
1471;12
1471;35
1471;67
1471;80
1471;167
1472;4
1472;14
1472;21
1472;57
1472;88
1472;200
1473;3
1473;17
1473;25
1473;66
1473;101
1473;490
1474;8
1474;17
1474;25
1474;67
1474;84
1474;232
1475;8
1475;17
1475;25
1475;67
1475;102
1475;224
1476;6
1476;10
1476;22
1476;67
1476;101
1476;192
1477;4
1477;17
1477;25
1477;65
1477;82
1477;227
1478;4
1478;16
1478;24
1478;40
1478;88
1478;192
1479;3
1479;19
1479;24
1479;63
1479;95
1479;220
1480;8
1480;16
1480;24
1480;63
1480;86
1480;219
1481;8
1481;16
1481;24
1481;40
1481;96
1481;212
1482;6
1482;10
1482;22
1482;62
1482;85
1482;408
1483;4
1483;15
1483;22
1483;59
1483;89
1483;203
1484;4
1484;14
1484;21
1484;57
1484;87
1484;190
1485;3
1485;14
1485;21
1485;44
1485;80
1485;247
1486;3
1486;15
1486;21
1486;56
1486;85
1486;196
1487;7
1487;14
1487;20
1487;77
1487;84
1487;192
1488;4
1488;14
1488;35
1488;77
1488;130
1488;164
1489;4
1489;14
1489;21
1489;42
1489;104
1489;211
1490;3
1490;14
1490;21
1490;73
1490;80
1490;489
1491;3
1491;14
1491;21
1491;69
1491;85
1491;195
1492;3
1492;14
1492;21
1492;70
1492;85
1492;195
1493;9
1493;11
1493;21
1493;44
1493;91
1493;477
1494;4
1494;15
1494;22
1494;45
1494;101
1494;163
1495;3
1495;16
1495;24
1495;40
1495;102
1495;180
1496;3
1496;18
1496;24
1496;42
1496;119
1496;476
1497;8
1497;17
1497;25
1497;42
1497;85
1497;290
1498;8
1498;17
1498;25
1498;42
1498;103
1498;457
1499;6
1499;10
1499;22
1499;42
1499;154
1499;192
1500;4
1500;16
1500;24
1500;41
1500;103
1500;172
1501;3
1501;16
1501;24
1501;40
1501;150
1501;192
1502;3
1502;12
1502;24
1502;40
1502;115
1502;185
1503;8
1503;16
1503;24
1503;40
1503;87
1503;185
1504;9
1504;13
1504;23
1504;41
1504;82
1504;172
1505;5
1505;15
1505;23
1505;46
1505;129
1505;301
1506;4
1506;15
1506;22
1506;44
1506;95
1506;384
1507;3
1507;14
1507;22
1507;42
1507;111
1507;501
1508;3
1508;14
1508;22
1508;64
1508;108
1508;296
1509;3
1509;13
1509;33
1509;44
1509;100
1509;266
1510;9
1510;11
1510;21
1510;50
1510;154
1510;192
1511;4
1511;14
1511;29
1511;58
1511;116
1511;404
1512;3
1512;14
1512;21
1512;42
1512;150
1512;192
1513;3
1513;14
1513;20
1513;57
1513;115
1513;490
1514;3
1514;14
1514;21
1514;42
1514;114
1514;184
1515;7
1515;14
1515;21
1515;42
1515;116
1515;184
1516;6
1516;10
1516;21
1516;44
1516;88
1516;284
1517;4
1517;15
1517;23
1517;55
1517;80
1517;190
1518;3
1518;16
1518;24
1518;41
1518;131
1518;492
1519;3
1519;17
1519;25
1519;75
1519;92
1519;232
1520;8
1520;17
1520;25
1520;66
1520;101
1520;232
1521;9
1521;13
1521;21
1521;41
1521;92
1521;192
1522;5
1522;17
1522;25
1522;74
1522;90
1522;228
1523;3
1523;16
1523;24
1523;64
1523;98
1523;216
1524;3
1524;10
1524;24
1524;40
1524;95
1524;489
1525;8
1525;13
1525;24
1525;62
1525;86
1525;219
1526;8
1526;16
1526;24
1526;62
1526;87
1526;219
1527;9
1527;11
1527;21
1527;45
1527;96
1527;477
1528;4
1528;15
1528;23
1528;60
1528;82
1528;211
1529;4
1529;14
1529;22
1529;57
1529;80
1529;201
1530;3
1530;14
1530;21
1530;73
1530;124
1530;476
1531;3
1531;14
1531;21
1531;42
1531;105
1531;215
1532;3
1532;14
1532;21
1532;42
1532;85
1532;188
1533;6
1533;10
1533;22
1533;56
1533;84
1533;192
1534;4
1534;14
1534;21
1534;42
1534;85
1534;192
1535;3
1535;14
1535;21
1535;42
1535;150
1535;192
1536;3
1536;14
1536;21
1536;42
1536;85
1536;189
1537;3
1537;14
1537;21
1537;56
1537;84
1537;195
1538;3
1538;15
1538;22
1538;56
1538;86
1538;189
1539;5
1539;15
1539;22
1539;44
1539;80
1539;202
1540;4
1540;15
1540;23
1540;62
1540;95
1540;215
1541;3
1541;11
1541;39
1541;45
1541;101
1541;490
1542;8
1542;17
1542;25
1542;66
1542;91
1542;232
1543;8
1543;17
1543;25
1543;66
1543;102
1543;224
1544;9
1544;11
1544;21
1544;45
1544;153
1544;192
1545;4
1545;17
1545;26
1545;70
1545;88
1545;241
1546;4
1546;18
1546;37
1546;73
1546;100
1546;191
1547;3
1547;19
1547;38
1547;52
1547;113
1547;490
1548;9
1548;19
1548;28
1548;75
1548;102
1548;261
1549;9
1549;19
1549;20
1549;75
1549;85
1549;253
1550;6
1550;10
1550;20
1550;76
1550;115
1550;511
1551;4
1551;10
1551;20
1551;79
1551;111
1551;275
1552;3
1552;10
1552;21
1552;52
1552;85
1552;295
1553;3
1553;10
1553;21
1553;58
1553;97
1553;172
1554;3
1554;19
1554;38
1554;57
1554;95
1554;172
1555;9
1555;19
1555;25
1555;66
1555;84
1555;192
1556;6
1556;12
1556;20
1556;60
1556;80
1556;258
1557;4
1557;11
1557;30
1557;41
1557;108
1557;172
1558;3
1558;13
1558;39
1558;42
1558;93
1558;174
1559;3
1559;11
1559;32
1559;54
1559;119
1559;184
1560;3
1560;11
1560;32
1560;42
1560;81
1560;200
1561;4
1561;11
1561;23
1561;44
1561;128
1561;205
1562;7
1562;14
1562;21
1562;63
1562;101
1562;178
1563;7
1563;13
1563;21
1563;63
1563;88
1563;178
1564;6
1564;10
1564;35
1564;76
1564;99
1564;193
1565;5
1565;14
1565;39
1565;74
1565;80
1565;172
1566;5
1566;14
1566;39
1566;79
1566;80
1566;179
1567;9
1567;16
1567;34
1567;69
1567;102
1567;192
1568;4
1568;15
1568;26
1568;77
1568;100
1568;167
1569;9
1569;10
1569;36
1569;72
1569;108
1569;180
1570;1
1570;14
1570;35
1570;71
1570;107
1570;178
1571;6
1571;19
1571;35
1571;70
1571;107
1571;178
1572;5
1572;19
1572;23
1572;71
1572;84
1572;168
1573;5
1573;19
1573;33
1573;66
1573;98
1573;197
1574;8
1574;18
1574;35
1574;69
1574;102
1574;207
1575;6
1575;13
1575;36
1575;71
1575;85
1575;214
1576;5
1576;13
1576;36
1576;71
1576;84
1576;251
1577;5
1577;13
1577;25
1577;42
1577;84
1577;254
1578;9
1578;19
1578;23
1578;72
1578;159
1578;192
1579;4
1579;16
1579;33
1579;66
1579;98
1579;163
1580;9
1580;10
1580;35
1580;70
1580;104
1580;165
1581;7
1581;14
1581;35
1581;71
1581;106
1581;282
1582;5
1582;14
1582;36
1582;71
1582;107
1582;285
1583;5
1583;18
1583;36
1583;72
1583;108
1583;180
1584;1
1584;17
1584;32
1584;65
1584;97
1584;194
1585;5
1585;18
1585;35
1585;70
1585;107
1585;176
1586;5
1586;16
1586;36
1586;71
1586;108
1586;179
1587;9
1587;19
1587;25
1587;72
1587;95
1587;180
1588;5
1588;19
1588;34
1588;66
1588;102
1588;164
1589;6
1589;14
1589;33
1589;66
1589;99
1589;266
1590;8
1590;10
1590;28
1590;57
1590;85
1590;255
1591;9
1591;10
1591;29
1591;58
1591;87
1591;260
1592;9
1592;19
1592;22
1592;43
1592;99
1592;193
1593;6
1593;14
1593;28
1593;57
1593;84
1593;196
1594;5
1594;17
1594;29
1594;57
1594;86
1594;202
1595;5
1595;19
1595;29
1595;57
1595;85
1595;198
1596;9
1596;18
1596;28
1596;57
1596;85
1596;200
1597;9
1597;11
1597;26
1597;52
1597;103
1597;205
1598;8
1598;19
1598;22
1598;42
1598;85
1598;169
1599;6
1599;19
1599;21
1599;42
1599;84
1599;166
1600;5
1600;18
1600;22
1600;43
1600;86
1600;193
1601;9
1601;10
1601;21
1601;47
1601;94
1601;192
1602;4
1602;19
1602;20
1602;40
1602;102
1602;202
1603;0
1603;19
1603;21
1603;43
1603;81
1603;253
1604;9
1604;18
1604;26
1604;78
1604;87
1604;219
1605;7
1605;19
1605;25
1605;76
1605;80
1605;161
1606;7
1606;19
1606;22
1606;73
1606;98
1606;173
1607;6
1607;10
1607;21
1607;58
1607;110
1607;205
1608;7
1608;14
1608;29
1608;58
1608;154
1608;308
1609;6
1609;17
1609;27
1609;51
1609;84
1609;166
1610;1
1610;18
1610;22
1610;65
1610;115
1610;174
1611;7
1611;13
1611;22
1611;65
1611;100
1611;166
1612;0
1612;19
1612;20
1612;67
1612;100
1612;192
1613;4
1613;18
1613;33
1613;66
1613;102
1613;166
1614;9
1614;10
1614;32
1614;67
1614;98
1614;162
1615;9
1615;14
1615;36
1615;72
1615;108
1615;168
1616;1
1616;19
1616;35
1616;69
1616;106
1616;283
1617;8
1617;19
1617;35
1617;70
1617;107
1617;285
1618;9
1618;19
1618;31
1618;61
1618;96
1618;169
1619;8
1619;17
1619;33
1619;66
1619;99
1619;263
1620;5
1620;13
1620;36
1620;72
1620;107
1620;288
1621;4
1621;19
1621;36
1621;72
1621;108
1621;288
1622;9
1622;17
1622;35
1622;72
1622;108
1622;286
1623;9
1623;17
1623;34
1623;72
1623;108
1623;192
1624;8
1624;10
1624;32
1624;65
1624;97
1624;161
1625;4
1625;15
1625;36
1625;71
1625;143
1625;286
1626;5
1626;10
1626;28
1626;72
1626;143
1626;286
1627;7
1627;14
1627;28
1627;69
1627;84
1627;300
1628;9
1628;18
1628;33
1628;72
1628;85
1628;170
1629;9
1629;18
1629;36
1629;53
1629;118
1629;196
1630;4
1630;18
1630;39
1630;71
1630;156
1630;274
1631;8
1631;18
1631;36
1631;56
1631;85
1631;216
1632;9
1632;10
1632;29
1632;56
1632;85
1632;173
1633;9
1633;18
1633;38
1633;77
1633;116
1633;196
1634;9
1634;18
1634;32
1634;77
1634;87
1634;174
1635;9
1635;18
1635;32
1635;43
1635;85
1635;192
1636;9
1636;18
1636;25
1636;50
1636;86
1636;171
1637;9
1637;18
1637;27
1637;43
1637;86
1637;170
1638;9
1638;10
1638;29
1638;56
1638;107
1638;200
1639;9
1639;10
1639;28
1639;72
1639;83
1639;165
1640;9
1640;10
1640;28
1640;64
1640;153
1640;192
1641;9
1641;10
1641;38
1641;64
1641;153
1641;191
1642;9
1642;10
1642;25
1642;77
1642;153
1642;193
1643;9
1643;11
1643;25
1643;77
1643;154
1643;192
1644;9
1644;10
1644;20
1644;78
1644;155
1644;192
1645;9
1645;10
1645;20
1645;79
1645;80
1645;160
1646;9
1646;10
1646;25
1646;42
1646;82
1646;168
1647;9
1647;10
1647;29
1647;42
1647;86
1647;176
1648;9
1648;10
1648;21
1648;42
1648;83
1648;168
1649;9
1649;11
1649;21
1649;42
1649;85
1649;212
1650;9
1650;11
1650;26
1650;56
1650;84
1650;218
1651;9
1651;11
1651;21
1651;58
1651;100
1651;169
1652;8
1652;12
1652;22
1652;77
1652;114
1652;205
1653;7
1653;14
1653;29
1653;58
1653;87
1653;320
1654;7
1654;13
1654;28
1654;57
1654;86
1654;167
1655;6
1655;19
1655;21
1655;58
1655;100
1655;229
1656;5
1656;19
1656;21
1656;41
1656;83
1656;184
1657;7
1657;19
1657;21
1657;42
1657;82
1657;172
1658;9
1658;10
1658;23
1658;63
1658;96
1658;166
1659;4
1659;10
1659;33
1659;66
1659;100
1659;165
1660;5
1660;10
1660;36
1660;72
1660;108
1660;180
1661;6
1661;14
1661;36
1661;71
1661;107
1661;178
1662;9
1662;19
1662;20
1662;40
1662;107
1662;179
1663;9
1663;12
1663;25
1663;52
1663;107
1663;321
1664;6
1664;10
1664;32
1664;66
1664;99
1664;224
1665;6
1665;15
1665;34
1665;68
1665;102
1665;201
1666;5
1666;15
1666;36
1666;71
1666;107
1666;178
1667;5
1667;11
1667;28
1667;72
1667;85
1667;181
1668;9
1668;13
1668;39
1668;40
1668;85
1668;185
1669;8
1669;17
1669;20
1669;66
1669;88
1669;185
1670;4
1670;13
1670;34
1670;67
1670;100
1670;166
1671;6
1671;10
1671;28
1671;71
1671;85
1671;179
1672;5
1672;13
1672;28
1672;72
1672;144
1672;289
1673;7
1673;11
1673;28
1673;70
1673;80
1673;284
1674;7
1674;13
1674;25
1674;58
1674;144
1674;186
1675;5
1675;11
1675;31
1675;63
1675;156
1675;311
1676;4
1676;15
1676;33
1676;67
1676;140
1676;165
1677;5
1677;10
1677;35
1677;70
1677;141
1677;387
1678;5
1678;13
1678;35
1678;70
1678;105
1678;211
1679;7
1679;11
1679;33
1679;66
1679;98
1679;162
1680;9
1680;17
1680;32
1680;65
1680;96
1680;186
1681;4
1681;15
1681;29
1681;57
1681;86
1681;171
1682;6
1682;14
1682;29
1682;57
1682;86
1682;402
1683;5
1683;11
1683;31
1683;57
1683;86
1683;376
1684;5
1684;13
1684;28
1684;57
1684;85
1684;169
1685;7
1685;15
1685;25
1685;56
1685;84
1685;171
1686;9
1686;10
1686;20
1686;59
1686;88
1686;176
1687;4
1687;12
1687;29
1687;59
1687;89
1687;168
1688;5
1688;15
1688;29
1688;56
1688;84
1688;282
1689;5
1689;10
1689;29
1689;54
1689;83
1689;366
1690;7
1690;11
1690;25
1690;60
1690;86
1690;173
1691;6
1691;13
1691;22
1691;58
1691;85
1691;178
1692;5
1692;10
1692;22
1692;41
1692;104
1692;185
1693;4
1693;10
1693;25
1693;50
1693;104
1693;203
1694;5
1694;13
1694;25
1694;49
1694;102
1694;174
1695;5
1695;10
1695;29
1695;60
1695;84
1695;169
1696;7
1696;15
1696;25
1696;52
1696;84
1696;308
1697;9
1697;13
1697;21
1697;73
1697;84
1697;307
1698;6
1698;13
1698;32
1698;63
1698;96
1698;282
1699;7
1699;14
1699;34
1699;68
1699;101
1699;305
1700;5
1700;13
1700;33
1700;66
1700;99
1700;332
1701;5
1701;10
1701;34
1701;50
1701;101
1701;303
1702;9
1702;16
1702;28
1702;49
1702;99
1702;348
1703;9
1703;17
1703;20
1703;42
1703;92
1703;192
1704;4
1704;12
1704;34
1704;68
1704;98
1704;204
1705;6
1705;14
1705;33
1705;67
1705;102
1705;209
1706;5
1706;11
1706;33
1706;66
1706;98
1706;295
1707;6
1707;19
1707;35
1707;43
1707;86
1707;252
1708;6
1708;17
1708;33
1708;42
1708;85
1708;198
1709;9
1709;10
1709;31
1709;64
1709;95
1709;166
1710;5
1710;10
1710;33
1710;66
1710;102
1710;307
1711;5
1711;10
1711;32
1711;67
1711;102
1711;165
1712;4
1712;10
1712;26
1712;51
1712;102
1712;357
1713;5
1713;11
1713;33
1713;76
1713;100
1713;174
1714;7
1714;19
1714;34
1714;54
1714;101
1714;169
1715;6
1715;16
1715;28
1715;57
1715;85
1715;283
1716;9
1716;10
1716;35
1716;57
1716;114
1716;245
1717;5
1717;13
1717;31
1717;56
1717;98
1717;221
1718;6
1718;12
1718;34
1718;67
1718;83
1718;169
1719;6
1719;15
1719;33
1719;69
1719;85
1719;189
1720;9
1720;10
1720;20
1720;67
1720;95
1720;190
1721;4
1721;10
1721;32
1721;78
1721;157
1721;285
1722;7
1722;15
1722;33
1722;76
1722;152
1722;296
1723;9
1723;10
1723;20
1723;63
1723;80
1723;437
1724;9
1724;18
1724;33
1724;79
1724;80
1724;160
1725;9
1725;18
1725;33
1725;67
1725;101
1725;303
1726;9
1726;10
1726;22
1726;41
1726;92
1726;184
1727;9
1727;18
1727;27
1727;40
1727;151
1727;304
1728;8
1728;18
1728;24
1728;56
1728;80
1728;173
1729;9
1729;10
1729;32
1729;66
1729;100
1729;164
1730;9
1730;10
1730;28
1730;67
1730;126
1730;296
1731;9
1731;10
1731;28
1731;44
1731;132
1731;308
1732;9
1732;10
1732;30
1732;78
1732;117
1732;311
1733;9
1733;10
1733;28
1733;56
1733;84
1733;341
1734;9
1734;18
1734;28
1734;56
1734;86
1734;344
1735;9
1735;10
1735;20
1735;79
1735;80
1735;320
1736;9
1736;10
1736;29
1736;57
1736;115
1736;317
1737;9
1737;10
1737;28
1737;67
1737;101
1737;168
1738;9
1738;10
1738;20
1738;71
1738;107
1738;179
1739;9
1739;10
1739;24
1739;70
1739;105
1739;173
1740;9
1740;11
1740;26
1740;41
1740;130
1740;173
1741;9
1741;11
1741;21
1741;68
1741;102
1741;169
1742;9
1742;11
1742;30
1742;60
1742;90
1742;179
1743;9
1743;10
1743;28
1743;56
1743;82
1743;292
1744;5
1744;19
1744;39
1744;40
1744;80
1744;295
1745;6
1745;12
1745;25
1745;51
1745;103
1745;170
1746;7
1746;19
1746;25
1746;46
1746;159
1746;161
1747;7
1747;18
1747;36
1747;52
1747;91
1747;487
1748;5
1748;14
1748;26
1748;79
1748;80
1748;193
1749;9
1749;19
1749;20
1749;76
1749;93
1749;277
1750;5
1750;19
1750;38
1750;74
1750;94
1750;189
1751;0
1751;18
1751;35
1751;53
1751;104
1751;161
1752;3
1752;17
1752;35
1752;52
1752;104
1752;277
1753;8
1753;16
1753;31
1753;48
1753;159
1753;477
1754;3
1754;14
1754;30
1754;43
1754;108
1754;372
1755;7
1755;19
1755;20
1755;40
1755;141
1755;201
1756;5
1756;18
1756;30
1756;61
1756;94
1756;360
1757;5
1757;18
1757;29
1757;72
1757;122
1757;316
1758;7
1758;14
1758;34
1758;63
1758;145
1758;304
1759;9
1759;15
1759;26
1759;75
1759;105
1759;166
1760;9
1760;17
1760;33
1760;74
1760;89
1760;170
1761;2
1761;17
1761;32
1761;49
1761;84
1761;187
1762;8
1762;14
1762;24
1762;73
1762;83
1762;507
1763;1
1763;19
1763;39
1763;40
1763;83
1763;272
1764;9
1764;18
1764;24
1764;73
1764;134
1764;167
1765;9
1765;18
1765;25
1765;76
1765;151
1765;226
1766;6
1766;10
1766;25
1766;76
1766;113
1766;418
1767;4
1767;15
1767;23
1767;71
1767;115
1767;348
1768;3
1768;18
1768;30
1768;41
1768;112
1768;496
1769;8
1769;17
1769;22
1769;74
1769;152
1769;184
1770;8
1770;17
1770;22
1770;79
1770;80
1770;198
1771;9
1771;10
1771;22
1771;43
1771;146
1771;191
1772;4
1772;17
1772;21
1772;42
1772;93
1772;231
1773;4
1773;19
1773;20
1773;66
1773;132
1773;298
1774;3
1774;16
1774;34
1774;67
1774;101
1774;303
1775;8
1775;10
1775;32
1775;64
1775;96
1775;288
1776;8
1776;16
1776;24
1776;40
1776;84
1776;304
1777;9
1777;10
1777;21
1777;46
1777;113
1777;179
1778;4
1778;17
1778;29
1778;57
1778;113
1778;288
1779;3
1779;14
1779;29
1779;58
1779;87
1779;248
1780;3
1780;14
1780;28
1780;60
1780;91
1780;168
1781;3
1781;11
1781;29
1781;60
1781;92
1781;169
1782;3
1782;14
1782;21
1782;43
1782;95
1782;171
1783;6
1783;10
1783;28
1783;63
1783;85
1783;194
1784;4
1784;14
1784;21
1784;57
1784;84
1784;275
1785;3
1785;14
1785;28
1785;57
1785;85
1785;507
1786;3
1786;14
1786;32
1786;64
1786;80
1786;350
1787;7
1787;14
1787;24
1787;72
1787;120
1787;223
1788;3
1788;14
1788;26
1788;76
1788;114
1788;228
1789;4
1789;15
1789;24
1789;76
1789;114
1789;342
1790;4
1790;19
1790;23
1790;76
1790;113
1790;303
1791;3
1791;19
1791;28
1791;42
1791;113
1791;433
1792;8
1792;17
1792;21
1792;76
1792;152
1792;191
1793;8
1793;17
1793;21
1793;43
1793;130
1793;174
1794;9
1794;10
1794;21
1794;42
1794;141
1794;192
1795;4
1795;17
1795;21
1795;42
1795;85
1795;292
1796;4
1796;19
1796;33
1796;66
1796;99
1796;198
1797;3
1797;17
1797;33
1797;67
1797;82
1797;227
1798;8
1798;16
1798;32
1798;64
1798;95
1798;191
1799;8
1799;16
1799;24
1799;40
1799;84
1799;430
1800;6
1800;10
1800;28
1800;55
1800;138
1800;479
1801;4
1801;15
1801;28
1801;54
1801;108
1801;298
1802;3
1802;14
1802;28
1802;57
1802;84
1802;308
1803;3
1803;14
1803;29
1803;58
1803;86
1803;288
1804;3
1804;14
1804;33
1804;66
1804;99
1804;300
1805;7
1805;14
1805;34
1805;67
1805;101
1805;160
1806;5
1806;14
1806;33
1806;63
1806;96
1806;303
1807;4
1807;14
1807;28
1807;49
1807;93
1807;181
1808;3
1808;15
1808;28
1808;77
1808;112
1808;491
1809;3
1809;14
1809;20
1809;79
1809;80
1809;163
1810;3
1810;14
1810;25
1810;75
1810;125
1810;177
1811;9
1811;11
1811;21
1811;50
1811;124
1811;374
1812;4
1812;15
1812;24
1812;73
1812;120
1812;293
1813;4
1813;19
1813;24
1813;40
1813;93
1813;180
1814;3
1814;18
1814;22
1814;44
1814;155
1814;499
1815;8
1815;17
1815;21
1815;43
1815;87
1815;259
1816;8
1816;17
1816;22
1816;43
1816;86
1816;236
1817;6
1817;10
1817;21
1817;43
1817;83
1817;230
1818;4
1818;18
1818;21
1818;43
1818;85
1818;236
1819;3
1819;19
1819;20
1819;75
1819;83
1819;287
1820;9
1820;19
1820;20
1820;75
1820;95
1820;287
1821;9
1821;19
1821;20
1821;66
1821;96
1821;297
1822;9
1822;19
1822;21
1822;52
1822;105
1822;315
1823;5
1823;19
1823;20
1823;45
1823;126
1823;298
1824;4
1824;10
1824;20
1824;78
1824;80
1824;305
1825;3
1825;10
1825;21
1825;77
1825;80
1825;489
1826;3
1826;10
1826;21
1826;79
1826;81
1826;302
1827;3
1827;19
1827;29
1827;77
1827;115
1827;307
1828;9
1828;10
1828;21
1828;69
1828;103
1828;192
1829;4
1829;12
1829;35
1829;67
1829;134
1829;301
1830;4
1830;11
1830;28
1830;69
1830;104
1830;312
1831;3
1831;11
1831;28
1831;69
1831;99
1831;174
1832;3
1832;11
1832;32
1832;66
1832;99
1832;164
1833;3
1833;11
1833;32
1833;68
1833;101
1833;316
1834;6
1834;11
1834;21
1834;41
1834;95
1834;327
1835;4
1835;13
1835;39
1835;40
1835;114
1835;294
1836;3
1836;15
1836;25
1836;50
1836;114
1836;170
1837;3
1837;18
1837;28
1837;42
1837;125
1837;169
1838;8
1838;17
1838;28
1838;42
1838;85
1838;232
1839;9
1839;17
1839;28
1839;41
1839;98
1839;192
1840;6
1840;17
1840;25
1840;75
1840;93
1840;287
1841;4
1841;19
1841;37
1841;56
1841;100
1841;303
1842;3
1842;18
1842;35
1842;70
1842;104
1842;491
1843;8
1843;17
1843;35
1843;56
1843;85
1843;276
1844;8
1844;16
1844;28
1844;56
1844;84
1844;451
1845;9
1845;11
1845;21
1845;42
1845;127
1845;389
1846;4
1846;19
1846;23
1846;68
1846;102
1846;376
1847;4
1847;15
1847;31
1847;67
1847;101
1847;302
1848;3
1848;14
1848;28
1848;68
1848;102
1848;490
1849;3
1849;14
1849;28
1849;73
1849;102
1849;161
1850;3
1850;14
1850;21
1850;43
1850;145
1850;163
1851;6
1851;10
1851;22
1851;69
1851;81
1851;184
1852;4
1852;14
1852;28
1852;42
1852;104
1852;259
1853;3
1853;15
1853;28
1853;57
1853;85
1853;192
1854;3
1854;14
1854;21
1854;75
1854;88
1854;298
1855;3
1855;14
1855;21
1855;77
1855;124
1855;315
1856;7
1856;14
1856;24
1856;43
1856;151
1856;227
1857;7
1857;14
1857;23
1857;69
1857;82
1857;163
1858;4
1858;19
1858;20
1858;77
1858;116
1858;348
1859;3
1859;16
1859;29
1859;78
1859;112
1859;435
1860;8
1860;17
1860;22
1860;43
1860;136
1860;170
1861;8
1861;17
1861;21
1861;75
1861;137
1861;195
1862;9
1862;11
1862;21
1862;40
1862;126
1862;192
1863;4
1863;19
1863;25
1863;77
1863;116
1863;193
1864;4
1864;18
1864;38
1864;77
1864;115
1864;192
1865;3
1865;17
1865;33
1865;41
1865;83
1865;208
1866;8
1866;16
1866;38
1866;76
1866;113
1866;188
1867;8
1867;16
1867;24
1867;76
1867;84
1867;191
1868;6
1868;10
1868;21
1868;40
1868;130
1868;176
1869;4
1869;15
1869;33
1869;66
1869;132
1869;295
1870;3
1870;14
1870;29
1870;58
1870;87
1870;294
1871;3
1871;14
1871;28
1871;57
1871;85
1871;170
1872;3
1872;11
1872;30
1872;61
1872;92
1872;194
1873;7
1873;14
1873;21
1873;57
1873;85
1873;161
1874;6
1874;14
1874;21
1874;68
1874;83
1874;179
1875;4
1875;14
1875;21
1875;43
1875;85
1875;225
1876;3
1876;14
1876;28
1876;56
1876;91
1876;479
1877;3
1877;14
1877;22
1877;75
1877;85
1877;333
1878;3
1878;14
1878;25
1878;76
1878;80
1878;163
1879;9
1879;11
1879;22
1879;44
1879;152
1879;418
1880;4
1880;15
1880;25
1880;74
1880;80
1880;160
1881;4
1881;19
1881;23
1881;77
1881;117
1881;164
1882;3
1882;18
1882;21
1882;40
1882;150
1882;489
1883;8
1883;17
1883;21
1883;42
1883;136
1883;170
1884;8
1884;17
1884;21
1884;42
1884;137
1884;183
1885;6
1885;10
1885;21
1885;42
1885;153
1885;192
1886;4
1886;15
1886;21
1886;76
1886;114
1886;190
1887;3
1887;17
1887;38
1887;77
1887;115
1887;192
1888;3
1888;19
1888;32
1888;41
1888;83
1888;208
1889;8
1889;16
1889;38
1889;76
1889;113
1889;189
1890;8
1890;16
1890;28
1890;40
1890;84
1890;398
1891;6
1891;10
1891;33
1891;67
1891;134
1891;299
1892;4
1892;15
1892;22
1892;67
1892;101
1892;302
1893;3
1893;14
1893;29
1893;58
1893;86
1893;315
1894;3
1894;14
1894;28
1894;57
1894;85
1894;322
1895;3
1895;14
1895;30
1895;60
1895;90
1895;319
1896;9
1896;14
1896;20
1896;57
1896;85
1896;180
1897;4
1897;14
1897;21
1897;58
1897;90
1897;195
1898;3
1898;14
1898;29
1898;57
1898;84
1898;184
1899;3
1899;14
1899;28
1899;64
1899;85
1899;490
1900;3
1900;14
1900;21
1900;65
1900;96
1900;325
1901;7
1901;14
1901;25
1901;77
1901;128
1901;231
1902;9
1902;10
1902;25
1902;75
1902;113
1902;226
1903;4
1903;15
1903;23
1903;76
1903;113
1903;342
1904;4
1904;18
1904;24
1904;40
1904;85
1904;303
1905;3
1905;19
1905;21
1905;77
1905;113
1905;266
1906;8
1906;17
1906;20
1906;70
1906;159
1906;162
1907;8
1907;17
1907;21
1907;50
1907;129
1907;216
1908;6
1908;10
1908;21
1908;42
1908;85
1908;174
1909;4
1909;18
1909;21
1909;43
1909;85
1909;207
1910;3
1910;18
1910;32
1910;67
1910;100
1910;287
1911;9
1911;19
1911;20
1911;79
1911;80
1911;160
1912;9
1912;19
1912;28
1912;61
1912;95
1912;206
1913;9
1913;12
1913;20
1913;46
1913;80
1913;207
1914;4
1914;19
1914;20
1914;57
1914;85
1914;161
1915;4
1915;10
1915;20
1915;51
1915;84
1915;164
1916;3
1916;10
1916;21
1916;60
1916;90
1916;489
1917;3
1917;10
1917;21
1917;74
1917;112
1917;186
1918;3
1918;19
1918;20
1918;65
1918;83
1918;166
1919;8
1919;18
1919;39
1919;79
1919;82
1919;291
1920;9
1920;15
1920;30
1920;68
1920;83
1920;206
1921;9
1921;13
1921;34
1921;68
1921;102
1921;203
1922;9
1922;10
1922;33
1922;65
1922;83
1922;205
1923;8
1923;10
1923;34
1923;78
1923;80
1923;195
1924;8
1924;19
1924;38
1924;77
1924;83
1924;191
1925;6
1925;11
1925;34
1925;77
1925;154
1925;328
1926;4
1926;13
1926;39
1926;42
1926;84
1926;192
1927;3
1927;16
1927;25
1927;77
1927;115
1927;169
1928;3
1928;17
1928;25
1928;78
1928;92
1928;169
1929;8
1929;17
1929;25
1929;79
1929;80
1929;199
1930;9
1930;11
1930;21
1930;40
1930;81
1930;202
1931;4
1931;17
1931;25
1931;78
1931;82
1931;166
1932;4
1932;19
1932;37
1932;55
1932;82
1932;189
1933;3
1933;17
1933;35
1933;77
1933;83
1933;166
1934;8
1934;17
1934;34
1934;63
1934;84
1934;168
1935;8
1935;16
1935;24
1935;79
1935;84
1935;168
1936;9
1936;10
1936;21
1936;42
1936;84
1936;169
1937;4
1937;15
1937;23
1937;60
1937;85
1937;170
1938;3
1938;14
1938;31
1938;57
1938;84
1938;168
1939;3
1939;14
1939;27
1939;66
1939;85
1939;169
1940;3
1940;14
1940;28
1940;58
1940;85
1940;168
1941;3
1941;14
1941;21
1941;43
1941;83
1941;167
1942;6
1942;10
1942;33
1942;66
1942;85
1942;170
1943;4
1943;16
1943;32
1943;42
1943;84
1943;167
1944;3
1944;14
1944;28
1944;57
1944;84
1944;168
1945;3
1945;14
1945;39
1945;63
1945;84
1945;160
1946;3
1946;14
1946;25
1946;75
1946;84
1946;169
1947;3
1947;15
1947;24
1947;50
1947;84
1947;170
1948;5
1948;14
1948;24
1948;72
1948;151
1948;168
1949;4
1949;15
1949;23
1949;71
1949;152
1949;304
1950;3
1950;18
1950;28
1950;75
1950;151
1950;187
1951;8
1951;17
1951;22
1951;72
1951;113
1951;180
1952;8
1952;17
1952;22
1952;75
1952;112
1952;299
1953;9
1953;10
1953;22
1953;43
1953;112
1953;160
1954;4
1954;17
1954;21
1954;74
1954;111
1954;201
1955;4
1955;19
1955;20
1955;76
1955;114
1955;300
1956;3
1956;16
1956;32
1956;75
1956;112
1956;221
1957;8
1957;16
1957;24
1957;76
1957;114
1957;304
1958;8
1958;16
1958;28
1958;74
1958;111
1958;186
1959;6
1959;10
1959;22
1959;75
1959;151
1959;302
1960;4
1960;15
1960;33
1960;75
1960;112
1960;187
1961;4
1961;14
1961;29
1961;76
1961;152
1961;304
1962;3
1962;14
1962;21
1962;75
1962;112
1962;171
1963;3
1963;18
1963;27
1963;61
1963;96
1963;299
1964;7
1964;14
1964;20
1964;75
1964;150
1964;188
1965;5
1965;14
1965;28
1965;74
1965;112
1965;195
1966;4
1966;15
1966;29
1966;75
1966;113
1966;188
1967;3
1967;13
1967;28
1967;74
1967;108
1967;181
1968;3
1968;14
1968;21
1968;76
1968;101
1968;168
1969;3
1969;14
1969;25
1969;76
1969;153
1969;306
1970;9
1970;11
1970;21
1970;44
1970;101
1970;418
1971;4
1971;15
1971;23
1971;75
1971;101
1971;168
1972;3
1972;18
1972;24
1972;67
1972;101
1972;168
1973;3
1973;19
1973;21
1973;42
1973;99
1973;165
1974;8
1974;17
1974;21
1974;43
1974;101
1974;169
1975;8
1975;17
1975;21
1975;67
1975;100
1975;166
1976;6
1976;10
1976;21
1976;42
1976;101
1976;191
1977;4
1977;16
1977;25
1977;65
1977;99
1977;165
1978;3
1978;18
1978;32
1978;67
1978;102
1978;170
1979;3
1979;19
1979;24
1979;64
1979;100
1979;166
1980;8
1980;16
1980;24
1980;63
1980;101
1980;164
1981;8
1981;16
1981;23
1981;40
1981;136
1981;166
1982;5
1982;19
1982;20
1982;40
1982;134
1982;281
1983;4
1983;15
1983;22
1983;56
1983;113
1983;169
1984;3
1984;14
1984;28
1984;58
1984;86
1984;489
1985;3
1985;14
1985;29
1985;56
1985;84
1985;287
1986;3
1986;14
1986;28
1986;57
1986;113
1986;169
1987;9
1987;10
1987;20
1987;49
1987;84
1987;180
1988;4
1988;14
1988;21
1988;77
1988;94
1988;189
1989;4
1989;14
1989;28
1989;68
1989;102
1989;171
1990;3
1990;16
1990;33
1990;67
1990;100
1990;167
1991;3
1991;14
1991;25
1991;75
1991;94
1991;284
1992;3
1992;14
1992;25
1992;63
1992;95
1992;189
1993;6
1993;10
1993;25
1993;76
1993;95
1993;226
1994;4
1994;15
1994;23
1994;76
1994;95
1994;284
1995;3
1995;18
1995;24
1995;63
1995;95
1995;285
1996;3
1996;18
1996;22
1996;44
1996;94
1996;160
1997;8
1997;17
1997;21
1997;42
1997;101
1997;169
1998;9
1998;17
1998;21
1998;43
1998;100
1998;168
1999;6
1999;10
1999;21
1999;57
1999;98
1999;165
2000;4
2000;18
2000;21
2000;42
2000;95
2000;280
2001;3
2001;19
2001;31
2001;64
2001;95
2001;285
2002;9
2002;19
2002;20
2002;50
2002;100
2002;168
2003;9
2003;19
2003;28
2003;67
2003;100
2003;167
2004;9
2004;11
2004;20
2004;40
2004;100
2004;167
2005;4
2005;19
2005;20
2005;67
2005;95
2005;281
2006;4
2006;10
2006;20
2006;67
2006;95
2006;166
2007;3
2007;10
2007;21
2007;56
2007;99
2007;165
2008;3
2008;10
2008;28
2008;57
2008;96
2008;161
2009;9
2009;19
2009;20
2009;56
2009;95
2009;160
2010;6
2010;10
2010;21
2010;44
2010;94
2010;192
2011;4
2011;11
2011;34
2011;56
2011;84
2011;169
2012;3
2012;11
2012;28
2012;57
2012;86
2012;171
2013;3
2013;11
2013;33
2013;57
2013;88
2013;170
2014;3
2014;11
2014;32
2014;57
2014;86
2014;171
2015;3
2015;11
2015;29
2015;57
2015;86
2015;171
2016;6
2016;11
2016;34
2016;67
2016;134
2016;328
2017;4
2017;13
2017;32
2017;42
2017;126
2017;290
2018;3
2018;17
2018;24
2018;67
2018;127
2018;169
2019;8
2019;17
2019;33
2019;42
2019;91
2019;169
2020;8
2020;17
2020;25
2020;42
2020;92
2020;232
2021;9
2021;11
2021;21
2021;43
2021;97
2021;192
2022;4
2022;18
2022;25
2022;74
2022;90
2022;166
2023;4
2023;19
2023;37
2023;55
2023;158
2023;205
2024;3
2024;17
2024;34
2024;62
2024;127
2024;490
2025;8
2025;17
2025;34
2025;63
2025;86
2025;284
2026;8
2026;14
2026;24
2026;64
2026;87
2026;161
2027;6
2027;10
2027;22
2027;62
2027;96
2027;408
2028;4
2028;15
2028;23
2028;60
2028;82
2028;168
2029;3
2029;14
2029;31
2029;58
2029;87
2029;281
2030;3
2030;14
2030;29
2030;57
2030;111
2030;478
2031;3
2031;14
2031;28
2031;55
2031;102
2031;169
2032;3
2032;14
2032;21
2032;77
2032;85
2032;161
2033;6
2033;14
2033;34
2033;65
2033;130
2033;160
2034;4
2034;16
2034;35
2034;70
2034;137
2034;208
2035;3
2035;15
2035;23
2035;56
2035;100
2035;344
2036;3
2036;14
2036;23
2036;72
2036;95
2036;251
2037;3
2037;14
2037;24
2037;50
2037;120
2037;317
2038;9
2038;14
2038;21
2038;50
2038;127
2038;418
2039;4
2039;15
2039;23
2039;69
2039;121
2039;160
2040;3
2040;18
2040;25
2040;76
2040;113
2040;305
2041;3
2041;18
2041;22
2041;44
2041;111
2041;488
2042;8
2042;17
2042;21
2042;42
2042;85
2042;180
2043;8
2043;17
2043;21
2043;74
2043;150
2043;183
2044;6
2044;10
2044;20
2044;51
2044;127
2044;185
2045;4
2045;19
2045;20
2045;75
2045;112
2045;298
2046;3
2046;17
2046;32
2046;77
2046;80
2046;301
2047;3
2047;18
2047;32
2047;78
2047;80
2047;196
2048;8
2048;16
2048;38
2048;76
2048;126
2048;190
2049;8
2049;16
2049;23
2049;40
2049;127
2049;191
2050;6
2050;10
2050;23
2050;56
2050;113
2050;169
2051;4
2051;15
2051;33
2051;65
2051;101
2051;169
2052;3
2052;14
2052;29
2052;57
2052;86
2052;169
2053;3
2053;10
2053;27
2053;56
2053;82
2053;171
2054;3
2054;18
2054;31
2054;61
2054;97
2054;191
2055;7
2055;14
2055;20
2055;56
2055;84
2055;180
2056;4
2056;17
2056;34
2056;50
2056;85
2056;204
2057;4
2057;14
2057;21
2057;57
2057;83
2057;205
2058;3
2058;14
2058;28
2058;49
2058;101
2058;491
2059;3
2059;14
2059;21
2059;75
2059;87
2059;250
2060;7
2060;14
2060;25
2060;76
2060;125
2060;250
2061;9
2061;10
2061;21
2061;44
2061;152
2061;228
2062;4
2062;15
2062;24
2062;75
2062;114
2062;349
2063;3
2063;18
2063;24
2063;50
2063;100
2063;250
2064;3
2064;19
2064;21
2064;42
2064;100
2064;261
2065;8
2065;17
2065;21
2065;67
2065;82
2065;181
2066;8
2066;17
2066;21
2066;42
2066;82
2066;292
2067;6
2067;10
2067;21
2067;42
2067;100
2067;191
2068;4
2068;16
2068;20
2068;40
2068;80
2068;277
2069;3
2069;16
2069;32
2069;40
2069;81
2069;202
2070;3
2070;16
2070;32
2070;40
2070;95
2070;288
2071;8
2071;17
2071;24
2071;77
2071;96
2071;192
2072;9
2072;12
2072;21
2072;40
2072;81
2072;415
2073;4
2073;19
2073;38
2073;40
2073;135
2073;282
2074;4
2074;15
2074;22
2074;67
2074;100
2074;281
2075;3
2075;14
2075;29
2075;57
2075;86
2075;476
2076;3
2076;14
2076;28
2076;56
2076;84
2076;298
2077;3
2077;14
2077;29
2077;61
2077;91
2077;160
2078;9
2078;10
2078;20
2078;57
2078;84
2078;174
2079;4
2079;14
2079;29
2079;57
2079;85
2079;278
2080;3
2080;14
2080;29
2080;57
2080;113
2080;192
2081;3
2081;14
2081;33
2081;50
2081;85
2081;490
2082;3
2082;14
2082;25
2082;56
2082;107
2082;250
2083;3
2083;14
2083;26
2083;77
2083;86
2083;189
2084;6
2084;10
2084;25
2084;75
2084;113
2084;378
2085;4
2085;19
2085;24
2085;76
2085;113
2085;341
2086;3
2086;18
2086;28
2086;41
2086;100
2086;171
2087;3
2087;17
2087;22
2087;50
2087;114
2087;176
2088;8
2088;17
2088;20
2088;74
2088;129
2088;299
2089;9
2089;12
2089;21
2089;42
2089;84
2089;211
2090;5
2090;17
2090;21
2090;42
2090;83
2090;207
2091;4
2091;18
2091;21
2091;68
2091;84
2091;237
2092;3
2092;17
2092;32
2092;67
2092;134
2092;286
2093;9
2093;19
2093;39
2093;77
2093;96
2093;233
2094;9
2094;19
2094;39
2094;78
2094;80
2094;202
2095;9
2095;10
2095;39
2095;40
2095;80
2095;208
2096;7
2096;15
2096;38
2096;76
2096;114
2096;266
2097;9
2097;17
2097;34
2097;68
2097;102
2097;204
2098;6
2098;10
2098;29
2098;58
2098;86
2098;202
2099;5
2099;18
2099;28
2099;57
2099;86
2099;200
2100;9
2100;11
2100;29
2100;57
2100;85
2100;423
2101;7
2101;18
2101;32
2101;65
2101;129
2101;177
2102;4
2102;14
2102;33
2102;67
2102;133
2102;301
2103;0
2103;12
2103;34
2103;68
2103;102
2103;308
2104;4
2104;11
2104;34
2104;68
2104;102
2104;307
2105;9
2105;19
2105;29
2105;48
2105;94
2105;376
2106;7
2106;19
2106;20
2106;53
2106;90
2106;295
2107;6
2107;17
2107;34
2107;74
2107;102
2107;201
2108;9
2108;17
2108;34
2108;78
2108;102
2108;198
2109;8
2109;10
2109;34
2109;77
2109;116
2109;167
2110;9
2110;17
2110;34
2110;68
2110;102
2110;164
2111;9
2111;17
2111;34
2111;79
2111;103
2111;160
2112;9
2112;17
2112;33
2112;68
2112;101
2112;165
2113;5
2113;17
2113;33
2113;68
2113;100
2113;164
2114;5
2114;17
2114;34
2114;51
2114;132
2114;163
2115;5
2115;16
2115;33
2115;68
2115;102
2115;162
2116;5
2116;17
2116;34
2116;69
2116;102
2116;163
2117;5
2117;17
2117;34
2117;65
2117;102
2117;161
2118;5
2118;17
2118;33
2118;69
2118;103
2118;201
2119;5
2119;17
2119;33
2119;67
2119;102
2119;297
2120;5
2120;16
2120;34
2120;68
2120;103
2120;167
2121;5
2121;15
2121;34
2121;69
2121;103
2121;198
2122;5
2122;16
2122;34
2122;69
2122;103
2122;269
