69;6
69;14
69;37
69;65
69;84
69;235
70;6
70;13
70;23
70;58
70;107
70;174
71;5
71;12
71;26
71;42
71;82
71;192
72;6
72;19
72;24
72;56
72;81
72;171
73;9
73;10
73;27
73;66
73;112
73;228
74;6
74;13
74;30
74;42
74;82
74;178
75;8
75;15
75;21
75;70
75;103
75;170
76;9
76;19
76;27
76;62
76;90
76;166
77;9
77;19
77;34
77;47
77;89
77;184
78;9
78;10
78;26
78;50
78;103
78;175
79;7
79;16
79;28
79;65
79;99
79;200
80;6
80;19
80;23
80;52
80;90
80;167
81;6
81;18
81;24
81;53
81;85
81;185
82;8
82;11
82;22
82;57
82;102
82;201
83;6
83;12
83;26
83;50
83;115
83;164
84;7
84;10
84;24
84;50
84;86
84;242
85;7
85;10
85;21
85;50
85;107
85;204
86;5
86;12
86;26
86;48
86;83
86;176
87;7
87;17
87;29
87;53
87;80
87;177
88;6
88;18
88;22
88;41
88;100
88;173
89;8
89;19
89;26
89;51
89;84
89;163
90;4
90;10
90;30
90;55
90;80
90;160
91;7
91;10
91;26
91;53
91;91
91;190
92;6
92;15
92;23
92;49
92;81
92;166
93;6
93;18
93;36
93;52
93;85
93;188
94;9
94;10
94;23
94;55
94;83
94;191
95;5
95;10
95;23
95;44
95;101
95;161
96;8
96;13
96;24
96;42
96;82
96;211
97;8
97;18
97;34
97;49
97;88
97;175
98;6
98;10
98;25
98;40
98;96
98;184
99;6
99;10
99;36
99;53
99;87
99;162
100;7
100;14
100;30
100;57
100;85
100;168
101;5
101;16
101;30
101;50
101;95
101;160
102;9
102;14
102;37
102;42
102;117
102;161
103;6
103;12
103;39
103;49
103;83
103;173
104;5
104;13
104;29
104;41
104;112
104;175
105;6
105;11
105;38
105;56
105;98
105;173
106;8
106;13
106;33
106;54
106;131
106;173
107;8
107;17
107;26
107;51
107;109
107;171
108;6
108;10
108;33
108;59
108;125
108;169
109;6
109;11
109;39
109;41
109;86
109;165
110;8
110;12
110;29
110;72
110;88
110;179
111;8
111;16
111;34
111;51
111;102
111;201
112;8
112;12
112;29
112;64
112;114
112;302
113;6
113;18
113;36
113;43
113;90
113;167
114;7
114;16
114;21
114;46
114;99
114;162
115;8
115;13
115;27
115;52
115;81
115;187
116;6
116;16
116;35
116;43
116;92
116;215
117;6
117;19
117;28
117;40
117;86
117;171
118;7
118;17
118;28
118;48
118;103
118;170
119;7
119;18
119;29
119;51
119;87
119;169
120;8
120;18
120;28
120;40
120;124
120;167
121;5
121;13
121;25
121;42
121;95
121;176
122;5
122;12
122;21
122;51
122;90
122;492
123;9
123;15
123;33
123;40
123;89
123;225
124;6
124;18
124;36
124;53
124;91
124;166
125;5
125;19
125;38
125;40
125;153
125;212
126;5
126;11
126;38
126;57
126;152
126;498
127;5
127;12
127;22
127;44
127;88
127;223
128;8
128;18
128;22
128;66
128;133
128;199
129;6
129;19
129;20
129;67
129;134
129;170
130;8
130;14
130;20
130;45
130;157
130;169
131;7
131;15
131;25
131;50
131;112
131;203
132;8
132;15
132;25
132;74
132;99
132;203
133;5
133;15
133;25
133;76
133;101
133;210
134;9
134;15
134;25
134;74
134;97
134;220
135;6
135;19
135;25
135;76
135;102
135;283
136;6
136;15
136;25
136;50
136;100
136;240
137;9
137;19
137;22
137;74
137;98
137;240
138;6
138;18
138;24
138;48
138;157
138;203
139;4
139;15
139;22
139;50
139;151
139;209
140;7
140;15
140;25
140;50
140;152
140;227
141;9
141;15
141;22
141;45
141;151
141;179
142;8
142;15
142;22
142;44
142;88
142;176
143;6
143;15
143;23
143;45
143;97
143;179
144;5
144;15
144;23
144;74
144;158
144;376
145;6
145;15
145;22
145;44
145;157
145;240
146;7
146;15
146;22
146;60
146;157
146;240
147;5
147;15
147;22
147;75
147;157
147;240
148;8
148;15
148;38
148;56
148;134
148;180
149;9
149;19
149;30
149;52
149;83
149;226
150;6
150;15
150;25
150;50
150;84
150;162
151;5
151;15
151;29
151;74
151;93
151;264
152;5
152;19
152;22
152;45
152;113
152;240
153;5
153;13
153;22
153;75
153;113
153;240
154;8
154;13
154;22
154;60
154;80
154;240
155;8
155;12
155;23
155;45
155;157
155;210
156;8
156;19
156;30
156;45
156;157
156;210
157;7
157;19
157;26
157;51
157;88
157;165
158;7
158;19
158;24
158;49
158;97
158;172
159;7
159;19
159;23
159;45
159;89
159;179
160;9
160;19
160;21
160;44
160;95
160;496
161;9
161;17
161;22
161;45
161;134
161;226
162;9
162;17
162;22
162;50
162;124
162;226
163;9
163;17
163;25
163;50
163;100
163;176
164;6
164;17
164;25
164;51
164;101
164;180
165;9
165;17
165;27
165;55
165;84
165;226
166;9
166;17
166;22
166;53
166;80
166;338
167;9
167;17
167;25
167;56
167;84
167;224
168;9
168;19
168;25
168;50
168;132
168;375
169;9
169;18
169;22
169;43
169;147
169;374
170;9
170;17
170;22
170;45
170;133
170;199
171;9
171;17
171;22
171;45
171;89
171;179
172;9
172;17
172;22
172;44
172;89
172;177
173;9
173;17
173;22
173;44
173;154
173;177
174;9
174;17
174;22
174;44
174;133
174;177
175;9
175;19
175;37
175;56
175;130
175;226
176;7
176;19
176;20
176;57
176;133
176;226
177;9
177;19
177;20
177;56
177;133
177;226
178;9
178;17
178;29
178;45
178;113
178;226
179;9
179;17
179;20
179;57
179;105
179;162
180;9
180;17
180;28
180;44
180;84
180;163
181;9
181;17
181;22
181;44
181;158
181;198
182;9
182;17
182;22
182;75
182;113
182;226
183;9
183;17
183;28
183;75
183;113
183;198
184;9
184;17
184;22
184;76
184;84
184;198
185;9
185;17
185;22
185;75
185;157
185;226
186;9
186;18
186;22
186;75
186;131
186;300
187;9
187;10
187;21
187;56
187;84
187;166
188;9
188;10
188;28
188;64
188;101
188;179
189;7
189;19
189;20
189;44
189;80
189;185
190;9
190;17
190;22
190;45
190;101
190;201
191;7
191;17
191;22
191;45
191;100
191;235
192;6
192;17
192;25
192;45
192;100
192;201
193;8
193;17
193;25
193;45
193;100
193;201
194;6
194;17
194;25
194;45
194;134
194;170
195;9
195;17
195;22
195;45
195;100
195;199
196;9
196;17
196;22
196;56
196;134
196;170
197;6
197;17
197;22
197;45
197;90
197;201
198;9
198;15
198;33
198;45
198;134
198;161
199;6
199;17
199;33
199;50
199;134
199;183
200;5
200;19
200;37
200;56
200;80
200;168
201;8
201;17
201;35
201;56
201;89
201;162
202;6
202;17
202;22
202;56
202;89
202;501
203;8
203;17
203;22
203;44
203;135
203;509
204;9
204;17
204;21
204;43
204;85
204;202
205;7
205;17
205;22
205;67
205;90
205;202
206;7
206;17
206;22
206;64
206;86
206;171
207;9
207;17
207;23
207;68
207;113
207;202
208;6
208;11
208;22
208;43
208;87
208;202
209;6
209;11
209;23
209;45
209;113
209;181
210;6
210;17
210;22
210;44
210;90
210;375
211;5
211;17
211;28
211;45
211;135
211;269
212;7
212;11
212;34
212;45
212;134
212;269
213;8
213;16
213;33
213;50
213;98
213;269
214;6
214;17
214;33
214;50
214;83
214;203
215;6
215;16
215;33
215;51
215;134
215;202
216;7
216;11
216;28
216;50
216;135
216;170
217;5
217;11
217;23
217;55
217;84
217;456
218;8
218;11
218;28
218;44
218;84
218;415
219;8
219;12
219;25
219;50
219;100
219;421
220;5
220;12
220;21
220;48
220;84
220;252
221;9
221;13
221;25
221;49
221;89
221;252
222;9
222;12
222;25
222;42
222;86
222;170
223;8
223;13
223;21
223;42
223;82
223;227
224;6
224;12
224;21
224;76
224;80
224;227
225;8
225;13
225;21
225;51
225;84
225;336
226;9
226;17
226;21
226;42
226;149
226;202
227;8
227;17
227;21
227;50
227;149
227;201
228;9
228;17
228;21
228;49
228;135
228;168
229;6
229;17
229;21
229;43
229;83
229;203
230;6
230;17
230;21
230;42
230;81
230;170
231;7
231;17
231;21
231;75
231;83
231;168
232;8
232;17
232;21
232;64
232;91
232;180
233;8
233;17
233;21
233;50
233;134
233;227
234;9
234;10
234;34
234;50
234;102
234;227
235;7
235;17
235;25
235;50
235;101
235;170
236;8
236;19
236;25
236;75
236;148
236;202
237;9
237;17
237;21
237;42
237;148
237;213
238;8
238;17
238;21
238;50
238;85
238;301
239;9
239;17
239;21
239;47
239;102
239;162
240;7
240;16
240;21
240;50
240;82
240;268
241;7
241;17
241;21
241;42
241;134
241;336
242;6
242;19
242;21
242;69
242;81
242;191
243;9
243;15
243;32
243;75
243;85
243;191
244;6
244;18
244;37
244;56
244;93
244;202
245;5
245;19
245;37
245;75
245;94
245;176
246;7
246;13
246;21
246;43
246;93
246;169
247;8
247;19
247;22
247;45
247;90
247;179
248;7
248;17
248;22
248;67
248;89
248;177
249;6
249;14
249;23
249;46
249;91
249;168
250;8
250;18
250;24
250;49
250;97
250;209
251;8
251;19
251;23
251;51
251;102
251;240
252;8
252;19
252;25
252;74
252;98
252;239
253;9
253;19
253;23
253;76
253;102
253;180
254;6
254;19
254;25
254;49
254;98
254;210
255;9
255;15
255;25
255;51
255;102
255;180
256;7
256;19
256;20
256;50
256;101
256;180
257;8
257;15
257;37
257;48
257;147
257;294
258;8
258;15
258;22
258;50
258;149
258;175
259;8
259;15
259;22
259;48
259;145
259;224
260;9
260;15
260;22
260;44
260;150
260;227
261;8
261;15
261;22
261;45
261;132
261;178
262;9
262;15
262;22
262;45
262;114
262;209
263;6
263;15
263;22
263;45
263;132
263;202
264;9
264;15
264;22
264;45
264;113
264;339
265;9
265;15
265;22
265;45
265;113
265;339
266;9
266;15
266;30
266;75
266;134
266;209
267;6
267;15
267;30
267;60
267;157
267;209
268;6
268;15
268;30
268;60
268;85
268;207
269;5
269;15
269;30
269;59
269;98
269;163
270;9
270;15
270;22
270;45
270;157
270;179
271;6
271;15
271;22
271;45
271;157
271;226
272;7
272;15
272;22
272;45
272;113
272;179
273;6
273;19
273;22
273;45
273;90
273;209
274;9
274;18
274;22
274;45
274;157
274;209
275;8
275;19
275;25
275;45
275;148
275;161
276;8
276;19
276;24
276;47
276;132
276;167
277;5
277;19
277;22
277;45
277;90
277;381
278;9
278;19
278;37
278;45
278;132
278;418
279;9
279;19
279;22
279;49
279;132
279;301
280;4
280;17
280;22
280;50
280;125
280;301
281;9
281;19
281;25
281;49
281;124
281;302
282;9
282;19
282;22
282;51
282;101
282;179
283;9
283;17
283;22
283;50
283;101
283;226
284;9
284;17
284;22
284;54
284;82
284;226
285;9
285;17
285;25
285;50
285;157
285;227
286;9
286;17
286;25
286;50
286;157
286;399
287;9
287;17
287;25
287;50
287;149
287;326
288;9
288;17
288;22
288;44
288;155
288;326
289;9
289;17
289;22
289;45
289;156
289;335
290;9
290;17
290;22
290;45
290;156
290;335
291;9
291;17
291;22
291;44
291;155
291;333
292;9
292;19
292;21
292;42
292;156
292;300
293;9
293;19
293;37
293;56
293;132
293;226
294;9
294;18
294;20
294;45
294;131
294;226
295;9
295;19
295;20
295;45
295;132
295;227
296;9
296;17
296;22
296;45
296;113
296;180
297;9
297;17
297;22
297;75
297;113
297;301
298;9
298;17
298;38
298;56
298;112
298;199
299;9
299;17
299;38
299;56
299;113
299;301
300;9
300;17
300;22
300;45
300;113
300;226
301;9
301;17
301;22
301;45
301;113
301;226
302;9
302;17
302;22
302;45
302;157
302;226
303;9
303;17
303;22
303;46
303;113
303;339
304;9
304;17
304;22
304;75
304;113
304;339
305;9
305;17
305;22
305;56
305;113
305;199
306;9
306;17
306;22
306;57
306;90
306;290
307;9
307;17
307;25
307;75
307;85
307;215
308;8
308;18
308;20
308;44
308;135
308;182
309;8
309;17
309;22
309;67
309;100
309;202
310;7
310;17
310;25
310;67
310;90
310;201
311;6
311;17
311;25
311;67
311;134
311;235
312;4
312;17
312;25
312;45
312;135
312;235
313;7
313;17
313;22
313;45
313;134
313;170
314;8
314;17
314;22
314;56
314;134
314;314
315;5
315;17
315;22
315;45
315;90
315;314
316;9
316;11
316;25
316;45
316;89
316;235
317;8
317;17
317;22
317;45
317;90
317;466
318;7
318;17
318;22
318;44
318;90
318;355
319;9
319;19
319;38
319;56
319;93
319;444
320;7
320;19
320;38
320;76
320;95
320;172
321;8
321;18
321;36
321;53
321;93
321;160
322;9
322;19
322;21
322;42
322;87
322;202
323;7
323;17
323;22
323;44
323;89
323;202
324;6
324;16
324;23
324;46
324;92
324;202
325;5
325;11
325;21
325;42
325;106
325;203
326;5
326;11
326;23
326;46
326;91
326;202
327;8
327;17
327;22
327;43
327;86
327;359
328;9
328;12
328;22
328;44
328;110
328;176
329;6
329;19
329;38
329;56
329;131
329;268
330;8
330;17
330;26
330;45
330;134
330;269
331;8
331;19
331;22
331;53
331;134
331;170
332;7
332;16
332;33
332;49
332;81
332;170
333;9
333;16
333;31
333;46
333;141
333;269
334;6
334;15
334;30
334;45
334;134
334;171
335;9
335;15
335;29
335;57
335;80
335;209
336;7
336;14
336;30
336;40
336;96
336;165
337;9
337;12
337;37
337;49
337;86
337;173
338;4
338;12
338;37
338;49
338;87
338;191
339;7
339;13
339;25
339;51
339;90
339;201
340;8
340;12
340;25
340;48
340;85
340;191
341;5
341;13
341;26
341;53
341;93
341;176
342;7
342;12
342;21
342;64
342;81
342;227
343;7
343;13
343;21
343;42
343;84
343;191
344;7
344;13
344;21
344;42
344;101
344;227
345;7
345;17
345;21
345;42
345;101
345;227
346;8
346;16
346;21
346;42
346;135
346;303
347;8
347;17
347;21
347;42
347;100
347;302
348;9
348;17
348;26
348;42
348;85
348;191
349;6
349;17
349;25
349;42
349;103
349;231
350;5
350;16
350;25
350;54
350;99
350;175
351;8
351;17
351;25
351;50
351;81
351;201
352;8
352;17
352;21
352;52
352;81
352;176
353;9
353;17
353;33
353;67
353;135
353;202
354;4
354;17
354;34
354;68
354;102
354;238
355;4
355;17
355;38
355;75
355;151
355;226
356;8
356;17
356;37
356;75
356;149
356;261
357;6
357;17
357;37
357;74
357;111
357;260
358;8
358;16
358;32
358;50
358;97
358;187
359;6
359;12
359;34
359;67
359;101
359;235
360;9
360;16
360;33
360;67
360;100
360;266
361;6
361;12
361;33
361;67
361;100
361;233
362;9
362;10
362;30
362;67
362;100
362;267
363;4
363;12
363;33
363;40
363;134
363;232
364;8
364;17
364;36
364;46
364;146
364;191
365;9
365;12
365;25
365;50
365;100
365;251
366;9
366;19
366;25
366;50
366;101
366;176
367;8
367;18
367;25
367;50
367;100
367;175
368;5
368;19
368;25
368;50
368;149
368;209
369;9
369;15
369;25
369;51
369;89
369;210
370;9
370;19
370;24
370;48
370;143
370;210
371;4
371;19
371;26
371;52
371;89
371;210
372;3
372;19
372;25
372;49
372;89
372;210
373;2
373;19
373;26
373;52
373;157
373;210
374;3
374;15
374;25
374;45
374;157
374;210
375;9
375;12
375;26
375;51
375;154
375;209
376;9
376;15
376;25
376;60
376;89
376;167
377;8
377;15
377;25
377;45
377;89
377;166
378;2
378;15
378;25
378;45
378;88
378;176
379;5
379;19
379;29
379;45
379;153
379;208
380;9
380;15
380;22
380;45
380;89
380;175
381;9
381;19
381;30
381;44
381;157
381;239
382;8
382;15
382;30
382;60
382;157
382;179
383;7
383;15
383;30
383;61
383;153
383;213
384;0
384;15
384;32
384;65
384;151
384;197
385;0
385;15
385;33
385;67
385;100
385;200
386;9
386;10
386;33
386;67
386;134
386;201
387;9
387;15
387;33
387;51
387;100
387;200
388;9
388;15
388;31
388;61
388;91
388;333
389;0
389;13
389;29
389;59
389;157
389;207
390;9
390;14
390;30
390;59
390;88
390;355
391;9
391;13
391;28
391;55
391;113
391;222
392;7
392;10
392;26
392;52
392;157
392;240
393;9
393;19
393;23
393;70
393;157
393;239
394;9
394;19
394;24
394;74
394;99
394;223
395;8
395;19
395;25
395;74
395;99
395;222
396;9
396;19
396;26
396;77
396;128
396;334
397;9
397;15
397;25
397;74
397;122
397;220
398;9
398;16
398;25
398;76
398;101
398;226
399;9
399;17
399;25
399;50
399;99
399;226
400;9
400;17
400;25
400;50
400;101
400;202
401;9
401;17
401;26
401;51
401;100
401;180
402;9
402;17
402;25
402;49
402;98
402;226
403;9
403;17
403;25
403;51
403;157
403;197
404;9
404;17
404;24
404;72
404;112
404;197
405;9
405;17
405;22
405;75
405;113
405;339
406;9
406;19
406;27
406;74
406;102
406;179
407;9
407;17
407;22
407;75
407;84
407;166
408;9
408;18
408;23
408;75
408;84
408;166
409;9
409;19
409;28
409;50
409;98
409;237
410;9
410;19
410;22
410;76
410;100
410;301
411;9
411;17
411;22
411;56
411;84
411;301
412;9
412;19
412;20
412;66
412;82
412;339
413;9
413;19
413;20
413;78
413;116
413;469
414;9
414;17
414;22
414;66
414;88
414;263
415;9
415;17
415;22
415;67
415;89
415;300
416;5
416;17
416;23
416;45
416;133
416;227
417;9
417;18
417;20
417;68
417;136
417;379
418;9
418;12
418;24
418;50
418;124
418;226
419;8
419;17
419;23
419;50
419;100
419;226
420;9
420;18
420;25
420;50
420;100
420;226
421;9
421;16
421;25
421;50
421;100
421;303
422;5
422;18
422;25
422;50
422;101
422;263
423;9
423;19
423;25
423;50
423;100
423;325
424;9
424;16
424;25
424;50
424;100
424;249
425;9
425;15
425;25
425;50
425;101
425;249
426;9
426;18
426;25
426;51
426;101
426;284
427;7
427;10
427;22
427;51
427;99
427;235
428;9
428;17
428;25
428;50
428;99
428;358
429;9
429;17
429;25
429;50
429;100
429;201
430;0
430;17
430;25
430;50
430;98
430;422
431;9
431;17
431;25
431;50
431;101
431;202
432;9
432;17
432;22
432;44
432;88
432;202
433;2
433;17
433;22
433;45
433;89
433;235
434;9
434;11
434;33
434;45
434;88
434;184
435;8
435;17
435;22
435;47
435;97
435;314
436;9
436;17
436;25
436;76
436;127
436;229
437;8
437;17
437;22
437;74
437;98
437;220
438;7
438;10
438;25
438;51
438;127
438;383
439;7
439;17
439;22
439;74
439;99
439;223
440;9
440;17
440;24
440;50
440;135
440;221
441;9
441;16
441;25
441;50
441;100
441;199
442;1
442;17
442;28
442;55
442;140
442;167
443;9
443;11
443;22
443;56
443;84
443;167
444;9
444;17
444;29
444;58
444;87
444;173
445;9
445;16
445;29
445;59
445;148
445;177
446;6
446;17
446;30
446;59
446;149
446;240
447;8
447;17
447;34
447;60
447;150
447;179
448;9
448;16
448;34
448;68
448;135
448;474
449;9
449;12
449;33
449;67
449;134
449;184
450;9
450;11
450;29
450;59
450;119
450;465
451;9
451;10
451;22
451;58
451;117
451;201
452;8
452;17
452;28
452;57
452;112
452;201
453;9
453;15
453;28
453;56
453;84
453;464
454;2
454;11
454;28
454;56
454;84
454;448
455;9
455;11
455;28
455;56
455;142
455;169
456;9
456;14
456;26
456;57
456;85
456;452
457;5
457;17
457;25
457;50
457;126
457;191
458;8
458;17
458;25
458;74
458;124
458;191
459;8
459;17
459;25
459;76
459;127
459;191
460;8
460;17
460;21
460;73
460;121
460;386
461;9
461;17
461;25
461;76
461;127
461;280
462;8
462;17
462;25
462;74
462;123
462;302
463;8
463;17
463;25
463;76
463;102
463;302
464;9
464;17
464;21
464;75
464;99
464;227
465;8
465;17
465;25
465;51
465;101
465;303
466;8
466;17
466;25
466;50
466;102
466;435
467;8
467;17
467;25
467;50
467;100
467;169
468;5
468;17
468;25
468;50
468;103
468;176
469;9
469;17
469;26
469;48
469;96
469;302
470;9
470;17
470;25
470;42
470;134
470;302
471;9
471;16
471;21
471;42
471;134
471;227
472;8
472;17
472;21
472;42
472;134
472;302
473;9
473;17
473;34
473;42
473;135
473;227
474;8
474;17
474;21
474;50
474;134
474;227
475;7
475;10
475;33
475;68
475;135
475;162
476;8
476;18
476;34
476;67
476;133
476;166
477;8
477;17
477;38
477;75
477;113
477;301
478;9
478;19
478;38
478;76
478;113
478;302
479;7
479;16
479;37
479;75
479;149
479;226
480;8
480;18
480;33
480;75
480;112
480;300
481;5
481;17
481;33
481;42
481;134
481;165
482;9
482;10
482;33
482;66
482;132
482;165
483;5
483;10
483;33
483;66
483;132
483;165
484;6
484;11
484;26
484;66
484;133
484;166
485;6
485;12
485;25
485;58
485;146
485;505
486;6
486;14
486;22
486;56
486;113
486;209
487;6
487;15
487;25
487;49
487;89
487;210
488;6
488;15
488;25
488;50
488;99
488;210
489;6
489;15
489;26
489;51
489;102
489;256
490;6
490;15
490;25
490;49
490;99
490;172
491;6
491;15
491;26
491;51
491;102
491;179
492;6
492;19
492;25
492;50
492;157
492;209
493;6
493;15
493;25
493;50
493;101
493;177
494;6
494;19
494;25
494;51
494;103
494;180
495;6
495;19
495;25
495;50
495;101
495;252
496;6
496;15
496;26
496;51
496;89
496;180
497;9
497;17
497;25
497;51
497;88
497;198
498;6
498;15
498;25
498;52
498;128
498;334
499;6
499;15
499;26
499;45
499;158
499;239
500;6
500;15
500;30
500;44
500;157
500;179
501;6
501;15
501;30
501;45
501;157
501;239
502;6
502;15
502;30
502;60
502;157
502;239
503;6
503;15
503;22
503;75
503;157
503;239
504;6
504;15
504;21
504;44
504;157
504;240
505;6
505;15
505;30
505;40
505;92
505;184
506;6
506;15
506;32
506;63
506;93
506;186
507;6
507;15
507;33
507;67
507;100
507;201
508;9
508;15
508;33
508;67
508;100
508;200
509;6
509;19
509;33
509;67
509;100
509;168
510;9
510;15
510;32
510;61
510;154
510;168
511;6
511;19
511;22
511;59
511;89
511;240
512;7
512;15
512;25
512;59
512;88
512;464
513;9
513;10
513;25
513;75
513;80
513;464
514;9
514;10
514;25
514;75
514;100
514;300
515;9
515;10
515;27
515;74
515;123
515;324
516;9
516;10
516;22
516;50
516;124
516;202
517;9
517;10
517;22
517;75
517;124
517;226
518;9
518;10
518;22
518;76
518;127
518;229
519;9
519;10
519;22
519;74
519;123
519;226
520;9
520;10
520;28
520;76
520;102
520;226
521;9
521;10
521;25
521;74
521;124
521;223
522;9
522;10
522;25
522;76
522;101
522;197
523;9
523;10
523;23
523;75
523;99
523;227
524;9
524;10
524;37
524;51
524;101
524;229
525;9
525;10
525;25
525;49
525;98
525;294
526;9
526;10
526;25
526;51
526;102
526;177
527;6
527;10
527;25
527;50
527;101
527;293
528;9
528;10
528;25
528;51
528;98
528;179
529;9
529;10
529;25
529;52
529;150
529;301
530;9
530;10
530;22
530;75
530;84
530;339
531;9
531;10
531;22
531;75
531;85
531;301
532;9
532;10
532;22
532;56
532;84
532;301
533;9
533;10
533;37
533;75
533;157
533;301
534;8
534;17
534;20
534;56
534;123
534;471
535;9
535;18
535;37
535;74
535;92
535;203
536;9
536;10
536;22
536;65
536;86
536;225
537;9
537;19
537;22
537;67
537;89
537;226
538;9
538;10
538;22
538;67
538;90
538;226
539;9
539;19
539;20
539;45
539;90
539;226
540;7
540;11
540;23
540;48
540;142
540;263
541;9
541;17
541;24
541;50
541;100
541;263
542;8
542;18
542;25
542;51
542;101
542;304
543;8
543;16
543;25
543;50
543;100
543;377
544;8
544;15
544;25
544;50
544;101
544;375
545;8
545;12
545;25
545;75
545;100
545;326
546;5
546;11
546;22
546;50
546;99
546;235
547;6
547;11
547;25
547;75
547;102
547;201
548;6
548;11
548;25
548;50
548;102
548;201
549;6
549;11
549;25
549;50
549;100
549;300
550;6
550;11
550;25
550;50
550;99
550;202
551;6
551;11
551;23
551;45
551;96
551;269
552;6
552;11
552;21
552;45
552;90
552;314
553;6
553;11
553;22
553;45
553;90
553;202
554;6
554;11
554;25
554;75
554;125
554;312
555;6
555;11
555;22
555;76
555;127
555;382
556;9
556;11
556;24
556;73
556;125
556;469
557;6
557;11
557;22
557;50
557;127
557;466
558;6
558;11
558;21
558;75
558;126
558;202
559;6
559;11
559;25
559;50
559;134
559;371
560;6
560;11
560;23
560;52
560;142
560;199
561;6
561;11
561;27
561;55
561;82
561;162
562;6
562;11
562;22
562;57
562;85
562;169
563;6
563;11
563;22
563;59
563;147
563;176
564;7
564;11
564;22
564;59
564;148
564;314
565;6
565;16
565;30
565;58
565;89
565;177
566;6
566;11
566;33
566;66
566;133
566;399
567;5
567;11
567;33
567;66
567;130
567;269
568;6
568;17
568;29
568;58
568;115
568;396
569;9
569;16
569;30
569;60
569;119
569;388
570;6
570;11
570;22
570;59
570;118
570;202
571;6
571;19
571;25
571;56
571;84
571;462
572;5
572;11
572;28
572;56
572;84
572;465
573;5
573;11
573;28
573;56
573;84
573;251
574;9
574;11
574;27
574;56
574;84
574;251
575;7
575;12
575;25
575;48
575;84
575;191
576;8
576;12
576;25
576;74
576;124
576;191
577;8
577;17
577;25
577;76
577;127
577;191
578;8
578;17
578;25
578;74
578;122
578;191
579;8
579;17
579;21
579;76
579;102
579;229
580;8
580;17
580;21
580;74
580;99
580;222
581;8
581;17
581;25
581;77
581;103
581;385
582;8
582;12
582;24
582;74
582;98
582;184
583;8
583;17
583;21
583;51
583;102
583;305
584;8
584;17
584;25
584;50
584;100
584;175
585;8
585;17
585;25
585;50
585;100
585;175
586;8
586;17
586;20
586;50
586;100
586;162
587;8
587;17
587;25
587;50
587;149
587;256
588;8
588;16
588;21
588;42
588;113
588;227
589;8
589;18
589;37
589;40
589;134
589;227
590;4
590;12
590;25
590;50
590;101
590;201
591;8
591;16
591;25
591;74
591;124
591;201
592;8
592;17
592;25
592;50
592;126
592;176
593;9
593;14
593;23
593;44
593;126
593;202
594;5
594;18
594;22
594;45
594;133
594;401
595;8
595;16
595;22
595;45
595;112
595;336
596;9
596;19
596;20
596;45
596;126
596;386
597;9
597;10
597;22
597;50
597;134
597;191
598;8
598;12
598;25
598;50
598;149
598;175
599;9
599;10
599;25
599;50
599;126
599;381
600;7
600;13
600;25
600;51
600;126
600;379
601;9
601;13
601;25
601;50
601;126
601;376
602;8
602;11
602;24
602;51
602;126
602;378
603;9
603;19
603;30
603;49
603;126
603;264
604;9
604;12
604;29
604;66
604;113
604;215
605;6
605;19
605;25
605;74
605;124
605;210
606;6
606;19
606;25
606;75
606;126
606;210
607;6
607;19
607;25
607;74
607;124
607;210
608;6
608;19
608;25
608;76
608;128
608;209
609;6
609;19
609;30
609;74
609;123
609;391
610;6
610;15
610;25
610;76
610;127
610;210
611;6
611;15
611;22
611;74
611;123
611;209
612;6
612;15
612;21
612;51
612;128
612;199
613;6
613;15
613;26
613;50
613;147
613;169
614;6
614;15
614;28
614;57
614;90
614;207
615;6
615;15
615;30
615;51
615;90
615;239
616;6
616;15
616;22
616;59
616;90
616;215
617;6
617;15
617;24
617;50
617;89
617;179
618;6
618;15
618;38
618;60
618;157
618;180
619;6
619;15
619;39
619;40
619;157
619;179
620;6
620;12
620;25
620;50
620;101
620;239
621;6
621;12
621;25
621;50
621;125
621;240
622;6
622;13
622;25
622;50
622;126
622;240
623;9
623;16
623;22
623;44
623;131
623;239
624;6
624;15
624;22
624;45
624;89
624;334
625;6
625;15
625;22
625;45
625;90
625;339
626;6
626;13
626;22
626;50
626;90
626;240
627;6
627;15
627;24
627;50
627;84
627;167
628;6
628;15
628;25
628;50
628;124
628;425
629;5
629;12
629;25
629;50
629;157
629;240
630;7
630;18
630;23
630;50
630;126
630;240
631;8
631;19
631;25
631;50
631;125
631;376
632;9
632;10
632;27
632;50
632;126
632;214
633;9
633;10
633;28
633;50
633;84
633;282
634;8
634;18
634;24
634;66
634;133
634;203
635;9
635;10
635;22
635;67
635;111
635;226
636;9
636;10
636;22
636;68
636;113
636;384
637;9
637;10
637;23
637;64
637;86
637;226
638;9
638;10
638;23
638;68
638;114
638;180
639;9
639;10
639;22
639;64
639;86
639;226
640;9
640;10
640;22
640;67
640;90
640;197
641;9
641;10
641;22
641;44
641;132
641;198
642;9
642;10
642;22
642;67
642;113
642;225
643;9
643;10
643;24
643;48
643;155
643;201
644;9
644;10
644;22
644;75
644;84
644;282
645;9
645;15
645;20
645;75
645;134
645;282
646;9
646;10
646;20
646;75
646;83
646;184
647;9
647;10
647;22
647;76
647;141
647;301
648;9
648;10
648;22
648;75
648;113
648;339
649;9
649;10
649;25
649;49
649;84
649;339
650;9
650;10
650;24
650;74
650;99
650;198
651;9
651;10
651;25
651;50
651;126
651;339
652;9
652;16
652;24
652;49
652;126
652;268
653;5
653;10
653;22
653;44
653;132
653;395
654;9
654;10
654;22
654;44
654;111
654;334
655;9
655;19
655;22
655;45
655;134
655;226
656;9
656;10
656;22
656;45
656;84
656;174
657;9
657;10
657;25
657;50
657;149
657;174
658;8
658;15
658;24
658;50
658;88
658;226
659;9
659;17
659;22
659;50
659;126
659;263
660;9
660;16
660;25
660;50
660;126
660;378
661;8
661;16
661;24
661;50
661;126
661;270
662;8
662;14
662;26
662;51
662;90
662;169
663;8
663;16
663;26
663;45
663;89
663;339
664;5
664;11
664;25
664;44
664;89
664;235
665;6
665;11
665;28
665;67
665;113
665;202
666;6
666;11
666;22
666;67
666;113
666;201
667;6
667;11
667;22
667;65
667;111
667;169
668;6
668;11
668;25
668;66
668;113
668;218
669;6
669;11
669;22
669;65
669;112
669;218
670;6
670;11
670;22
670;67
670;133
670;202
671;6
671;11
671;28
671;45
671;135
671;171
672;6
672;11
672;21
672;42
672;90
672;359
673;6
673;11
673;24
673;48
673;156
673;339
674;6
674;11
674;23
674;68
674;89
674;169
675;7
675;16
675;22
675;50
675;141
675;201
676;6
676;11
676;22
676;56
676;89
676;169
677;6
677;16
677;25
677;45
677;134
677;268
678;6
678;11
678;24
678;41
678;90
678;199
679;6
679;11
679;23
679;48
679;98
679;199
680;6
680;11
680;25
680;74
680;99
680;455
681;6
681;17
681;25
681;50
681;126
681;201
682;9
682;16
682;24
682;49
682;89
682;269
683;6
683;17
683;22
683;45
683;134
683;270
684;6
684;18
684;22
684;45
684;89
684;282
685;6
685;19
685;21
685;46
685;84
685;239
686;8
686;12
686;24
686;45
686;89
686;174
687;9
687;16
687;24
687;50
687;121
687;376
688;5
688;13
688;35
688;71
688;90
688;201
689;5
689;15
689;27
689;58
689;90
689;225
690;5
690;18
690;25
690;76
690;126
690;379
691;5
691;17
691;25
691;75
691;126
691;378
692;9
692;12
692;25
692;74
692;124
692;397
693;1
693;15
693;25
693;76
693;127
693;403
694;0
694;13
694;25
694;74
694;123
694;394
695;2
695;12
695;25
695;76
695;127
695;408
696;1
696;13
696;25
696;74
696;124
696;394
697;4
697;12
697;25
697;51
697;128
697;410
698;3
698;13
698;25
698;74
698;148
698;415
699;1
699;12
699;24
699;48
699;154
699;164
700;9
700;13
700;29
700;58
700;155
700;423
701;6
701;14
701;25
701;76
701;126
701;161
702;9
702;12
702;38
702;51
702;149
702;161
703;2
703;13
703;28
703;74
703;156
703;165
704;9
704;14
704;28
704;49
704;155
704;161
705;9
705;13
705;27
705;76
705;126
705;163
706;9
706;17
706;24
706;74
706;155
706;161
707;9
707;18
707;36
707;75
707;80
707;333
708;2
708;12
708;37
708;77
708;103
708;452
709;9
709;12
709;37
709;76
709;102
709;489
710;6
710;13
710;38
710;75
710;124
710;343
711;5
711;19
711;28
711;76
711;114
711;169
712;2
712;19
712;22
712;67
712;133
712;271
713;4
713;18
713;22
713;67
713;112
713;380
714;0
714;19
714;21
714;68
714;135
714;447
715;9
715;12
715;38
715;67
715;112
715;432
716;0
716;13
716;38
716;49
716;149
716;485
717;5
717;12
717;37
717;57
717;148
717;426
718;9
718;13
718;38
718;50
718;150
718;225
719;3
719;14
719;25
719;50
719;124
719;423
720;5
720;12
720;38
720;50
720;114
720;414
721;9
721;16
721;35
721;50
721;112
721;388
722;7
722;10
722;24
722;48
722;117
722;296
723;8
723;13
723;25
723;50
723;100
723;182
724;6
724;13
724;25
724;76
724;102
724;380
725;6
725;13
725;23
725;73
725;100
725;306
726;6
726;12
726;23
726;77
726;103
726;240
727;6
727;13
727;25
727;74
727;100
727;297
728;6
728;13
728;22
728;49
728;100
728;260
729;6
729;14
729;21
729;77
729;102
729;225
730;3
730;15
730;22
730;50
730;151
730;160
731;3
731;13
731;25
731;50
731;151
731;443
732;9
732;15
732;23
732;48
732;144
732;334
733;9
733;10
733;22
733;45
733;90
733;404
734;7
734;14
734;22
734;45
734;103
734;403
735;7
735;13
735;23
735;45
735;90
735;434
736;5
736;19
736;22
736;60
736;90
736;270
737;7
737;15
737;22
737;60
737;135
737;240
738;7
738;15
738;30
738;60
738;149
738;180
739;7
739;14
739;28
739;57
739;99
739;170
740;6
740;14
740;21
740;44
740;84
740;197
741;8
741;10
741;23
741;40
741;90
741;276
742;8
742;13
742;25
742;49
742;90
742;241
743;6
743;13
743;25
743;63
743;113
743;240
744;6
744;14
744;20
744;58
744;94
744;264
745;3
745;15
745;22
745;60
745;159
745;210
746;7
746;10
746;20
746;45
746;90
746;210
747;8
747;10
747;30
747;45
747;89
747;210
748;6
748;12
748;25
748;76
748;101
748;280
749;6
749;13
749;24
749;50
749;100
749;229
750;4
750;12
750;22
750;44
750;101
750;275
751;9
751;10
751;20
751;45
751;111
751;433
752;6
752;11
752;22
752;45
752;145
752;365
753;9
753;10
753;22
753;50
753;100
753;274
754;5
754;10
754;25
754;50
754;101
754;278
755;5
755;10
755;22
755;50
755;126
755;279
756;5
756;10
756;28
756;55
756;83
756;166
757;5
757;10
757;27
757;52
757;90
757;196
758;5
758;10
758;25
758;50
758;99
758;397
759;4
759;14
759;25
759;51
759;157
759;200
760;2
760;14
760;23
760;46
760;90
760;199
761;9
761;17
761;23
761;45
761;158
761;160
762;7
762;13
762;22
762;45
762;156
762;245
763;8
763;11
763;22
763;45
763;156
763;245
764;8
764;13
764;22
764;44
764;154
764;473
765;7
765;17
765;21
765;44
765;84
765;450
766;7
766;19
766;37
766;56
766;121
766;282
767;3
767;19
767;20
767;60
767;120
767;211
768;6
768;10
768;22
768;56
768;141
768;226
769;3
769;14
769;28
769;58
769;113
769;197
770;6
770;10
770;23
770;43
770;113
770;218
771;7
771;14
771;22
771;50
771;84
771;201
772;5
772;10
772;28
772;50
772;126
772;226
773;5
773;10
773;25
773;50
773;126
773;226
774;3
774;14
774;26
774;75
774;149
774;198
775;9
775;13
775;22
775;41
775;85
775;198
776;8
776;13
776;29
776;44
776;150
776;226
777;8
777;14
777;33
777;53
777;102
777;169
778;5
778;10
778;25
778;50
778;126
778;214
779;5
779;10
779;28
779;50
779;100
779;242
780;4
780;11
780;22
780;50
780;125
780;282
781;6
781;12
781;23
781;45
781;100
781;234
782;7
782;11
782;25
782;45
782;134
782;235
783;6
783;11
783;23
783;45
783;90
783;201
784;6
784;11
784;22
784;56
784;134
784;201
785;6
785;11
785;22
785;56
785;135
785;201
786;6
786;11
786;22
786;56
786;134
786;178
787;6
787;11
787;34
787;45
787;136
787;170
788;6
788;14
788;28
788;61
788;89
788;265
789;3
789;15
789;34
789;50
789;153
789;162
790;4
790;16
790;33
790;51
790;148
790;167
791;3
791;19
791;20
791;51
791;153
791;407
792;6
792;19
792;38
792;40
792;82
792;395
793;7
793;18
793;37
793;45
793;90
793;406
794;4
794;19
794;39
794;40
794;90
794;425
795;4
795;16
795;33
795;66
795;110
795;199
796;3
796;17
796;22
796;68
796;91
796;194
797;8
797;14
797;22
797;65
797;109
797;165
798;5
798;14
798;23
798;69
798;93
798;169
799;9
799;10
799;23
799;66
799;110
799;197
800;6
800;11
800;22
800;45
800;113
800;315
801;6
801;11
801;34
801;45
801;113
801;270
802;5
802;19
802;34
802;45
802;90
802;398
803;7
803;14
803;37
803;58
803;107
803;269
804;3
804;17
804;33
804;50
804;154
804;233
805;7
805;17
805;33
805;50
805;151
805;202
806;7
806;15
806;31
806;51
806;134
806;314
807;6
807;13
807;29
807;78
807;134
807;247
808;6
808;13
808;22
808;45
808;123
808;245
809;6
809;11
809;23
809;46
809;151
809;274
810;7
810;11
810;22
810;45
810;87
810;191
811;8
811;12
811;25
811;50
811;100
811;201
812;8
812;12
812;25
812;50
812;100
812;214
813;8
813;12
813;23
813;50
813;125
813;227
814;8
814;13
814;27
814;51
814;101
814;286
815;8
815;12
815;25
815;50
815;100
815;201
816;8
816;13
816;25
816;51
816;100
816;202
817;8
817;12
817;25
817;50
817;101
817;202
818;4
818;14
818;21
818;50
818;158
818;174
819;3
819;14
819;25
819;42
819;84
819;199
820;9
820;17
820;21
820;75
820;101
820;253
821;9
821;10
821;21
821;46
821;83
821;186
822;5
822;10
822;21
822;75
822;84
822;235
823;8
823;12
823;21
823;50
823;101
823;234
824;7
824;12
824;23
824;42
824;101
824;235
825;5
825;14
825;21
825;63
825;153
825;274
826;3
826;17
826;21
826;50
826;101
826;235
827;4
827;12
827;22
827;47
827;101
827;213
828;4
828;13
828;34
828;76
828;93
828;169
829;7
829;10
829;27
829;57
829;105
829;201
830;5
830;10
830;28
830;66
830;115
830;218
831;5
831;11
831;39
831;40
831;102
831;235
832;5
832;12
832;20
832;62
832;89
832;252
833;6
833;12
833;38
833;63
833;115
833;216
834;9
834;10
834;20
834;72
834;111
834;200
835;8
835;13
835;38
835;56
835;94
835;176
836;6
836;19
836;38
836;40
836;96
836;357
837;6
837;11
837;22
837;45
837;90
837;216
838;5
838;11
838;22
838;45
838;113
838;248
839;4
839;16
839;22
839;66
839;89
839;409
840;5
840;10
840;25
840;49
840;140
840;164
841;6
841;13
841;25
841;49
841;98
841;219
842;6
842;12
842;37
842;51
842;102
842;229
843;6
843;12
843;25
843;50
843;100
843;223
844;6
844;12
844;22
844;77
844;103
844;201
845;6
845;12
845;25
845;50
845;101
845;178
846;6
846;12
846;22
846;49
846;98
846;200
847;6
847;14
847;21
847;46
847;102
847;269
848;3
848;14
848;25
848;50
848;151
848;176
849;7
849;15
849;25
849;50
849;151
849;394
850;9
850;15
850;22
850;45
850;150
850;383
851;7
851;10
851;22
851;44
851;88
851;394
852;8
852;10
852;31
852;45
852;159
852;246
853;6
853;13
853;23
853;44
853;90
853;203
854;5
854;12
854;22
854;43
854;90
854;339
855;7
855;15
855;22
855;52
855;135
855;165
856;9
856;15
856;26
856;60
856;150
856;210
857;7
857;14
857;28
857;57
857;99
857;209
858;9
858;10
858;22
858;55
858;106
858;197
859;8
859;13
859;23
859;57
859;90
859;239
860;7
860;13
860;38
860;44
860;157
860;351
861;6
861;12
861;22
861;63
861;113
861;230
862;4
862;14
862;24
862;58
862;102
862;188
863;5
863;15
863;22
863;44
863;113
863;210
864;6
864;16
864;23
864;44
864;90
864;210
865;8
865;10
865;34
865;40
865;154
865;167
866;6
866;12
866;25
866;51
866;152
866;178
867;6
867;12
867;24
867;48
867;147
867;169
868;5
868;19
868;20
868;45
868;126
868;268
869;9
869;12
869;20
869;47
869;90
869;395
870;9
870;10
870;25
870;50
870;100
870;226
871;5
871;10
871;25
871;50
871;100
871;297
872;9
872;10
872;26
872;50
872;99
872;301
873;5
873;10
873;26
873;51
873;102
873;282
874;9
874;10
874;23
874;50
874;99
874;226
875;9
875;10
875;23
875;45
875;113
875;338
876;5
876;10
876;25
876;45
876;135
876;202
877;3
877;15
877;25
877;50
877;150
877;174
878;9
878;19
878;23
878;47
878;145
878;382
879;9
879;19
879;22
879;45
879;157
879;179
880;9
880;10
880;22
880;45
880;156
880;334
881;6
881;14
881;22
881;45
881;156
881;178
882;8
882;19
882;22
882;44
882;155
882;447
883;7
883;19
883;20
883;40
883;155
883;282
884;4
884;19
884;20
884;58
884;121
884;276
885;3
885;18
885;30
885;60
885;120
885;211
886;7
886;11
886;23
886;57
886;99
886;170
887;5
887;10
887;28
887;58
887;112
887;197
888;4
888;13
888;23
888;47
888;141
888;197
889;8
889;12
889;22
889;45
889;155
889;257
890;5
890;10
890;25
890;50
890;126
890;226
891;5
891;15
891;28
891;58
891;138
891;226
892;3
892;14
892;36
892;48
892;157
892;402
893;7
893;10
893;20
893;51
893;103
893;225
894;8
894;13
894;29
894;75
894;150
894;226
895;9
895;10
895;25
895;50
895;126
895;215
896;5
896;10
896;25
896;50
896;126
896;214
897;4
897;10
897;26
897;50
897;100
897;253
898;4
898;11
898;22
898;50
898;89
898;254
899;6
899;11
899;28
899;45
899;89
899;201
900;6
900;11
900;25
900;45
900;134
900;235
901;6
901;11
901;22
901;56
901;101
901;201
902;6
902;11
902;22
902;56
902;134
902;201
903;6
903;11
903;22
903;56
903;134
903;199
904;6
904;11
904;22
904;56
904;134
904;168
905;6
905;12
905;22
905;45
905;135
905;170
906;6
906;14
906;29
906;76
906;158
906;186
907;2
907;17
907;34
907;45
907;154
907;489
908;5
908;19
908;38
908;40
908;153
908;384
909;3
909;19
909;37
909;56
909;93
909;169
910;7
910;19
910;37
910;74
910;149
910;261
911;8
911;19
911;38
911;56
911;92
911;168
912;3
912;11
912;22
912;67
912;89
912;202
913;8
913;17
913;22
913;67
913;111
913;270
914;3
914;17
914;30
914;67
914;135
914;195
915;8
915;14
915;22
915;67
915;112
915;202
916;8
916;13
916;22
916;66
916;99
916;392
917;7
917;17
917;22
917;40
917;113
917;473
918;8
918;11
918;23
918;40
918;133
918;398
919;4
919;11
919;20
919;45
919;135
919;169
920;6
920;11
920;38
920;40
920;95
920;269
921;5
921;14
921;36
921;72
921;107
921;174
922;3
922;16
922;33
922;50
922;135
922;333
923;6
923;11
923;34
923;50
923;135
923;335
924;8
924;16
924;32
924;45
924;100
924;201
925;6
925;15
925;31
925;45
925;123
925;218
926;6
926;14
926;22
926;45
926;126
926;243
927;6
927;13
927;26
927;63
927;125
927;265
928;7
928;12
928;37
928;51
928;87
928;187
929;8
929;13
929;21
929;50
929;100
929;252
930;4
930;12
930;35
930;50
930;126
930;227
931;8
931;14
931;26
931;50
931;100
931;213
932;8
932;12
932;34
932;51
932;101
932;227
933;8
933;13
933;25
933;50
933;100
933;201
934;8
934;17
934;25
934;51
934;101
934;202
935;8
935;17
935;21
935;50
935;101
935;202
936;4
936;14
936;21
936;64
936;97
936;221
937;5
937;14
937;25
937;50
937;151
937;217
938;5
938;17
938;25
938;42
938;151
938;201
939;7
939;10
939;23
939;45
939;84
939;165
940;8
940;13
940;25
940;75
940;101
940;234
941;8
941;13
941;21
941;44
941;85
941;234
942;6
942;12
942;23
942;44
942;85
942;170
943;8
943;17
943;34
943;68
943;138
943;171
944;8
944;17
944;35
944;69
944;104
944;207
945;6
945;13
945;37
945;75
945;111
945;225
946;7
946;17
946;37
946;75
946;111
946;187
947;5
947;10
947;38
947;57
947;106
947;225
948;9
948;13
948;33
948;67
948;133
948;199
949;8
949;13
949;34
949;68
949;136
949;204
950;4
950;14
950;33
950;59
950;93
950;201
951;4
951;14
951;33
951;66
951;99
951;232
952;7
952;10
952;31
952;52
952;92
952;228
953;8
953;13
953;21
953;42
953;100
953;232
954;4
954;10
954;25
954;50
954;101
954;254
955;5
955;10
955;25
955;50
955;135
955;249
956;3
956;11
956;25
956;51
956;112
956;248
957;4
957;13
957;25
957;51
957;152
957;256
958;6
958;12
958;22
958;50
958;151
958;201
959;6
959;13
959;25
959;50
959;150
959;226
960;6
960;12
960;25
960;50
960;101
960;190
961;6
961;13
961;25
961;50
961;148
961;177
962;6
962;13
962;25
962;51
962;128
962;227
963;6
963;12
963;24
963;49
963;123
963;227
964;6
964;12
964;26
964;51
964;101
964;203
965;6
965;14
965;25
965;44
965;93
965;303
966;6
966;13
966;26
966;45
966;102
966;327
967;6
967;12
967;25
967;76
967;101
967;201
968;6
968;13
968;25
968;76
968;101
968;327
969;6
969;10
969;25
969;75
969;100
969;201
970;6
970;13
970;26
970;50
970;100
970;176
971;6
971;12
971;25
971;50
971;100
971;176
972;6
972;13
972;25
972;50
972;151
972;178
973;6
973;13
973;32
973;50
973;158
973;221
974;6
974;13
974;34
974;75
974;151
974;202
975;6
975;13
975;34
975;50
975;101
975;201
976;7
976;10
976;33
976;50
976;100
976;200
977;7
977;15
977;25
977;50
977;100
977;201
978;4
978;13
978;30
978;50
978;120
978;180
979;4
979;13
979;30
979;59
979;89
979;179
980;6
980;15
980;30
980;59
980;89
980;208
981;6
981;13
981;28
981;55
981;84
981;207
982;6
982;13
982;25
982;50
982;101
982;226
983;7
983;13
983;26
983;49
983;101
983;160
984;7
984;15
984;25
984;73
984;97
984;218
985;8
985;16
985;25
985;74
985;124
985;248
986;9
986;10
986;25
986;78
986;104
986;202
987;9
987;10
987;22
987;74
987;122
987;188
988;9
988;10
988;28
988;77
988;103
988;179
989;9
989;10
989;28
989;74
989;100
989;201
990;9
990;10
990;38
990;50
990;101
990;202
991;9
991;10
991;23
991;50
991;100
991;201
992;9
992;10
992;22
992;50
992;100
992;201
993;9
993;10
993;22
993;51
993;127
993;201
994;9
994;10
994;37
994;73
994;156
994;224
995;9
995;14
995;22
995;67
995;134
995;291
996;9
996;10
996;22
996;67
996;134
996;224
997;9
997;10
997;22
997;47
997;134
997;225
998;7
998;10
998;22
998;74
998;134
998;292
999;8
999;10
999;22
999;75
999;90
999;225
1000;4
1000;10
1000;22
1000;67
1000;134
1000;224
1001;9
1001;10
1001;22
1001;75
1001;90
1001;225
1002;9
1002;19
1002;20
1002;61
1002;81
1002;202
1003;9
1003;10
1003;22
1003;63
1003;84
1003;202
1004;9
1004;10
1004;22
1004;67
1004;89
1004;200
1005;9
1005;19
1005;22
1005;67
1005;135
1005;180
1006;6
1006;14
1006;22
1006;45
1006;135
1006;179
1007;8
1007;19
1007;20
1007;68
1007;136
1007;313
1008;7
1008;19
1008;25
1008;50
1008;124
1008;224
1009;9
1009;14
1009;22
1009;50
1009;100
1009;275
1010;5
1010;15
1010;25
1010;50
1010;101
1010;443
1011;5
1011;10
1011;23
1011;50
1011;100
1011;200
1012;7
1012;13
1012;25
1012;50
1012;101
1012;325
1013;8
1013;16
1013;25
1013;50
1013;100
1013;176
1014;8
1014;13
1014;25
1014;50
1014;100
1014;301
1015;9
1015;10
1015;26
1015;51
1015;104
1015;268
1016;9
1016;12
1016;22
1016;49
1016;98
1016;199
1017;6
1017;11
1017;22
1017;77
1017;103
1017;180
1018;6
1018;11
1018;25
1018;49
1018;98
1018;180
1019;5
1019;11
1019;25
1019;50
1019;101
1019;291
1020;6
1020;11
1020;22
1020;50
1020;101
1020;245
1021;6
1021;11
1021;22
1021;48
1021;112
1021;202
1022;6
1022;11
1022;22
1022;45
1022;134
1022;201
1023;6
1023;11
1023;22
1023;44
1023;134
1023;225
1024;6
1024;14
1024;23
1024;48
1024;96
1024;201
1025;6
1025;11
1025;22
1025;74
1025;123
1025;225
1026;6
1026;11
1026;33
1026;77
1026;129
1026;201
1027;5
1027;17
1027;34
1027;73
1027;122
1027;201
1028;6
1028;11
1028;34
1028;76
1028;89
1028;201
1029;8
1029;11
1029;24
1029;77
1029;89
1029;163
1030;5
1030;11
1030;25
1030;50
1030;151
1030;225
1031;6
1031;11
1031;22
1031;51
1031;89
1031;334
1032;6
1032;11
1032;22
1032;57
1032;89
1032;170
1033;6
1033;11
1033;22
1033;58
1033;89
1033;173
1034;6
1034;11
1034;22
1034;59
1034;89
1034;414
1035;6
1035;10
1035;23
1035;60
1035;149
1035;418
1036;7
1036;11
1036;22
1036;60
1036;89
1036;179
1037;6
1037;11
1037;34
1037;67
1037;135
1037;403
1038;4
1038;11
1038;22
1038;68
1038;135
1038;479
1039;7
1039;14
1039;31
1039;61
1039;121
1039;391
1040;7
1040;10
1040;22
1040;59
1040;89
1040;385
1041;8
1041;11
1041;22
1041;59
1041;88
1041;236
1042;4
1042;11
1042;22
1042;56
1042;112
1042;392
1043;9
1043;10
1043;23
1043;56
1043;84
1043;390
1044;9
1044;10
1044;28
1044;56
1044;85
1044;397
1045;9
1045;10
1045;24
1045;56
1045;114
1045;397
1046;4
1046;19
1046;25
1046;50
1046;123
1046;166
1047;0
1047;19
1047;25
1047;74
1047;124
1047;223
1048;6
1048;17
1048;25
1048;76
1048;127
1048;507
1049;9
1049;16
1049;25
1049;74
1049;124
1049;508
1050;8
1050;19
1050;25
1050;76
1050;127
1050;509
1051;2
1051;15
1051;25
1051;74
1051;123
1051;511
1052;4
1052;17
1052;25
1052;76
1052;102
1052;381
1053;8
1053;14
1053;25
1053;76
1053;100
1053;224
1054;1
1054;15
1054;25
1054;50
1054;101
1054;385
1055;9
1055;17
1055;25
1055;50
1055;101
1055;404
1056;8
1056;17
1056;25
1056;50
1056;99
1056;396
1057;8
1057;14
1057;37
1057;74
1057;111
1057;186
1058;7
1058;19
1058;33
1058;67
1058;132
1058;166
1059;7
1059;12
1059;35
1059;70
1059;143
1059;179
1060;6
1060;13
1060;34
1060;44
1060;86
1060;468
1061;1
1061;12
1061;25
1061;74
1061;100
1061;480
1062;1
1062;12
1062;25
1062;50
1062;101
1062;224
1063;7
1063;13
1063;25
1063;51
1063;127
1063;407
1064;4
1064;19
1064;24
1064;45
1064;127
1064;405
1065;4
1065;11
1065;23
1065;45
1065;135
1065;405
1066;0
1066;11
1066;22
1066;44
1066;134
1066;490
1067;9
1067;18
1067;20
1067;45
1067;134
1067;494
1068;5
1068;13
1068;25
1068;49
1068;151
1068;467
1069;4
1069;12
1069;25
1069;50
1069;125
1069;447
1070;0
1070;12
1070;25
1070;51
1070;101
1070;402
1071;3
1071;12
1071;25
1071;50
1071;125
1071;472
1072;1
1072;12
1072;33
1072;51
1072;127
1072;441
1073;6
1073;11
1073;29
1073;48
1073;100
1073;248
1074;6
1074;12
1074;29
1074;60
1074;101
1074;223
1075;9
1075;11
1075;25
1075;74
1075;91
1075;179
1076;5
1076;13
1076;22
1076;73
1076;122
1076;309
1077;6
1077;12
1077;22
1077;66
1077;127
1077;228
1078;6
1078;12
1078;25
1078;74
1078;101
1078;305
1079;6
1079;12
1079;25
1079;76
1079;101
1079;305
1080;6
1080;12
1080;25
1080;75
1080;126
1080;379
1081;6
1081;12
1081;25
1081;75
1081;101
1081;240
1082;6
1082;13
1082;25
1082;49
1082;98
1082;406
1083;5
1083;14
1083;29
1083;49
1083;100
1083;203
1084;3
1084;13
1084;30
1084;50
1084;102
1084;240
1085;9
1085;15
1085;25
1085;74
1085;100
1085;224
1086;9
1086;10
1086;25
1086;50
1086;99
1086;198
1087;5
1087;10
1087;25
1087;50
1087;100
1087;269
1088;9
1088;19
1088;20
1088;50
1088;100
1088;267
1089;6
1089;19
1089;39
1089;50
1089;100
1089;270
1090;6
1090;15
1090;23
1090;49
1090;99
1090;172
1091;7
1091;15
1091;22
1091;74
1091;99
1091;222
1092;7
1092;12
1092;29
1092;51
1092;128
1092;179
1093;7
1093;14
1093;24
1093;50
1093;100
1093;339
1094;5
1094;10
1094;22
1094;44
1094;100
1094;177
1095;7
1095;10
1095;22
1095;44
1095;100
1095;424
1096;7
1096;13
1096;22
1096;50
1096;90
1096;327
1097;6
1097;13
1097;22
1097;50
1097;99
1097;179
1098;4
1098;14
1098;25
1098;50
1098;152
1098;169
1099;7
1099;12
1099;21
1099;50
1099;100
1099;378
1100;8
1100;10
1100;30
1100;50
1100;100
1100;239
1101;4
1101;12
1101;20
1101;50
1101;125
1101;173
1102;6
1102;12
1102;38
1102;50
1102;100
1102;167
1103;6
1103;16
1103;25
1103;50
1103;100
1103;248
1104;6
1104;11
1104;28
1104;50
1104;84
1104;169
1105;9
1105;10
1105;22
1105;66
1105;90
1105;201
1106;5
1106;10
1106;28
1106;68
1106;90
1106;201
1107;4
1107;10
1107;22
1107;67
1107;89
1107;198
1108;5
1108;10
1108;28
1108;68
1108;90
1108;179
1109;5
1109;10
1109;21
1109;65
1109;135
1109;226
1110;5
1110;10
1110;22
1110;67
1110;90
1110;316
1111;5
1111;10
1111;21
1111;64
1111;88
1111;339
1112;5
1112;14
1112;22
1112;67
1112;89
1112;176
1113;2
1113;15
1113;28
1113;48
1113;90
1113;179
1114;9
1114;11
1114;29
1114;49
1114;97
1114;168
1115;9
1115;19
1115;25
1115;49
1115;98
1115;169
1116;5
1116;10
1116;22
1116;49
1116;98
1116;225
1117;7
1117;10
1117;23
1117;50
1117;99
1117;198
1118;4
1118;11
1118;23
1118;50
1118;99
1118;282
1119;4
1119;18
1119;39
1119;50
1119;100
1119;339
1120;4
1120;17
1120;25
1120;49
1120;99
1120;172
1121;9
1121;13
1121;25
1121;50
1121;125
1121;225
1122;7
1122;11
1122;25
1122;51
1122;127
1122;178
1123;9
1123;10
1123;23
1123;50
1123;100
1123;339
1124;8
1124;12
1124;23
1124;46
1124;136
1124;387
1125;9
1125;10
1125;22
1125;44
1125;133
1125;172
1126;9
1126;10
1126;20
1126;50
1126;100
1126;172
1127;4
1127;14
1127;25
1127;50
1127;100
1127;174
1128;5
1128;15
1128;25
1128;51
1128;126
1128;378
1129;6
1129;12
1129;31
1129;50
1129;100
1129;226
1130;9
1130;12
1130;25
1130;50
1130;100
1130;225
1131;9
1131;10
1131;25
1131;50
1131;126
1131;179
1132;9
1132;10
1132;25
1132;50
1132;126
1132;248
1133;4
1133;14
1133;28
1133;75
1133;128
1133;282
1134;9
1134;13
1134;22
1134;43
1134;87
1134;218
1135;8
1135;11
1135;25
1135;67
1135;134
1135;201
1136;5
1136;11
1136;23
1136;68
1136;91
1136;201
1137;6
1137;11
1137;22
1137;66
1137;88
1137;201
1138;6
1138;11
1138;23
1138;67
1138;90
1138;225
1139;6
1139;11
1139;22
1139;67
1139;88
1139;214
1140;6
1140;11
1140;27
1140;67
1140;90
1140;170
1141;6
1141;17
1141;22
1141;46
1141;89
1141;392
1142;4
1142;14
1142;22
1142;44
1142;90
1142;269
1143;4
1143;13
1143;28
1143;49
1143;89
1143;180
1144;8
1144;17
1144;28
1144;49
1144;99
1144;169
1145;9
1145;12
1145;24
1145;49
1145;99
1145;198
1146;8
1146;10
1146;22
1146;50
1146;100
1146;197
1147;8
1147;14
1147;21
1147;49
1147;124
1147;337
1148;8
1148;12
1148;28
1148;50
1148;99
1148;282
1149;4
1149;15
1149;38
1149;47
1149;101
1149;173
1150;3
1150;16
1150;25
1150;74
1150;100
1150;223
1151;9
1151;10
1151;25
1151;51
1151;127
1151;228
1152;3
1152;16
1152;24
1152;50
1152;98
1152;202
1153;6
1153;11
1153;22
1153;44
1153;132
1153;242
1154;6
1154;11
1154;22
1154;44
1154;88
1154;245
1155;5
1155;11
1155;22
1155;45
1155;111
1155;269
1156;4
1156;15
1156;21
1156;66
1156;89
1156;282
1157;3
1157;14
1157;25
1157;50
1157;150
1157;404
1158;9
1158;10
1158;24
1158;44
1158;90
1158;387
1159;8
1159;13
1159;34
1159;45
1159;90
1159;201
1160;6
1160;12
1160;31
1160;66
1160;91
1160;173
1161;6
1161;11
1161;25
1161;74
1161;124
1161;180
1162;9
1162;12
1162;25
1162;77
1162;102
1162;243
1163;8
1163;11
1163;29
1163;73
1163;134
1163;267
1164;7
1164;10
1164;21
1164;77
1164;135
1164;201
1165;4
1165;13
1165;21
1165;73
1165;102
1165;214
1166;8
1166;13
1166;25
1166;50
1166;99
1166;169
1167;4
1167;13
1167;22
1167;75
1167;126
1167;229
1168;4
1168;13
1168;25
1168;73
1168;98
1168;168
1169;4
1169;13
1169;25
1169;52
1169;103
1169;412
1170;4
1170;12
1170;21
1170;49
1170;100
1170;416
1171;5
1171;15
1171;20
1171;43
1171;85
1171;270
1172;3
1172;15
1172;21
1172;42
1172;85
1172;169
1173;5
1173;13
1173;21
1173;64
1173;128
1173;191
1174;8
1174;13
1174;21
1174;64
1174;128
1174;317
1175;6
1175;11
1175;21
1175;42
1175;85
1175;170
1176;8
1176;10
1176;21
1176;63
1176;85
1176;170
1177;3
1177;13
1177;23
1177;42
1177;84
1177;235
1178;4
1178;16
1178;36
1178;41
1178;84
1178;169
1179;3
1179;17
1179;21
1179;50
1179;101
1179;235
1180;9
1180;11
1180;21
1180;49
1180;84
1180;167
1181;8
1181;13
1181;25
1181;50
1181;126
1181;170
1182;6
1182;12
1182;23
1182;46
1182;83
1182;215
1183;8
1183;10
1183;23
1183;45
1183;128
1183;302
1184;4
1184;11
1184;22
1184;44
1184;128
1184;172
1185;5
1185;11
1185;22
1185;64
1185;85
1185;170
1186;6
1186;14
1186;25
1186;64
1186;85
1186;174
1187;6
1187;12
1187;23
1187;63
1187;85
1187;201
1188;7
1188;11
1188;25
1188;50
1188;126
1188;202
1189;8
1189;10
1189;30
1189;50
1189;125
1189;225
1190;5
1190;16
1190;22
1190;51
1190;134
1190;216
1191;5
1191;16
1191;22
1191;67
1191;134
1191;223
1192;4
1192;10
1192;22
1192;66
1192;134
1192;223
1193;8
1193;10
1193;26
1193;73
1193;96
1193;217
1194;6
1194;13
1194;30
1194;75
1194;100
1194;232
1195;6
1195;13
1195;38
1195;75
1195;102
1195;214
1196;6
1196;13
1196;38
1196;73
1196;99
1196;231
1197;6
1197;12
1197;25
1197;76
1197;88
1197;487
1198;6
1198;13
1198;23
1198;74
1198;98
1198;169
1199;6
1199;13
1199;25
1199;76
1199;101
1199;180
1200;6
1200;13
1200;22
1200;60
1200;98
1200;179
1201;4
1201;14
1201;37
1201;50
1201;150
1201;327
1202;6
1202;14
1202;24
1202;50
1202;100
1202;165
1203;9
1203;15
1203;25
1203;50
1203;100
1203;276
1204;7
1204;15
1204;25
1204;50
1204;100
1204;325
1205;8
1205;10
1205;25
1205;50
1205;100
1205;224
1206;8
1206;15
1206;22
1206;50
1206;100
1206;179
1207;3
1207;15
1207;30
1207;50
1207;100
1207;240
1208;7
1208;15
1208;22
1208;46
1208;102
1208;173
1209;7
1209;15
1209;22
1209;74
1209;124
1209;222
1210;7
1210;14
1210;25
1210;50
1210;126
1210;227
1211;7
1211;14
1211;24
1211;75
1211;100
1211;344
1212;6
1212;11
1212;22
1212;44
1212;100
1212;397
1213;8
1213;10
1213;22
1213;45
1213;100
1213;423
1214;6
1214;19
1214;20
1214;50
1214;125
1214;244
1215;6
1215;15
1215;30
1215;50
1215;100
1215;275
1216;4
1216;15
1216;25
1216;50
1216;150
1216;175
1217;9
1217;10
1217;25
1217;49
1217;90
1217;239
1218;7
1218;10
1218;30
1218;50
1218;126
1218;430
1219;6
1219;13
1219;25
1219;50
1219;126
1219;173
1220;6
1220;12
1220;37
1220;67
1220;133
1220;222
1221;5
1221;19
1221;28
1221;45
1221;134
1221;244
1222;6
1222;11
1222;29
1222;45
1222;89
1222;222
1223;5
1223;10
1223;28
1223;67
1223;89
1223;224
1224;9
1224;10
1224;28
1224;68
1224;92
1224;201
1225;5
1225;10
1225;22
1225;66
1225;88
1225;169
1226;5
1226;10
1226;22
1226;65
1226;88
1226;169
1227;5
1227;10
1227;22
1227;65
1227;89
1227;218
1228;5
1228;10
1228;22
1228;67
1228;90
1228;217
1229;5
1229;10
1229;22
1229;66
1229;88
1229;338
1230;3
1230;14
1230;23
1230;45
1230;90
1230;176
1231;5
1231;15
1231;21
1231;64
1231;98
1231;170
1232;9
1232;17
1232;29
1232;49
1232;98
1232;220
1233;9
1233;16
1233;24
1233;49
1233;98
1233;169
1234;6
1234;10
1234;22
1234;50
1234;99
1234;197
1235;8
1235;10
1235;24
1235;49
1235;99
1235;227
1236;3
1236;11
1236;23
1236;50
1236;97
1236;198
1237;4
1237;17
1237;28
1237;49
1237;99
1237;172
1238;3
1238;19
1238;28
1238;75
1238;100
1238;172
1239;7
1239;14
1239;22
1239;50
1239;127
1239;454
1240;7
1240;14
1240;24
1240;50
1240;99
1240;176
1241;8
1241;10
1241;22
1241;46
1241;135
1241;429
1242;6
1242;17
1242;23
1242;45
1242;113
1242;387
1243;9
1243;10
1243;22
1243;44
1243;89
1243;198
1244;9
1244;10
1244;28
1244;50
1244;99
1244;198
1245;5
1245;14
1245;25
1245;51
1245;152
1245;402
1246;5
1246;14
1246;24
1246;49
1246;135
1246;405
1247;8
1247;17
1247;38
1247;50
1247;126
1247;403
1248;9
1248;17
1248;38
1248;51
1248;100
1248;405
1249;7
1249;14
1249;25
1249;44
1249;134
1249;172
1250;6
1250;16
1250;25
1250;45
1250;134
1250;268
1251;8
1251;16
1251;28
1251;45
1251;134
1251;223
1252;7
1252;10
1252;21
1252;68
1252;86
1252;217
1253;8
1253;11
1253;22
1253;66
1253;88
1253;201
1254;5
1254;11
1254;23
1254;68
1254;93
1254;201
1255;6
1255;11
1255;22
1255;67
1255;87
1255;169
1256;6
1256;11
1256;22
1256;66
1256;88
1256;170
1257;6
1257;11
1257;22
1257;68
1257;87
1257;170
1258;6
1258;11
1258;22
1258;66
1258;91
1258;202
1259;6
1259;15
1259;28
1259;46
1259;137
1259;179
1260;3
1260;14
1260;22
1260;44
1260;88
1260;220
1261;0
1261;13
1261;30
1261;50
1261;84
1261;198
1262;5
1262;17
1262;22
1262;50
1262;100
1262;202
1263;9
1263;10
1263;23
1263;49
1263;99
1263;169
1264;8
1264;13
1264;22
1264;50
1264;99
1264;169
1265;7
1265;14
1265;22
1265;50
1265;100
1265;198
1266;4
1266;18
1266;22
1266;43
1266;99
1266;339
1267;4
1267;12
1267;25
1267;50
1267;100
1267;173
1268;5
1268;12
1268;25
1268;50
1268;125
1268;473
1269;8
1269;13
1269;25
1269;50
1269;127
1269;270
1270;5
1270;14
1270;23
1270;46
1270;90
1270;342
1271;8
1271;11
1271;22
1271;45
1271;135
1271;248
1272;6
1272;12
1272;22
1272;45
1272;135
1272;246
1273;6
1273;11
1273;28
1273;45
1273;91
1273;500
1274;5
1274;15
1274;21
1274;45
1274;90
1274;253
1275;3
1275;15
1275;25
1275;45
1275;135
1275;381
1276;6
1276;13
1276;25
1276;50
1276;89
1276;376
1277;8
1277;10
1277;32
1277;43
1277;141
1277;165
1278;6
1278;12
1278;38
1278;44
1278;90
1278;169
1279;6
1279;11
1279;22
1279;73
1279;89
1279;179
1280;6
1280;11
1280;25
1280;76
1280;127
1280;223
1281;8
1281;19
1281;24
1281;74
1281;101
1281;191
1282;6
1282;11
1282;21
1282;50
1282;84
1282;214
1283;8
1283;12
1283;21
1283;73
1283;84
1283;167
1284;8
1284;12
1284;25
1284;42
1284;127
1284;179
1285;8
1285;13
1285;25
1285;49
1285;100
1285;169
1286;8
1286;13
1286;25
1286;50
1286;85
1286;413
1287;8
1287;13
1287;25
1287;49
1287;85
1287;171
1288;8
1288;13
1288;21
1288;75
1288;101
1288;176
1289;3
1289;14
1289;21
1289;42
1289;105
1289;201
1290;3
1290;15
1290;20
1290;67
1290;85
1290;201
1291;8
1291;14
1291;26
1291;42
1291;84
1291;170
1292;9
1292;13
1292;21
1292;42
1292;127
1292;315
1293;7
1293;11
1293;25
1293;50
1293;151
1293;200
1294;8
1294;10
1294;25
1294;75
1294;100
1294;200
1295;8
1295;11
1295;23
1295;50
1295;101
1295;200
1296;4
1296;17
1296;33
1296;50
1296;100
1296;201
1297;4
1297;17
1297;33
1297;67
1297;134
1297;167
1298;8
1298;17
1298;22
1298;66
1298;150
1298;166
1299;4
1299;13
1299;37
1299;50
1299;151
1299;226
1300;5
1300;10
1300;22
1300;74
1300;151
1300;301
1301;5
1301;10
1301;34
1301;76
1301;150
1301;227
1302;6
1302;11
1302;30
1302;60
1302;89
1302;180
1303;6
1303;11
1303;30
1303;59
1303;119
1303;178
1304;6
1304;14
1304;25
1304;67
1304;100
1304;201
1305;7
1305;14
1305;21
1305;67
1305;100
1305;201
1306;6
1306;10
1306;25
1306;66
1306;132
1306;201
1307;4
1307;12
1307;26
1307;76
1307;85
1307;200
1308;6
1308;16
1308;28
1308;69
1308;135
1308;227
1309;6
1309;18
1309;29
1309;58
1309;102
1309;177
1310;8
1310;11
1310;37
1310;59
1310;149
1310;180
1311;7
1311;10
1311;20
1311;76
1311;87
1311;180
1312;7
1312;13
1312;29
1312;63
1312;88
1312;175
1313;6
1313;13
1313;25
1313;57
1313;85
1313;229
1314;6
1314;13
1314;28
1314;57
1314;86
1314;228
1315;6
1315;13
1315;25
1315;57
1315;99
1315;227
1316;6
1316;13
1316;22
1316;63
1316;150
1316;177
1317;6
1317;13
1317;25
1317;57
1317;152
1317;251
1318;6
1318;14
1318;25
1318;57
1318;151
1318;252
1319;6
1319;15
1319;29
1319;50
1319;89
1319;254
1320;6
1320;13
1320;25
1320;50
1320;99
1320;202
1321;6
1321;13
1321;25
1321;67
1321;100
1321;200
1322;9
1322;10
1322;25
1322;50
1322;100
1322;253
1323;7
1323;12
1323;24
1323;45
1323;90
1323;203
1324;6
1324;12
1324;25
1324;50
1324;100
1324;200
1325;6
1325;15
1325;25
1325;51
1325;99
1325;254
1326;6
1326;19
1326;38
1326;60
1326;151
1326;177
1327;6
1327;19
1327;25
1327;50
1327;151
1327;177
1328;6
1328;14
1328;38
1328;50
1328;152
1328;180
1329;7
1329;12
1329;25
1329;50
1329;100
1329;202
1330;8
1330;13
1330;38
1330;49
1330;152
1330;462
1331;8
1331;15
1331;38
1331;50
1331;152
1331;173
1332;6
1332;15
1332;25
1332;50
1332;101
1332;172
1333;6
1333;14
1333;30
1333;50
1333;150
1333;265
1334;7
1334;15
1334;22
1334;50
1334;100
1334;199
1335;7
1335;10
1335;24
1335;50
1335;90
1335;210
1336;8
1336;14
1336;25
1336;49
1336;90
1336;209
1337;6
1337;12
1337;26
1337;59
1337;119
1337;180
1338;7
1338;14
1338;30
1338;51
1338;90
1338;179
1339;7
1339;14
1339;28
1339;60
1339;82
1339;179
1340;7
1340;10
1340;33
1340;64
1340;100
1340;170
1341;6
1341;10
1341;33
1341;67
1341;134
1341;228
1342;9
1342;10
1342;28
1342;56
1342;100
1342;284
1343;5
1343;10
1343;28
1343;56
1343;134
1343;283
1344;9
1344;10
1344;29
1344;57
1344;100
1344;172
1345;9
1345;10
1345;28
1345;57
1345;113
1345;226
1346;9
1346;10
1346;28
1346;57
1346;113
1346;169
1347;9
1347;10
1347;22
1347;57
1347;114
1347;228
1348;5
1348;14
1348;28
1348;57
1348;113
1348;224
1349;5
1349;10
1349;30
1349;59
1349;85
1349;283
1350;5
1350;10
1350;28
1350;60
1350;89
1350;227
1351;9
1351;10
1351;28
1351;60
1351;89
1351;169
1352;8
1352;10
1352;28
1352;42
1352;113
1352;284
1353;5
1353;10
1353;29
1353;55
1353;114
1353;228
1354;5
1354;10
1354;23
1354;57
1354;113
1354;169
1355;5
1355;10
1355;28
1355;57
1355;114
1355;173
1356;5
1356;10
1356;28
1356;57
1356;113
1356;175
1357;5
1357;10
1357;22
1357;55
1357;113
1357;170
1358;5
1358;10
1358;28
1358;57
1358;113
1358;170
1359;6
1359;10
1359;29
1359;56
1359;113
1359;226
1360;8
1360;10
1360;28
1360;56
1360;113
1360;169
1361;3
1361;10
1361;23
1361;57
1361;85
1361;169
1362;5
1362;15
1362;29
1362;56
1362;113
1362;169
1363;6
1363;14
1363;28
1363;56
1363;113
1363;169
1364;9
1364;10
1364;22
1364;56
1364;113
1364;169
1365;6
1365;10
1365;38
1365;59
1365;119
1365;180
1366;9
1366;13
1366;29
1366;45
1366;120
1366;179
1367;5
1367;10
1367;30
1367;61
1367;90
1367;180
1368;5
1368;10
1368;30
1368;60
1368;119
1368;180
1369;5
1369;10
1369;30
1369;67
1369;100
1369;180
1370;6
1370;10
1370;28
1370;67
1370;101
1370;179
1371;7
1371;11
1371;25
1371;67
1371;100
1371;202
1372;6
1372;11
1372;25
1372;67
1372;134
1372;179
1373;6
1373;11
1373;22
1373;42
1373;135
1373;181
1374;6
1374;11
1374;23
1374;45
1374;91
1374;224
1375;6
1375;11
1375;25
1375;45
1375;90
1375;179
1376;6
1376;11
1376;30
1376;67
1376;90
1376;179
1377;6
1377;15
1377;22
1377;56
1377;90
1377;177
1378;6
1378;15
1378;30
1378;60
1378;135
1378;180
1379;6
1379;11
1379;30
1379;60
1379;90
1379;182
1380;6
1380;11
1380;22
1380;45
1380;135
1380;180
1381;6
1381;10
1381;28
1381;45
1381;90
1381;179
1382;8
1382;11
1382;22
1382;45
1382;91
1382;179
1383;4
1383;11
1383;23
1383;44
1383;89
1383;179
1384;6
1384;11
1384;22
1384;45
1384;90
1384;306
1385;5
1385;11
1385;22
1385;44
1385;90
1385;180
1386;7
1386;14
1386;22
1386;44
1386;132
1386;180
1387;8
1387;14
1387;22
1387;45
1387;89
1387;181
1388;9
1388;10
1388;22
1388;56
1388;90
1388;182
1389;8
1389;11
1389;22
1389;44
1389;89
1389;167
1390;5
1390;11
1390;22
1390;45
1390;89
1390;180
1391;5
1391;11
1391;22
1391;59
1391;89
1391;172
1392;6
1392;14
1392;30
1392;60
1392;89
1392;264
1393;6
1393;11
1393;22
1393;45
1393;88
1393;302
1394;6
1394;10
1394;20
1394;60
1394;90
1394;225
1395;8
1395;11
1395;25
1395;44
1395;100
1395;178
1396;6
1396;16
1396;25
1396;66
1396;101
1396;173
1397;4
1397;16
1397;34
1397;67
1397;134
1397;200
1398;6
1398;18
1398;25
1398;76
1398;89
1398;248
1399;9
1399;11
1399;37
1399;75
1399;111
1399;170
1400;8
1400;12
1400;32
1400;50
1400;89
1400;170
1401;4
1401;12
1401;22
1401;42
1401;111
1401;173
1402;8
1402;12
1402;21
1402;63
1402;114
1402;168
1403;4
1403;13
1403;21
1403;50
1403;112
1403;168
1404;4
1404;12
1404;25
1404;50
1404;112
1404;170
1405;4
1405;17
1405;21
1405;75
1405;85
1405;169
1406;4
1406;13
1406;21
1406;75
1406;89
1406;169
1407;4
1407;14
1407;21
1407;76
1407;149
1407;169
1408;4
1408;13
1408;20
1408;50
1408;152
1408;317
1409;4
1409;12
1409;37
1409;49
1409;151
1409;211
1410;9
1410;10
1410;21
1410;75
1410;150
1410;175
1411;5
1411;11
1411;25
1411;75
1411;151
1411;169
1412;4
1412;12
1412;25
1412;50
1412;150
1412;198
1413;4
1413;11
1413;25
1413;50
1413;101
1413;235
1414;4
1414;13
1414;32
1414;49
1414;135
1414;201
1415;4
1415;17
1415;33
1415;67
1415;134
1415;268
1416;4
1416;10
1416;22
1416;42
1416;134
1416;168
1417;4
1417;17
1417;38
1417;50
1417;151
1417;171
1418;7
1418;10
1418;23
1418;57
1418;151
1418;201
1419;4
1419;10
1419;38
1419;75
1419;89
1419;175
1420;4
1420;12
1420;30
1420;60
1420;120
1420;240
1421;4
1421;14
1421;34
1421;50
1421;120
1421;240
1422;3
1422;15
1422;35
1422;67
1422;134
1422;168
1423;7
1423;12
1423;38
1423;40
1423;134
1423;170
1424;5
1424;14
1424;38
1424;42
1424;101
1424;167
1425;4
1425;16
1425;22
1425;44
1425;113
1425;172
1426;5
1426;11
1426;22
1426;66
1426;133
1426;229
1427;5
1427;16
1427;22
1427;43
1427;146
1427;178
1428;4
1428;12
1428;29
1428;45
1428;120
1428;180
1429;8
1429;15
1429;24
1429;50
1429;116
1429;239
1430;4
1430;19
1430;25
1430;75
1430;100
1430;231
1431;8
1431;19
1431;25
1431;76
1431;101
1431;228
1432;7
1432;19
1432;25
1432;74
1432;113
1432;227
1433;0
1433;19
1433;25
1433;77
1433;103
1433;161
1434;0
1434;19
1434;25
1434;49
1434;99
1434;202
1435;2
1435;15
1435;24
1435;50
1435;101
1435;202
1436;5
1436;18
1436;24
1436;48
1436;101
1436;201
1437;0
1437;15
1437;25
1437;51
1437;151
1437;205
1438;5
1438;15
1438;25
1438;50
1438;101
1438;202
1439;8
1439;15
1439;23
1439;45
1439;101
1439;201
1440;9
1440;15
1440;22
1440;50
1440;100
1440;204
1441;9
1441;15
1441;23
1441;45
1441;101
1441;201
1442;8
1442;15
1442;25
1442;50
1442;152
1442;201
1443;3
1443;15
1443;25
1443;50
1443;101
1443;204
1444;7
1444;15
1444;25
1444;50
1444;100
1444;203
1445;8
1445;15
1445;25
1445;50
1445;102
1445;204
1446;3
1446;15
1446;25
1446;50
1446;152
1446;200
1447;4
1447;15
1447;38
1447;50
1447;151
1447;202
1448;3
1448;15
1448;25
1448;50
1448;101
1448;201
1449;9
1449;15
1449;38
1449;50
1449;125
1449;203
1450;4
1450;15
1450;25
1450;50
1450;101
1450;200
1451;9
1451;15
1451;25
1451;50
1451;89
1451;202
1452;7
1452;15
1452;25
1452;50
1452;151
1452;202
1453;6
1453;13
1453;25
1453;50
1453;152
1453;200
1454;8
1454;12
1454;38
1454;50
1454;101
1454;200
1455;8
1455;13
1455;25
1455;50
1455;100
1455;301
1456;1
1456;13
1456;25
1456;49
1456;100
1456;174
1457;7
1457;19
1457;22
1457;44
1457;101
1457;420
1458;7
1458;14
1458;24
1458;45
1458;112
1458;183
1459;8
1459;19
1459;25
1459;45
1459;85
1459;217
1460;9
1460;17
1460;25
1460;50
1460;100
1460;217
1461;9
1461;17
1461;25
1461;45
1461;125
1461;270
1462;9
1462;17
1462;25
1462;51
1462;101
1462;339
1463;9
1463;17
1463;22
1463;55
1463;140
1463;167
1464;9
1464;17
1464;22
1464;52
1464;132
1464;208
1465;9
1465;17
1465;25
1465;50
1465;85
1465;400
1466;9
1466;17
1466;24
1466;51
1466;157
1466;218
1467;9
1467;17
1467;25
1467;67
1467;141
1467;380
1468;9
1468;17
1468;23
1468;45
1468;113
1468;317
1469;9
1469;17
1469;22
1469;44
1469;89
1469;332
1470;9
1470;17
1470;22
1470;44
1470;155
1470;333
1471;9
1471;17
1471;22
1471;45
1471;89
1471;402
1472;9
1472;19
1472;20
1472;41
1472;81
1472;445
1473;9
1473;19
1473;37
1473;56
1473;84
1473;445
1474;9
1474;19
1474;20
1474;56
1474;112
1474;170
1475;9
1475;17
1475;28
1475;45
1475;85
1475;207
1476;9
1476;17
1476;22
1476;45
1476;84
1476;170
1477;9
1477;17
1477;22
1477;45
1477;85
1477;170
1478;9
1478;10
1478;22
1478;45
1478;84
1478;170
1479;9
1479;17
1479;22
1479;45
1479;84
1479;170
1480;9
1480;10
1480;22
1480;67
1480;84
1480;170
1481;9
1481;17
1481;22
1481;67
1481;85
1481;170
1482;9
1482;10
1482;22
1482;67
1482;85
1482;170
1483;9
1483;17
1483;33
1483;67
1483;112
1483;168
1484;9
1484;10
1484;22
1484;67
1484;112
1484;171
1485;9
1485;17
1485;22
1485;56
1485;84
1485;203
1486;9
1486;10
1486;22
1486;67
1486;85
1486;170
1487;8
1487;11
1487;23
1487;44
1487;84
1487;215
1488;8
1488;17
1488;22
1488;45
1488;113
1488;170
1489;8
1489;17
1489;25
1489;45
1489;84
1489;169
1490;8
1490;17
1490;22
1490;45
1490;84
1490;270
1491;8
1491;17
1491;22
1491;45
1491;84
1491;270
1492;9
1492;17
1492;22
1492;45
1492;157
1492;169
1493;6
1493;17
1493;22
1493;56
1493;112
1493;169
1494;7
1494;17
1494;22
1494;50
1494;84
1494;169
1495;9
1495;14
1495;22
1495;45
1495;84
1495;170
1496;8
1496;16
1496;31
1496;47
1496;80
1496;228
1497;6
1497;17
1497;36
1497;50
1497;84
1497;160
1498;8
1498;19
1498;37
1498;56
1498;84
1498;170
1499;9
1499;16
1499;22
1499;45
1499;84
1499;409
1500;9
1500;17
1500;22
1500;45
1500;84
1500;501
1501;9
1501;19
1501;22
1501;43
1501;86
1501;511
1502;0
1502;17
1502;21
1502;64
1502;85
1502;169
1503;1
1503;11
1503;23
1503;68
1503;90
1503;294
1504;0
1504;11
1504;22
1504;65
1504;86
1504;173
1505;2
1505;11
1505;22
1505;45
1505;90
1505;297
1506;0
1506;11
1506;22
1506;44
1506;90
1506;228
1507;7
1507;19
1507;22
1507;43
1507;87
1507;452
1508;8
1508;11
1508;22
1508;45
1508;84
1508;385
1509;7
1509;18
1509;20
1509;50
1509;153
1509;370
1510;6
1510;18
1510;34
1510;50
1510;84
1510;424
1511;0
1511;17
1511;33
1511;50
1511;83
1511;217
1512;4
1512;17
1512;34
1512;50
1512;137
1512;170
1513;9
1513;11
1513;33
1513;50
1513;83
1513;199
1514;8
1514;11
1514;33
1514;50
1514;154
1514;470
1515;5
1515;11
1515;34
1515;50
1515;84
1515;425
1516;8
1516;12
1516;25
1516;51
1516;111
1516;442
1517;8
1517;12
1517;21
1517;42
1517;101
1517;177
1518;8
1518;13
1518;21
1518;50
1518;89
1518;201
1519;8
1519;12
1519;21
1519;42
1519;87
1519;201
1520;8
1520;13
1520;21
1520;76
1520;87
1520;201
1521;8
1521;12
1521;21
1521;42
1521;84
1521;201
1522;8
1522;13
1522;25
1522;42
1522;84
1522;169
1523;8
1523;13
1523;25
1523;42
1523;126
1523;201
1524;8
1524;17
1524;25
1524;42
1524;84
1524;169
1525;9
1525;17
1525;25
1525;42
1525;84
1525;201
1526;8
1526;17
1526;25
1526;42
1526;101
1526;169
1527;8
1527;17
1527;25
1527;42
1527;92
1527;169
1528;8
1528;17
1528;21
1528;42
1528;84
1528;169
1529;8
1529;17
1529;21
1529;50
1529;126
1529;177
1530;8
1530;17
1530;21
1530;50
1530;84
1530;169
1531;8
1531;17
1531;21
1531;50
1531;84
1531;169
1532;8
1532;17
1532;21
1532;42
1532;148
1532;169
1533;8
1533;17
1533;25
1533;50
1533;84
1533;169
1534;8
1534;17
1534;25
1534;42
1534;84
1534;169
1535;8
1535;16
1535;25
1535;50
1535;84
1535;269
1536;8
1536;15
1536;33
1536;63
1536;157
1536;201
1537;8
1537;17
1537;22
1537;62
1537;157
1537;214
1538;8
1538;16
1538;25
1538;42
1538;84
1538;201
1539;8
1539;19
1539;26
1539;68
1539;124
1539;214
1540;8
1540;11
1540;34
1540;68
1540;114
1540;201
1541;8
1541;19
1541;38
1541;75
1541;113
1541;201
1542;8
1542;19
1542;39
1542;58
1542;94
1542;217
1543;9
1543;10
1543;21
1543;43
1543;95
1543;302
1544;5
1544;11
1544;22
1544;45
1544;89
1544;234
1545;6
1545;12
1545;22
1545;45
1545;114
1545;217
1546;6
1546;12
1546;30
1546;67
1546;90
1546;180
1547;6
1547;19
1547;30
1547;51
1547;89
1547;203
1548;6
1548;19
1548;30
1548;74
1548;99
1548;160
1549;6
1549;19
1549;25
1549;76
1549;102
1549;240
1550;6
1550;12
1550;30
1550;74
1550;102
1550;180
1551;6
1551;13
1551;30
1551;74
1551;105
1551;240
1552;6
1552;13
1552;30
1552;51
1552;102
1552;307
1553;6
1553;19
1553;21
1553;74
1553;90
1553;180
1554;6
1554;15
1554;22
1554;46
1554;90
1554;453
1555;6
1555;15
1555;25
1555;51
1555;151
1555;228
1556;6
1556;15
1556;25
1556;50
1556;152
1556;441
1557;6
1557;15
1557;23
1557;45
1557;151
1557;403
1558;6
1558;15
1558;22
1558;45
1558;89
1558;400
1559;6
1559;15
1559;22
1559;44
1559;156
1559;178
1560;6
1560;15
1560;30
1560;44
1560;90
1560;177
1561;6
1561;15
1561;25
1561;50
1561;113
1561;178
1562;6
1562;15
1562;22
1562;50
1562;90
1562;178
1563;6
1563;15
1563;25
1563;50
1563;90
1563;180
1564;6
1564;15
1564;25
1564;44
1564;90
1564;180
1565;6
1565;15
1565;30
1565;45
1565;89
1565;177
1566;6
1566;13
1566;22
1566;44
1566;89
1566;180
1567;6
1567;15
1567;22
1567;50
1567;113
1567;180
1568;6
1568;12
1568;22
1568;50
1568;89
1568;180
1569;6
1569;15
1569;25
1569;50
1569;94
1569;180
1570;6
1570;15
1570;30
1570;63
1570;89
1570;180
1571;9
1571;15
1571;25
1571;76
1571;113
1571;180
1572;7
1572;14
1572;29
1572;41
1572;83
1572;165
1573;8
1573;16
1573;25
1573;50
1573;151
1573;177
1574;9
1574;10
1574;23
1574;45
1574;134
1574;426
1575;9
1575;10
1575;21
1575;45
1575;114
1575;427
1576;9
1576;10
1576;22
1576;45
1576;84
1576;183
1577;9
1577;14
1577;22
1577;50
1577;85
1577;316
1578;9
1578;19
1578;22
1578;50
1578;100
1578;276
1579;9
1579;19
1579;25
1579;51
1579;123
1579;298
1580;9
1580;10
1580;28
1580;52
1580;84
1580;300
1581;9
1581;10
1581;22
1581;45
1581;100
1581;338
1582;9
1582;10
1582;22
1582;44
1582;117
1582;183
1583;9
1583;10
1583;25
1583;50
1583;84
1583;177
1584;9
1584;10
1584;25
1584;50
1584;101
1584;200
1585;9
1585;10
1585;25
1585;50
1585;100
1585;400
1586;9
1586;10
1586;23
1586;45
1586;157
1586;383
1587;9
1587;10
1587;22
1587;45
1587;89
1587;178
1588;9
1588;10
1588;22
1588;44
1588;154
1588;331
1589;9
1589;10
1589;22
1589;44
1589;87
1589;331
1590;9
1590;19
1590;20
1590;57
1590;154
1590;331
1591;9
1591;19
1591;20
1591;42
1591;123
1591;168
1592;9
1592;10
1592;20
1592;45
1592;114
1592;172
1593;9
1593;10
1593;22
1593;45
1593;84
1593;170
1594;9
1594;10
1594;28
1594;45
1594;84
1594;170
1595;9
1595;19
1595;39
1595;59
1595;117
1595;215
1596;9
1596;10
1596;21
1596;64
1596;85
1596;453
1597;9
1597;10
1597;22
1597;67
1597;89
1597;443
1598;9
1598;10
1598;22
1598;67
1598;135
1598;442
1599;9
1599;10
1599;22
1599;45
1599;135
1599;383
1600;9
1600;19
1600;20
1600;68
1600;135
1600;379
1601;9
1601;10
1601;25
1601;50
1601;125
1601;302
1602;9
1602;10
1602;25
1602;50
1602;100
1602;301
1603;9
1603;10
1603;25
1603;50
1603;100
1603;302
1604;9
1604;10
1604;25
1604;50
1604;101
1604;374
1605;9
1605;18
1605;25
1605;50
1605;100
1605;324
1606;9
1606;18
1606;25
1606;50
1606;100
1606;451
1607;8
1607;14
1607;25
1607;51
1607;101
1607;301
1608;1
1608;16
1608;25
1608;50
1608;99
1608;300
1609;4
1609;15
1609;25
1609;50
1609;100
1609;304
1610;6
1610;14
1610;25
1610;50
1610;98
1610;398
1611;7
1611;19
1611;23
1611;46
1611;96
1611;449
1612;9
1612;19
1612;22
1612;46
1612;114
1612;387
1613;9
1613;19
1613;23
1613;47
1613;92
1613;202
1614;6
1614;19
1614;25
1614;74
1614;124
1614;222
1615;1
1615;19
1615;26
1615;77
1615;129
1615;482
1616;1
1616;16
1616;24
1616;73
1616;122
1616;219
1617;9
1617;19
1617;25
1617;77
1617;128
1617;384
1618;8
1618;19
1618;24
1618;76
1618;129
1618;162
1619;9
1619;18
1619;25
1619;50
1619;152
1619;176
1620;0
1620;17
1620;23
1620;50
1620;153
1620;225
1621;8
1621;17
1621;28
1621;57
1621;150
1621;170
1622;3
1622;19
1622;29
1622;58
1622;86
1622;172
1623;2
1623;18
1623;29
1623;59
1623;148
1623;413
1624;1
1624;15
1624;30
1624;60
1624;149
1624;418
1625;5
1625;13
1625;28
1625;59
1625;113
1625;179
1626;6
1626;13
1626;34
1626;67
1626;134
1626;403
1627;7
1627;11
1627;29
1627;68
1627;135
1627;470
1628;5
1628;16
1628;31
1628;61
1628;121
1628;390
1629;1
1629;19
1629;30
1629;59
1629;89
1629;385
1630;2
1630;19
1630;29
1630;59
1630;88
1630;236
1631;3
1631;12
1631;28
1631;56
1631;112
1631;391
1632;2
1632;19
1632;28
1632;56
1632;84
1632;390
1633;2
1633;12
1633;28
1633;57
1633;85
1633;397
1634;7
1634;18
1634;24
1634;55
1634;114
1634;165
1635;9
1635;12
1635;25
1635;50
1635;99
1635;167
1636;0
1636;12
1636;25
1636;74
1636;124
1636;200
1637;3
1637;13
1637;25
1637;76
1637;127
1637;224
1638;0
1638;12
1638;25
1638;74
1638;100
1638;199
1639;2
1639;12
1639;26
1639;76
1639;102
1639;225
1640;1
1640;13
1640;25
1640;74
1640;100
1640;226
1641;0
1641;13
1641;25
1641;76
1641;100
1641;201
1642;9
1642;13
1642;25
1642;75
1642;100
1642;225
1643;7
1643;14
1643;25
1643;50
1643;100
1643;339
1644;0
1644;14
1644;25
1644;50
1644;101
1644;225
1645;5
1645;14
1645;25
1645;49
1645;99
1645;169
1646;9
1646;14
1646;37
1646;74
1646;113
1646;226
1647;7
1647;14
1647;34
1647;56
1647;112
1647;167
1648;9
1648;14
1648;28
1648;56
1648;114
1648;170
1649;9
1649;10
1649;35
1649;56
1649;84
1649;282
1650;9
1650;15
1650;29
1650;49
1650;89
1650;180
1651;1
1651;12
1651;30
1651;75
1651;92
1651;241
1652;9
1652;13
1652;25
1652;51
1652;127
1652;180
1653;0
1653;13
1653;25
1653;50
1653;90
1653;178
1654;2
1654;11
1654;22
1654;45
1654;90
1654;178
1655;8
1655;11
1655;22
1655;45
1655;121
1655;179
1656;8
1656;19
1656;20
1656;41
1656;89
1656;208
1657;9
1657;17
1657;24
1657;68
1657;135
1657;167
1658;2
1658;17
1658;25
1658;50
1658;135
1658;272
1659;6
1659;12
1659;24
1659;51
1659;100
1659;204
1660;1
1660;12
1660;30
1660;50
1660;125
1660;206
1661;2
1661;12
1661;25
1661;50
1661;126
1661;268
1662;5
1662;17
1662;34
1662;66
1662;137
1662;207
1663;4
1663;17
1663;34
1663;67
1663;137
1663;206
1664;9
1664;10
1664;25
1664;50
1664;93
1664;198
1665;6
1665;12
1665;38
1665;73
1665;96
1665;212
1666;6
1666;13
1666;29
1666;76
1666;127
1666;215
1667;5
1667;10
1667;20
1667;76
1667;99
1667;303
1668;5
1668;11
1668;25
1668;77
1668;101
1668;224
1669;6
1669;11
1669;25
1669;75
1669;103
1669;228
1670;6
1670;12
1670;38
1670;76
1670;100
1670;187
1671;6
1671;13
1671;25
1671;76
1671;150
1671;225
1672;6
1672;14
1672;24
1672;49
1672;100
1672;226
1673;6
1673;13
1673;34
1673;75
1673;98
1673;229
1674;9
1674;13
1674;38
1674;76
1674;100
1674;228
1675;7
1675;13
1675;24
1675;50
1675;100
1675;188
1676;3
1676;11
1676;25
1676;50
1676;99
1676;269
1677;5
1677;12
1677;21
1677;50
1677;150
1677;225
1678;6
1678;12
1678;39
1678;50
1678;99
1678;240
1679;4
1679;10
1679;30
1679;50
1679;100
1679;173
1680;6
1680;17
1680;38
1680;50
1680;101
1680;224
1681;9
1681;13
1681;38
1681;50
1681;100
1681;179
1682;8
1682;10
1682;24
1682;50
1682;102
1682;178
1683;5
1683;10
1683;22
1683;44
1683;101
1683;301
1684;6
1684;13
1684;22
1684;44
1684;89
1684;447
1685;5
1685;11
1685;22
1685;50
1685;100
1685;270
1686;4
1686;14
1686;29
1686;50
1686;100
1686;239
1687;3
1687;14
1687;25
1687;50
1687;101
1687;202
1688;8
1688;12
1688;25
1688;50
1688;100
1688;172
1689;8
1689;13
1689;30
1689;50
1689;125
1689;210
1690;6
1690;15
1690;26
1690;50
1690;126
1690;172
1691;3
1691;16
1691;33
1691;50
1691;135
1691;271
1692;4
1692;16
1692;33
1692;56
1692;100
1692;203
1693;6
1693;16
1693;25
1693;57
1693;101
1693;272
1694;7
1694;10
1694;23
1694;66
1694;90
1694;168
1695;4
1695;14
1695;22
1695;68
1695;89
1695;204
1696;5
1696;10
1696;34
1696;66
1696;89
1696;202
1697;5
1697;10
1697;22
1697;45
1697;90
1697;335
1698;5
1698;10
1698;22
1698;66
1698;89
1698;337
1699;5
1699;11
1699;22
1699;67
1699;90
1699;202
1700;5
1700;11
1700;34
1700;64
1700;88
1700;213
1701;5
1701;14
1701;28
1701;45
1701;89
1701;176
1702;3
1702;15
1702;21
1702;44
1702;88
1702;169
1703;5
1703;12
1703;28
1703;49
1703;97
1703;269
1704;9
1704;13
1704;25
1704;49
1704;98
1704;168
1705;5
1705;10
1705;24
1705;49
1705;98
1705;226
1706;7
1706;10
1706;22
1706;50
1706;99
1706;167
1707;9
1707;10
1707;22
1707;50
1707;99
1707;198
1708;5
1708;10
1708;39
1708;50
1708;100
1708;338
1709;3
1709;15
1709;28
1709;49
1709;99
1709;223
1710;8
1710;19
1710;25
1710;50
1710;125
1710;226
1711;4
1711;18
1711;25
1711;50
1711;101
1711;203
1712;7
1712;13
1712;23
1712;50
1712;102
1712;179
1713;9
1713;10
1713;23
1713;45
1713;136
1713;301
1714;4
1714;10
1714;22
1714;44
1714;134
1714;173
1715;4
1715;19
1715;28
1715;50
1715;101
1715;271
1716;4
1716;14
1716;25
1716;51
1716;153
1716;252
1717;3
1717;15
1717;24
1717;50
1717;125
1717;378
1718;6
1718;10
1718;25
1718;51
1718;101
1718;359
1719;8
1719;10
1719;38
1719;50
1719;125
1719;424
1720;3
1720;16
1720;28
1720;51
1720;149
1720;168
1721;5
1721;12
1721;38
1721;50
1721;103
1721;405
1722;8
1722;16
1722;34
1722;70
1722;112
1722;203
1723;9
1723;17
1723;39
1723;75
1723;135
1723;235
1724;6
1724;11
1724;28
1724;66
1724;89
1724;171
1725;6
1725;11
1725;28
1725;44
1725;89
1725;203
1726;5
1726;11
1726;22
1726;66
1726;89
1726;335
1727;6
1727;11
1727;23
1727;66
1727;89
1727;274
1728;6
1728;11
1728;22
1728;66
1728;88
1728;200
1729;6
1729;11
1729;29
1729;45
1729;90
1729;169
1730;6
1730;17
1730;23
1730;46
1730;89
1730;168
1731;6
1731;14
1731;22
1731;44
1731;102
1731;180
1732;7
1732;13
1732;22
1732;67
1732;149
1732;231
1733;8
1733;11
1733;28
1733;49
1733;101
1733;202
1734;9
1734;12
1734;25
1734;49
1734;100
1734;201
1735;8
1735;10
1735;33
1735;50
1735;101
1735;197
1736;8
1736;10
1736;28
1736;49
1736;101
1736;170
1737;5
1737;11
1737;28
1737;50
1737;99
1737;254
1738;5
1738;12
1738;22
1738;47
1738;103
1738;172
1739;3
1739;18
1739;25
1739;74
1739;99
1739;188
1740;5
1740;15
1740;25
1740;51
1740;127
1740;202
1741;6
1741;11
1741;24
1741;50
1741;102
1741;202
1742;6
1742;11
1742;22
1742;44
1742;132
1742;181
1743;5
1743;11
1743;22
1743;44
1743;102
1743;246
1744;5
1744;11
1744;22
1744;66
1744;101
1744;167
1745;5
1745;15
1745;21
1745;66
1745;99
1745;234
1746;3
1746;14
1746;25
1746;50
1746;102
1746;404
1747;9
1747;10
1747;24
1747;45
1747;101
1747;301
1748;8
1748;14
1748;34
1748;40
1748;99
1748;201
1749;5
1749;11
1749;31
1749;66
1749;100
1749;172
1750;5
1750;11
1750;38
1750;74
1750;89
1750;179
1751;6
1751;12
1751;36
1751;77
1751;102
1751;401
1752;6
1752;12
1752;24
1752;73
1752;101
1752;200
1753;6
1753;10
1753;29
1753;75
1753;126
1753;200
1754;8
1754;13
1754;25
1754;73
1754;100
1754;176
1755;8
1755;13
1755;25
1755;67
1755;101
1755;302
1756;8
1756;13
1756;25
1756;67
1756;126
1756;301
1757;8
1757;13
1757;22
1757;67
1757;98
1757;301
1758;8
1758;13
1758;25
1758;59
1758;119
1758;237
1759;8
1759;13
1759;25
1759;59
1759;130
1759;416
1760;4
1760;15
1760;20
1760;61
1760;85
1760;179
1761;3
1761;15
1761;28
1761;58
1761;116
1761;282
1762;9
1762;15
1762;28
1762;60
1762;112
1762;281
1763;8
1763;12
1763;21
1763;62
1763;113
1763;169
1764;6
1764;11
1764;20
1764;64
1764;113
1764;335
1765;8
1765;10
1765;21
1765;63
1765;112
1765;196
1766;4
1766;13
1766;23
1766;67
1766;84
1766;235
1767;4
1767;16
1767;36
1767;41
1767;105
1767;169
1768;4
1768;13
1768;21
1768;50
1768;100
1768;181
1769;7
1769;13
1769;22
1769;49
1769;127
1769;174
1770;4
1770;13
1770;25
1770;50
1770;151
1770;180
1771;7
1771;13
1771;23
1771;46
1771;139
1771;178
1772;4
1772;13
1772;23
1772;45
1772;128
1772;167
1773;6
1773;11
1773;22
1773;44
1773;142
1773;170
1774;5
1774;11
1774;22
1774;64
1774;85
1774;302
1775;6
1775;14
1775;25
1775;64
1775;85
1775;170
1776;7
1776;14
1776;23
1776;63
1776;127
1776;208
1777;4
1777;10
1777;25
1777;50
1777;85
1777;209
1778;8
1778;11
1778;22
1778;60
1778;100
1778;167
1779;6
1779;11
1779;23
1779;60
1779;134
1779;334
1780;5
1780;16
1780;22
1780;67
1780;134
1780;224
1781;5
1781;11
1781;34
1781;67
1781;134
1781;169
1782;8
1782;12
1782;22
1782;73
1782;96
1782;234
1783;6
1783;13
1783;30
1783;75
1783;82
1783;218
1784;6
1784;12
1784;30
1784;76
1784;89
1784;189
1785;5
1785;10
1785;30
1785;74
1785;99
1785;225
1786;6
1786;11
1786;38
1786;47
1786;89
1786;304
1787;6
1787;11
1787;30
1787;74
1787;100
1787;228
1788;6
1788;12
1788;25
1788;76
1788;121
1788;226
1789;6
1789;19
1789;25
1789;50
1789;86
1789;229
1790;3
1790;14
1790;37
1790;50
1790;149
1790;305
1791;8
1791;13
1791;25
1791;50
1791;149
1791;238
1792;9
1792;19
1792;25
1792;50
1792;144
1792;173
1793;8
1793;12
1793;22
1793;75
1793;100
1793;226
1794;8
1794;10
1794;30
1794;50
1794;100
1794;225
1795;8
1795;12
1795;22
1795;50
1795;100
1795;179
1796;6
1796;13
1796;25
1796;50
1796;100
1796;240
1797;9
1797;10
1797;39
1797;50
1797;98
1797;174
1798;3
1798;18
1798;25
1798;74
1798;119
1798;222
1799;5
1799;10
1799;25
1799;50
1799;89
1799;239
1800;5
1800;12
1800;24
1800;50
1800;100
1800;172
1801;7
1801;12
1801;22
1801;44
1801;139
1801;180
1802;6
1802;13
1802;22
1802;44
1802;141
1802;394
1803;3
1803;19
1803;20
1803;50
1803;135
1803;270
1804;5
1804;15
1804;30
1804;50
1804;100
1804;275
1805;3
1805;15
1805;25
1805;50
1805;150
1805;211
1806;9
1806;10
1806;25
1806;50
1806;120
1806;180
1807;6
1807;13
1807;30
1807;51
1807;150
1807;211
1808;6
1808;16
1808;34
1808;50
1808;126
1808;204
1809;3
1809;16
1809;25
1809;44
1809;133
1809;236
1810;7
1810;15
1810;22
1810;45
1810;111
1810;204
1811;8
1811;18
1811;33
1811;45
1811;136
1811;167
1812;6
1812;10
1812;28
1812;45
1812;89
1812;271
1813;5
1813;10
1813;28
1813;46
1813;92
1813;167
1814;5
1814;10
1814;22
1814;67
1814;84
1814;364
1815;5
1815;10
1815;22
1815;67
1815;84
1815;207
1816;5
1816;10
1816;28
1816;66
1816;135
1816;203
1817;5
1817;10
1817;28
1817;67
1817;84
1817;205
1818;5
1818;11
1818;22
1818;67
1818;87
1818;169
1819;4
1819;14
1819;23
1819;45
1819;89
1819;160
1820;3
1820;15
1820;22
1820;68
1820;137
1820;229
1821;9
1821;14
1821;29
1821;64
1821;98
1821;202
1822;9
1822;13
1822;24
1822;46
1822;138
1822;201
1823;6
1823;11
1823;22
1823;44
1823;99
1823;167
1824;8
1824;12
1824;23
1824;49
1824;136
1824;167
1825;5
1825;10
1825;23
1825;50
1825;100
1825;197
1826;5
1826;10
1826;37
1826;47
1826;84
1826;172
1827;3
1827;19
1827;28
1827;50
1827;100
1827;263
1828;6
1828;13
1828;22
1828;58
1828;127
1828;454
1829;4
1829;14
1829;24
1829;49
1829;143
1829;171
1830;9
1830;10
1830;23
1830;46
1830;139
1830;166
1831;5
1831;10
1831;23
1831;45
1831;141
1831;169
1832;5
1832;10
1832;22
1832;44
1832;141
1832;170
1833;9
1833;10
1833;28
1833;50
1833;100
1833;234
1834;4
1834;14
1834;25
1834;50
1834;148
1834;225
1835;9
1835;15
1835;23
1835;60
1835;150
1835;210
1836;6
1836;13
1836;33
1836;50
1836;126
1836;403
1837;8
1837;13
1837;30
1837;51
1837;127
1837;431
1838;5
1838;10
1838;25
1838;44
1838;127
1838;203
1839;5
1839;10
1839;25
1839;45
1839;135
1839;167
1840;4
1840;16
1840;28
1840;45
1840;83
1840;203
1841;9
1841;10
1841;23
1841;68
1841;86
1841;168
1842;8
1842;11
1842;28
1842;66
1842;85
1842;201
1843;5
1843;11
1843;28
1843;67
1843;137
1843;204
1844;5
1844;17
1844;22
1844;67
1844;87
1844;236
1845;6
1845;11
1845;28
1845;66
1845;91
1845;167
1846;6
1846;11
1846;22
1846;66
1846;88
1846;203
1847;6
1847;11
1847;22
1847;66
1847;91
1847;202
1848;6
1848;11
1848;20
1848;46
1848;126
1848;206
1849;4
1849;15
1849;22
1849;44
1849;124
1849;201
1850;9
1850;13
1850;30
1850;49
1850;127
1850;168
1851;5
1851;13
1851;28
1851;50
1851;124
1851;173
1852;9
1852;10
1852;25
1852;75
1852;126
1852;171
1853;8
1853;10
1853;28
1853;74
1853;99
1853;174
1854;7
1854;12
1854;22
1854;50
1854;149
1854;198
1855;6
1855;11
1855;23
1855;50
1855;100
1855;339
1856;6
1856;14
1856;25
1856;50
1856;101
1856;297
1857;3
1857;12
1857;25
1857;57
1857;115
1857;173
1858;9
1858;10
1858;25
1858;57
1858;126
1858;229
1859;6
1859;12
1859;23
1859;58
1859;116
1859;175
1860;8
1860;11
1860;23
1860;45
1860;137
1860;181
1861;5
1861;11
1861;22
1861;44
1861;143
1861;246
1862;5
1862;11
1862;22
1862;68
1862;91
1862;268
1863;7
1863;15
1863;24
1863;68
1863;90
1863;498
1864;3
1864;15
1864;25
1864;51
1864;142
1864;198
1865;6
1865;10
1865;25
1865;60
1865;90
1865;481
1866;8
1866;11
1866;32
1866;57
1866;117
1866;180
1867;6
1867;13
1867;36
1867;67
1867;112
1867;251
1868;6
1868;12
1868;25
1868;73
1868;84
1868;225
1869;6
1869;13
1869;38
1869;76
1869;86
1869;275
1870;8
1870;12
1870;24
1870;74
1870;88
1870;200
1871;6
1871;11
1871;21
1871;50
1871;89
1871;249
1872;4
1872;15
1872;21
1872;50
1872;90
1872;201
1873;4
1873;17
1873;21
1873;51
1873;90
1873;179
1874;4
1874;19
1874;26
1874;73
1874;89
1874;169
1875;4
1875;12
1875;25
1875;52
1875;120
1875;413
1876;4
1876;13
1876;25
1876;49
1876;120
1876;170
1877;4
1877;15
1877;21
1877;49
1877;90
1877;167
1878;4
1878;14
1878;25
1878;60
1878;119
1878;268
1879;8
1879;13
1879;25
1879;60
1879;120
1879;282
1880;7
1880;15
1880;21
1880;59
1880;84
1880;169
1881;9
1881;12
1881;25
1881;60
1881;120
1881;225
1882;7
1882;11
1882;25
1882;59
1882;148
1882;227
1883;7
1883;12
1883;25
1883;60
1883;149
1883;200
1884;8
1884;12
1884;22
1884;60
1884;149
1884;170
1885;5
1885;12
1885;24
1885;60
1885;148
1885;201
1886;3
1886;17
1886;25
1886;61
1886;134
1886;167
1887;9
1887;12
1887;22
1887;59
1887;148
1887;166
1888;8
1888;12
1888;38
1888;60
1888;151
1888;226
1889;6
1889;14
1889;22
1889;62
1889;151
1889;169
1890;9
1890;10
1890;38
1890;70
1890;119
1890;180
1891;6
1891;11
1891;30
1891;74
1891;118
1891;180
1892;6
1892;11
1892;30
1892;76
1892;151
1892;178
1893;6
1893;12
1893;33
1893;77
1893;80
1893;201
1894;7
1894;14
1894;20
1894;76
1894;136
1894;201
1895;5
1895;11
1895;33
1895;75
1895;134
1895;201
1896;8
1896;17
1896;39
1896;76
1896;99
1896;201
1897;6
1897;11
1897;22
1897;75
1897;103
1897;227
1898;4
1898;16
1898;23
1898;75
1898;104
1898;176
1899;4
1899;12
1899;37
1899;59
1899;147
1899;180
1900;7
1900;10
1900;30
1900;58
1900;113
1900;240
1901;6
1901;12
1901;38
1901;75
1901;113
1901;175
1902;5
1902;10
1902;29
1902;76
1902;151
1902;229
1903;4
1903;10
1903;28
1903;76
1903;149
1903;228
1904;6
1904;11
1904;22
1904;57
1904;152
1904;227
1905;6
1905;13
1905;33
1905;76
1905;152
1905;225
1906;6
1906;13
1906;38
1906;76
1906;152
1906;227
1907;6
1907;15
1907;25
1907;75
1907;152
1907;252
1908;6
1908;15
1908;34
1908;50
1908;102
1908;227
1909;5
1909;15
1909;25
1909;50
1909;85
1909;301
1910;4
1910;13
1910;25
1910;67
1910;85
1910;225
1911;6
1911;10
1911;25
1911;50
1911;100
1911;203
1912;7
1912;10
1912;30
1912;67
1912;100
1912;203
1913;6
1913;12
1913;25
1913;50
1913;151
1913;203
1914;6
1914;13
1914;25
1914;51
1914;151
1914;254
1915;4
1915;16
1915;29
1915;50
1915;151
1915;178
1916;7
1916;19
1916;29
1916;59
1916;151
1916;177
1917;5
1917;14
1917;33
1917;75
1917;151
1917;336
1918;9
1918;10
1918;25
1918;50
1918;100
1918;178
1919;5
1919;12
1919;38
1919;59
1919;152
1919;481
1920;6
1920;13
1920;25
1920;50
1920;152
1920;201
1921;7
1921;13
1921;25
1921;50
1921;135
1921;203
1922;6
1922;14
1922;25
1922;50
1922;89
1922;240
1923;3
1923;15
1923;30
1923;50
1923;100
1923;240
1924;6
1924;13
1924;30
1924;44
1924;120
1924;180
1925;6
1925;13
1925;25
1925;49
1925;90
1925;210
1926;7
1926;16
1926;30
1926;59
1926;92
1926;180
1927;7
1927;16
1927;30
1927;77
1927;94
1927;179
1928;3
1928;15
1928;30
1928;42
1928;134
1928;236
1929;7
1929;14
1929;21
1929;66
1929;99
1929;170
1930;9
1930;10
1930;23
1930;67
1930;134
1930;285
1931;9
1931;10
1931;28
1931;56
1931;100
1931;170
1932;5
1932;10
1932;28
1932;67
1932;101
1932;283
1933;5
1933;10
1933;29
1933;57
1933;101
1933;172
1934;5
1934;10
1934;28
1934;57
1934;113
1934;226
1935;5
1935;10
1935;28
1935;59
1935;113
1935;169
1936;5
1936;10
1936;28
1936;61
1936;114
1936;228
1937;5
1937;14
1937;30
1937;61
1937;89
1937;226
1938;3
1938;14
1938;29
1938;60
1938;89
1938;170
1939;8
1939;19
1939;29
1939;59
1939;90
1939;170
1940;9
1940;10
1940;28
1940;59
1940;89
1940;169
1941;6
1941;13
1941;29
1941;59
1941;113
1941;284
1942;9
1942;13
1942;28
1942;59
1942;114
1942;171
1943;9
1943;10
1943;23
1943;60
1943;113
1943;169
1944;5
1944;10
1944;29
1944;59
1944;114
1944;285
1945;3
1945;14
1945;28
1945;59
1945;113
1945;169
1946;7
1946;15
1946;28
1946;60
1946;150
1946;169
1947;8
1947;19
1947;25
1947;41
1947;113
1947;168
1948;7
1948;10
1948;23
1948;55
1948;113
1948;179
1949;9
1949;10
1949;28
1949;57
1949;113
1949;169
1950;4
1950;10
1950;24
1950;58
1950;85
1950;169
1951;4
1951;19
1951;22
1951;59
1951;113
1951;169
1952;4
1952;15
1952;28
1952;57
1952;113
1952;169
1953;9
1953;10
1953;29
1953;56
1953;140
1953;169
1954;6
1954;10
1954;38
1954;56
1954;90
1954;168
1955;9
1955;17
1955;30
1955;45
1955;119
1955;180
1956;3
1956;16
1956;30
1956;61
1956;82
1956;180
1957;8
1957;15
1957;30
1957;62
1957;120
1957;180
1958;4
1958;14
1958;34
1958;66
1958;87
1958;180
1959;5
1959;10
1959;22
1959;67
1959;89
1959;202
1960;6
1960;11
1960;28
1960;67
1960;100
1960;179
1961;6
1961;17
1961;34
1961;66
1961;134
1961;179
1962;6
1962;17
1962;22
1962;50
1962;101
1962;181
1963;6
1963;11
1963;30
1963;44
1963;150
1963;183
1964;6
1964;11
1964;29
1964;66
1964;89
1964;179
1965;6
1965;11
1965;30
1965;67
1965;90
1965;179
1966;6
1966;14
1966;30
1966;45
1966;90
1966;177
1967;3
1967;15
1967;38
1967;67
1967;150
1967;180
1968;5
1968;13
1968;23
1968;46
1968;91
1968;180
1969;9
1969;13
1969;22
1969;60
1969;134
1969;180
1970;7
1970;10
1970;22
1970;45
1970;90
1970;181
1971;8
1971;10
1971;22
1971;45
1971;91
1971;168
1972;5
1972;11
1972;22
1972;44
1972;90
1972;270
1973;5
1973;11
1973;22
1973;45
1973;90
1973;324
1974;4
1974;14
1974;28
1974;44
1974;90
1974;170
1975;7
1975;17
1975;28
1975;44
1975;132
1975;307
1976;5
1976;17
1976;28
1976;56
1976;141
1976;170
1977;9
1977;17
1977;28
1977;56
1977;89
1977;167
1978;6
1978;11
1978;28
1978;56
1978;89
1978;181
1979;6
1979;11
1979;28
1979;45
1979;134
1979;173
1980;5
1980;17
1980;28
1980;56
1980;100
1980;270
1981;6
1981;14
1981;28
1981;60
1981;133
1981;175
1982;3
1982;13
1982;30
1982;60
1982;89
1982;225
1983;5
1983;13
1983;30
1983;60
1983;89
1983;181
1984;7
1984;11
1984;34
1984;50
1984;101
1984;179
1985;5
1985;11
1985;25
1985;73
1985;82
1985;201
1986;6
1986;16
1986;34
1986;68
1986;134
1986;200
1987;6
1987;12
1987;31
1987;76
1987;90
1987;248
1988;6
1988;12
1988;32
1988;75
1988;111
1988;171
1989;8
1989;12
1989;32
1989;76
1989;114
1989;170
1990;8
1990;12
1990;22
1990;50
1990;114
1990;225
1991;4
1991;12
1991;21
1991;76
1991;87
1991;167
1992;4
1992;13
1992;21
1992;75
1992;90
1992;253
1993;4
1993;16
1993;21
1993;63
1993;85
1993;200
1994;4
1994;15
1994;21
1994;74
1994;111
1994;169
1995;4
1995;13
1995;21
1995;50
1995;85
1995;169
1996;4
1996;14
1996;21
1996;50
1996;85
1996;176
1997;3
1997;14
1997;38
1997;75
1997;151
1997;176
1998;9
1998;18
1998;37
1998;67
1998;112
1998;168
1999;9
1999;13
1999;38
1999;75
1999;113
1999;164
2000;6
2000;11
2000;38
2000;75
2000;151
2000;169
2001;9
2001;12
2001;22
2001;50
2001;150
2001;168
2002;8
2002;10
2002;25
2002;76
2002;100
2002;176
2003;4
2003;12
2003;25
2003;76
2003;126
2003;176
2004;9
2004;17
2004;33
2004;50
2004;134
2004;268
2005;8
2005;13
2005;33
2005;67
2005;134
2005;180
2006;8
2006;12
2006;34
2006;75
2006;151
2006;181
2007;7
2007;10
2007;23
2007;75
2007;119
2007;240
2008;5
2008;14
2008;29
2008;66
2008;121
2008;242
2009;6
2009;11
2009;30
2009;60
2009;120
2009;240
2010;5
2010;15
2010;30
2010;61
2010;120
2010;240
2011;6
2011;14
2011;34
2011;67
2011;134
2011;201
2012;8
2012;13
2012;20
2012;67
2012;134
2012;201
2013;8
2013;11
2013;21
2013;68
2013;135
2013;201
2014;6
2014;11
2014;28
2014;66
2014;101
2014;171
2015;6
2015;11
2015;34
2015;57
2015;85
2015;229
2016;4
2016;11
2016;29
2016;68
2016;85
2016;177
2017;7
2017;11
2017;30
2017;45
2017;111
2017;180
2018;5
2018;11
2018;34
2018;50
2018;113
2018;201
2019;6
2019;12
2019;29
2019;75
2019;112
2019;231
2020;9
2020;10
2020;38
2020;50
2020;114
2020;228
2021;9
2021;10
2021;31
2021;49
2021;150
2021;227
2022;6
2022;11
2022;28
2022;50
2022;100
2022;251
2023;5
2023;12
2023;25
2023;50
2023;152
2023;200
2024;6
2024;12
2024;37
2024;51
2024;101
2024;202
2025;5
2025;14
2025;33
2025;76
2025;151
2025;199
2026;3
2026;14
2026;34
2026;51
2026;88
2026;205
2027;4
2027;16
2027;25
2027;50
2027;84
2027;200
2028;9
2028;19
2028;37
2028;51
2028;101
2028;201
2029;7
2029;10
2029;30
2029;50
2029;100
2029;204
2030;8
2030;19
2030;25
2030;50
2030;150
2030;201
2031;6
2031;12
2031;38
2031;50
2031;149
2031;201
2032;5
2032;13
2032;25
2032;50
2032;151
2032;203
2033;3
2033;16
2033;38
2033;50
2033;149
2033;176
2034;8
2034;13
2034;25
2034;50
2034;113
2034;202
2035;5
2035;18
2035;27
2035;50
2035;152
2035;203
2036;7
2036;13
2036;22
2036;75
2036;151
2036;201
2037;8
2037;13
2037;25
2037;50
2037;151
2037;251
2038;7
2038;13
2038;38
2038;50
2038;125
2038;203
2039;3
2039;13
2039;38
2039;50
2039;152
2039;271
2040;4
2040;14
2040;25
2040;50
2040;150
2040;174
2041;3
2041;15
2041;25
2041;50
2041;100
2041;166
2042;6
2042;11
2042;25
2042;50
2042;118
2042;179
2043;6
2043;13
2043;25
2043;49
2043;89
2043;243
2044;3
2044;16
2044;31
2044;57
2044;119
2044;179
2045;4
2045;16
2045;30
2045;58
2045;119
2045;180
2046;4
2046;16
2046;33
2046;60
2046;119
2046;180
2047;8
2047;12
2047;34
2047;60
2047;100
2047;179
2048;5
2048;10
2048;33
2048;60
2048;134
2048;170
2049;5
2049;10
2049;34
2049;56
2049;100
2049;170
2050;5
2050;10
2050;38
2050;57
2050;134
2050;170
2051;5
2051;10
2051;37
2051;57
2051;100
2051;170
2052;5
2052;10
2052;28
2052;56
2052;113
2052;178
2053;5
2053;10
2053;33
2053;57
2053;100
2053;201
2054;5
2054;10
2054;34
2054;57
2054;115
2054;173
2055;4
2055;14
2055;28
2055;60
2055;90
2055;169
2056;4
2056;14
2056;28
2056;57
2056;118
2056;170
2057;7
2057;15
2057;29
2057;56
2057;119
2057;171
2058;9
2058;10
2058;29
2058;59
2058;100
2058;169
2059;6
2059;11
2059;28
2059;57
2059;114
2059;167
2060;9
2060;10
2060;28
2060;57
2060;113
2060;169
2061;5
2061;10
2061;28
2061;57
2061;86
2061;169
2062;5
2062;10
2062;28
2062;57
2062;111
2062;171
2063;3
2063;19
2063;33
2063;56
2063;113
2063;169
2064;7
2064;13
2064;33
2064;45
2064;114
2064;181
2065;9
2065;19
2065;23
2065;48
2065;100
2065;196
2066;5
2066;11
2066;28
2066;57
2066;120
2066;442
2067;5
2067;10
2067;29
2067;58
2067;100
2067;169
2068;9
2068;19
2068;28
2068;57
2068;100
2068;202
2069;9
2069;14
2069;28
2069;56
2069;100
2069;264
2070;3
2070;14
2070;28
2070;42
2070;113
2070;169
2071;9
2071;10
2071;23
2071;43
2071;135
2071;169
2072;8
2072;13
2072;22
2072;45
2072;91
2072;301
2073;6
2073;16
2073;28
2073;60
2073;95
2073;180
2074;5
2074;16
2074;34
2074;61
2074;83
2074;180
2075;4
2075;10
2075;30
2075;67
2075;88
2075;180
2076;7
2076;16
2076;30
2076;66
2076;88
2076;180
2077;5
2077;10
2077;22
2077;67
2077;100
2077;166
2078;5
2078;17
2078;38
2078;67
2078;134
2078;179
2079;5
2079;17
2079;38
2079;68
2079;100
2079;182
2080;6
2080;11
2080;22
2080;45
2080;91
2080;182
2081;6
2081;11
2081;30
2081;60
2081;90
2081;179
2082;6
2082;11
2082;30
2082;67
2082;148
2082;178
2083;6
2083;11
2083;30
2083;45
2083;91
2083;179
2084;6
2084;14
2084;22
2084;59
2084;149
2084;178
2085;3
2085;15
2085;22
2085;59
2085;149
2085;178
2086;5
2086;13
2086;22
2086;60
2086;90
2086;239
2087;9
2087;18
2087;29
2087;59
2087;89
2087;178
2088;5
2088;13
2088;34
2088;44
2088;142
2088;185
2089;8
2089;15
2089;34
2089;45
2089;112
2089;180
2090;6
2090;11
2090;22
2090;45
2090;91
2090;185
2091;6
2091;11
2091;23
2091;69
2091;114
2091;186
2092;4
2092;15
2092;26
2092;52
2092;89
2092;179
2093;8
2093;11
2093;28
2093;57
2093;85
2093;179
2094;5
2094;19
2094;28
2094;56
2094;90
2094;184
2095;9
2095;10
2095;29
2095;57
2095;85
2095;226
2096;6
2096;11
2096;29
2096;57
2096;118
2096;185
2097;6
2097;11
2097;23
2097;45
2097;117
2097;203
2098;5
2098;11
2098;22
2098;50
2098;158
2098;225
2099;4
2099;14
2099;25
2099;45
2099;90
2099;225
2100;6
2100;15
2100;25
2100;51
2100;126
2100;179
2101;6
2101;11
2101;25
2101;50
2101;125
2101;179
2102;3
2102;11
2102;24
2102;43
2102;87
2102;172
2103;6
2103;12
2103;38
2103;45
2103;134
2103;181
2104;6
2104;11
2104;25
2104;75
2104;100
2104;180
2105;8
2105;12
2105;26
2105;76
2105;127
2105;177
2106;9
2106;10
2106;23
2106;74
2106;123
2106;223
2107;6
2107;12
2107;25
2107;77
2107;100
2107;212
2108;8
2108;12
2108;25
2108;74
2108;123
2108;200
2109;8
2109;19
2109;25
2109;77
2109;127
2109;168
2110;8
2110;12
2110;21
2110;74
2110;123
2110;202
2111;8
2111;13
2111;21
2111;50
2111;127
2111;294
2112;8
2112;13
2112;25
2112;76
2112;127
2112;177
2113;4
2113;13
2113;22
2113;50
2113;84
2113;211
2114;3
2114;14
2114;26
2114;51
2114;125
2114;197
2115;6
2115;14
2115;28
2115;56
2115;149
2115;165
2116;9
2116;13
2116;28
2116;67
2116;158
2116;169
2117;7
2117;10
2117;20
2117;45
2117;113
2117;225
2118;8
2118;11
2118;25
2118;56
2118;84
2118;168
2119;4
2119;15
2119;25
2119;67
2119;84
2119;168
2120;4
2120;12
2120;36
2120;45
2120;114
2120;170
2121;3
2121;19
2121;38
2121;50
2121;102
2121;486
2122;3
2122;12
2122;25
2122;75
2122;100
2122;497
2123;1
2123;13
2123;25
2123;50
2123;124
2123;223
2124;0
2124;13
2124;24
2124;43
2124;126
2124;173
2125;0
2125;18
2125;22
2125;45
2125;134
2125;382
2126;0
2126;12
2126;22
2126;45
2126;112
2126;379
2127;9
2127;19
2127;21
2127;42
2127;158
2127;391
2128;8
2128;18
2128;24
2128;44
2128;149
2128;289
2129;8
2129;13
2129;25
2129;49
2129;148
2129;396
2130;3
2130;12
2130;24
2130;51
2130;110
2130;379
2131;8
2131;12
2131;30
2131;50
2131;125
2131;228
2132;2
2132;13
2132;30
2132;50
2132;125
2132;448
2133;8
2133;13
2133;27
2133;55
2133;82
2133;427
2134;5
2134;19
2134;25
2134;51
2134;125
2134;225
2135;6
2135;19
2135;26
2135;50
2135;125
2135;470
2136;7
2136;19
2136;25
2136;50
2136;125
2136;375
2137;5
2137;12
2137;25
2137;51
2137;125
2137;289
2138;8
2138;19
2138;25
2138;50
2138;125
2138;226
2139;8
2139;19
2139;25
2139;50
2139;125
2139;176
2140;9
2140;13
2140;26
2140;50
2140;125
2140;227
2141;9
2141;13
2141;25
2141;50
2141;125
2141;226
2142;9
2142;19
2142;26
2142;50
2142;125
2142;226
2143;1
2143;12
2143;25
2143;51
2143;100
2143;175
2144;4
2144;13
2144;25
2144;50
2144;126
2144;160
2145;9
2145;13
2145;25
2145;51
2145;125
2145;274
2146;2
2146;19
2146;27
2146;51
2146;125
2146;182
2153;0
2153;19
2153;39
2153;40
2153;114
2153;259
2154;6
2154;14
2154;21
2154;67
2154;82
2154;173
2155;5
2155;18
2155;34
2155;41
2155;106
2155;174
2156;5
2156;13
2156;27
2156;43
2156;92
2156;174
2157;5
2157;11
2157;20
2157;73
2157;116
2157;163
2158;6
2158;14
2158;29
2158;47
2158;112
2158;267
2159;6
2159;17
2159;39
2159;48
2159;110
2159;178
2160;7
2160;10
2160;39
2160;40
2160;87
2160;187
2161;5
2161;11
2161;29
2161;52
2161;102
2161;166
2162;5
2162;10
2162;27
2162;73
2162;81
2162;169
2163;8
2163;10
2163;27
2163;49
2163;108
2163;170
2164;6
2164;11
2164;27
2164;49
2164;87
2164;178
2165;6
2165;19
2165;22
2165;55
2165;81
2165;185
2166;6
2166;19
2166;31
2166;60
2166;109
2166;172
2167;9
2167;18
2167;22
2167;49
2167;132
2167;177
2168;6
2168;16
2168;24
2168;77
2168;91
2168;165
2169;7
2169;19
2169;22
2169;50
2169;82
2169;222
2170;6
2170;10
2170;27
2170;58
2170;114
2170;175
2171;5
2171;17
2171;21
2171;53
2171;107
2171;178
2172;5
2172;18
2172;29
2172;54
2172;98
2172;164
2173;5
2173;18
2173;25
2173;57
2173;88
2173;162
2174;7
2174;10
2174;25
2174;54
2174;81
2174;175
2175;5
2175;10
2175;22
2175;75
2175;127
2175;176
2176;7
2176;10
2176;26
2176;54
2176;80
2176;180
2177;6
2177;10
2177;39
2177;76
2177;81
2177;164
2178;8
2178;11
2178;25
2178;44
2178;95
2178;192
2179;6
2179;19
2179;38
2179;44
2179;109
2179;190
2180;8
2180;10
2180;24
2180;44
2180;80
2180;160
2181;7
2181;11
2181;32
2181;42
2181;81
2181;174
2182;7
2182;10
2182;32
2182;42
2182;99
2182;185
2183;5
2183;19
2183;36
2183;44
2183;91
2183;186
2184;8
2184;13
2184;36
2184;57
2184;101
2184;161
2185;6
2185;15
2185;25
2185;44
2185;96
2185;171
2186;6
2186;16
2186;36
2186;46
2186;82
2186;160
2187;9
2187;14
2187;35
2187;52
2187;98
2187;167
2188;8
2188;15
2188;24
2188;51
2188;83
2188;160
2189;6
2189;13
2189;39
2189;40
2189;106
2189;160
2190;9
2190;10
2190;29
2190;54
2190;108
2190;167
2191;8
2191;10
2191;34
2191;52
2191;105
2191;173
2192;5
2192;11
2192;25
2192;46
2192;110
2192;179
2193;6
2193;10
2193;21
2193;44
2193;80
2193;170
2194;9
2194;15
2194;25
2194;62
2194;87
2194;169
2195;9
2195;13
2195;27
2195;58
2195;102
2195;179
2196;8
2196;14
2196;32
2196;54
2196;111
2196;160
2197;5
2197;12
2197;29
2197;64
2197;112
2197;163
2198;5
2198;12
2198;36
2198;52
2198;80
2198;171
2199;7
2199;10
2199;22
2199;52
2199;133
2199;194
2200;0
2200;14
2200;20
2200;40
2200;89
2200;161
2201;0
2201;17
2201;25
2201;41
2201;103
2201;162
