0;8
0;19
0;26
0;52
0;92
0;248
1;9
1;13
1;27
1;77
1;109
1;395
2;9
2;18
2;26
2;56
2;141
2;382
3;8
3;13
3;20
3;79
3;83
3;249
4;8
4;15
4;26
4;56
4;92
4;466
5;9
5;17
5;26
5;51
5;111
5;228
6;9
6;10
6;26
6;53
6;136
6;262
7;8
7;13
7;36
7;49
7;96
7;213
8;8
8;13
8;37
8;53
8;96
8;178
9;8
9;16
9;33
9;53
9;91
9;368
10;8
10;16
10;26
10;53
10;120
10;302
11;9
11;19
11;32
11;56
11;95
11;304
12;9
12;13
12;38
12;49
12;94
12;304
13;8
13;19
13;39
13;40
13;139
13;346
14;1
14;17
14;20
14;40
14;139
14;160
15;6
15;17
15;39
15;40
15;139
15;186
16;3
16;17
16;39
16;40
16;80
16;160
17;2
17;17
17;30
17;40
17;114
17;191
18;9
18;17
18;30
18;40
18;114
18;191
19;9
19;17
19;30
19;40
19;114
19;190
20;2
20;17
20;31
20;40
20;121
20;380
21;8
21;17
21;38
21;76
21;113
21;384
22;9
22;17
22;38
22;40
22;113
22;303
23;4
23;17
23;30
23;75
23;119
23;188
24;9
24;17
24;30
24;75
24;113
24;180
25;9
25;17
25;37
25;40
25;113
25;188
26;9
26;18
26;30
26;40
26;114
26;189
27;4
27;19
27;20
27;40
27;140
27;161
28;1
28;17
28;20
28;40
28;139
28;160
29;1
29;17
29;39
29;40
29;140
29;160
30;5
30;17
30;30
30;40
30;113
30;305
31;5
31;17
31;30
31;40
31;114
31;190
32;6
32;17
32;30
32;40
32;113
32;190
33;1
33;17
33;30
33;40
33;113
33;189
34;7
34;17
34;30
34;40
34;119
34;359
35;9
35;17
35;30
35;40
35;112
35;379
36;9
36;17
36;30
36;75
36;113
36;189
37;9
37;18
37;30
37;75
37;113
37;175
38;9
38;17
38;30
38;40
38;113
38;189
39;9
39;19
39;30
39;40
39;114
39;190
40;6
40;19
40;20
40;40
40;80
40;161
41;1
41;19
41;20
41;40
41;139
41;160
42;8
42;19
42;39
42;40
42;139
42;160
43;9
43;19
43;39
43;40
43;139
43;412
44;5
44;12
44;28
44;40
44;101
44;410
45;6
45;19
45;28
45;40
45;101
45;203
46;5
46;19
46;34
46;40
46;101
46;203
47;9
47;19
47;28
47;40
47;112
47;313
48;9
48;19
48;28
48;40
48;154
48;246
49;0
49;18
49;28
49;40
49;100
49;268
50;6
50;14
50;33
50;40
50;134
50;410
51;1
51;18
51;37
51;56
51;94
51;320
52;7
52;19
52;38
52;57
52;151
52;170
53;9
53;19
53;38
53;57
53;151
53;321
54;3
54;19
54;34
54;56
54;148
54;314
55;6
55;17
55;34
55;40
55;146
55;311
56;3
56;18
56;28
56;40
56;126
56;290
57;6
57;18
57;33
57;40
57;100
57;408
58;1
58;11
58;38
58;40
58;114
58;190
59;3
59;11
59;38
59;40
59;114
59;229
60;9
60;19
60;39
60;40
60;150
60;479
61;9
61;12
61;38
61;40
61;141
61;342
62;8
62;19
62;33
62;40
62;141
62;255
63;9
63;15
63;30
63;44
63;154
63;219
64;2
64;15
64;29
64;44
64;148
64;162
65;4
65;15
65;29
65;42
65;150
65;240
66;6
66;15
66;29
66;58
66;147
66;233
67;7
67;15
67;20
67;45
67;135
67;241
68;2
68;13
68;22
68;45
68;157
68;179
69;0
69;15
69;22
69;44
69;156
69;178
70;0
70;15
70;22
70;44
70;84
70;380
71;7
71;15
71;28
71;75
71;84
71;188
72;9
72;15
72;28
72;75
72;84
72;189
73;1
73;15
73;28
73;75
73;84
73;189
74;9
74;14
74;28
74;55
74;116
74;386
75;9
75;17
75;28
75;53
75;118
75;378
76;9
76;15
76;28
76;45
76;84
76;189
77;9
77;17
77;29
77;75
77;85
77;395
78;8
78;12
78;28
78;45
78;84
78;176
79;8
79;17
79;28
79;76
79;85
79;183
80;9
80;19
80;20
80;44
80;134
80;399
81;2
81;15
81;22
81;45
81;157
81;248
82;5
82;15
82;22
82;45
82;157
82;249
83;1
83;15
83;22
83;45
83;157
83;180
84;6
84;15
84;28
84;75
84;113
84;267
85;8
85;15
85;28
85;45
85;114
85;256
86;6
86;15
86;28
86;45
86;114
86;257
87;3
87;16
87;29
87;45
87;158
87;254
88;9
88;15
88;28
88;46
88;127
88;242
89;5
89;15
89;28
89;45
89;118
89;330
90;9
90;17
90;34
90;58
90;101
90;309
91;8
91;17
91;34
91;51
91;101
91;309
92;0
92;19
92;38
92;57
92;94
92;321
93;9
93;19
93;38
93;57
93;95
93;321
94;6
94;19
94;22
94;56
94;94
94;320
95;4
95;18
95;22
95;55
95;90
95;314
96;6
96;17
96;22
96;44
96;85
96;241
97;5
97;12
97;22
97;44
97;150
97;236
98;7
98;13
98;30
98;75
98;113
98;236
99;8
99;13
99;30
99;75
99;89
99;247
100;8
100;13
100;30
100;44
100;115
100;291
101;3
101;12
101;30
101;44
101;116
101;229
102;9
102;17
102;30
102;45
102;114
102;419
103;8
103;19
103;30
103;44
103;135
103;166
104;9
104;19
104;29
104;44
104;112
104;302
105;1
105;12
105;30
105;44
105;113
105;304
106;9
106;16
106;30
106;44
106;113
106;303
107;6
107;16
107;30
107;45
107;113
107;243
108;8
108;12
108;30
108;45
108;135
108;319
109;0
109;12
109;30
109;44
109;113
109;218
110;6
110;12
110;30
110;45
110;113
110;228
111;4
111;19
111;39
111;40
111;159
111;160
112;1
112;19
112;30
112;40
112;159
112;317
113;2
113;17
113;29
113;73
113;87
113;201
114;7
114;19
114;37
114;56
114;149
114;317
115;1
115;19
115;38
115;40
115;113
115;208
116;6
116;19
116;20
116;41
116;151
116;235
117;9
117;19
117;38
117;41
117;158
117;312
118;0
118;17
118;34
118;50
118;84
118;302
119;4
119;17
119;33
119;50
119;83
119;166
120;8
120;17
120;33
120;50
120;83
120;317
121;6
121;17
121;20
121;50
121;150
121;317
122;3
122;17
122;33
122;50
122;150
122;318
123;6
123;17
123;34
123;40
123;84
123;369
124;6
124;17
124;30
124;50
124;148
124;345
125;8
125;17
125;30
125;56
125;113
125;189
126;4
126;19
126;30
126;57
126;94
126;321
127;8
127;19
127;39
127;57
127;113
127;304
128;4
128;17
128;30
128;40
128;94
128;308
129;8
129;19
129;30
129;40
129;145
129;314
130;9
130;17
130;38
130;57
130;139
130;238
131;2
131;15
131;30
131;45
131;135
131;319
132;9
132;14
132;28
132;44
132;153
132;368
133;8
133;14
133;38
133;57
133;152
133;358
134;5
134;19
134;20
134;40
134;141
134;176
135;4
135;19
135;20
135;44
135;87
135;319
136;8
136;17
136;39
136;40
136;140
136;280
137;7
137;17
137;39
137;40
137;112
137;190
138;7
138;17
138;30
138;41
138;82
138;304
139;7
139;19
139;30
139;59
139;99
139;218
140;6
140;19
140;30
140;59
140;98
140;315
141;3
141;19
141;37
141;55
141;120
141;221
142;4
142;19
142;30
142;44
142;96
142;218
143;9
143;17
143;39
143;40
143;98
143;217
144;5
144;17
144;33
144;50
144;83
144;297
145;9
145;17
145;33
145;67
145;83
145;300
146;1
146;17
146;33
146;67
146;83
146;300
147;1
147;17
147;33
147;50
147;84
147;302
148;5
148;17
148;20
148;40
148;83
148;317
149;0
149;17
149;39
149;51
149;86
149;203
150;2
150;16
150;39
150;40
150;83
150;304
151;2
151;17
151;28
151;40
151;100
151;408
152;6
152;19
152;28
152;40
152;101
152;202
153;5
153;19
153;28
153;40
153;101
153;202
154;5
154;19
154;29
154;40
154;113
154;254
155;8
155;19
155;28
155;43
155;145
155;319
156;9
156;18
156;28
156;40
156;146
156;253
157;7
157;18
157;29
157;41
157;102
157;413
158;5
158;19
158;20
158;40
158;135
158;412
159;8
159;19
159;34
159;40
159;135
159;169
160;9
160;19
160;34
160;40
160;157
160;162
161;5
161;19
161;34
161;40
161;80
161;301
162;7
162;19
162;34
162;44
162;89
162;315
163;5
163;11
163;22
163;44
163;112
163;313
164;5
164;19
164;33
164;40
164;100
164;169
165;4
165;19
165;39
165;40
165;117
165;294
166;8
166;19
166;39
166;40
166;99
166;297
167;3
167;19
167;39
167;78
167;98
167;296
168;5
168;19
168;37
168;74
168;112
168;315
169;0
169;19
169;20
169;77
169;153
169;344
170;0
170;19
170;37
170;75
170;93
170;320
171;0
171;17
171;34
171;68
171;85
171;218
172;0
172;17
172;33
172;50
172;83
172;200
173;6
173;17
173;34
173;50
173;151
173;201
174;8
174;17
174;33
174;45
174;134
174;200
175;1
175;18
175;22
175;45
175;157
175;191
176;6
176;15
176;22
176;45
176;147
176;196
177;7
177;15
177;22
177;45
177;102
177;301
178;5
178;16
178;28
178;49
178;83
178;188
179;1
179;18
179;28
179;56
179;94
179;321
180;1
180;19
180;38
180;56
180;94
180;300
181;4
181;18
181;28
181;56
181;117
181;383
182;0
182;19
182;28
182;75
182;134
182;333
183;8
183;15
183;28
183;76
183;94
183;247
184;8
184;15
184;28
184;42
184;84
184;333
185;9
185;15
185;30
185;45
185;151
185;310
186;9
186;14
186;30
186;57
186;84
186;314
187;6
187;18
187;36
187;40
187;158
187;463
188;9
188;19
188;22
188;61
188;138
188;321
189;9
189;15
189;22
189;45
189;86
189;366
190;2
190;15
190;23
190;45
190;90
190;404
191;2
191;19
191;28
191;40
191;114
191;300
192;9
192;18
192;28
192;45
192;114
192;316
193;6
193;15
193;28
193;45
193;114
193;465
194;7
194;16
194;29
194;45
194;86
194;306
195;7
195;18
195;37
195;74
195;144
195;305
196;1
196;19
196;38
196;76
196;95
196;305
197;9
197;19
197;37
197;75
197;94
197;319
198;2
198;17
198;35
198;54
198;86
198;276
199;1
199;17
199;33
199;50
199;83
199;333
200;0
200;17
200;33
200;66
200;83
200;332
201;5
201;17
201;22
201;44
201;83
201;317
202;8
202;15
202;22
202;45
202;89
202;235
203;7
203;15
203;22
203;60
203;90
203;314
204;7
204;15
204;22
204;44
204;90
204;225
205;7
205;15
205;30
205;75
205;150
205;381
206;8
206;13
206;30
206;75
206;89
206;381
207;8
207;13
207;30
207;44
207;88
207;339
208;3
208;12
208;30
208;43
208;117
208;258
209;9
209;18
209;30
209;43
209;152
209;495
210;9
210;13
210;30
210;45
210;130
210;247
211;9
211;16
211;22
211;45
211;150
211;360
212;6
212;15
212;29
212;44
212;150
212;302
213;1
213;15
213;30
213;60
213;90
213;316
214;5
214;14
214;38
214;42
214;156
214;161
215;7
215;13
215;30
215;45
215;90
215;317
216;7
216;12
216;30
216;45
216;113
216;305
217;8
217;13
217;30
217;45
217;113
217;323
218;4
218;19
218;30
218;41
218;81
218;298
219;3
219;19
219;39
219;40
219;157
219;176
220;9
220;19
220;30
220;40
220;86
220;467
221;3
221;18
221;39
221;52
221;125
221;383
222;9
222;19
222;37
222;75
222;94
222;319
223;3
223;19
223;38
223;75
223;94
223;507
224;0
224;17
224;33
224;56
224;82
224;252
225;3
225;17
225;34
225;51
225;150
225;333
226;1
226;17
226;33
226;50
226;134
226;302
227;4
227;17
227;33
227;50
227;116
227;317
228;7
228;17
228;20
228;50
228;100
228;302
229;0
229;17
229;33
229;40
229;118
229;319
230;5
230;17
230;39
230;40
230;100
230;477
231;8
231;17
231;30
231;40
231;114
231;384
232;4
232;17
232;30
232;51
232;83
232;303
233;1
233;19
233;30
233;57
233;95
233;304
234;4
234;19
234;30
234;57
234;114
234;306
235;8
235;19
235;30
235;40
235;119
235;329
236;8
236;17
236;38
236;40
236;151
236;247
237;9
237;17
237;30
237;56
237;83
237;224
238;2
238;15
238;30
238;45
238;106
238;318
239;8
239;14
239;30
239;45
239;104
239;311
240;4
240;15
240;37
240;46
240;132
240;351
241;4
241;19
241;39
241;40
241;97
241;295
242;4
242;19
242;20
242;62
242;103
242;293
243;5
243;17
243;39
243;67
243;89
243;290
244;3
244;17
244;39
244;44
244;134
244;310
245;5
245;19
245;30
245;75
245;112
245;301
246;4
246;19
246;39
246;40
246;138
246;298
247;7
247;19
247;39
247;40
247;98
247;317
248;4
248;19
248;38
248;75
248;95
248;316
249;9
249;16
249;30
249;40
249;113
249;298
250;8
250;19
250;30
250;75
250;159
250;160
251;8
251;16
251;39
251;43
251;150
251;161
252;0
252;17
252;33
252;50
252;83
252;298
253;1
253;17
253;33
253;50
253;84
253;302
254;4
254;17
254;33
254;67
254;84
254;302
255;3
255;17
255;20
255;51
255;120
255;309
256;7
256;17
256;39
256;49
256;82
256;197
257;8
257;18
257;39
257;40
257;128
257;206
258;5
258;19
258;28
258;40
258;100
258;409
259;5
259;19
259;28
259;40
259;101
259;202
260;8
260;19
260;28
260;40
260;100
260;202
261;6
261;19
261;28
261;73
261;112
261;486
262;1
262;19
262;28
262;40
262;155
262;253
263;9
263;16
263;28
263;40
263;101
263;166
264;9
264;14
264;35
264;42
264;159
264;324
265;4
265;19
265;20
265;40
265;136
265;304
266;4
266;19
266;34
266;40
266;134
266;411
267;6
267;14
267;33
267;40
267;134
267;410
268;9
268;19
268;34
268;41
268;81
268;160
269;5
269;19
269;34
269;67
269;156
269;312
270;7
270;11
270;28
270;67
270;133
270;310
271;8
271;18
271;21
271;42
271;146
271;337
272;5
272;19
272;39
272;40
272;80
272;298
273;5
273;11
273;38
273;40
273;114
273;297
274;4
274;11
274;28
274;40
274;101
274;209
275;3
275;19
275;37
275;56
275;112
275;279
276;9
276;19
276;38
276;57
276;95
276;288
277;9
277;17
277;37
277;56
277;134
277;482
278;3
278;18
278;28
278;56
278;95
278;369
279;4
279;17
279;34
279;51
279;135
279;218
280;6
280;17
280;33
280;50
280;133
280;316
281;3
281;16
281;33
281;50
281;134
281;300
282;7
282;17
282;33
282;50
282;134
282;201
283;0
283;17
283;33
283;50
283;134
283;301
284;0
284;17
284;33
284;45
284;150
284;165
285;4
285;17
285;34
285;75
285;84
285;185
286;3
286;19
286;38
286;75
286;84
286;189
287;8
287;19
287;38
287;75
287;84
287;186
288;4
288;19
288;28
288;40
288;130
288;381
289;8
289;14
289;28
289;54
289;152
289;243
290;9
290;15
290;28
290;75
290;151
290;320
291;3
291;17
291;29
291;75
291;84
291;355
292;1
292;15
292;30
292;44
292;118
292;324
293;7
293;18
293;34
293;52
293;117
293;491
294;1
294;15
294;29
294;45
294;130
294;361
295;3
295;15
295;38
295;59
295;80
295;323
296;4
296;15
296;22
296;45
296;90
296;313
297;1
297;15
297;22
297;44
297;89
297;315
298;8
298;15
298;28
298;42
298;114
298;268
299;9
299;19
299;39
299;59
299;99
299;316
300;4
300;19
300;38
300;40
300;119
300;298
301;7
301;15
301;28
301;45
301;113
301;322
302;0
302;19
302;37
302;56
302;129
302;317
303;8
303;19
303;39
303;45
303;80
303;446
304;9
304;18
304;37
304;45
304;113
304;320
305;9
305;17
305;34
305;67
305;116
305;282
306;9
306;17
306;33
306;67
306;117
306;267
307;0
307;17
307;33
307;67
307;100
307;268
308;5
308;15
308;22
308;44
308;89
308;297
309;8
309;15
309;22
309;45
309;104
309;300
310;9
310;15
310;22
310;45
310;90
310;312
311;5
311;15
311;22
311;60
311;105
311;295
312;8
312;15
312;30
312;75
312;90
312;383
313;6
313;14
313;29
313;75
313;88
313;380
314;0
314;13
314;29
314;44
314;149
314;379
315;9
315;13
315;30
315;45
315;127
315;379
316;5
316;13
316;30
316;44
316;116
316;174
317;8
317;12
317;30
317;44
317;134
317;379
318;9
318;19
318;29
318;44
318;150
318;303
319;1
319;12
319;30
319;45
319;113
319;304
320;3
320;12
320;30
320;44
320;113
320;304
321;7
321;13
321;30
321;45
321;113
321;305
322;7
322;12
322;30
322;45
322;113
322;304
323;8
323;12
323;30
323;44
323;113
323;304
324;7
324;13
324;30
324;45
324;152
324;251
325;6
325;13
325;30
325;45
325;113
325;190
326;6
326;13
326;30
326;50
326;132
326;327
327;7
327;12
327;30
327;73
327;150
327;223
328;8
328;17
328;35
328;53
328;110
328;379
329;2
329;19
329;37
329;56
329;132
329;173
330;9
330;19
330;21
330;45
330;90
330;307
331;0
331;19
331;22
331;43
331;129
331;218
332;4
332;19
332;23
332;46
332;115
332;322
333;6
333;18
333;22
333;44
333;133
333;311
334;7
334;18
334;22
334;44
334;88
334;308
335;5
335;17
335;23
335;45
335;135
335;317
336;1
336;17
336;25
336;51
336;127
336;230
337;4
337;17
337;25
337;50
337;100
337;226
338;7
338;17
338;25
338;50
338;125
338;325
339;3
339;17
339;30
339;40
339;113
339;239
340;5
340;19
340;38
340;40
340;151
340;246
341;2
341;19
341;37
341;40
341;131
341;504
342;6
342;19
342;38
342;57
342;151
342;170
343;7
343;19
343;38
343;57
343;150
343;169
344;6
344;18
344;37
344;55
344;149
344;335
345;7
345;17
345;37
345;67
345;83
345;232
346;9
346;19
346;20
346;43
346;131
346;326
347;9
347;18
347;38
347;56
347;132
347;321
348;4
348;19
348;39
348;40
348;140
348;161
349;0
349;19
349;20
349;40
349;139
349;160
350;4
350;17
350;39
350;40
350;140
350;160
351;1
351;17
351;39
351;40
351;139
351;250
352;6
352;17
352;30
352;40
352;113
352;305
353;7
353;17
353;30
353;40
353;113
353;189
354;4
354;17
354;30
354;40
354;113
354;188
355;8
355;17
355;34
355;51
355;152
355;193
356;5
356;17
356;30
356;40
356;113
356;185
357;4
357;19
357;37
357;56
357;131
357;239
358;6
358;19
358;38
358;56
358;132
358;339
359;3
359;18
359;38
359;56
359;130
359;308
360;8
360;19
360;39
360;44
360;107
360;403
361;9
361;17
361;39
361;40
361;115
361;316
362;3
362;19
362;39
362;57
362;95
362;302
363;9
363;19
363;37
363;56
363;93
363;317
364;3
364;18
364;37
364;55
364;92
364;316
365;8
365;17
365;29
365;40
365;101
365;411
366;5
366;17
366;28
366;40
366;101
366;412
367;2
367;19
367;28
367;40
367;101
367;202
368;9
368;19
368;28
368;40
368;102
368;192
369;3
369;19
369;28
369;40
369;101
369;301
370;9
370;17
370;28
370;40
370;101
370;189
371;5
371;19
371;33
371;41
371;101
371;185
372;6
372;19
372;20
372;40
372;135
372;414
373;8
373;19
373;34
373;40
373;135
373;412
374;0
374;19
374;34
374;40
374;135
374;169
375;5
375;19
375;34
375;40
375;135
375;168
376;2
376;19
376;33
376;40
376;134
376;237
377;7
377;11
377;34
377;40
377;140
377;314
378;9
378;19
378;28
378;40
378;99
378;237
379;9
379;11
379;34
379;41
379;102
379;268
380;5
380;18
380;34
380;45
380;133
380;299
381;8
381;13
381;28
381;40
381;114
381;293
382;7
382;17
382;34
382;52
382;143
382;292
383;5
383;18
383;33
383;52
383;95
383;281
384;0
384;19
384;22
384;45
384;90
384;290
385;8
385;17
385;22
385;44
385;88
385;310
386;4
386;13
386;22
386;44
386;111
386;309
387;1
387;16
387;22
387;45
387;88
387;306
388;8
388;19
388;20
388;44
388;88
388;307
389;4
389;15
389;22
389;45
389;156
389;313
390;4
390;15
390;23
390;46
390;114
390;297
391;0
391;15
391;25
391;50
391;101
391;326
392;6
392;15
392;25
392;50
392;100
392;327
393;4
393;19
393;28
393;43
393;92
393;324
394;1
394;19
394;37
394;56
394;85
394;168
395;9
395;19
395;38
395;75
395;113
395;192
396;3
396;19
396;38
396;75
396;113
396;320
397;4
397;19
397;38
397;75
397;112
397;318
398;0
398;19
398;38
398;75
398;113
398;357
399;9
399;19
399;37
399;40
399;148
399;227
400;2
400;19
400;37
400;75
400;150
400;377
401;1
401;19
401;38
401;75
401;132
401;376
402;4
402;19
402;37
402;56
402;131
402;299
403;4
403;17
403;23
403;50
403;83
403;314
404;1
404;17
404;22
404;45
404;83
404;319
405;5
405;15
405;28
405;45
405;114
405;266
406;9
406;15
406;28
406;45
406;114
406;257
407;7
407;15
407;28
407;45
407;114
407;255
408;1
408;16
408;33
408;45
408;82
408;191
409;2
409;17
409;34
409;51
409;102
409;305
410;0
410;17
410;33
410;50
410;83
410;301
411;4
411;17
411;33
411;50
411;84
411;301
412;0
412;19
412;38
412;57
412;95
412;303
413;9
413;18
413;37
413;55
413;92
413;331
414;6
414;19
414;38
414;57
414;134
414;326
415;4
415;19
415;38
415;56
415;148
415;352
416;2
416;19
416;37
416;56
416;150
416;169
417;2
417;17
417;34
417;50
417;151
417;321
418;4
418;16
418;32
418;49
418;82
418;229
419;8
419;15
419;22
419;75
419;134
419;238
420;7
420;15
420;37
420;45
420;118
420;237
421;0
421;15
421;30
421;45
421;89
421;239
422;8
422;13
422;26
422;63
422;80
422;192
423;9
423;13
423;30
423;63
423;101
423;278
424;9
424;12
424;30
424;75
424;133
424;288
425;9
425;19
425;22
425;44
425;150
425;273
426;7
426;12
426;30
426;75
426;113
426;304
427;1
427;13
427;30
427;45
427;151
427;305
428;6
428;13
428;30
428;45
428;152
428;307
429;1
429;12
429;30
429;44
429;113
429;303
430;6
430;12
430;30
430;44
430;113
430;304
431;5
431;12
431;30
431;45
431;151
431;305
432;5
432;13
432;30
432;44
432;113
432;189
433;1
433;13
433;30
433;44
433;113
433;188
434;4
434;13
434;30
434;45
434;113
434;338
435;8
435;13
435;35
435;45
435;117
435;192
436;9
436;19
436;37
436;76
436;92
436;302
437;7
437;19
437;20
437;40
437;92
437;298
438;8
438;18
438;36
438;76
438;125
438;320
439;1
439;19
439;22
439;45
439;89
439;226
440;2
440;19
440;22
440;44
440;88
440;492
441;4
441;15
441;22
441;44
441;89
441;224
442;7
442;19
442;23
442;47
442;91
442;315
443;4
443;15
443;26
443;77
443;102
443;308
444;9
444;19
444;23
444;47
444;98
444;310
445;0
445;14
445;25
445;52
445;91
445;418
446;5
446;15
446;39
446;46
446;103
446;450
447;8
447;16
447;37
447;40
447;114
447;308
448;0
448;16
448;24
448;45
448;129
448;392
449;3
449;17
449;37
449;57
449;148
449;350
450;2
450;19
450;37
450;55
450;149
450;335
451;9
451;16
451;21
451;42
451;157
451;162
452;0
452;19
452;22
452;45
452;112
452;319
453;5
453;19
453;22
453;45
453;90
453;224
454;9
454;19
454;22
454;45
454;156
454;461
455;9
455;19
455;22
455;45
455;154
455;456
456;7
456;19
456;22
456;44
456;155
456;178
457;9
457;16
457;25
457;50
457;101
457;202
458;3
458;19
458;24
458;49
458;100
458;199
459;6
459;18
459;32
459;41
459;158
459;173
460;1
460;18
460;39
460;40
460;106
460;303
461;8
461;19
461;24
461;40
461;81
461;202
462;6
462;17
462;36
462;51
462;109
462;250
463;3
463;19
463;38
463;56
463;131
463;318
464;0
464;19
464;38
464;57
464;95
464;307
465;1
465;17
465;35
465;51
465;129
465;206
466;9
466;19
466;22
466;45
466;89
466;313
467;6
467;18
467;23
467;45
467;158
467;295
468;3
468;19
468;20
468;45
468;124
468;229
469;0
469;19
469;20
469;40
469;120
469;236
470;5
470;19
470;25
470;51
470;101
470;330
471;5
471;19
471;25
471;50
471;126
471;327
472;0
472;19
472;39
472;40
472;119
472;299
473;9
473;19
473;34
473;45
473;158
473;180
474;4
474;19
474;34
474;40
474;120
474;411
475;9
475;19
475;34
475;40
475;85
475;193
476;0
476;17
476;34
476;51
476;102
476;311
477;4
477;19
477;38
477;57
477;114
477;323
478;4
478;19
478;37
478;56
478;113
478;318
479;1
479;19
479;28
479;40
479;139
479;309
480;6
480;19
480;28
480;44
480;111
480;311
481;8
481;19
481;28
481;46
481;113
481;201
482;9
482;11
482;28
482;44
482;111
482;311
483;6
483;19
483;28
483;45
483;135
483;180
484;6
484;11
484;25
484;51
484;150
484;306
485;7
485;11
485;28
485;48
485;158
485;166
486;6
486;19
486;28
486;67
486;99
486;305
487;9
487;11
487;28
487;40
487;113
487;453
488;3
488;11
488;28
488;40
488;114
488;229
489;8
489;19
489;39
489;40
489;132
489;192
490;6
490;19
490;37
490;55
490;93
490;170
491;4
491;17
491;38
491;55
491;152
491;388
492;6
492;19
492;37
492;40
492;113
492;363
493;5
493;18
493;23
493;46
493;114
493;297
494;2
494;18
494;23
494;45
494;91
494;502
495;0
495;19
495;22
495;44
495;87
495;175
496;2
496;15
496;23
496;46
496;159
496;180
497;0
497;15
497;25
497;50
497;99
497;305
498;4
498;19
498;21
498;44
498;125
498;244
499;6
499;19
499;28
499;75
499;113
499;265
500;2
500;15
500;38
500;75
500;113
500;265
501;0
501;15
501;38
501;75
501;113
501;266
502;9
502;15
502;37
502;44
502;113
502;192
503;9
503;18
503;36
503;52
503;103
503;306
504;9
504;19
504;39
504;58
504;117
504;314
505;9
505;17
505;20
505;58
505;118
505;185
506;9
506;18
506;22
506;45
506;132
506;311
507;5
507;18
507;29
507;45
507;156
507;404
508;9
508;14
508;36
508;45
508;150
508;293
509;9
509;19
509;23
509;45
509;157
509;301
510;2
510;13
510;25
510;50
510;101
510;303
511;9
511;14
511;24
511;50
511;113
511;199
512;4
512;19
512;25
512;43
512;91
512;170
513;9
513;19
513;25
513;40
513;152
513;344
514;8
514;18
514;35
514;52
514;126
514;246
515;9
515;13
515;31
515;61
515;136
515;314
516;7
516;17
516;34
516;53
516;113
516;284
517;3
517;19
517;38
517;57
517;115
517;322
518;2
518;19
518;37
518;40
518;80
518;374
519;2
519;19
519;21
519;46
519;113
519;295
520;4
520;19
520;22
520;44
520;87
520;283
521;5
521;19
521;22
521;44
521;116
521;309
522;0
522;19
522;22
522;44
522;88
522;310
523;3
523;13
523;23
523;47
523;115
523;296
524;5
524;13
524;25
524;50
524;100
524;303
525;2
525;19
525;22
525;45
525;97
525;321
526;7
526;13
526;30
526;67
526;111
526;310
527;8
527;13
527;30
527;44
527;111
527;290
528;0
528;13
528;30
528;75
528;113
528;179
529;8
529;18
529;30
529;41
529;112
529;192
530;6
530;19
530;37
530;75
530;150
530;338
531;9
531;19
531;38
531;75
531;132
531;321
532;3
532;18
532;38
532;56
532;131
532;300
533;0
533;13
533;30
533;45
533;159
533;312
534;3
534;13
534;23
534;45
534;91
534;317
535;3
535;19
535;21
535;44
535;113
535;381
536;6
536;13
536;30
536;44
536;156
536;311
537;7
537;13
537;24
537;46
537;114
537;300
538;1
538;13
538;25
538;50
538;150
538;302
539;9
539;19
539;29
539;42
539;88
539;305
540;8
540;13
540;29
540;59
540;118
540;177
541;5
541;13
541;33
541;67
541;119
541;338
542;9
542;18
542;34
542;40
542;89
542;324
543;2
543;19
543;38
543;56
543;93
543;223
544;8
544;17
544;39
544;77
544;95
544;306
545;4
545;19
545;39
545;40
545;129
545;213
546;1
546;17
546;33
546;50
546;101
546;227
547;0
547;17
547;35
547;51
547;102
547;308
548;1
548;19
548;20
548;75
548;94
548;499
549;7
549;19
549;38
549;56
549;92
549;329
550;8
550;17
550;35
550;68
550;102
550;240
551;3
551;17
551;30
551;66
551;100
551;241
552;1
552;17
552;33
552;67
552;83
552;301
553;5
553;17
553;30
553;67
553;83
553;302
554;0
554;17
554;30
554;67
554;84
554;302
555;8
555;16
555;30
555;60
555;120
555;180
556;7
556;16
556;38
556;57
556;113
556;192
557;1
557;17
557;37
557;75
557;112
557;336
558;0
558;19
558;38
558;57
558;114
558;336
559;8
559;17
559;38
559;76
559;114
559;304
560;6
560;17
560;30
560;77
560;129
560;219
561;8
561;17
561;30
561;60
561;149
561;242
562;4
562;17
562;30
562;43
562;156
562;325
563;8
563;19
563;20
563;40
563;140
563;330
564;5
564;17
564;30
564;40
564;100
564;233
565;7
565;17
565;39
565;40
565;139
565;161
566;0
566;15
566;30
566;44
566;90
566;295
567;8
567;16
567;29
567;75
567;119
567;179
568;0
568;16
568;30
568;75
568;118
568;178
569;4
569;16
569;39
569;40
569;113
569;192
570;2
570;17
570;39
570;40
570;80
570;239
571;6
571;17
571;23
571;68
571;90
571;271
572;3
572;17
572;22
572;65
572;87
572;305
573;8
573;17
573;33
573;51
573;85
573;439
574;1
574;17
574;33
574;67
574;83
574;302
575;6
575;16
575;33
575;49
575;82
575;499
576;8
576;19
576;34
576;50
576;83
576;337
577;0
577;17
577;33
577;50
577;133
577;334
578;6
578;17
578;33
578;50
578;134
578;333
579;5
579;17
579;33
579;50
579;132
579;335
580;4
580;18
580;28
580;40
580;85
580;203
581;4
581;11
581;28
581;40
581;134
581;314
582;1
582;11
582;34
582;40
582;135
582;227
583;6
583;11
583;28
583;40
583;80
583;193
584;6
584;11
584;28
584;40
584;80
584;245
585;3
585;11
585;29
585;56
585;80
585;184
586;9
586;19
586;21
586;40
586;80
586;377
587;3
587;19
587;20
587;40
587;112
587;303
588;3
588;11
588;34
588;40
588;85
588;306
589;1
589;11
589;28
589;40
589;113
589;230
590;7
590;11
590;28
590;40
590;140
590;231
591;9
591;11
591;28
591;40
591;135
591;325
592;4
592;11
592;28
592;40
592;113
592;243
593;8
593;19
593;36
593;72
593;142
593;291
594;1
594;11
594;28
594;40
594;148
594;351
595;2
595;11
595;28
595;40
595;80
595;302
596;8
596;16
596;34
596;70
596;104
596;192
597;4
597;18
597;35
597;53
597;103
597;272
598;4
598;19
598;38
598;57
598;95
598;294
599;1
599;19
599;38
599;75
599;94
599;226
600;8
600;19
600;37
600;56
600;111
600;330
601;8
601;17
601;34
601;51
601;100
601;304
602;0
602;17
602;33
602;50
602;100
602;301
603;6
603;15
603;33
603;50
603;83
603;300
604;6
604;15
604;33
604;50
604;84
604;302
605;4
605;15
605;33
605;45
605;83
605;301
606;1
606;15
606;37
606;57
606;114
606;227
607;0
607;15
607;38
607;56
607;112
607;224
608;2
608;15
608;38
608;57
608;132
608;338
609;9
609;15
609;28
609;49
609;126
609;180
610;7
610;15
610;28
610;45
610;157
610;311
611;8
611;15
611;28
611;72
611;138
611;311
612;5
612;15
612;28
612;45
612;138
612;328
613;0
613;15
613;31
613;61
613;92
613;305
614;1
614;14
614;28
614;76
614;92
614;294
615;8
615;15
615;28
615;74
615;85
615;346
616;5
616;15
616;37
616;43
616;112
616;306
617;3
617;15
617;39
617;40
617;80
617;276
618;3
618;15
618;23
618;68
618;90
618;314
619;1
619;15
619;22
619;44
619;87
619;307
620;9
620;17
620;35
620;45
620;84
620;313
621;1
621;17
621;33
621;50
621;84
621;301
622;9
622;17
622;28
622;66
622;83
622;300
623;8
623;15
623;34
623;51
623;118
623;193
624;0
624;15
624;33
624;50
624;133
624;300
625;0
625;15
625;33
625;50
625;118
625;320
626;1
626;15
626;33
626;66
626;129
626;328
627;0
627;15
627;29
627;59
627;118
627;325
628;0
628;15
628;31
628;61
628;120
628;273
629;0
629;15
629;29
629;67
629;131
629;283
630;1
630;12
630;22
630;45
630;89
630;277
631;9
631;12
631;22
631;44
631;89
631;234
632;9
632;13
632;22
632;44
632;89
632;231
633;7
633;12
633;30
633;44
633;151
633;304
634;5
634;13
634;29
634;44
634;150
634;178
635;2
635;12
635;29
635;44
635;150
635;178
636;8
636;13
636;30
636;45
636;130
636;192
637;2
637;12
637;25
637;44
637;89
637;192
638;6
638;13
638;26
638;44
638;89
638;185
639;9
639;12
639;25
639;45
639;89
639;180
640;5
640;13
640;30
640;60
640;113
640;240
641;0
641;13
641;30
641;59
641;112
641;302
642;8
642;13
642;29
642;59
642;112
642;301
643;5
643;13
643;30
643;59
643;112
643;264
644;1
644;13
644;30
644;59
644;118
644;303
645;8
645;13
645;30
645;44
645;150
645;303
646;0
646;12
646;30
646;60
646;113
646;266
647;5
647;13
647;30
647;60
647;113
647;267
648;7
648;12
648;30
648;60
648;151
648;179
649;6
649;13
649;30
649;59
649;88
649;175
650;9
650;12
650;30
650;60
650;125
650;193
651;9
651;13
651;25
651;59
651;147
651;322
652;4
652;12
652;25
652;59
652;150
652;257
653;3
653;13
653;25
653;45
653;152
653;318
654;7
654;12
654;25
654;60
654;90
654;319
655;7
655;13
655;25
655;59
655;104
655;491
656;8
656;17
656;36
656;53
656;149
656;168
657;9
657;19
657;39
657;40
657;116
657;199
658;9
658;18
658;35
658;45
658;80
658;208
659;9
659;19
659;39
659;40
659;158
659;237
660;9
660;18
660;35
660;53
660;120
660;331
661;8
661;17
661;34
661;50
661;83
661;305
662;8
662;16
662;31
662;51
662;102
662;205
663;9
663;19
663;39
663;57
663;131
663;282
664;9
664;19
664;37
664;56
664;131
664;299
665;9
665;19
665;37
665;57
665;111
665;303
666;9
666;19
666;38
666;40
666;84
666;170
667;9
667;16
667;38
667;40
667;131
667;171
668;8
668;16
668;32
668;68
668;135
668;429
669;7
669;16
669;32
669;79
669;143
669;286
670;9
670;19
670;38
670;40
670;132
670;169
671;9
671;16
671;36
671;55
671;130
671;168
672;6
672;19
672;38
672;79
672;100
672;227
673;9
673;19
673;21
673;42
673;115
673;230
674;9
674;19
674;39
674;59
674;118
674;294
675;0
675;11
675;23
675;45
675;90
675;316
676;6
676;19
676;22
676;66
676;133
676;329
677;9
677;19
677;22
677;56
677;131
677;337
678;9
678;19
678;37
678;56
678;131
678;318
679;9
679;19
679;20
679;57
679;155
679;325
680;9
680;10
680;29
680;58
680;142
680;164
681;4
681;10
681;35
681;43
681;157
681;163
682;4
682;10
682;38
682;43
682;148
682;319
683;7
683;14
683;20
683;40
683;86
683;242
684;5
684;14
684;39
684;57
684;86
684;316
685;6
685;17
685;39
685;57
685;86
685;343
686;5
686;10
686;39
686;40
686;89
686;209
687;5
687;17
687;28
687;40
687;138
687;305
688;6
688;11
688;34
688;40
688;113
688;314
689;6
689;11
689;34
689;40
689;135
689;203
690;5
690;17
690;22
690;57
690;124
690;193
691;5
691;10
691;28
691;57
691;135
691;234
692;5
692;16
692;28
692;40
692;139
692;166
693;6
693;14
693;26
693;50
693;137
693;170
694;6
694;11
694;20
694;50
694;149
694;175
695;6
695;11
695;22
695;50
695;150
695;175
696;6
696;11
696;28
696;49
696;150
696;164
697;6
697;11
697;28
697;40
697;149
697;180
698;6
698;17
698;36
698;49
698;140
698;240
699;6
699;17
699;39
699;40
699;149
699;228
700;9
700;10
700;27
700;48
700;141
700;214
701;4
701;16
701;28
701;45
701;134
701;222
702;4
702;15
702;28
702;44
702;132
702;309
703;4
703;19
703;22
703;44
703;133
703;192
704;4
704;19
704;22
704;46
704;147
704;250
705;9
705;19
705;22
705;55
705;81
705;319
706;9
706;11
706;35
706;44
706;80
706;239
707;5
707;10
707;35
707;53
707;91
707;165
708;4
708;19
708;38
708;57
708;95
708;163
709;4
709;18
709;38
709;56
709;134
709;172
710;8
710;10
710;20
710;44
710;82
710;168
711;5
711;19
711;37
711;45
711;149
711;206
712;7
712;19
712;38
712;44
712;152
712;190
713;8
713;19
713;38
713;45
713;82
713;187
714;7
714;11
714;37
714;56
714;148
714;224
715;7
715;11
715;28
715;57
715;94
715;303
716;7
716;11
716;28
716;45
716;102
716;186
717;7
717;19
717;38
717;76
717;91
717;473
718;8
718;19
718;37
718;56
718;94
718;319
719;8
719;19
719;37
719;75
719;94
719;336
720;4
720;19
720;38
720;75
720;152
720;336
721;2
721;17
721;33
721;50
721;83
721;231
722;9
722;16
722;22
722;51
722;151
722;324
723;7
723;11
723;38
723;44
723;82
723;459
724;7
724;11
724;37
724;45
724;112
724;225
725;7
725;11
725;22
725;45
725;89
725;264
726;7
726;12
726;22
726;45
726;112
726;240
727;7
727;11
727;28
727;60
727;137
727;315
728;7
728;11
728;28
728;46
728;91
728;342
729;7
729;11
729;28
729;67
729;89
729;489
730;8
730;19
730;22
730;61
730;128
730;193
731;4
731;19
731;37
731;56
731;131
731;318
732;5
732;19
732;37
732;56
732;131
732;340
733;9
733;10
733;23
733;45
733;88
733;308
734;5
734;10
734;20
734;43
734;150
734;195
735;4
735;10
735;28
735;43
735;144
735;173
736;4
736;12
736;28
736;44
736;152
736;164
737;9
737;10
737;22
737;45
737;87
737;200
738;4
738;10
738;22
738;45
738;150
738;180
739;9
739;10
739;29
739;45
739;147
739;206
740;6
740;10
740;22
740;60
740;149
740;179
741;9
741;10
741;22
741;56
741;113
741;169
742;9
742;10
742;22
742;56
742;113
742;310
743;6
743;10
743;22
743;54
743;82
743;192
744;6
744;10
744;22
744;52
744;156
744;206
745;6
745;18
745;30
745;57
745;113
745;180
746;5
746;19
746;30
746;55
746;83
746;169
747;6
747;10
747;22
747;50
747;150
747;175
748;6
748;10
748;30
748;50
748;151
748;176
749;6
749;10
749;22
749;50
749;151
749;177
750;6
750;10
750;22
750;45
750;113
750;177
751;6
751;10
751;30
751;60
751;112
751;175
752;6
752;10
752;30
752;59
752;139
752;238
753;6
753;10
753;29
753;59
753;91
753;227
754;9
754;10
754;30
754;45
754;132
754;199
755;9
755;10
755;30
755;44
755;134
755;200
756;9
756;10
756;29
756;45
756;135
756;315
757;6
757;10
757;22
757;59
757;94
757;193
758;6
758;19
758;37
758;44
758;132
758;160
759;5
759;19
759;30
759;45
759;145
759;245
760;9
760;14
760;29
760;48
760;121
760;185
761;5
761;10
761;22
761;42
761;128
761;162
762;7
762;18
762;37
762;43
762;93
762;183
763;8
763;19
763;38
763;57
763;95
763;322
764;5
764;19
764;38
764;40
764;149
764;168
765;8
765;18
765;37
765;40
765;149
765;497
766;8
766;17
766;39
766;40
766;99
766;479
767;8
767;19
767;38
767;40
767;155
767;175
768;8
768;18
768;36
768;40
768;91
768;180
769;8
769;17
769;34
769;51
769;153
769;169
770;8
770;18
770;38
770;40
770;101
770;193
771;4
771;19
771;37
771;56
771;149
771;169
772;5
772;19
772;38
772;57
772;132
772;322
773;9
773;17
773;34
773;56
773;84
773;378
774;9
774;19
774;38
774;57
774;133
774;340
775;9
775;19
775;38
775;57
775;80
775;325
776;2
776;17
776;35
776;53
776;149
776;318
777;8
777;19
777;38
777;40
777;131
777;209
778;8
778;19
778;37
778;74
778;89
778;315
779;8
779;19
779;37
779;40
779;99
779;478
780;9
780;10
780;38
780;75
780;98
780;244
781;8
781;10
781;30
781;60
781;100
781;501
782;8
782;10
782;30
782;45
782;90
782;508
783;8
783;10
783;22
783;65
783;87
783;173
784;4
784;19
784;38
784;56
784;113
784;318
785;8
785;19
785;37
785;56
785;93
785;317
786;5
786;19
786;39
786;57
786;134
786;324
787;9
787;10
787;20
787;48
787;159
787;164
788;4
788;10
788;35
788;43
788;142
788;163
789;4
789;10
789;38
789;43
789;127
789;172
790;8
790;10
790;39
790;40
790;94
790;163
791;5
791;19
791;20
791;57
791;142
791;287
792;8
792;17
792;39
792;40
792;85
792;160
793;5
793;10
793;29
793;60
793;89
793;297
794;5
794;17
794;34
794;57
794;85
794;168
795;6
795;17
795;34
795;40
795;83
795;166
796;6
796;17
796;34
796;40
796;110
796;166
797;5
797;10
797;22
797;51
797;128
797;333
798;5
798;11
798;34
798;50
798;150
798;325
799;5
799;18
799;25
799;49
799;83
799;176
800;7
800;17
800;28
800;40
800;81
800;183
801;5
801;17
801;28
801;50
801;125
801;225
802;6
802;11
802;22
802;50
802;100
802;301
803;6
803;11
803;25
803;49
803;97
803;317
804;6
804;11
804;39
804;67
804;90
804;316
805;6
805;10
805;28
805;68
805;90
805;227
806;3
806;11
806;28
806;44
806;89
806;311
807;9
807;10
807;28
807;45
807;89
807;309
808;4
808;16
808;28
808;45
808;112
808;314
809;4
809;15
809;28
809;45
809;89
809;312
810;4
810;19
810;22
810;66
810;88
810;192
811;3
811;19
811;22
811;76
811;134
811;255
812;9
812;19
812;20
812;45
812;90
812;245
813;9
813;15
813;26
813;45
813;91
813;295
814;5
814;10
814;37
814;44
814;118
814;165
815;4
815;17
815;33
815;67
815;155
815;163
816;4
816;11
816;38
816;44
816;90
816;172
817;6
817;10
817;20
817;40
817;80
817;169
818;5
818;15
818;37
818;56
818;93
818;317
819;7
819;11
819;37
819;45
819;94
819;339
820;8
820;16
820;28
820;46
820;113
820;256
821;7
821;19
821;38
821;45
821;154
821;191
822;7
822;18
822;37
822;45
822;113
822;241
823;7
823;11
823;28
823;45
823;112
823;486
824;7
824;18
824;22
824;45
824;91
824;434
825;7
825;17
825;34
825;40
825;113
825;224
826;6
826;15
826;28
826;79
826;80
826;196
827;8
827;19
827;38
827;58
827;118
827;331
828;8
828;19
828;38
828;75
828;132
828;282
829;2
829;18
829;22
829;57
829;113
829;265
830;7
830;19
830;38
830;44
830;131
830;281
831;7
831;11
831;22
831;56
831;113
831;282
832;7
832;19
832;22
832;56
832;113
832;228
833;7
833;11
833;22
833;45
833;89
833;350
834;7
834;15
834;28
834;45
834;138
834;353
835;7
835;11
835;28
835;60
835;80
835;260
836;7
836;11
836;28
836;68
836;90
836;270
837;6
837;11
837;22
837;79
837;87
837;173
838;7
838;19
838;28
838;56
838;112
838;300
839;8
839;17
839;34
839;67
839;117
839;316
840;9
840;10
840;22
840;49
840;81
840;254
841;5
841;10
841;29
841;58
841;129
841;235
842;5
842;15
842;30
842;60
842;120
842;246
843;4
843;15
843;30
843;44
843;105
843;310
844;9
844;10
844;22
844;45
844;154
844;183
845;4
845;10
845;22
845;58
845;115
845;316
846;6
846;10
846;22
846;44
846;120
846;327
847;9
847;10
847;22
847;44
847;148
847;303
848;9
848;10
848;22
848;56
848;151
848;309
849;9
849;10
849;30
849;56
849;141
849;310
850;9
850;10
850;22
850;44
850;87
850;192
851;6
851;10
851;22
851;49
851;99
851;173
852;7
852;13
852;25
852;51
852;152
852;355
853;5
853;12
853;25
853;50
853;150
853;375
854;5
854;12
854;30
854;50
854;124
854;304
855;9
855;12
855;30
855;50
855;124
855;249
856;5
856;13
856;30
856;49
856;99
856;296
857;5
857;19
857;30
857;68
857;91
857;239
858;5
858;19
858;29
858;59
858;123
858;303
859;3
859;13
859;30
859;59
859;123
859;314
860;9
860;15
860;29
860;59
860;137
860;160
861;7
861;15
861;30
861;68
861;135
861;292
862;4
862;14
862;30
862;66
862;133
862;288
863;6
863;16
863;30
863;66
863;110
863;309
864;4
864;19
864;37
864;56
864;113
864;320
865;4
865;19
865;37
865;57
865;133
865;174
866;4
866;19
866;23
866;46
866;92
866;297
867;4
867;16
867;22
867;44
867;129
867;216
868;9
868;17
868;23
868;45
868;115
868;313
869;5
869;19
869;22
869;45
869;132
869;180
870;8
870;15
870;22
870;45
870;89
870;220
871;5
871;14
871;23
871;46
871;136
871;317
872;8
872;15
872;25
872;51
872;101
872;226
873;4
873;17
873;25
873;50
873;100
873;225
874;8
874;10
874;25
874;49
874;125
874;323
875;8
875;17
875;30
875;59
875;119
875;497
876;8
876;19
876;37
876;40
876;131
876;245
877;9
877;19
877;37
877;56
877;131
877;193
878;5
878;19
878;38
878;57
878;132
878;170
879;5
879;19
879;38
879;56
879;150
879;188
880;1
880;18
880;35
880;54
880;91
880;329
881;9
881;17
881;37
881;68
881;84
881;334
882;9
882;19
882;22
882;79
882;80
882;239
883;4
883;17
883;22
883;68
883;147
883;319
884;8
884;13
884;20
884;40
884;83
884;160
885;8
885;17
885;39
885;40
885;99
885;236
886;8
886;17
886;39
886;40
886;99
886;236
887;8
887;10
887;30
887;40
887;113
887;179
888;8
888;17
888;30
888;75
888;119
888;179
889;8
889;17
889;38
889;75
889;119
889;180
890;8
890;17
890;30
890;40
890;120
890;180
891;4
891;17
891;34
891;40
891;119
891;335
892;4
892;18
892;30
892;40
892;90
892;479
893;9
893;19
893;38
893;56
893;131
893;450
894;8
894;10
894;38
894;57
894;133
894;164
895;4
895;10
895;37
895;42
895;121
895;163
896;4
896;10
896;38
896;48
896;114
896;172
897;9
897;14
897;23
897;40
897;87
897;162
898;5
898;14
898;38
898;57
898;94
898;301
899;8
899;19
899;37
899;56
899;93
899;317
900;5
900;18
900;39
900;40
900;91
900;326
901;6
901;11
901;28
901;40
901;90
901;202
902;8
902;11
902;34
902;40
902;135
902;203
903;8
903;11
903;34
903;40
903;134
903;202
904;5
904;10
904;22
904;40
904;154
904;193
905;5
905;17
905;28
905;40
905;134
905;179
906;5
906;18
906;30
906;59
906;118
906;239
907;8
907;10
907;30
907;59
907;118
907;236
908;5
908;17
908;20
908;40
908;94
908;304
909;6
909;11
909;22
909;40
909;140
909;225
910;6
910;17
910;28
910;40
910;112
910;305
911;6
911;11
911;28
911;60
911;120
911;503
912;6
912;11
912;28
912;40
912;118
912;226
913;6
913;11
913;28
913;57
913;118
913;168
914;9
914;10
914;28
914;40
914;117
914;267
915;5
915;16
915;28
915;40
915;118
915;168
916;5
916;13
916;33
916;49
916;143
916;348
917;6
917;18
917;22
917;40
917;90
917;318
918;5
918;19
918;22
918;57
918;117
918;325
919;5
919;19
919;22
919;43
919;88
919;304
920;5
920;19
920;22
920;45
920;90
920;292
921;5
921;10
921;22
921;44
921;89
921;310
922;4
922;11
922;22
922;44
922;133
922;311
923;4
923;11
923;32
923;44
923;126
923;172
924;7
924;12
924;20
924;40
924;90
924;162
925;5
925;15
925;22
925;45
925;133
925;313
926;7
926;11
926;24
926;50
926;101
926;305
927;8
927;19
927;25
927;50
927;100
927;325
928;7
928;11
928;25
928;50
928;100
928;326
929;7
929;19
929;38
929;40
929;119
929;323
930;7
930;19
930;38
930;75
930;113
930;359
931;7
931;19
931;38
931;75
931;94
931;320
932;7
932;19
932;37
932;75
932;113
932;206
933;8
933;19
933;37
933;75
933;112
933;206
934;7
934;19
934;38
934;75
934;94
934;356
935;4
935;19
935;38
935;40
935;152
935;228
936;5
936;19
936;22
936;75
936;140
936;225
937;8
937;19
937;38
937;57
937;132
937;301
938;7
938;19
938;22
938;56
938;131
938;280
939;7
939;17
939;22
939;49
939;82
939;299
940;7
940;18
940;22
940;45
940;152
940;300
941;8
941;15
941;28
941;44
941;113
941;243
942;7
942;11
942;28
942;44
942;112
942;327
943;7
943;11
943;28
943;45
943;113
943;239
944;8
944;16
944;22
944;50
944;83
944;192
945;7
945;17
945;34
945;50
945;84
945;303
946;9
946;17
946;34
946;50
946;84
946;298
947;9
947;17
947;29
947;58
947;86
947;298
948;5
948;10
948;38
948;57
948;95
948;322
949;4
949;19
949;38
949;57
949;114
949;301
950;4
950;18
950;34
950;60
950;131
950;329
951;9
951;10
951;23
951;56
951;94
951;168
952;4
952;10
952;37
952;56
952;130
952;166
953;9
953;10
953;22
953;50
953;84
953;337
954;9
954;16
954;31
954;47
954;148
954;340
955;9
955;10
955;30
955;44
955;89
955;242
956;9
956;10
956;30
956;45
956;90
956;336
957;9
957;10
957;30
957;44
957;88
957;180
958;6
958;13
958;22
958;63
958;101
958;311
959;7
959;13
959;30
959;45
959;89
959;314
960;5
960;17
960;30
960;45
960;145
960;292
961;9
961;10
961;29
961;44
961;84
961;303
962;9
962;10
962;30
962;59
962;80
962;238
963;9
963;10
963;22
963;59
963;113
963;303
964;9
964;10
964;29
964;59
964;112
964;302
965;9
965;10
965;30
965;45
965;150
965;189
966;9
966;10
966;30
966;49
966;139
966;228
967;9
967;10
967;29
967;45
967;83
967;390
968;6
968;10
968;30
968;60
968;119
968;179
969;6
969;10
969;33
969;67
969;89
969;180
970;9
970;10
970;34
970;67
970;89
970;310
971;6
971;19
971;35
971;52
971;119
971;192
972;0
972;19
972;38
972;76
972;93
972;300
973;4
973;18
973;34
973;40
973;80
973;240
974;8
974;17
974;39
974;76
974;124
974;353
975;1
975;19
975;22
975;45
975;90
975;226
976;5
976;15
976;23
976;45
976;90
976;160
977;0
977;19
977;22
977;43
977;87
977;507
978;5
978;16
978;20
978;75
978;101
978;328
979;0
979;19
979;21
979;50
979;101
979;303
980;9
980;17
980;39
980;40
980;81
980;311
981;9
981;19
981;30
981;40
981;151
981;305
982;3
982;16
982;38
982;40
982;150
982;179
983;3
983;17
983;38
983;40
983;150
983;179
984;7
984;16
984;38
984;40
984;88
984;192
985;5
985;19
985;38
985;58
985;155
985;350
986;4
986;19
986;20
986;54
986;145
986;323
987;9
987;19
987;22
987;43
987;155
987;170
988;1
988;19
988;23
988;45
988;90
988;312
989;4
989;19
989;23
989;45
989;89
989;316
990;4
990;19
990;22
990;45
990;152
990;458
991;8
991;19
991;20
991;40
991;80
991;436
992;4
992;19
992;23
992;45
992;158
992;179
993;0
993;17
993;25
993;50
993;101
993;202
994;8
994;19
994;21
994;40
994;139
994;197
995;0
995;17
995;37
995;40
995;112
995;175
996;4
996;17
996;30
996;40
996;113
996;209
997;9
997;19
997;30
997;40
997;89
997;178
998;6
998;18
998;37
998;75
998;133
998;323
999;4
999;19
999;38
999;57
999;95
999;319
1000;0
1000;19
1000;37
1000;56
1000;95
1000;314
1001;3
1001;16
1001;22
1001;44
1001;90
1001;198
1002;8
1002;17
1002;22
1002;45
1002;89
1002;308
1003;4
1003;17
1003;23
1003;46
1003;158
1003;296
1004;9
1004;16
1004;31
1004;44
1004;114
1004;227
1005;5
1005;10
1005;20
1005;40
1005;99
1005;266
1006;5
1006;17
1006;25
1006;51
1006;127
1006;254
1007;8
1007;17
1007;25
1007;50
1007;126
1007;326
1008;5
1008;17
1008;33
1008;40
1008;156
1008;178
1009;6
1009;17
1009;22
1009;45
1009;158
1009;181
1010;6
1010;11
1010;33
1010;40
1010;83
1010;408
1011;5
1011;19
1011;22
1011;50
1011;82
1011;193
1012;5
1012;17
1012;34
1012;68
1012;102
1012;304
1013;5
1013;19
1013;38
1013;57
1013;114
1013;323
1014;7
1014;19
1014;38
1014;56
1014;113
1014;319
1015;5
1015;11
1015;28
1015;45
1015;112
1015;316
1016;6
1016;11
1016;28
1016;44
1016;80
1016;311
1017;6
1017;11
1017;28
1017;45
1017;101
1017;202
1018;6
1018;11
1018;22
1018;44
1018;157
1018;178
1019;6
1019;11
1019;23
1019;49
1019;150
1019;181
1020;6
1020;17
1020;25
1020;50
1020;100
1020;325
1021;5
1021;15
1021;28
1021;48
1021;150
1021;342
1022;6
1022;15
1022;28
1022;67
1022;98
1022;304
1023;5
1023;19
1023;28
1023;49
1023;98
1023;396
1024;9
1024;17
1024;28
1024;48
1024;88
1024;181
1025;5
1025;19
1025;38
1025;40
1025;133
1025;499
1026;0
1026;19
1026;38
1026;40
1026;96
1026;177
1027;4
1027;11
1027;28
1027;49
1027;99
1027;378
1028;5
1028;11
1028;23
1028;46
1028;114
1028;346
1029;4
1029;11
1029;22
1029;43
1029;88
1029;160
1030;5
1030;11
1030;23
1030;45
1030;90
1030;179
1031;9
1031;15
1031;22
1031;44
1031;88
1031;178
1032;5
1032;15
1032;23
1032;47
1032;139
1032;298
1033;7
1033;15
1033;25
1033;49
1033;99
1033;304
1034;7
1034;15
1034;37
1034;41
1034;122
1034;266
1035;7
1035;15
1035;37
1035;75
1035;112
1035;263
1036;7
1036;15
1036;38
1036;75
1036;150
1036;264
1037;7
1037;15
1037;38
1037;75
1037;113
1037;265
1038;7
1038;16
1038;22
1038;50
1038;100
1038;308
1039;7
1039;19
1039;37
1039;57
1039;113
1039;306
1040;7
1040;19
1040;39
1040;56
1040;93
1040;313
1041;6
1041;18
1041;33
1041;44
1041;89
1041;361
1042;4
1042;19
1042;33
1042;45
1042;130
1042;308
1043;6
1043;15
1043;22
1043;71
1043;140
1043;375
1044;3
1044;15
1044;33
1044;66
1044;112
1044;292
1045;7
1045;15
1045;23
1045;44
1045;112
1045;184
1046;7
1046;15
1046;25
1046;45
1046;113
1046;303
1047;7
1047;15
1047;23
1047;45
1047;113
1047;223
1048;8
1048;10
1048;38
1048;45
1048;114
1048;267
1049;4
1049;11
1049;38
1049;45
1049;114
1049;348
1050;7
1050;15
1050;28
1050;45
1050;113
1050;338
1051;8
1051;15
1051;22
1051;45
1051;88
1051;193
1052;4
1052;15
1052;28
1052;55
1052;111
1052;291
1053;4
1053;15
1053;38
1053;57
1053;114
1053;325
1054;4
1054;19
1054;20
1054;40
1054;80
1054;377
1055;5
1055;10
1055;22
1055;45
1055;111
1055;286
1056;4
1056;15
1056;23
1056;45
1056;91
1056;293
1057;4
1057;15
1057;21
1057;45
1057;89
1057;306
1058;9
1058;10
1058;24
1058;45
1058;80
1058;177
1059;5
1059;10
1059;23
1059;50
1059;119
1059;305
1060;9
1060;10
1060;25
1060;50
1060;99
1060;323
1061;9
1061;10
1061;22
1061;46
1061;137
1061;386
1062;9
1062;10
1062;30
1062;67
1062;111
1062;287
1063;9
1063;10
1063;30
1063;44
1063;135
1063;290
1064;9
1064;10
1064;29
1064;59
1064;118
1064;260
1065;6
1065;19
1065;22
1065;57
1065;93
1065;170
1066;6
1066;19
1066;30
1066;76
1066;88
1066;339
1067;5
1067;19
1067;29
1067;75
1067;131
1067;317
1068;9
1068;10
1068;31
1068;45
1068;84
1068;305
1069;9
1069;10
1069;22
1069;44
1069;89
1069;177
1070;9
1070;10
1070;23
1070;46
1070;138
1070;160
1071;6
1071;10
1071;30
1071;61
1071;149
1071;398
1072;6
1072;10
1072;22
1072;44
1072;155
1072;178
1073;6
1073;10
1073;30
1073;50
1073;139
1073;302
1074;6
1074;10
1074;25
1074;50
1074;147
1074;174
1075;6
1075;10
1075;30
1075;45
1075;119
1075;179
1076;6
1076;10
1076;33
1076;69
1076;138
1076;298
1077;9
1077;10
1077;34
1077;50
1077;127
1077;352
1078;6
1078;10
1078;22
1078;40
1078;127
1078;193
1079;6
1079;19
1079;39
1079;57
1079;95
1079;270
1080;6
1080;12
1080;25
1080;72
1080;98
1080;303
1081;9
1081;13
1081;26
1081;44
1081;123
1081;212
1082;5
1082;10
1082;34
1082;51
1082;100
1082;304
1083;7
1083;18
1083;36
1083;75
1083;102
1083;173
1084;7
1084;19
1084;38
1084;75
1084;94
1084;496
1085;9
1085;10
1085;20
1085;55
1085;91
1085;328
1086;4
1086;17
1086;34
1086;67
1086;101
1086;299
1087;8
1087;17
1087;33
1087;66
1087;100
1087;333
1088;8
1088;17
1088;33
1088;50
1088;84
1088;303
1089;8
1089;17
1089;34
1089;67
1089;84
1089;302
1090;8
1090;17
1090;33
1090;67
1090;84
1090;302
1091;8
1091;16
1091;37
1091;40
1091;87
1091;180
1092;4
1092;19
1092;38
1092;57
1092;113
1092;301
1093;5
1093;19
1093;37
1093;56
1093;112
1093;336
1094;4
1094;19
1094;38
1094;57
1094;114
1094;336
1095;8
1095;19
1095;38
1095;76
1095;115
1095;344
1096;6
1096;17
1096;26
1096;79
1096;80
1096;218
1097;8
1097;17
1097;22
1097;77
1097;152
1097;329
1098;8
1098;10
1098;39
1098;40
1098;155
1098;321
1099;8
1099;13
1099;20
1099;40
1099;83
1099;250
1100;8
1100;17
1100;20
1100;40
1100;83
1100;237
1101;8
1101;17
1101;37
1101;40
1101;153
1101;358
1102;8
1102;15
1102;37
1102;57
1102;90
1102;282
1103;8
1103;16
1103;30
1103;40
1103;90
1103;180
1104;8
1104;15
1104;28
1104;40
1104;85
1104;165
1105;5
1105;17
1105;22
1105;40
1105;99
1105;318
1106;8
1106;17
1106;39
1106;41
1106;83
1106;303
1107;5
1107;17
1107;22
1107;67
1107;90
1107;272
1108;5
1108;17
1108;39
1108;42
1108;89
1108;298
1109;0
1109;17
1109;33
1109;66
1109;89
1109;297
1110;9
1110;17
1110;34
1110;68
1110;83
1110;301
1111;8
1111;16
1111;33
1111;65
1111;87
1111;162
1112;5
1112;10
1112;20
1112;50
1112;117
1112;336
1113;5
1113;17
1113;33
1113;50
1113;117
1113;317
1114;6
1114;17
1114;33
1114;50
1114;120
1114;334
1115;8
1115;12
1115;34
1115;50
1115;134
1115;409
1116;5
1116;17
1116;33
1116;56
1116;113
1116;322
1117;6
1117;17
1117;33
1117;56
1117;141
1117;315
1118;5
1118;19
1118;22
1118;59
1118;87
1118;192
1119;5
1119;17
1119;28
1119;67
1119;100
1119;252
1120;5
1120;19
1120;28
1120;68
1120;100
1120;176
1121;6
1121;16
1121;33
1121;40
1121;100
1121;179
1122;5
1122;17
1122;28
1122;40
1122;100
1122;203
1123;6
1123;11
1123;28
1123;79
1123;80
1123;239
1124;6
1124;11
1124;28
1124;40
1124;100
1124;234
1125;6
1125;11
1125;28
1125;48
1125;100
1125;317
1126;6
1126;11
1126;28
1126;40
1126;145
1126;228
1127;5
1127;11
1127;28
1127;40
1127;100
1127;202
1128;9
1128;15
1128;28
1128;46
1128;100
1128;294
1129;4
1129;19
1129;37
1129;67
1129;111
1129;295
1130;4
1130;19
1130;28
1130;67
1130;151
1130;444
1131;8
1131;17
1131;28
1131;67
1131;90
1131;202
1132;4
1132;17
1132;34
1132;50
1132;103
1132;216
1133;8
1133;18
1133;37
1133;72
1133;103
1133;283
1134;9
1134;19
1134;38
1134;75
1134;94
1134;226
1135;9
1135;19
1135;38
1135;75
1135;93
1135;301
1136;2
1136;19
1136;36
1136;55
1136;110
1136;296
1137;4
1137;17
1137;28
1137;50
1137;84
1137;300
1138;9
1138;10
1138;33
1138;50
1138;83
1138;265
1139;5
1139;10
1139;33
1139;67
1139;83
1139;300
1140;7
1140;17
1140;33
1140;67
1140;84
1140;300
1141;7
1141;16
1141;34
1141;66
1141;100
1141;167
1142;7
1142;15
1142;28
1142;57
1142;114
1142;264
1143;7
1143;15
1143;37
1143;56
1143;131
1143;335
1144;7
1144;15
1144;38
1144;57
1144;133
1144;342
1145;7
1145;15
1145;22
1145;51
1145;91
1145;193
1146;7
1146;15
1146;28
1146;67
1146;101
1146;302
1147;5
1147;15
1147;28
1147;75
1147;138
1147;167
1148;5
1148;19
1148;38
1148;59
1148;139
1148;161
1149;3
1149;15
1149;29
1149;60
1149;89
1149;291
1150;4
1150;16
1150;22
1150;75
1150;80
1150;226
1151;5
1151;14
1151;28
1151;40
1151;82
1151;231
1152;7
1152;17
1152;39
1152;45
1152;90
1152;226
1153;7
1153;11
1153;22
1153;58
1153;103
1153;275
1154;7
1154;11
1154;22
1154;67
1154;90
1154;318
1155;7
1155;10
1155;23
1155;45
1155;81
1155;267
1156;5
1156;17
1156;34
1156;45
1156;84
1156;307
1157;8
1157;17
1157;33
1157;67
1157;84
1157;301
1158;7
1158;16
1158;28
1158;48
1158;87
1158;173
1159;7
1159;17
1159;28
1159;67
1159;117
1159;320
1160;7
1160;17
1160;28
1160;50
1160;133
1160;333
1161;7
1161;15
1161;33
1161;50
1161;118
1161;334
1162;9
1162;10
1162;33
1162;64
1162;134
1162;163
1163;4
1163;15
1163;30
1163;59
1163;119
1163;163
1164;4
1164;15
1164;31
1164;50
1164;100
1164;300
1165;9
1165;12
1165;22
1165;52
1165;100
1165;283
1166;5
1166;10
1166;22
1166;44
1166;134
1166;269
1167;6
1167;10
1167;22
1167;44
1167;100
1167;165
1168;9
1168;10
1168;22
1168;45
1168;100
1168;167
1169;6
1169;10
1169;22
1169;45
1169;99
1169;180
1170;9
1170;10
1170;30
1170;45
1170;99
1170;179
1171;9
1171;10
1171;30
1171;60
1171;133
1171;179
1172;6
1172;10
1172;22
1172;75
1172;94
1172;193
1173;6
1173;12
1173;30
1173;67
1173;134
1173;165
1174;5
1174;13
1174;30
1174;67
1174;100
1174;234
1175;9
1175;10
1175;31
1175;51
1175;100
1175;393
1176;9
1176;10
1176;22
1176;50
1176;100
1176;178
1177;9
1177;10
1177;30
1177;44
1177;140
1177;225
1178;9
1178;10
1178;30
1178;44
1178;100
1178;180
1179;6
1179;10
1179;30
1179;44
1179;113
1179;188
1180;6
1180;10
1180;30
1180;49
1180;145
1180;227
1181;6
1181;10
1181;30
1181;60
1181;113
1181;250
1182;6
1182;10
1182;30
1182;60
1182;120
1182;179
1183;6
1183;10
1183;33
1183;60
1183;121
1183;181
1184;6
1184;10
1184;34
1184;60
1184;89
1184;308
1185;6
1185;10
1185;22
1185;50
1185;83
1185;193
1186;6
1186;19
1186;37
1186;55
1186;92
1186;301
1187;7
1187;19
1187;25
1187;40
1187;92
1187;312
1188;9
1188;13
1188;26
1188;49
1188;117
1188;207
1189;5
1189;10
1189;22
1189;45
1189;90
1189;503
1190;4
1190;11
1190;22
1190;45
1190;89
1190;163
1191;7
1191;11
1191;22
1191;44
1191;90
1191;173
1192;9
1192;10
1192;23
1192;47
1192;92
1192;322
1193;4
1193;16
1193;21
1193;76
1193;103
1193;308
1194;8
1194;17
1194;21
1194;48
1194;153
1194;310
1195;8
1195;10
1195;30
1195;41
1195;149
1195;305
1196;8
1196;17
1196;30
1196;40
1196;102
1196;249
1197;8
1197;17
1197;38
1197;40
1197;150
1197;181
1198;8
1198;17
1198;38
1198;40
1198;88
1198;179
1199;4
1199;19
1199;37
1199;55
1199;148
1199;351
1200;5
1200;19
1200;38
1200;55
1200;149
1200;160
1201;9
1201;19
1201;30
1201;60
1201;120
1201;362
1202;6
1202;17
1202;23
1202;45
1202;153
1202;311
1203;0
1203;17
1203;23
1203;45
1203;90
1203;201
1204;4
1204;17
1204;22
1204;43
1204;152
1204;461
1205;8
1205;10
1205;39
1205;40
1205;80
1205;447
1206;8
1206;13
1206;22
1206;44
1206;155
1206;178
1207;8
1207;19
1207;25
1207;40
1207;83
1207;303
1208;8
1208;17
1208;25
1208;40
1208;101
1208;199
1209;8
1209;17
1209;37
1209;40
1209;88
1209;178
1210;8
1210;17
1210;30
1210;40
1210;142
1210;230
1211;8
1211;17
1211;30
1211;40
1211;140
1211;229
1212;9
1212;16
1212;35
1212;69
1212;88
1212;192
1213;8
1213;17
1213;39
1213;56
1213;129
1213;318
1214;8
1214;17
1214;38
1214;57
1214;95
1214;302
1215;4
1215;17
1215;38
1215;40
1215;96
1215;212
1216;0
1216;17
1216;23
1216;45
1216;156
1216;177
1217;0
1217;17
1217;23
1217;46
1217;159
1217;295
1218;5
1218;17
1218;21
1218;63
1218;117
1218;229
1219;5
1219;10
1219;20
1219;40
1219;89
1219;267
1220;4
1220;17
1220;25
1220;51
1220;101
1220;329
1221;5
1221;17
1221;25
1221;50
1221;126
1221;326
1222;8
1222;12
1222;23
1222;40
1222;85
1222;409
1223;5
1223;11
1223;22
1223;45
1223;158
1223;204
1224;6
1224;11
1224;22
1224;40
1224;91
1224;180
1225;6
1225;15
1225;23
1225;40
1225;88
1225;192
1226;5
1226;17
1226;34
1226;51
1226;102
1226;304
1227;5
1227;19
1227;38
1227;57
1227;114
1227;323
1228;5
1228;19
1228;38
1228;56
1228;113
1228;318
1229;5
1229;17
1229;20
1229;45
1229;112
1229;315
1230;6
1230;17
1230;28
1230;44
1230;89
1230;311
1231;6
1231;17
1231;28
1231;45
1231;89
1231;204
1232;6
1232;11
1232;28
1232;43
1232;111
1232;177
1233;6
1233;17
1233;23
1233;45
1233;157
1233;182
1234;6
1234;17
1234;25
1234;50
1234;152
1234;330
1235;5
1235;15
1235;28
1235;48
1235;159
1235;170
1236;1
1236;15
1236;28
1236;40
1236;133
1236;304
1237;4
1237;19
1237;28
1237;40
1237;114
1237;461
1238;7
1238;19
1238;28
1238;44
1238;114
1238;313
1239;6
1239;17
1239;22
1239;40
1239;134
1239;284
1240;2
1240;19
1240;37
1240;54
1240;151
1240;169
1241;7
1241;11
1241;29
1241;40
1241;89
1241;409
1242;4
1242;11
1242;28
1242;46
1242;115
1242;362
1243;4
1243;11
1243;23
1243;46
1243;115
1243;320
1244;6
1244;11
1244;23
1244;45
1244;91
1244;180
1245;9
1245;15
1245;22
1245;44
1245;87
1245;175
1246;5
1246;10
1246;23
1246;46
1246;156
1246;177
1247;4
1247;11
1247;25
1247;51
1247;99
1247;307
1248;7
1248;15
1248;22
1248;44
1248;100
1248;250
1249;8
1249;15
1249;37
1249;75
1249;112
1249;263
1250;7
1250;15
1250;38
1250;75
1250;113
1250;265
1251;7
1251;15
1251;38
1251;75
1251;113
1251;266
1252;7
1252;15
1252;22
1252;55
1252;115
1252;192
1253;7
1253;17
1253;35
1253;51
1253;117
1253;309
1254;7
1254;19
1254;39
1254;78
1254;117
1254;314
1255;7
1255;18
1255;32
1255;75
1255;94
1255;369
1256;9
1256;11
1256;22
1256;45
1256;132
1256;298
1257;6
1257;15
1257;22
1257;79
1257;80
1257;237
1258;7
1258;15
1258;33
1258;73
1258;82
1258;347
1259;7
1259;15
1259;22
1259;45
1259;157
1259;181
1260;7
1260;15
1260;25
1260;50
1260;112
1260;304
1261;7
1261;15
1261;28
1261;45
1261;112
1261;200
1262;7
1262;10
1262;35
1262;45
1262;87
1262;268
1263;5
1263;14
1263;38
1263;45
1263;114
1263;345
1264;7
1264;15
1264;28
1264;45
1264;114
1264;191
1265;7
1265;15
1265;22
1265;45
1265;89
1265;186
1266;8
1266;17
1266;22
1266;53
1266;113
1266;275
1267;4
1267;19
1267;20
1267;57
1267;115
1267;322
1268;5
1268;19
1268;37
1268;56
1268;80
1268;175
1269;9
1269;10
1269;20
1269;46
1269;113
1269;295
1270;4
1270;15
1270;22
1270;44
1270;87
1270;163
1271;4
1271;15
1271;22
1271;44
1271;115
1271;309
1272;4
1272;14
1272;20
1272;40
1272;88
1272;310
1273;5
1273;10
1273;23
1273;46
1273;115
1273;294
1274;9
1274;10
1274;25
1274;50
1274;100
1274;303
1275;9
1275;10
1275;23
1275;49
1275;98
1275;344
1276;6
1276;10
1276;30
1276;45
1276;111
1276;310
1277;9
1277;10
1277;30
1277;67
1277;111
1277;289
1278;9
1278;10
1278;30
1278;44
1278;132
1278;222
1279;5
1279;19
1279;22
1279;56
1279;95
1279;168
1280;6
1280;19
1280;30
1280;75
1280;150
1280;339
1281;7
1281;19
1281;38
1281;75
1281;131
1281;284
1282;9
1282;19
1282;30
1282;56
1282;94
1282;301
1283;6
1283;10
1283;29
1283;45
1283;159
1283;160
1284;9
1284;10
1284;22
1284;45
1284;149
1284;320
1285;9
1285;10
1285;30
1285;45
1285;131
1285;190
1286;6
1286;10
1286;23
1286;45
1286;157
1286;311
1287;9
1287;10
1287;30
1287;46
1287;140
1287;191
1288;9
1288;10
1288;25
1288;50
1288;150
1288;302
1289;5
1289;10
1289;30
1289;48
1289;120
1289;179
1290;9
1290;10
1290;33
1290;59
1290;120
1290;180
1291;9
1291;10
1291;25
1291;67
1291;89
1291;337
1292;6
1292;10
1292;34
1292;40
1292;90
1292;193
1293;6
1293;13
1293;38
1293;56
1293;93
1293;225
1294;6
1294;12
1294;25
1294;77
1294;80
1294;269
1295;5
1295;13
1295;25
1295;43
1295;123
1295;214
1296;5
1296;10
1296;33
1296;50
1296;102
1296;164
1297;4
1297;17
1297;22
1297;69
1297;104
1297;163
1298;7
1298;19
1298;38
1298;76
1298;94
1298;172
1299;8
1299;10
1299;21
1299;40
1299;92
1299;329
1300;5
1300;17
1300;34
1300;51
1300;102
1300;301
1301;8
1301;17
1301;33
1301;50
1301;100
1301;232
1302;8
1302;17
1302;33
1302;50
1302;83
1302;301
1303;8
1303;17
1303;34
1303;50
1303;83
1303;301
1304;8
1304;17
1304;34
1304;67
1304;84
1304;302
1305;8
1305;17
1305;30
1305;40
1305;98
1305;179
1306;9
1306;18
1306;38
1306;57
1306;113
1306;340
1307;5
1307;19
1307;37
1307;56
1307;112
1307;299
1308;5
1308;19
1308;37
1308;57
1308;114
1308;322
1309;8
1309;17
1309;38
1309;57
1309;152
1309;339
1310;8
1310;17
1310;25
1310;41
1310;135
1310;219
1311;9
1311;17
1311;22
1311;71
1311;149
1311;225
1312;9
1312;16
1312;22
1312;42
1312;156
1312;321
1313;8
1313;10
1313;20
1313;40
1313;82
1313;311
1314;8
1314;19
1314;20
1314;40
1314;120
1314;318
1315;8
1315;17
1315;39
1315;40
1315;140
1315;161
1316;8
1316;15
1316;30
1316;44
1316;90
1316;286
1317;8
1317;15
1317;29
1317;40
1317;86
1317;294
1318;8
1318;17
1318;29
1318;40
1318;90
1318;166
1319;9
1319;16
1319;22
1319;40
1319;86
1319;173
1320;8
1320;17
1320;39
1320;61
1320;100
1320;279
1321;8
1321;17
1321;23
1321;68
1321;114
1321;271
1322;5
1322;17
1322;22
1322;44
1322;89
1322;310
1323;3
1323;17
1323;33
1323;67
1323;89
1323;298
1324;3
1324;17
1324;33
1324;50
1324;90
1324;301
1325;8
1325;16
1325;32
1325;49
1325;89
1325;324
1326;9
1326;10
1326;20
1326;50
1326;134
1326;337
1327;4
1327;17
1327;33
1327;50
1327;83
1327;334
1328;8
1328;17
1328;33
1328;50
1328;134
1328;333
1329;5
1329;16
1329;33
1329;50
1329;116
1329;318
1330;5
1330;11
1330;34
1330;56
1330;84
1330;224
1331;6
1331;17
1331;34
1331;56
1331;141
1331;225
1332;6
1332;11
1332;34
1332;57
1332;85
1332;227
1333;5
1333;11
1333;22
1333;40
1333;100
1333;237
1334;5
1334;19
1334;33
1334;40
1334;100
1334;168
1335;5
1335;19
1335;33
1335;69
1335;101
1335;168
1336;5
1336;11
1336;28
1336;54
1336;82
1336;204
1337;6
1337;11
1337;28
1337;40
1337;83
1337;204
1338;6
1338;11
1338;28
1338;69
1338;82
1338;204
1339;6
1339;11
1339;28
1339;70
1339;115
1339;230
1340;6
1340;11
1340;28
1340;69
1340;90
1340;334
1341;6
1341;11
1341;28
1341;40
1341;139
1341;202
1342;6
1342;10
1342;28
1342;40
1342;100
1342;305
1343;3
1343;18
1343;37
1343;67
1343;148
1343;306
1344;4
1344;19
1344;28
1344;68
1344;113
1344;350
1345;2
1345;19
1345;28
1345;57
1345;114
1345;328
1346;6
1346;17
1346;22
1346;50
1346;132
1346;220
1347;1
1347;17
1347;35
1347;52
1347;103
1347;234
1348;7
1348;19
1348;38
1348;76
1348;112
1348;508
1349;0
1349;19
1349;38
1349;75
1349;94
1349;495
1350;5
1350;18
1350;37
1350;56
1350;92
1350;296
1351;9
1351;17
1351;28
1351;51
1351;84
1351;307
1352;6
1352;17
1352;33
1352;50
1352;83
1352;299
1353;2
1353;17
1353;33
1353;50
1353;83
1353;300
1354;0
1354;17
1354;33
1354;50
1354;84
1354;301
1355;4
1355;16
1355;33
1355;50
1355;83
1355;501
1356;9
1356;19
1356;38
1356;57
1356;114
1356;264
1357;9
1357;19
1357;38
1357;56
1357;131
1357;265
1358;9
1358;19
1358;38
1358;57
1358;132
1358;321
1359;8
1359;19
1359;28
1359;75
1359;126
1359;192
1360;2
1360;15
1360;38
1360;75
1360;113
1360;311
1361;5
1361;15
1361;38
1361;75
1361;146
1361;184
1362;7
1362;15
1362;28
1362;75
1362;139
1362;180
1363;0
1363;15
1363;30
1363;45
1363;89
1363;250
1364;1
1364;15
1364;30
1364;76
1364;92
1364;230
1365;0
1365;15
1365;29
1365;42
1365;87
1365;232
1366;7
1366;15
1366;22
1366;45
1366;87
1366;220
1367;4
1367;19
1367;23
1367;61
1367;101
1367;204
1368;8
1368;15
1368;23
1368;68
1368;91
1368;220
1369;8
1369;15
1369;22
1369;44
1369;87
1369;220
1370;6
1370;17
1370;38
1370;45
1370;114
1370;267
1371;4
1371;17
1371;33
1371;45
1371;84
1371;435
1372;8
1372;17
1372;33
1372;49
1372;84
1372;238
1373;1
1373;16
1373;34
1373;51
1373;118
1373;320
1374;2
1374;17
1374;33
1374;50
1374;117
1374;216
1375;7
1375;17
1375;34
1375;51
1375;118
1375;320
1376;5
1376;16
1376;32
1376;49
1376;115
1376;328
1377;6
1377;15
1377;30
1377;45
1377;119
1377;269
1378;2
1378;15
1378;30
1378;45
1378;120
1378;273
1379;6
1379;15
1379;22
1379;44
1379;131
1379;283
1380;2
1380;12
1380;22
1380;45
1380;112
1380;277
1381;7
1381;19
1381;22
1381;45
1381;112
1381;261
1382;1
1382;13
1382;22
1382;45
1382;112
1382;178
1383;5
1383;19
1383;30
1383;45
1383;113
1383;178
1384;8
1384;13
1384;30
1384;59
1384;112
1384;178
1385;1
1385;13
1385;30
1385;59
1385;113
1385;179
1386;9
1386;12
1386;30
1386;59
1386;113
1386;192
1387;6
1387;13
1387;30
1387;59
1387;113
1387;179
1388;9
1388;13
1388;30
1388;59
1388;89
1388;185
1389;7
1389;16
1389;30
1389;44
1389;150
1389;393
1390;7
1390;12
1390;30
1390;44
1390;148
1390;380
1391;9
1391;19
1391;30
1391;44
1391;113
1391;383
1392;8
1392;13
1392;30
1392;44
1392;149
1392;179
1393;8
1393;13
1393;30
1393;44
1393;113
1393;190
1394;2
1394;13
1394;30
1394;45
1394;150
1394;181
1395;4
1395;13
1395;30
1395;45
1395;149
1395;180
1396;3
1396;19
1396;30
1396;61
1396;90
1396;468
1397;7
1397;13
1397;30
1397;59
1397;119
1397;178
1398;2
1398;13
1398;33
1398;59
1398;89
1398;178
1399;0
1399;19
1399;34
1399;68
1399;121
1399;180
1400;1
1400;13
1400;30
1400;67
1400;118
1400;178
1401;9
1401;12
1401;33
1401;67
1401;120
1401;369
1402;3
1402;13
1402;34
1402;67
1402;101
1402;340
1403;8
1403;16
1403;34
1403;46
1403;125
1403;387
1404;8
1404;17
1404;26
1404;74
1404;108
1404;367
1405;9
1405;10
1405;28
1405;68
1405;112
1405;165
1406;9
1406;13
1406;35
1406;69
1406;111
1406;255
1407;8
1407;13
1407;33
1407;69
1407;111
1407;223
1408;9
1408;17
1408;35
1408;68
1408;113
1408;168
1409;9
1409;17
1409;35
1409;69
1409;100
1409;169
1410;9
1410;17
1410;35
1410;70
1410;112
1410;231
1411;9
1411;17
1411;34
1411;67
1411;113
1411;169
1412;9
1412;17
1412;34
1412;68
1412;99
1412;168
1413;9
1413;17
1413;37
1413;69
1413;112
1413;168
1414;9
1414;17
1414;37
1414;69
1414;112
1414;505
1415;9
1415;17
1415;37
1415;67
1415;111
1415;228
1416;9
1416;17
1416;34
1416;67
1416;101
1416;407
1417;8
1417;13
1417;34
1417;70
1417;101
1417;472
1418;9
1418;13
1418;26
1418;75
1418;112
1418;237
