0;9
0;11
0;20
0;79
0;81
0;219
1;8
1;10
1;31
1;63
1;80
1;167
2;9
2;10
2;36
2;58
2;83
2;178
3;8
3;10
3;21
3;56
3;118
3;180
4;9
4;10
4;21
4;53
4;100
4;185
5;9
5;10
5;26
5;59
5;83
5;164
6;9
6;10
6;34
6;63
6;111
6;202
7;9
7;10
7;36
7;70
7;83
7;168
8;9
8;10
8;30
8;66
8;108
8;202
9;9
9;10
9;31
9;75
9;112
9;182
10;9
10;10
10;21
10;51
10;121
10;194
11;9
11;10
11;38
11;48
11;118
11;167
12;9
12;10
12;37
12;74
12;96
12;170
13;8
13;10
13;39
13;49
13;112
13;194
14;9
14;10
14;30
14;66
14;122
14;186
15;9
15;10
15;36
15;61
15;91
15;177
16;9
16;10
16;30
16;62
16;100
16;177
17;9
17;10
17;20
17;51
17;93
17;166
18;9
18;10
18;20
18;64
18;88
18;167
19;9
19;10
19;20
19;63
19;117
19;172
20;9
20;10
20;31
20;51
20;108
20;171
21;9
21;10
21;23
21;75
21;131
21;217
22;8
22;10
22;37
22;56
22;88
22;162
23;9
23;10
23;21
23;63
23;99
23;182
24;9
24;10
24;30
24;56
24;86
24;160
25;8
25;10
25;36
25;59
25;107
25;168
26;9
26;10
26;20
26;59
26;87
26;172
27;8
27;10
27;26
27;49
27;118
27;184
28;9
28;10
28;20
28;59
28;91
28;186
29;9
29;10
29;21
29;79
29;113
29;204
30;9
30;10
30;38
30;58
30;87
30;199
31;9
31;10
31;22
31;79
31;104
31;192
32;9
32;10
32;36
32;64
32;119
32;175
33;9
33;10
33;33
33;59
33;86
33;175
34;9
34;10
34;38
34;58
34;102
34;205
35;8
35;10
35;38
35;77
35;83
35;162
36;9
36;10
36;20
36;48
36;101
36;160
37;8
37;10
37;36
37;59
37;100
37;182
38;9
38;10
38;20
38;59
38;118
38;161
39;9
39;10
39;39
39;57
39;111
39;168
40;9
40;10
40;30
40;60
40;109
40;181
41;9
41;10
41;37
41;59
41;86
41;172
42;9
42;10
42;22
42;77
42;112
42;161
43;9
43;14
43;39
43;40
43;82
43;312
44;9
44;10
44;20
44;43
44;134
44;313
45;9
45;10
45;20
45;40
45;118
45;343
46;9
46;15
46;20
46;59
46;119
46;178
47;9
47;15
47;20
47;59
47;119
47;178
48;9
48;10
48;30
48;59
48;119
48;178
49;9
49;15
49;30
49;60
49;89
49;178
50;9
50;10
50;20
50;59
50;119
50;178
51;9
51;10
51;29
51;52
51;125
51;163
52;9
52;15
52;20
52;59
52;96
52;178
53;9
53;10
53;20
53;59
53;149
53;178
54;9
54;10
54;20
54;59
54;119
54;178
55;9
55;15
55;30
55;59
55;119
55;313
56;9
56;10
56;20
56;59
56;89
56;178
57;9
57;10
57;21
57;40
57;88
57;359
58;9
58;15
58;20
58;59
58;119
58;178
59;9
59;15
59;20
59;59
59;119
59;178
60;9
60;10
60;20
60;59
60;89
60;178
61;9
61;10
61;38
61;59
61;90
61;178
62;9
62;10
62;20
62;56
62;131
62;224
63;8
63;10
63;36
63;41
63;119
63;358
64;9
64;15
64;30
64;59
64;119
64;178
65;9
65;15
65;30
65;59
65;149
65;178
66;9
66;10
66;30
66;59
66;84
66;178
67;9
67;10
67;30
67;53
67;124
67;163
68;9
68;10
68;20
68;59
68;119
68;256
69;9
69;10
69;20
69;51
69;118
69;160
70;9
70;10
70;20
70;51
70;101
70;203
71;9
71;10
71;20
71;57
71;114
71;314
72;9
72;10
72;20
72;56
72;112
72;206
73;9
73;15
73;30
73;57
73;113
73;207
74;9
74;15
74;30
74;56
74;111
74;185
75;9
75;11
75;20
75;41
75;90
75;343
76;9
76;10
76;30
76;56
76;113
76;194
77;9
77;15
77;30
77;59
77;149
77;178
78;9
78;15
78;30
78;59
78;149
78;178
79;9
79;10
79;30
79;59
79;149
79;178
80;9
80;15
80;30
80;59
80;149
80;178
81;9
81;10
81;22
81;59
81;119
81;178
82;9
82;10
82;29
82;60
82;148
82;178
83;9
83;15
83;30
83;70
83;97
83;183
84;9
84;15
84;30
84;59
84;149
84;178
85;9
85;15
85;30
85;59
85;119
85;178
86;9
86;15
86;30
86;59
86;149
86;178
87;9
87;10
87;30
87;59
87;89
87;390
88;9
88;10
88;29
88;59
88;89
88;178
89;9
89;15
89;30
89;59
89;149
89;359
90;9
90;15
90;30
90;59
90;119
90;178
91;9
91;15
91;30
91;59
91;119
91;319
92;9
92;10
92;30
92;59
92;119
92;184
93;9
93;10
93;30
93;59
93;113
93;245
94;9
94;10
94;38
94;45
94;113
94;243
95;9
95;15
95;30
95;59
95;119
95;359
96;9
96;15
96;30
96;59
96;149
96;359
97;9
97;10
97;30
97;59
97;89
97;168
98;9
98;15
98;29
98;60
98;119
98;178
99;9
99;10
99;30
99;69
99;81
99;184
100;9
100;10
100;32
100;41
100;124
100;213
101;9
101;15
101;30
101;50
101;101
101;178
102;9
102;10
102;30
102;59
102;110
102;179
103;9
103;10
103;30
103;56
103;94
103;179
104;9
104;10
104;30
104;56
104;113
104;177
105;9
105;15
105;30
105;56
105;113
105;179
106;9
106;15
106;29
106;40
106;94
106;313
107;6
107;11
107;22
107;45
107;112
107;180
108;9
108;11
108;22
108;44
108;89
108;176
109;8
109;15
109;22
109;59
109;89
109;178
110;9
110;11
110;22
110;42
110;149
110;178
111;5
111;11
111;22
111;59
111;119
111;178
112;9
112;16
112;30
112;42
112;119
112;178
113;5
113;11
113;30
113;59
113;89
113;178
114;8
114;11
114;27
114;52
114;125
114;169
115;8
115;15
115;30
115;59
115;119
115;178
116;3
116;11
116;30
116;59
116;148
116;178
117;9
117;11
117;30
117;59
117;119
117;178
118;9
118;11
118;30
118;59
118;89
118;343
119;9
119;11
119;30
119;59
119;123
119;178
120;9
120;11
120;30
120;40
120;88
120;177
121;0
121;15
121;30
121;59
121;89
121;178
122;0
122;11
122;30
122;59
122;89
122;314
123;9
123;11
123;30
123;59
123;89
123;178
124;8
124;11
124;30
124;42
124;89
124;178
125;4
125;11
125;22
125;60
125;89
125;178
126;9
126;11
126;31
126;59
126;134
126;314
127;4
127;15
127;30
127;59
127;119
127;178
128;8
128;15
128;30
128;59
128;149
128;178
129;9
129;15
129;22
129;59
129;119
129;178
130;9
130;11
130;39
130;70
130;97
130;169
131;8
131;11
131;22
131;56
131;123
131;216
132;8
132;11
132;30
132;59
132;148
132;358
133;7
133;11
133;30
133;59
133;89
133;178
134;5
134;11
134;30
134;59
134;89
134;314
135;9
135;11
135;30
135;59
135;148
135;178
136;8
136;15
136;30
136;59
136;89
136;178
137;8
137;15
137;30
137;59
137;89
137;178
138;9
138;12
138;30
138;44
138;134
138;314
139;6
139;13
139;29
139;60
139;118
139;191
140;9
140;15
140;30
140;59
140;89
140;178
141;8
141;15
141;30
141;59
141;89
141;178
142;6
142;15
142;30
142;59
142;89
142;178
143;7
143;15
143;30
143;59
143;89
143;178
144;8
144;12
144;20
144;59
144;89
144;178
145;4
145;13
145;20
145;61
145;89
145;178
146;7
146;15
146;30
146;69
146;97
146;184
147;6
147;15
147;30
147;59
147;119
147;178
148;7
148;15
148;30
148;59
148;119
148;178
149;9
149;15
149;30
149;59
149;149
149;178
150;6
150;13
150;30
150;45
150;119
150;390
151;6
151;13
151;28
151;41
151;99
151;368
152;6
152;15
152;30
152;67
152;119
152;166
153;6
153;15
153;30
153;75
153;112
153;224
154;6
154;15
154;30
154;59
154;119
154;390
155;9
155;15
155;30
155;59
155;134
155;165
156;6
156;12
156;30
156;59
156;89
156;164
157;9
157;12
157;20
157;42
157;101
157;359
158;5
158;15
158;30
158;59
158;102
158;179
159;9
159;15
159;30
159;59
159;149
159;179
160;9
160;15
160;30
160;59
160;149
160;179
161;9
161;15
161;29
161;52
161;125
161;179
162;6
162;12
162;30
162;59
162;96
162;238
163;6
163;13
163;30
163;59
163;149
163;178
164;6
164;12
164;30
164;59
164;119
164;178
165;9
165;13
165;20
165;44
165;119
165;313
166;9
166;15
166;30
166;56
166;134
166;227
167;6
167;15
167;30
167;56
167;119
167;225
168;6
168;13
168;30
168;56
168;119
168;194
169;9
169;11
169;31
169;41
169;109
169;313
170;9
170;10
170;20
170;67
170;101
170;219
171;9
171;10
171;35
171;74
171;119
171;219
172;9
172;15
172;38
172;56
172;94
172;188
173;8
173;15
173;37
173;56
173;119
173;206
174;9
174;15
174;30
174;59
174;149
174;178
175;9
175;10
175;21
175;59
175;88
175;178
176;4
176;10
176;30
176;60
176;120
176;177
177;9
177;10
177;28
177;53
177;124
177;169
178;9
178;15
178;30
178;45
178;150
178;210
179;9
179;16
179;31
179;45
179;148
179;179
180;9
180;17
180;33
180;50
180;134
180;184
181;9
181;17
181;34
181;51
181;134
181;314
182;9
182;17
182;33
182;50
182;83
182;179
183;9
183;10
183;20
183;59
183;89
183;178
184;9
184;15
184;20
184;59
184;119
184;178
185;9
185;15
185;37
185;40
185;119
185;178
186;9
186;10
186;37
186;59
186;149
186;224
187;7
187;19
187;39
187;40
187;80
187;198
188;9
188;10
188;39
188;40
188;158
188;179
189;9
189;10
189;38
189;57
189;112
189;238
190;9
190;15
190;37
190;56
190;112
190;178
191;9
191;15
191;34
191;51
191;102
191;178
192;9
192;10
192;30
192;50
192;118
192;178
193;9
193;10
193;32
193;70
193;97
193;169
194;9
194;10
194;29
194;60
194;119
194;178
195;9
195;10
195;30
195;45
195;148
195;307
196;9
196;10
196;30
196;45
196;148
196;164
197;9
197;10
197;30
197;45
197;89
197;180
198;9
198;10
198;29
198;59
198;89
198;487
199;9
199;15
199;25
199;50
199;150
199;187
200;9
200;15
200;25
200;59
200;104
200;240
201;9
201;15
201;28
201;60
201;123
201;242
202;9
202;10
202;34
202;67
202;116
202;218
203;9
203;15
203;38
203;56
203;94
203;178
204;9
204;15
204;37
204;56
204;149
204;178
205;9
205;10
205;38
205;59
205;149
205;178
206;8
206;15
206;30
206;60
206;149
206;178
207;9
207;10
207;30
207;59
207;149
207;178
208;9
208;10
208;31
208;52
208;100
208;422
209;9
209;15
209;30
209;45
209;90
209;178
210;9
210;10
210;30
210;45
210;120
210;178
211;9
211;15
211;30
211;50
211;84
211;178
212;9
212;17
212;34
212;50
212;134
212;314
213;9
213;10
213;30
213;59
213;148
213;325
214;9
214;10
214;20
214;40
214;85
214;208
215;9
215;15
215;30
215;59
215;149
215;178
216;9
216;15
216;30
216;59
216;119
216;427
217;9
217;15
217;36
217;52
217;157
217;173
218;9
218;15
218;30
218;40
218;133
218;371
219;9
219;10
219;30
219;60
219;119
219;219
220;9
220;10
220;38
220;59
220;140
220;160
221;9
221;15
221;38
221;56
221;149
221;168
222;9
222;15
222;37
222;56
222;150
222;167
223;9
223;15
223;33
223;50
223;149
223;183
224;9
224;15
224;32
224;52
224;124
224;163
225;9
225;10
225;30
225;60
225;150
225;165
226;9
226;10
226;30
226;60
226;148
226;179
227;9
227;10
227;30
227;60
227;149
227;179
228;9
228;10
228;30
228;60
228;89
228;179
229;9
229;10
229;30
229;60
229;105
229;179
230;9
230;15
230;30
230;45
230;125
230;294
231;8
231;15
231;25
231;51
231;104
231;202
232;9
232;15
232;29
232;40
232;154
232;343
233;8
233;11
233;34
233;50
233;84
233;217
234;8
234;11
234;35
234;51
234;149
234;178
235;8
235;15
235;38
235;57
235;132
235;178
236;9
236;15
236;20
236;42
236;149
236;178
237;4
237;15
237;22
237;59
237;119
237;178
238;9
238;15
238;29
238;59
238;148
238;178
239;4
239;11
239;30
239;59
239;119
239;178
240;5
240;11
240;28
240;70
240;97
240;169
241;4
241;11
241;30
241;45
241;134
241;178
242;5
242;11
242;33
242;50
242;84
242;178
243;9
243;17
243;33
243;50
243;83
243;178
244;9
244;11
244;34
244;51
244;141
244;171
245;8
245;11
245;30
245;50
245;149
245;178
246;9
246;15
246;30
246;58
246;101
246;178
247;8
247;15
247;30
247;59
247;89
247;178
248;0
248;11
248;30
248;53
248;89
248;238
249;8
249;19
249;38
249;57
249;95
249;227
250;7
250;10
250;39
250;40
250;119
250;220
251;4
251;11
251;39
251;40
251;80
251;241
252;8
252;15
252;39
252;40
252;119
252;178
253;5
253;15
253;37
253;56
253;119
253;204
254;5
254;15
254;33
254;50
254;151
254;184
255;9
255;15
255;31
255;50
255;119
255;179
256;8
256;11
256;30
256;45
256;89
256;184
257;9
257;11
257;29
257;45
257;89
257;193
258;8
258;15
258;30
258;45
258;134
258;208
259;7
259;11
259;30
259;59
259;149
259;178
260;9
260;11
260;30
260;60
260;118
260;209
261;8
261;14
261;28
261;42
261;124
261;178
262;8
262;15
262;38
262;50
262;87
262;169
263;9
263;14
263;30
263;43
263;87
263;312
264;7
264;13
264;30
264;66
264;82
264;212
265;6
265;12
265;33
265;67
265;83
265;216
266;8
266;15
266;38
266;75
266;133
266;178
267;9
267;15
267;38
267;56
267;150
267;170
268;9
268;15
268;36
268;56
268;89
268;239
269;9
269;14
269;20
269;40
269;89
269;178
270;5
270;13
270;20
270;59
270;89
270;178
271;6
271;13
271;31
271;52
271;125
271;169
272;6
272;15
272;29
272;59
272;149
272;227
273;6
273;15
273;30
273;45
273;149
273;163
274;6
274;15
274;34
274;50
274;84
274;178
275;9
275;17
275;30
275;50
275;134
275;313
276;6
276;13
276;30
276;50
276;119
276;367
277;9
277;13
277;30
277;40
277;99
277;366
278;6
278;15
278;30
278;68
278;148
278;223
279;6
279;15
279;30
279;75
279;112
279;404
280;6
280;15
280;38
280;56
280;113
280;170
281;7
281;15
281;30
281;76
281;80
281;190
282;6
282;13
282;20
282;40
282;80
282;221
283;9
283;10
283;20
283;59
283;148
283;237
284;4
284;15
284;38
284;56
284;93
284;179
285;4
285;15
285;38
285;54
285;130
285;242
286;6
286;15
286;30
286;50
286;116
286;234
287;9
287;15
287;29
287;53
287;97
287;169
288;6
288;15
288;30
288;59
288;149
288;194
289;6
289;12
289;30
289;45
289;134
289;180
290;6
290;13
290;30
290;45
290;150
290;165
291;9
291;15
291;30
291;56
291;119
291;343
292;6
292;15
292;29
292;56
292;119
292;201
293;6
293;15
293;29
293;40
293;141
293;165
294;7
294;15
294;30
294;44
294;119
294;479
295;5
295;10
295;24
295;40
295;82
295;314
296;3
296;10
296;20
296;50
296;83
296;165
297;3
297;15
297;30
297;75
297;113
297;179
298;3
298;15
298;30
298;66
298;83
298;232
299;3
299;10
299;20
299;72
299;86
299;227
300;3
300;15
300;30
300;75
300;90
300;178
301;3
301;11
301;20
301;75
301;89
301;225
302;2
302;17
302;34
302;67
302;118
302;217
303;3
303;15
303;33
303;50
303;97
303;184
304;3
304;15
304;30
304;59
304;89
304;178
305;2
305;10
305;30
305;59
305;119
305;178
306;2
306;10
306;30
306;59
306;119
306;178
307;2
307;10
307;20
307;73
307;109
307;216
308;2
308;10
308;27
308;52
308;120
308;213
309;2
309;15
309;30
309;59
309;119
309;178
310;2
310;15
310;30
310;59
310;89
310;178
311;2
311;15
311;37
311;59
311;89
311;178
312;3
312;17
312;38
312;59
312;89
312;178
313;2
313;19
313;39
313;40
313;80
313;178
314;3
314;19
314;39
314;40
314;151
314;177
315;5
315;15
315;38
315;56
315;131
315;244
316;5
316;16
316;30
316;60
316;93
316;412
317;5
317;15
317;33
317;66
317;115
317;178
318;5
318;15
318;30
318;47
318;104
318;178
319;5
319;10
319;30
319;69
319;96
319;245
320;5
320;10
320;30
320;60
320;119
320;179
321;3
321;15
321;30
321;45
321;149
321;309
322;3
322;15
322;30
322;45
322;157
322;165
323;3
323;15
323;29
323;44
323;149
323;172
324;3
324;14
324;28
324;59
324;119
324;429
325;2
325;15
325;25
325;50
325;157
325;164
326;3
326;15
326;21
326;40
326;89
326;313
327;3
327;16
327;34
327;50
327;84
327;237
328;2
328;18
328;35
328;52
328;101
328;359
329;2
329;15
329;38
329;57
329;95
329;178
330;2
330;15
330;37
330;59
330;93
330;178
331;2
331;15
331;30
331;59
331;149
331;178
332;2
332;15
332;20
332;42
332;119
332;178
333;2
333;10
333;30
333;60
333;89
333;178
334;2
334;15
334;27
334;52
334;124
334;163
335;2
335;15
335;30
335;45
335;148
335;178
336;2
336;16
336;30
336;45
336;149
336;161
337;2
337;17
337;34
337;50
337;119
337;179
338;2
338;17
338;33
338;50
338;134
338;343
339;2
339;10
339;30
339;59
339;89
339;311
340;7
340;10
340;22
340;71
340;106
340;168
341;3
341;15
341;30
341;59
341;149
341;178
342;2
342;15
342;30
342;48
342;153
342;163
343;2
343;19
343;38
343;57
343;149
343;210
344;2
344;19
344;30
344;41
344;119
344;271
345;2
345;19
345;30
345;60
345;119
345;218
346;6
346;11
346;20
346;59
346;159
346;177
347;3
347;15
347;37
347;56
347;149
347;168
348;2
348;15
348;33
348;59
348;150
348;171
349;2
349;17
349;33
349;59
349;119
349;181
350;2
350;19
350;27
350;53
350;124
350;163
351;2
351;15
351;30
351;60
351;149
351;178
352;2
352;15
352;30
352;59
352;149
352;178
353;2
353;15
353;30
353;59
353;88
353;179
354;2
354;15
354;30
354;45
354;90
354;179
355;2
355;10
355;31
355;60
355;119
355;179
356;2
356;15
356;30
356;40
356;90
356;288
357;2
357;15
357;25
357;45
357;104
357;224
358;4
358;10
358;21
358;62
358;152
358;185
359;3
359;17
359;34
359;50
359;84
359;217
360;3
360;15
360;38
360;57
360;89
360;178
361;3
361;15
361;37
361;56
361;149
361;178
362;3
362;11
362;30
362;59
362;148
362;178
363;3
363;15
363;30
363;59
363;89
363;178
364;3
364;11
364;30
364;59
364;134
364;178
365;3
365;11
365;22
365;56
365;120
365;164
366;3
366;15
366;29
366;44
366;97
366;184
367;3
367;15
367;30
367;45
367;134
367;178
368;3
368;17
368;34
368;51
368;84
368;178
369;3
369;17
369;34
369;50
369;84
369;178
370;3
370;16
370;30
370;59
370;149
370;178
371;3
371;11
371;29
371;45
371;89
371;178
372;3
372;15
372;30
372;53
372;98
372;178
373;3
373;15
373;30
373;59
373;150
373;178
374;3
374;18
374;30
374;55
374;131
374;243
375;3
375;19
375;20
375;57
375;134
375;178
376;6
376;11
376;20
376;40
376;80
376;221
377;9
377;11
377;39
377;59
377;80
377;312
378;3
378;15
378;37
378;56
378;149
378;225
379;3
379;18
379;35
379;59
379;119
379;218
380;3
380;17
380;34
380;50
380;149
380;182
381;3
381;15
381;29
381;45
381;83
381;255
382;3
382;15
382;30
382;45
382;90
382;245
383;3
383;15
383;29
383;45
383;89
383;358
384;3
384;15
384;30
384;59
384;148
384;162
385;3
385;15
385;30
385;59
385;148
385;224
386;3
386;15
386;30
386;60
386;118
386;384
387;3
387;14
387;28
387;42
387;124
387;234
388;3
388;13
388;38
388;49
388;87
388;168
389;3
389;10
389;38
389;42
389;89
389;313
390;3
390;10
390;30
390;50
390;83
390;169
391;3
391;10
391;37
391;75
391;113
391;178
392;3
392;10
392;33
392;66
392;83
392;178
393;3
393;15
393;30
393;74
393;88
393;178
394;3
394;15
394;30
394;60
394;91
394;178
395;3
395;11
395;30
395;74
395;119
395;178
396;3
396;10
396;34
396;67
396;84
396;220
397;3
397;14
397;31
397;67
397;124
397;163
398;3
398;15
398;30
398;59
398;119
398;161
399;3
399;15
399;30
399;59
399;119
399;178
400;3
400;15
400;30
400;59
400;89
400;178
401;3
401;15
401;30
401;59
401;119
401;236
402;3
402;15
402;30
402;45
402;89
402;362
403;6
403;15
403;30
403;45
403;105
403;367
404;3
404;15
404;30
404;74
404;149
404;224
405;3
405;10
405;30
405;44
405;116
405;314
406;3
406;10
406;30
406;45
406;149
406;182
407;3
407;10
407;30
407;59
407;119
407;174
408;3
408;10
408;29
408;59
408;139
408;179
409;5
409;10
409;30
409;60
409;149
409;179
410;3
410;10
410;30
410;59
410;135
410;179
411;3
411;10
411;30
411;59
411;149
411;179
412;3
412;10
412;30
412;59
412;149
412;178
413;3
413;14
413;31
413;71
413;126
413;240
414;1
414;10
414;33
414;68
414;102
414;213
415;1
415;14
415;30
415;46
415;102
415;244
416;1
416;14
416;25
416;46
416;102
416;190
417;0
417;11
417;25
417;45
417;102
417;177
418;0
418;14
418;30
418;46
418;102
418;178
419;8
419;14
419;30
419;48
419;81
419;175
420;0
420;19
420;37
420;42
420;150
420;178
421;6
421;11
421;29
421;40
421;119
421;160
422;3
422;10
422;31
422;41
422;93
422;160
423;3
423;12
423;25
423;40
423;88
423;161
424;3
424;13
424;38
424;40
424;88
424;160
425;6
425;13
425;25
425;70
425;102
425;160
426;2
426;12
426;30
426;60
426;80
426;160
427;5
427;15
427;30
427;45
427;90
427;208
428;2
428;15
428;30
428;45
428;104
428;253
429;2
429;15
429;30
429;45
429;104
429;184
430;8
430;15
430;30
430;45
430;104
430;239
431;7
431;15
431;30
431;45
431;105
431;283
432;9
432;15
432;30
432;45
432;89
432;224
433;0
433;15
433;30
433;60
433;133
433;222
434;8
434;15
434;30
434;60
434;120
434;226
435;3
435;13
435;30
435;51
435;118
435;236
436;3
436;13
436;33
436;67
436;117
436;234
437;3
437;13
437;33
437;49
437;117
437;234
438;3
438;13
438;34
438;50
438;117
438;185
439;3
439;10
439;33
439;50
439;134
439;185
440;2
440;12
440;34
440;51
440;84
440;186
441;3
441;19
441;38
441;57
441;132
441;189
442;2
442;19
442;38
442;56
442;150
442;188
443;3
443;19
443;37
443;56
443;150
443;187
444;3
444;18
444;37
444;53
444;83
444;256
445;8
445;16
445;38
445;49
445;147
445;162
446;8
446;17
446;34
446;51
446;152
446;219
447;7
447;17
447;33
447;50
447;150
447;167
448;3
448;17
448;33
448;50
448;150
448;168
449;7
449;15
449;30
449;50
449;88
449;167
450;9
450;15
450;30
450;40
450;88
450;183
451;9
451;16
451;29
451;50
451;118
451;218
452;9
452;11
452;33
452;40
452;80
452;297
453;4
453;11
453;33
453;50
453;151
453;227
454;4
454;11
454;34
454;41
454;90
454;228
455;4
455;11
455;25
455;50
455;150
455;189
456;4
456;10
456;21
456;40
456;104
456;189
457;4
457;11
457;22
457;56
457;151
457;201
458;8
458;11
458;29
458;41
458;87
458;189
459;4
459;15
459;29
459;45
459;105
459;179
460;4
460;15
460;30
460;70
460;119
460;169
461;4
461;15
461;30
461;45
461;120
461;195
462;4
462;15
462;30
462;44
462;133
462;207
463;4
463;15
463;30
463;45
463;136
463;180
464;3
464;14
464;30
464;43
464;116
464;236
465;4
465;15
465;30
465;45
465;119
465;179
466;5
466;11
466;32
466;45
466;120
466;271
467;4
467;11
467;34
467;50
467;118
467;185
468;4
468;11
468;34
468;50
468;117
468;201
469;4
469;11
469;33
469;50
469;117
469;201
470;5
470;13
470;34
470;50
470;117
470;284
471;4
471;13
471;33
471;50
471;134
471;184
472;5
472;11
472;20
472;41
472;84
472;507
473;4
473;15
473;30
473;45
473;148
473;214
474;4
474;11
474;30
474;45
474;149
474;179
475;4
475;11
475;30
475;45
475;135
475;165
476;4
476;11
476;30
476;45
476;90
476;164
477;4
477;11
477;30
477;45
477;134
477;164
478;4
478;11
478;30
478;45
478;134
478;224
479;4
479;11
479;30
479;45
479;134
479;225
480;4
480;11
480;22
480;44
480;135
480;284
481;4
481;11
481;22
481;45
481;145
481;170
482;4
482;10
482;30
482;60
482;145
482;165
483;4
483;14
483;35
483;40
483;82
483;313
484;4
484;13
484;30
484;56
484;90
484;160
485;3
485;11
485;30
485;78
485;90
485;160
486;3
486;12
486;37
486;78
486;86
486;219
487;3
487;13
487;29
487;75
487;88
487;226
488;2
488;10
488;38
488;62
488;126
488;188
489;2
489;14
489;29
489;41
489;84
489;161
490;3
490;10
490;30
490;45
490;132
490;160
491;2
491;15
491;30
491;75
491;90
491;165
492;2
492;15
492;30
492;45
492;89
492;246
493;2
493;15
493;30
493;74
493;89
493;223
494;3
494;15
494;30
494;45
494;89
494;179
495;3
495;15
495;29
495;40
495;89
495;313
496;2
496;15
496;30
496;45
496;119
496;226
497;9
497;10
497;30
497;75
497;104
497;224
498;5
498;15
498;25
498;50
498;101
498;219
499;5
499;15
499;25
499;50
499;101
499;235
500;4
500;12
500;34
500;50
500;100
500;234
501;4
501;15
501;29
501;40
501;84
501;191
502;3
502;13
502;33
502;50
502;117
502;232
503;3
503;12
503;33
503;50
503;134
503;167
504;3
504;10
504;33
504;67
504;84
504;218
505;2
505;18
505;37
505;68
505;87
505;224
506;3
506;19
506;37
506;75
506;112
506;225
507;3
507;19
507;32
507;55
507;99
507;183
508;3
508;12
508;33
508;50
508;83
508;231
509;3
509;17
509;33
509;50
509;84
509;234
510;3
510;17
510;33
510;50
510;84
510;235
511;3
511;12
511;33
511;50
511;84
511;314
512;3
512;15
512;29
512;44
512;104
512;380
513;3
513;15
513;30
513;45
513;120
513;223
514;3
514;15
514;30
514;60
514;119
514;223
515;6
515;11
515;29
515;44
515;90
515;339
516;3
516;10
516;25
516;68
516;124
516;212
517;3
517;10
517;25
517;68
517;80
517;191
518;3
518;10
518;25
518;63
518;113
518;214
519;3
519;10
519;25
519;75
519;100
519;213
520;3
520;10
520;25
520;51
520;87
520;209
521;8
521;11
521;25
521;43
521;88
521;209
522;3
522;10
522;29
522;74
522;89
522;178
523;3
523;19
523;30
523;60
523;89
523;184
524;3
524;15
524;30
524;45
524;104
524;223
525;3
525;15
525;30
525;44
525;121
525;225
526;3
526;19
526;30
526;45
526;149
526;388
527;3
527;19
527;25
527;56
527;113
527;395
528;3
528;15
528;30
528;60
528;119
528;164
529;6
529;14
529;30
529;50
529;118
529;168
530;3
530;15
530;30
530;50
530;100
530;301
531;3
531;17
531;34
531;50
531;117
531;301
532;3
532;17
532;22
532;50
532;100
532;301
533;3
533;17
533;22
533;50
533;101
533;236
534;3
534;15
534;22
534;51
534;84
534;226
535;6
535;13
535;29
535;45
535;122
535;162
536;3
536;15
536;23
536;45
536;149
536;164
537;3
537;11
537;22
537;45
537;134
537;164
538;3
538;15
538;30
538;45
538;135
538;225
539;3
539;15
539;29
539;44
539;133
539;194
540;3
540;15
540;30
540;45
540;104
540;194
541;3
541;11
541;22
541;70
541;104
541;194
542;3
542;15
542;24
542;70
542;89
542;194
543;3
543;11
543;22
543;56
543;104
543;179
544;3
544;15
544;22
544;59
544;119
544;194
545;3
545;15
545;23
545;78
545;104
545;178
546;3
546;12
546;29
546;40
546;104
546;428
547;3
547;19
547;20
547;45
547;90
547;160
548;3
548;12
548;37
548;62
548;99
548;160
549;3
549;13
549;38
549;50
549;87
549;225
550;3
550;14
550;38
550;40
550;88
550;313
551;3
551;12
551;25
551;70
551;115
551;215
552;2
552;12
552;29
552;42
552;86
552;186
553;3
553;15
553;30
553;45
553;103
553;223
554;3
554;15
554;30
554;45
554;90
554;169
555;1
555;15
555;30
555;44
555;89
555;222
556;9
556;15
556;30
556;45
556;90
556;224
557;9
557;15
557;30
557;45
557;90
557;224
558;9
558;15
558;30
558;45
558;89
558;343
559;2
559;15
559;29
559;45
559;89
559;192
560;8
560;10
560;35
560;51
560;84
560;284
561;3
561;17
561;33
561;50
561;100
561;283
562;3
562;17
562;33
562;50
562;100
562;167
563;3
563;17
563;34
563;50
563;101
563;387
564;8
564;12
564;20
564;40
564;100
564;234
565;3
565;17
565;33
565;50
565;150
565;234
566;8
566;10
566;21
566;67
566;134
566;224
567;3
567;19
567;37
567;56
567;134
567;187
568;2
568;19
568;38
568;57
568;117
568;170
569;2
569;15
569;25
569;75
569;100
569;175
570;3
570;19
570;39
570;53
570;83
570;169
571;1
571;17
571;33
571;50
571;150
571;217
572;2
572;19
572;34
572;50
572;117
572;219
573;2
573;19
573;33
573;50
573;100
573;233
574;9
574;15
574;33
574;49
574;112
574;314
575;7
575;15
575;30
575;44
575;133
575;163
576;0
576;15
576;30
576;44
576;118
576;163
577;9
577;15
577;30
577;59
577;104
577;208
578;5
578;10
578;20
578;70
578;113
578;236
579;4
579;19
579;20
579;40
579;151
579;201
580;4
580;11
580;20
580;40
580;151
580;200
581;4
581;11
581;22
581;45
581;90
581;202
582;4
582;10
582;22
582;45
582;151
582;226
583;4
583;19
583;38
583;57
583;113
583;201
584;6
584;11
584;36
584;56
584;90
584;201
585;4
585;19
585;37
585;56
585;94
585;186
586;4
586;19
586;38
586;57
586;115
586;229
587;4
587;11
587;37
587;56
587;112
587;224
588;4
588;19
588;38
588;56
588;132
588;226
589;4
589;19
589;37
589;56
589;131
589;225
590;2
590;17
590;34
590;55
590;135
590;220
591;9
591;12
591;38
591;56
591;113
591;225
592;4
592;12
592;20
592;56
592;132
592;225
593;4
593;11
593;36
593;51
593;151
593;232
594;4
594;11
594;22
594;77
594;123
594;193
595;4
595;10
595;20
595;72
595;91
595;270
596;5
596;13
596;22
596;55
596;112
596;219
597;4
597;12
597;20
597;45
597;113
597;313
598;4
598;12
598;20
598;56
598;131
598;188
599;4
599;19
599;20
599;56
599;112
599;169
600;4
600;11
600;20
600;56
600;113
600;175
601;4
601;11
601;28
601;53
601;124
601;163
602;4
602;17
602;34
602;69
602;117
602;237
603;4
603;15
603;30
603;56
603;119
603;225
604;4
604;15
604;30
604;74
604;89
604;225
605;4
605;15
605;20
605;55
605;113
605;313
606;4
606;12
606;25
606;50
606;87
606;175
607;4
607;11
607;22
607;56
607;87
607;167
608;8
608;19
608;22
608;56
608;87
608;163
609;8
609;13
609;29
609;40
609;98
609;314
610;3
610;14
610;22
610;56
610;110
610;161
611;3
611;13
611;20
611;57
611;113
611;181
612;3
612;13
612;38
612;63
612;113
612;277
613;2
613;13
613;20
613;63
613;100
613;313
614;3
614;13
614;25
614;40
614;114
614;160
615;8
615;10
615;20
615;42
615;87
615;160
616;3
616;15
616;30
616;45
616;104
616;223
617;3
617;15
617;30
617;60
617;104
617;163
618;3
618;15
618;30
618;60
618;104
618;224
619;3
619;15
619;30
619;45
619;104
619;238
620;3
620;15
620;30
620;45
620;90
620;226
621;3
621;15
621;30
621;45
621;90
621;314
622;1
622;15
622;29
622;44
622;89
622;234
623;8
623;10
623;30
623;50
623;117
623;235
624;5
624;15
624;33
624;50
624;117
624;234
625;5
625;14
625;33
625;50
625;117
625;234
626;4
626;11
626;33
626;50
626;134
626;234
627;7
627;10
627;33
627;40
627;117
627;233
628;3
628;17
628;34
628;51
628;151
628;219
629;7
629;10
629;37
629;56
629;113
629;226
630;3
630;19
630;38
630;56
630;94
630;413
631;2
631;19
631;37
631;56
631;113
631;245
632;2
632;13
632;30
632;60
632;117
632;403
633;3
633;13
633;39
633;70
633;97
633;183
634;2
634;16
634;32
634;48
634;95
634;222
635;3
635;15
635;34
635;51
635;101
635;219
636;3
636;15
636;20
636;51
636;104
636;314
637;3
637;19
637;20
637;56
637;121
637;377
638;2
638;15
638;30
638;44
638;118
638;236
639;3
639;15
639;30
639;45
639;120
639;240
640;3
640;19
640;27
640;45
640;135
640;170
641;2
641;15
641;30
641;50
641;151
641;209
642;9
642;10
642;30
642;41
642;151
642;233
643;9
643;12
643;25
643;50
643;151
643;239
644;9
644;12
644;25
644;50
644;149
644;226
645;7
645;19
645;25
645;56
645;151
645;160
646;9
646;19
646;25
646;56
646;149
646;314
647;9
647;19
647;25
647;50
647;149
647;316
648;7
648;15
648;30
648;45
648;148
648;163
649;9
649;15
649;30
649;45
649;120
649;165
650;9
650;15
650;29
650;44
650;147
650;162
651;9
651;15
651;29
651;46
651;119
651;228
652;9
652;19
652;23
652;44
652;149
652;225
653;7
653;19
653;23
653;56
653;113
653;180
654;2
654;15
654;30
654;60
654;104
654;222
655;8
655;17
655;22
655;67
655;118
655;194
656;9
656;17
656;33
656;66
656;116
656;232
657;0
657;17
657;23
657;67
657;118
657;235
658;9
658;17
658;22
658;49
658;118
658;180
659;3
659;17
659;22
659;67
659;158
659;180
660;8
660;17
660;23
660;45
660;133
660;298
661;7
661;15
661;30
661;45
661;105
661;178
662;0
662;15
662;30
662;45
662;134
662;223
663;7
663;15
663;30
663;45
663;134
663;223
664;6
664;15
664;30
664;45
664;134
664;224
665;7
665;15
665;30
665;45
665;119
665;223
666;7
666;15
666;30
666;45
666;119
666;224
667;6
667;15
667;23
667;60
667;90
667;179
668;6
668;17
668;23
668;55
668;133
668;250
669;7
669;17
669;22
669;60
669;93
669;179
670;5
670;13
670;36
670;47
670;94
670;261
671;3
671;12
671;36
671;47
671;94
671;219
672;9
672;15
672;20
672;66
672;95
672;177
673;5
673;15
673;34
673;67
673;84
673;236
674;5
674;15
674;34
674;52
674;95
674;179
675;5
675;15
675;25
675;57
675;94
675;178
676;5
676;19
676;25
676;75
676;94
676;169
677;5
677;15
677;25
677;75
677;113
677;243
678;5
678;15
678;37
678;40
678;133
678;171
679;5
679;15
679;25
679;45
679;113
679;170
680;5
680;10
680;25
680;60
680;119
680;333
681;5
681;15
681;25
681;56
681;131
681;224
682;5
682;15
682;37
682;74
682;149
682;186
683;5
683;15
683;33
683;50
683;149
683;165
684;5
684;17
684;33
684;50
684;99
684;216
685;5
685;17
685;34
685;67
685;84
685;170
686;5
686;15
686;30
686;45
686;89
686;178
687;5
687;15
687;30
687;59
687;89
687;239
688;5
688;15
688;30
688;46
688;132
688;178
689;5
689;15
689;30
689;60
689;105
689;178
690;5
690;10
690;34
690;67
690;118
690;236
691;5
691;10
691;30
691;50
691;116
691;179
692;5
692;15
692;30
692;59
692;119
692;178
693;5
693;15
693;30
693;59
693;119
693;238
694;5
694;15
694;29
694;59
694;149
694;178
695;5
695;15
695;25
695;59
695;119
695;178
696;5
696;15
696;38
696;51
696;119
696;359
697;5
697;15
697;37
697;49
697;149
697;160
698;5
698;15
698;34
698;45
698;90
698;170
699;5
699;15
699;22
699;59
699;150
699;178
700;5
700;15
700;25
700;76
700;149
700;217
701;5
701;15
701;25
701;59
701;150
701;178
702;5
702;15
702;30
702;45
702;150
702;206
703;5
703;15
703;30
703;70
703;150
703;184
704;5
704;14
704;30
704;45
704;80
704;226
705;5
705;14
705;33
705;50
705;84
705;218
706;5
706;14
706;38
706;40
706;150
706;179
707;5
707;14
707;24
707;42
707;149
707;238
708;5
708;14
708;38
708;57
708;149
708;247
709;5
709;14
709;37
709;56
709;149
709;225
710;5
710;14
710;38
710;57
710;112
710;167
711;5
711;14
711;37
711;56
711;93
711;243
712;5
712;14
712;30
712;75
712;111
712;178
713;5
713;14
713;30
713;74
713;130
713;178
714;5
714;14
714;33
714;66
714;132
714;247
715;5
715;14
715;30
715;48
715;131
715;179
716;5
716;14
716;34
716;50
716;134
716;248
717;5
717;14
717;30
717;56
717;118
717;359
718;5
718;15
718;30
718;60
718;149
718;179
719;5
719;15
719;30
719;59
719;119
719;178
720;5
720;14
720;30
720;59
720;133
720;222
721;5
721;16
721;30
721;46
721;120
721;227
722;5
722;10
722;30
722;50
722;135
722;236
723;6
723;15
723;30
723;59
723;120
723;359
724;5
724;14
724;30
724;59
724;149
724;194
725;5
725;14
725;30
725;59
725;89
725;192
726;5
726;14
726;23
726;59
726;89
726;374
727;5
727;14
727;23
727;42
727;119
727;192
728;5
728;14
728;25
728;50
728;151
728;164
729;5
729;14
729;23
729;47
729;149
729;179
730;5
730;14
730;33
730;59
730;149
730;167
731;5
731;14
731;23
731;59
731;89
731;375
732;5
732;14
732;23
732;60
732;149
732;179
733;5
733;15
733;35
733;57
733;89
733;179
734;5
734;15
734;37
734;76
734;94
734;188
735;8
735;19
735;38
735;75
735;94
735;188
736;3
736;14
736;37
736;75
736;113
736;225
737;3
737;15
737;38
737;75
737;113
737;226
738;3
738;15
738;38
738;75
738;132
738;178
739;3
739;14
739;20
739;75
739;113
739;178
740;3
740;14
740;30
740;59
740;89
740;178
741;3
741;11
741;30
741;59
741;89
741;192
742;3
742;14
742;20
742;56
742;85
742;389
743;3
743;14
743;30
743;59
743;120
743;178
744;3
744;15
744;29
744;44
744;148
744;178
745;3
745;15
745;30
745;45
745;150
745;178
746;3
746;15
746;30
746;45
746;135
746;178
747;3
747;14
747;30
747;59
747;89
747;380
748;3
748;14
748;29
748;60
748;100
748;178
749;3
749;14
749;31
749;49
749;81
749;178
750;3
750;16
750;29
750;59
750;132
750;178
751;3
751;13
751;30
751;59
751;119
751;400
752;3
752;14
752;30
752;75
752;119
752;178
753;3
753;11
753;30
753;68
753;84
753;169
754;3
754;11
754;33
754;66
754;116
754;167
755;8
755;15
755;30
755;48
755;119
755;178
756;3
756;15
756;30
756;60
756;149
756;223
757;3
757;14
757;30
757;45
757;152
757;167
758;3
758;14
758;20
758;45
758;134
758;178
759;3
759;11
759;39
759;40
759;89
759;164
760;3
760;12
760;25
760;50
760;148
760;161
761;3
761;11
761;30
761;45
761;144
761;178
762;3
762;14
762;30
762;44
762;89
762;178
763;3
763;14
763;30
763;55
763;131
763;184
764;3
764;14
764;20
764;60
764;150
764;178
765;3
765;14
765;34
765;51
765;84
765;178
766;3
766;10
766;37
766;59
766;149
766;178
767;3
767;10
767;30
767;59
767;88
767;178
768;3
768;10
768;30
768;45
768;90
768;192
769;3
769;15
769;34
769;50
769;84
769;178
770;3
770;15
770;33
770;49
770;83
770;178
771;3
771;15
771;30
771;44
771;85
771;178
772;3
772;15
772;30
772;45
772;89
772;194
773;3
773;15
773;30
773;45
773;85
773;193
774;3
774;14
774;28
774;50
774;119
774;328
775;3
775;10
775;30
775;50
775;150
775;162
776;3
776;10
776;30
776;56
776;154
776;177
777;3
777;15
777;34
777;45
777;147
777;214
778;3
778;10
778;29
778;45
778;119
778;206
779;3
779;15
779;30
779;60
779;137
779;199
780;3
780;15
780;30
780;66
780;99
780;367
781;3
781;15
781;33
781;66
781;82
781;223
782;3
782;10
782;30
782;76
782;119
782;240
783;3
783;10
783;30
783;45
783;90
783;193
784;3
784;10
784;31
784;76
784;91
784;193
785;3
785;10
785;34
785;50
785;84
785;219
786;9
786;10
786;30
786;45
786;149
786;359
787;3
787;15
787;30
787;59
787;118
787;179
788;3
788;10
788;30
788;45
788;90
788;179
789;3
789;10
789;30
789;59
789;149
789;178
790;3
790;15
790;30
790;45
790;84
790;236
791;9
791;13
791;38
791;51
791;126
791;163
792;9
792;12
792;37
792;49
792;86
792;186
793;9
793;11
793;33
793;44
793;133
793;167
794;9
794;10
794;20
794;44
794;134
794;383
795;4
795;15
795;30
795;50
795;142
795;379
796;6
796;12
796;30
796;50
796;140
796;305
797;6
797;16
797;37
797;43
797;86
797;190
798;6
798;11
798;20
798;40
798;95
798;330
799;3
799;17
799;33
799;50
799;83
799;182
800;3
800;15
800;37
800;75
800;94
800;178
801;3
801;15
801;30
801;75
801;94
801;187
802;6
802;11
802;38
802;75
802;94
802;188
803;2
803;15
803;37
803;75
803;131
803;224
804;6
804;10
804;20
804;59
804;95
804;178
805;2
805;10
805;20
805;56
805;113
805;483
806;3
806;15
806;38
806;57
806;80
806;184
807;3
807;15
807;37
807;56
807;132
807;169
808;2
808;10
808;33
808;50
808;83
808;167
809;2
809;17
809;34
809;51
809;117
809;202
810;3
810;17
810;34
810;50
810;84
810;230
811;2
811;10
811;33
811;40
811;82
811;511
812;5
812;15
812;30
812;60
812;88
812;178
813;3
813;15
813;30
813;75
813;89
813;178
814;2
814;15
814;30
814;45
814;89
814;178
815;3
815;16
815;33
815;76
815;81
815;178
816;5
816;17
816;33
816;50
816;101
816;235
817;8
817;10
817;30
817;48
817;80
817;312
818;5
818;15
818;29
818;45
818;134
818;312
819;5
819;15
819;30
819;45
819;134
819;312
820;5
820;15
820;30
820;50
820;149
820;349
821;5
821;15
821;29
821;59
821;100
821;183
822;5
822;15
822;38
822;50
822;150
822;162
823;5
823;10
823;37
823;50
823;87
823;224
824;3
824;11
824;33
824;44
824;112
824;168
825;3
825;11
825;33
825;59
825;118
825;209
826;3
826;11
826;33
826;55
826;119
826;178
827;2
827;11
827;34
827;59
827;134
827;178
828;2
828;15
828;30
828;59
828;119
828;355
829;8
829;10
829;35
829;40
829;119
829;313
830;3
830;16
830;33
830;50
830;135
830;219
831;2
831;17
831;37
831;56
831;149
831;238
832;2
832;15
832;38
832;56
832;131
832;188
833;2
833;12
833;29
833;57
833;131
833;178
834;2
834;15
834;38
834;75
834;113
834;302
835;9
835;11
835;20
835;41
835;132
835;245
836;3
836;10
836;30
836;59
836;113
836;178
837;2
837;15
837;28
837;53
837;125
837;169
838;2
838;15
838;37
838;56
838;113
838;178
839;2
839;17
839;35
839;50
839;100
839;178
840;2
840;17
840;30
840;50
840;119
840;178
841;2
841;10
841;30
841;59
841;149
841;239
842;2
842;17
842;34
842;50
842;145
842;178
843;8
843;10
843;21
843;44
843;106
843;168
844;3
844;15
844;30
844;59
844;149
844;178
845;2
845;15
845;30
845;59
845;119
845;314
846;2
846;15
846;30
846;45
846;89
846;178
847;2
847;15
847;30
847;46
847;91
847;168
848;2
848;17
848;34
848;50
848;119
848;169
849;7
849;10
849;28
849;59
849;113
849;225
850;3
850;19
850;38
850;59
850;112
850;188
851;2
851;19
851;20
851;59
851;149
851;226
852;2
852;17
852;30
852;59
852;119
852;207
853;2
853;10
853;38
853;41
853;80
853;167
854;2
854;10
854;20
854;60
854;140
854;160
855;2
855;15
855;39
855;58
855;157
855;177
856;2
856;15
856;38
856;56
856;150
856;169
857;2
857;19
857;37
857;56
857;150
857;168
858;2
858;17
858;37
858;57
858;131
858;169
859;2
859;15
859;38
859;76
859;95
859;355
860;2
860;15
860;30
860;74
860;93
860;186
861;6
861;11
861;38
861;75
861;94
861;225
862;3
862;11
862;22
862;75
862;112
862;225
863;3
863;15
863;37
863;75
863;132
863;225
864;3
864;15
864;30
864;59
864;89
864;178
865;3
865;15
865;30
865;59
865;89
865;181
866;3
866;15
866;30
866;59
866;89
866;178
867;3
867;15
867;30
867;59
867;89
867;178
868;3
868;11
868;30
868;51
868;125
868;163
869;3
869;11
869;29
869;44
869;96
869;246
870;3
870;11
870;30
870;60
870;150
870;225
871;3
871;15
871;30
871;44
871;90
871;165
872;3
872;15
872;30
872;59
872;89
872;397
873;3
873;11
873;30
873;59
873;89
873;160
874;3
874;10
874;32
874;40
874;83
874;176
875;5
875;15
875;34
875;59
875;102
875;223
876;3
876;15
876;30
876;59
876;89
876;400
877;3
877;15
877;29
877;60
877;118
877;177
878;9
878;12
878;20
878;76
878;82
878;167
879;5
879;11
879;34
879;67
879;118
879;168
880;7
880;15
880;23
880;40
880;89
880;470
881;3
881;10
881;30
881;59
881;148
881;221
882;3
882;11
882;30
882;60
882;150
882;210
883;3
883;15
883;30
883;45
883;151
883;166
884;3
884;11
884;31
884;45
884;83
884;183
885;3
885;12
885;38
885;50
885;150
885;162
886;5
886;10
886;25
886;45
886;154
886;166
887;3
887;15
887;30
887;45
887;134
887;179
888;3
888;14
888;30
888;51
888;102
888;390
889;3
889;14
889;30
889;59
889;135
889;211
890;3
890;16
890;33
890;48
890;86
890;240
891;3
891;15
891;30
891;50
891;82
891;167
892;6
892;11
892;30
892;40
892;86
892;297
893;3
893;10
893;29
893;44
893;86
893;277
894;3
894;10
894;30
894;45
894;90
894;195
895;3
895;10
895;30
895;51
895;84
895;219
896;3
896;15
896;33
896;50
896;84
896;314
897;3
897;10
897;30
897;59
897;90
897;220
898;8
898;10
898;30
898;40
898;89
898;179
899;3
899;15
899;29
899;44
899;89
899;208
900;3
900;13
900;25
900;70
900;97
900;164
901;3
901;15
901;30
901;51
901;139
901;213
902;3
902;11
902;30
902;45
902;144
902;215
903;3
903;11
903;30
903;45
903;155
903;232
904;3
904;19
904;30
904;59
904;119
904;390
905;3
905;13
905;29
905;44
905;145
905;212
906;6
906;11
906;29
906;71
906;105
906;271
907;3
907;15
907;30
907;44
907;85
907;213
908;3
908;15
908;30
908;60
908;115
908;163
909;3
909;15
909;30
909;45
909;90
909;180
910;2
910;19
910;30
910;51
910;84
910;220
911;6
911;13
911;33
911;50
911;83
911;220
912;9
912;15
912;30
912;45
912;102
912;214
913;9
913;15
913;30
913;44
913;112
913;221
914;9
914;15
914;30
914;50
914;84
914;299
915;7
915;15
915;30
915;45
915;84
915;179
916;0
916;19
916;30
916;50
916;151
916;164
917;5
917;19
917;20
917;50
917;102
917;212
918;4
918;12
918;30
918;44
918;102
918;245
919;9
919;13
919;20
919;51
919;81
919;269
920;8
920;15
920;33
920;44
920;87
920;163
921;8
921;15
921;20
921;49
921;87
921;253
922;9
922;15
922;30
922;51
922;137
922;298
923;5
923;15
923;29
923;40
923;80
923;313
924;3
924;17
924;34
924;67
924;101
924;219
925;3
925;10
925;34
925;68
925;85
925;219
926;3
926;15
926;38
926;56
926;94
926;225
927;3
927;13
927;37
927;56
927;113
927;206
928;3
928;12
928;30
928;59
928;89
928;186
929;2
929;16
929;29
929;59
929;89
929;178
930;3
930;10
930;30
930;59
930;119
930;178
931;2
931;10
931;28
931;53
931;98
931;169
932;3
932;15
932;30
932;45
932;149
932;164
933;3
933;15
933;30
933;45
933;149
933;179
934;3
934;17
934;33
934;50
934;134
934;185
935;3
935;17
935;34
935;59
935;134
935;313
936;3
936;17
936;33
936;50
936;117
936;178
937;9
937;10
937;35
937;40
937;88
937;358
938;5
938;15
938;20
938;59
938;119
938;178
939;3
939;15
939;37
939;59
939;119
939;178
940;3
940;15
940;37
940;56
940;150
940;225
941;9
941;11
941;28
941;41
941;90
941;233
942;5
942;10
942;39
942;40
942;158
942;179
943;8
943;10
943;39
943;40
943;135
943;358
944;5
944;15
944;37
944;56
944;112
944;178
945;5
945;15
945;34
945;51
945;102
945;178
946;5
946;17
946;34
946;50
946;117
946;178
947;5
947;15
947;28
947;53
947;100
947;183
948;5
948;15
948;30
948;45
948;119
948;178
949;5
949;10
949;30
949;46
949;148
949;222
950;3
950;15
950;30
950;45
950;149
950;164
951;3
951;15
951;30
951;45
951;119
951;314
952;3
952;15
952;30
952;60
952;89
952;488
953;3
953;15
953;26
953;41
953;151
953;160
954;3
954;15
954;25
954;51
954;119
954;193
955;8
955;10
955;22
955;40
955;83
955;246
956;3
956;17
956;34
956;67
956;133
956;217
957;2
957;15
957;35
957;75
957;94
957;178
958;2
958;15
958;37
958;75
958;93
958;178
959;7
959;10
959;28
959;59
959;149
959;178
960;2
960;15
960;30
960;59
960;149
960;178
961;7
961;10
961;20
961;59
961;149
961;178
962;2
962;10
962;31
962;59
962;146
962;419
963;2
963;14
963;31
963;45
963;97
963;184
964;2
964;15
964;30
964;60
964;119
964;179
965;2
965;15
965;34
965;50
965;84
965;178
966;2
966;17
966;34
966;67
966;134
966;179
967;2
967;16
967;30
967;50
967;148
967;335
968;2
968;10
968;33
968;40
968;80
968;160
969;4
969;10
969;30
969;59
969;149
969;359
970;2
970;15
970;30
970;59
970;119
970;179
971;2
971;15
971;30
971;49
971;157
971;173
972;2
972;18
972;38
972;40
972;96
972;411
973;2
973;10
973;30
973;60
973;118
973;219
974;2
974;10
974;39
974;59
974;140
974;217
975;4
975;15
975;38
975;56
975;150
975;168
976;2
976;15
976;37
976;56
976;149
976;168
977;2
977;17
977;33
977;59
977;149
977;183
978;2
978;16
978;32
978;59
978;124
978;163
979;2
979;15
979;30
979;59
979;151
979;165
980;2
980;15
980;30
980;59
980;119
980;178
981;2
981;15
981;30
981;60
981;149
981;179
982;2
982;15
982;30
982;74
982;89
982;179
983;2
983;15
983;29
983;45
983;89
983;179
984;2
984;15
984;29
984;45
984;119
984;177
985;2
985;15
985;25
985;40
985;119
985;215
986;2
986;14
986;30
986;40
986;82
986;313
987;3
987;10
987;22
987;51
987;156
987;168
988;3
988;17
988;34
988;50
988;118
988;178
989;3
989;15
989;38
989;57
989;132
989;178
990;3
990;14
990;37
990;40
990;85
990;178
991;3
991;15
991;22
991;59
991;119
991;178
992;3
992;12
992;29
992;40
992;148
992;178
993;3
993;11
993;30
993;59
993;119
993;178
994;3
994;11
994;31
994;53
994;125
994;169
995;3
995;15
995;30
995;45
995;134
995;178
996;3
996;15
996;30
996;46
996;83
996;178
997;3
997;17
997;33
997;50
997;83
997;178
998;3
998;17
998;30
998;51
998;141
998;314
999;3
999;11
999;30
999;50
999;149
999;190
1000;9
1000;10
1000;29
1000;40
1000;86
1000;178
1001;3
1001;15
1001;30
1001;59
1001;89
1001;178
1002;3
1002;15
1002;30
1002;50
1002;83
1002;339
1003;3
1003;19
1003;30
1003;57
1003;95
1003;227
1004;8
1004;11
1004;30
1004;40
1004;118
1004;178
1005;3
1005;11
1005;39
1005;40
1005;80
1005;241
1006;7
1006;15
1006;22
1006;40
1006;99
1006;358
1007;3
1007;19
1007;37
1007;56
1007;119
1007;205
1008;3
1008;15
1008;33
1008;50
1008;149
1008;181
1009;3
1009;17
1009;32
1009;49
1009;149
1009;185
1010;3
1010;15
1010;29
1010;46
1010;90
1010;183
1011;3
1011;15
1011;29
1011;45
1011;104
1011;256
1012;5
1012;10
1012;30
1012;59
1012;134
1012;178
1013;3
1013;15
1013;30
1013;59
1013;149
1013;165
1014;3
1014;15
1014;30
1014;59
1014;90
1014;390
1015;3
1015;14
1015;28
1015;44
1015;114
1015;418
1016;3
1016;15
1016;25
1016;62
1016;87
1016;236
1017;3
1017;15
1017;30
1017;41
1017;128
1017;172
1018;6
1018;11
1018;30
1018;73
1018;82
1018;410
1019;3
1019;10
1019;30
1019;67
1019;84
1019;216
1020;3
1020;10
1020;30
1020;75
1020;132
1020;178
1021;3
1021;19
1021;30
1021;56
1021;150
1021;170
1022;3
1022;18
1022;37
1022;55
1022;149
1022;189
1023;3
1023;15
1023;30
1023;56
1023;89
1023;178
1024;6
1024;11
1024;22
1024;59
1024;89
1024;178
1025;3
1025;10
1025;20
1025;55
1025;102
1025;218
1026;3
1026;15
1026;30
1026;69
1026;90
1026;216
1027;3
1027;15
1027;30
1027;45
1027;148
1027;163
1028;3
1028;15
1028;33
1028;47
1028;82
1028;225
1029;3
1029;17
1029;30
1029;50
1029;134
1029;314
1030;3
1030;17
1030;30
1030;45
1030;149
1030;193
1031;3
1031;13
1031;30
1031;40
1031;106
1031;396
1032;4
1032;10
1032;37
1032;50
1032;107
1032;222
1033;3
1033;10
1033;30
1033;75
1033;112
1033;225
1034;3
1034;10
1034;30
1034;57
1034;114
1034;164
1035;3
1035;19
1035;30
1035;76
1035;95
1035;190
1036;3
1036;10
1036;39
1036;40
1036;80
1036;221
1037;3
1037;12
1037;21
1037;51
1037;118
1037;238
1038;3
1038;10
1038;30
1038;59
1038;94
1038;179
1039;3
1039;18
1039;30
1039;59
1039;130
1039;241
1040;3
1040;10
1040;30
1040;50
1040;116
1040;233
1041;3
1041;15
1041;30
1041;53
1041;124
1041;163
1042;3
1042;15
1042;30
1042;45
1042;91
1042;225
1043;3
1043;10
1043;30
1043;45
1043;134
1043;179
1044;4
1044;12
1044;30
1044;44
1044;149
1044;164
1045;4
1045;14
1045;29
1045;45
1045;150
1045;314
1046;4
1046;15
1046;30
1046;56
1046;134
1046;201
1047;4
1047;11
1047;30
1047;56
1047;140
1047;374
1048;4
1048;11
1048;30
1048;56
1048;134
1048;491
1049;4
1049;10
1049;29
1049;40
1049;96
1049;312
1050;9
1050;10
1050;30
1050;50
1050;83
1050;214
1051;9
1051;10
1051;20
1051;75
1051;94
1051;179
1052;9
1052;15
1052;30
1052;67
1052;83
1052;179
1053;9
1053;15
1053;29
1053;74
1053;82
1053;179
1054;9
1054;15
1054;30
1054;75
1054;90
1054;226
1055;8
1055;12
1055;30
1055;74
1055;104
1055;223
1056;9
1056;10
1056;33
1056;68
1056;118
1056;221
1057;9
1057;15
1057;30
1057;50
1057;125
1057;164
1058;9
1058;15
1058;30
1058;59
1058;149
1058;179
1059;9
1059;15
1059;30
1059;59
1059;134
1059;235
1060;9
1060;15
1060;30
1060;59
1060;90
1060;180
1061;9
1061;10
1061;30
1061;79
1061;106
1061;216
1062;9
1062;10
1062;30
1062;64
1062;90
1062;210
1063;9
1063;15
1063;29
1063;59
1063;149
1063;179
1064;9
1064;15
1064;30
1064;60
1064;149
1064;178
1065;9
1065;15
1065;30
1065;59
1065;119
1065;335
1066;9
1066;15
1066;30
1066;59
1066;150
1066;224
1067;8
1067;19
1067;30
1067;40
1067;80
1067;198
1068;9
1068;10
1068;39
1068;40
1068;157
1068;177
1069;8
1069;15
1069;38
1069;56
1069;131
1069;312
1070;9
1070;15
1070;30
1070;55
1070;133
1070;312
1071;9
1071;15
1071;30
1071;66
1071;115
1071;298
1072;9
1072;15
1072;30
1072;49
1072;100
1072;350
1073;9
1073;10
1073;30
1073;69
1073;97
1073;183
1074;9
1074;15
1074;30
1074;45
1074;134
1074;268
1075;9
1075;15
1075;29
1075;45
1075;112
1075;179
1076;9
1076;15
1076;38
1076;44
1076;113
1076;178
1077;9
1077;15
1077;30
1077;44
1077;119
1077;178
1078;9
1078;15
1078;29
1078;45
1078;119
1078;178
1079;9
1079;15
1079;26
1079;51
1079;119
1079;178
1080;9
1080;15
1080;29
1080;60
1080;119
1080;208
1081;9
1081;15
1081;30
1081;60
1081;119
1081;247
1082;9
1082;10
1082;34
1082;51
1082;101
1082;227
1083;9
1083;15
1083;38
1083;76
1083;94
1083;359
1084;9
1084;15
1084;38
1084;75
1084;94
1084;179
1085;9
1085;15
1085;30
1085;59
1085;149
1085;225
1086;9
1086;15
1086;30
1086;60
1086;149
1086;179
1087;9
1087;10
1087;30
1087;60
1087;89
1087;178
1088;9
1088;10
1088;29
1088;52
1088;98
1088;163
1089;9
1089;15
1089;30
1089;70
1089;148
1089;175
1090;9
1090;10
1090;30
1090;45
1090;149
1090;205
1091;9
1091;15
1091;30
1091;50
1091;150
1091;179
1092;9
1092;17
1092;33
1092;50
1092;150
1092;338
1093;9
1093;10
1093;30
1093;60
1093;89
1093;310
1094;9
1094;10
1094;29
1094;40
1094;88
1094;238
1095;9
1095;15
1095;30
1095;60
1095;119
1095;185
1096;9
1096;15
1096;30
1096;52
1096;157
1096;313
1097;9
1097;10
1097;37
1097;57
1097;130
1097;173
1098;9
1098;10
1098;38
1098;40
1098;121
1098;414
1099;9
1099;10
1099;39
1099;60
1099;119
1099;219
1100;9
1100;15
1100;39
1100;59
1100;159
1100;160
1101;9
1101;15
1101;37
1101;56
1101;149
1101;168
1102;9
1102;15
1102;30
1102;60
1102;149
1102;164
1103;9
1103;16
1103;33
1103;59
1103;132
1103;182
1104;9
1104;10
1104;32
1104;53
1104;125
1104;169
1105;9
1105;10
1105;30
1105;60
1105;149
1105;165
1106;9
1106;10
1106;30
1106;59
1106;118
1106;178
1107;9
1107;15
1107;30
1107;60
1107;89
1107;179
1108;9
1108;15
1108;30
1108;45
1108;90
1108;179
1109;9
1109;10
1109;29
1109;45
1109;90
1109;174
1110;8
1110;15
1110;38
1110;50
1110;90
1110;286
1111;8
1111;15
1111;25
1111;45
1111;113
1111;174
1112;9
1112;12
1112;30
1112;40
1112;153
1112;179
1113;8
1113;11
1113;34
1113;50
1113;84
1113;183
1114;8
1114;11
1114;35
1114;54
1114;89
1114;359
1115;6
1115;15
1115;38
1115;56
1115;149
1115;178
1116;9
1116;11
1116;30
1116;59
1116;149
1116;178
1117;4
1117;15
1117;30
1117;59
1117;89
1117;179
1118;9
1118;11
1118;22
1118;59
1118;80
1118;178
1119;4
1119;11
1119;22
1119;60
1119;90
1119;179
1120;9
1120;15
1120;30
1120;70
1120;119
1120;178
1121;1
1121;15
1121;30
1121;45
1121;134
1121;238
1122;9
1122;15
1122;34
1122;51
1122;84
1122;178
1123;9
1123;15
1123;33
1123;50
1123;84
1123;179
1124;8
1124;11
1124;30
1124;60
1124;133
1124;246
1125;9
1125;11
1125;22
1125;59
1125;90
1125;179
1126;9
1126;15
1126;30
1126;50
1126;89
1126;178
1127;7
1127;15
1127;30
1127;59
1127;89
1127;178
1128;7
1128;15
1128;30
1128;52
1128;85
1128;199
1129;9
1129;19
1129;30
1129;57
1129;151
1129;246
1130;7
1130;11
1130;39
1130;40
1130;80
1130;221
1131;3
1131;11
1131;39
1131;40
1131;80
1131;180
1132;8
1132;15
1132;37
1132;59
1132;134
1132;208
1133;5
1133;15
1133;37
1133;59
1133;89
1133;204
1134;2
1134;15
1134;33
1134;50
1134;150
1134;181
1135;8
1135;15
1135;30
1135;50
1135;119
1135;183
1136;8
1136;11
1136;30
1136;45
1136;90
1136;245
1137;7
1137;11
1137;29
1137;45
1137;89
1137;180
1138;9
1138;15
1138;30
1138;59
1138;89
1138;178
1139;9
1139;15
1139;30
1139;60
1139;89
1139;178
1140;4
1140;11
1140;30
1140;75
1140;119
1140;225
1141;6
1141;14
1141;28
1141;42
1141;149
1141;225
1142;8
1142;15
1142;30
1142;50
1142;87
1142;168
1143;9
1143;15
1143;29
1143;41
1143;90
1143;179
1144;6
1144;13
1144;30
1144;66
1144;83
1144;215
1145;6
1145;12
1145;35
1145;75
1145;87
1145;223
1146;9
1146;15
1146;34
1146;67
1146;83
1146;178
1147;8
1147;15
1147;31
1147;74
1147;81
1147;178
1148;6
1148;12
1148;31
1148;75
1148;91
1148;178
1149;9
1149;12
1149;30
1149;74
1149;119
1149;178
1150;5
1150;12
1150;34
1150;67
1150;84
1150;178
1151;4
1151;15
1151;28
1151;66
1151;100
1151;169
1152;6
1152;15
1152;30
1152;50
1152;113
1152;161
1153;7
1153;15
1153;30
1153;59
1153;119
1153;238
1154;6
1154;15
1154;30
1154;59
1154;119
1154;298
1155;6
1155;12
1155;30
1155;60
1155;150
1155;313
1156;6
1156;13
1156;30
1156;59
1156;112
1156;225
1157;9
1157;13
1157;30
1157;59
1157;100
1157;167
1158;6
1158;15
1158;30
1158;45
1158;119
1158;208
1159;6
1159;15
1159;30
1159;40
1159;119
1159;314
1160;7
1160;15
1160;30
1160;59
1160;89
1160;236
1161;9
1161;12
1161;30
1161;59
1161;134
1161;193
1162;6
1162;12
1162;30
1162;59
1162;149
1162;179
1163;9
1163;15
1163;30
1163;59
1163;111
1163;178
1164;4
1164;15
1164;30
1164;59
1164;111
1164;179
1165;9
1165;15
1165;30
1165;59
1165;111
1165;179
1166;7
1166;15
1166;30
1166;59
1166;111
1166;178
1167;7
1167;13
1167;29
1167;70
1167;97
1167;169
1168;6
1168;13
1168;30
1168;45
1168;119
1168;208
1169;6
1169;12
1169;30
1169;45
1169;140
1169;208
1170;6
1170;13
1170;37
1170;56
1170;140
1170;209
1171;9
1171;15
1171;38
1171;45
1171;119
1171;178
1172;6
1172;15
1172;30
1172;56
1172;112
1172;208
1173;6
1173;15
1173;37
1173;59
1173;133
1173;208
1174;7
1174;15
1174;30
1174;67
1174;155
1174;208
1175;6
1175;12
1175;20
1175;41
1175;119
1175;273
1176;3
1176;10
1176;31
1176;42
1176;93
1176;160
1177;3
1177;13
1177;38
1177;51
1177;88
1177;160
1178;3
1178;13
1178;38
1178;50
1178;88
1178;160
1179;7
1179;10
1179;20
1179;40
1179;102
1179;200
1180;3
1180;19
1180;20
1180;60
1180;113
1180;160
1181;6
1181;10
1181;30
1181;46
1181;80
1181;208
1182;2
1182;15
1182;30
1182;45
1182;104
1182;223
1183;2
1183;15
1183;30
1183;45
1183;89
1183;184
1184;9
1184;15
1184;30
1184;45
1184;89
1184;194
1185;9
1185;15
1185;30
1185;45
1185;105
1185;208
1186;9
1186;15
1186;30
1186;45
1186;135
1186;209
1187;9
1187;15
1187;30
1187;60
1187;133
1187;222
1188;9
1188;19
1188;31
1188;60
1188;120
1188;225
1189;4
1189;11
1189;34
1189;67
1189;118
1189;236
1190;3
1190;17
1190;33
1190;67
1190;117
1190;234
1191;3
1191;16
1191;34
1191;50
1191;117
1191;217
1192;3
1192;17
1192;33
1192;50
1192;117
1192;185
1193;5
1193;17
1193;33
1193;50
1193;134
1193;184
1194;2
1194;18
1194;35
1194;51
1194;85
1194;186
1195;5
1195;19
1195;38
1195;57
1195;132
1195;188
1196;2
1196;19
1196;38
1196;56
1196;94
1196;188
1197;3
1197;18
1197;37
1197;56
1197;93
1197;187
1198;3
1198;10
1198;30
1198;54
1198;83
1198;255
1199;2
1199;16
1199;32
1199;49
1199;81
1199;163
1200;9
1200;17
1200;34
1200;51
1200;152
1200;169
1201;0
1201;17
1201;33
1201;50
1201;150
1201;167
1202;9
1202;17
1202;33
1202;50
1202;151
1202;168
1203;7
1203;16
1203;33
1203;50
1203;89
1203;167
1204;8
1204;16
1204;31
1204;50
1204;151
1204;187
1205;8
1205;18
1205;37
1205;50
1205;113
1205;191
1206;9
1206;11
1206;33
1206;40
1206;83
1206;314
1207;4
1207;12
1207;34
1207;67
1207;90
1207;208
1208;4
1208;11
1208;34
1208;74
1208;151
1208;205
1209;4
1209;12
1209;38
1209;40
1209;151
1209;216
1210;4
1210;12
1210;29
1210;40
1210;151
1210;313
1211;4
1211;11
1211;22
1211;50
1211;151
1211;223
1212;4
1212;12
1212;20
1212;41
1212;86
1212;201
1213;4
1213;15
1213;30
1213;45
1213;90
1213;179
1214;4
1214;11
1214;27
1214;45
1214;119
1214;163
1215;4
1215;15
1215;30
1215;45
1215;120
1215;165
1216;4
1216;15
1216;29
1216;44
1216;133
1216;192
1217;4
1217;15
1217;30
1217;45
1217;135
1217;180
1218;4
1218;14
1218;28
1218;45
1218;119
1218;239
1219;7
1219;15
1219;30
1219;45
1219;119
1219;179
1220;9
1220;10
1220;33
1220;71
1220;105
1220;271
1221;4
1221;12
1221;34
1221;51
1221;118
1221;186
1222;4
1222;11
1222;34
1222;50
1222;117
1222;201
1223;4
1223;11
1223;34
1223;50
1223;117
1223;201
1224;6
1224;10
1224;33
1224;50
1224;117
1224;168
1225;4
1225;13
1225;33
1225;49
1225;134
1225;167
1226;5
1226;10
1226;20
1226;40
1226;81
1226;390
1227;4
1227;12
1227;30
1227;45
1227;148
1227;200
1228;4
1228;15
1228;30
1228;45
1228;90
1228;209
1229;4
1229;15
1229;30
1229;45
1229;135
1229;165
1230;4
1230;15
1230;30
1230;60
1230;124
1230;164
1231;4
1231;15
1231;30
1231;45
1231;134
1231;164
1232;4
1232;15
1232;30
1232;45
1232;134
1232;224
1233;4
1233;11
1233;30
1233;45
1233;135
1233;225
1234;4
1234;11
1234;23
1234;45
1234;148
1234;390
1235;4
1235;11
1235;22
1235;45
1235;134
1235;171
1236;3
1236;18
1236;30
1236;60
1236;143
1236;171
1237;2
1237;15
1237;29
1237;60
1237;117
1237;171
1238;7
1238;10
1238;21
1238;56
1238;87
1238;169
1239;3
1239;13
1239;20
1239;78
1239;90
1239;225
1240;3
1240;13
1240;24
1240;78
1240;87
1240;225
1241;3
1241;13
1241;25
1241;75
1241;88
1241;213
1242;6
1242;12
1242;25
1242;62
1242;127
1242;188
1243;2
1243;12
1243;21
1243;40
1243;89
1243;180
1244;6
1244;11
1244;30
1244;45
1244;132
1244;163
1245;2
1245;15
1245;30
1245;45
1245;104
1245;164
1246;3
1246;15
1246;30
1246;45
1246;89
1246;245
1247;2
1247;15
1247;22
1247;45
1247;89
1247;223
1248;2
1248;15
1248;22
1248;45
1248;104
1248;179
1249;3
1249;15
1249;30
1249;40
1249;90
1249;313
1250;2
1250;15
1250;30
1250;45
1250;119
1250;226
1251;9
1251;15
1251;31
1251;45
1251;91
1251;224
1252;5
1252;16
1252;33
1252;50
1252;101
1252;217
1253;5
1253;15
1253;34
1253;50
1253;101
1253;235
1254;4
1254;12
1254;34
1254;50
1254;100
1254;234
1255;3
1255;15
1255;34
1255;50
1255;84
1255;191
1256;3
1256;11
1256;33
1256;50
1256;100
1256;232
1257;3
1257;13
1257;33
1257;50
1257;150
1257;218
1258;3
1258;13
1258;34
1258;67
1258;84
1258;218
1259;3
1259;18
1259;39
1259;69
1259;85
1259;221
1260;3
1260;12
1260;38
1260;75
1260;131
1260;224
1261;3
1261;19
1261;38
1261;55
1261;100
1261;255
1262;3
1262;17
1262;33
1262;50
1262;83
1262;243
1263;3
1263;17
1263;33
1263;50
1263;84
1263;234
1264;3
1264;17
1264;34
1264;50
1264;101
1264;235
1265;3
1265;12
1265;38
1265;50
1265;84
1265;314
1266;2
1266;15
1266;29
1266;44
1266;104
1266;380
1267;3
1267;15
1267;30
1267;45
1267;119
1267;224
1268;3
1268;15
1268;30
1268;45
1268;119
1268;223
1269;6
1269;12
1269;31
1269;44
1269;119
1269;314
1270;3
1270;10
1270;23
1270;79
1270;135
1270;212
1271;3
1271;10
1271;24
1271;68
1271;82
1271;209
1272;3
1272;10
1272;25
1272;63
1272;113
1272;214
1273;3
1273;10
1273;25
1273;63
1273;113
1273;314
1274;3
1274;13
1274;25
1274;64
1274;89
1274;209
1275;3
1275;10
1275;20
1275;40
1275;86
1275;210
1276;3
1276;15
1276;30
1276;74
1276;89
1276;223
1277;3
1277;19
1277;20
1277;45
1277;89
1277;169
1278;3
1278;15
1278;30
1278;59
1278;89
1278;178
1279;3
1279;15
1279;29
1279;46
1279;121
1279;226
1280;3
1280;19
1280;30
1280;59
1280;89
1280;388
1281;3
1281;19
1281;20
1281;56
1281;113
1281;390
1282;3
1282;15
1282;30
1282;45
1282;119
1282;164
1283;7
1283;12
1283;30
1283;50
1283;117
1283;303
1284;3
1284;15
1284;33
1284;50
1284;100
1284;301
1285;3
1285;17
1285;20
1285;50
1285;101
1285;184
1286;3
1286;17
1286;22
1286;50
1286;100
1286;301
1287;3
1287;17
1287;33
1287;50
1287;101
1287;193
1288;3
1288;17
1288;23
1288;51
1288;101
1288;180
1289;6
1289;10
1289;29
1289;45
1289;133
1289;163
1290;3
1290;15
1290;30
1290;45
1290;149
1290;164
1291;3
1291;15
1291;30
1291;45
1291;134
1291;164
1292;3
1292;15
1292;30
1292;45
1292;135
1292;225
1293;3
1293;15
1293;30
1293;45
1293;134
1293;180
1294;3
1294;11
1294;30
1294;60
1294;104
1294;194
1295;3
1295;14
1295;22
1295;70
1295;104
1295;194
1296;3
1296;11
1296;23
1296;70
1296;89
1296;194
1297;3
1297;11
1297;22
1297;56
1297;104
1297;179
1298;3
1298;15
1298;22
1298;60
1298;104
1298;194
1299;3
1299;15
1299;22
1299;78
1299;104
1299;189
1300;3
1300;15
1300;22
1300;40
1300;105
1300;429
1301;3
1301;11
1301;33
1301;44
1301;122
1301;160
1302;3
1302;12
1302;37
1302;40
1302;99
1302;160
1303;3
1303;13
1303;38
1303;50
1303;88
1303;180
1304;3
1304;13
1304;38
1304;50
1304;88
1304;160
1305;5
1305;13
1305;25
1305;40
1305;120
1305;214
1306;2
1306;14
1306;27
1306;60
1306;80
1306;227
1307;3
1307;15
1307;30
1307;45
1307;103
1307;223
1308;2
1308;15
1308;30
1308;45
1308;90
1308;225
1309;2
1309;15
1309;30
1309;44
1309;89
1309;222
1310;9
1310;15
1310;30
1310;45
1310;90
1310;224
1311;9
1311;15
1311;30
1311;45
1311;89
1311;224
1312;9
1312;15
1312;30
1312;45
1312;89
1312;428
1313;9
1313;15
1313;30
1313;45
1313;89
1313;180
1314;8
1314;17
1314;34
1314;50
1314;101
1314;287
1315;3
1315;17
1315;33
1315;50
1315;100
1315;166
1316;3
1316;17
1316;33
1316;50
1316;100
1316;167
1317;3
1317;17
1317;34
1317;50
1317;101
1317;202
1318;3
1318;13
1318;20
1318;40
1318;100
1318;234
1319;3
1319;17
1319;33
1319;50
1319;150
1319;234
1320;2
1320;12
1320;20
1320;41
1320;134
1320;239
1321;3
1321;19
1321;38
1321;56
1321;134
1321;187
1322;2
1322;19
1322;38
1322;56
1322;117
1322;170
1323;2
1323;15
1323;25
1323;50
1323;149
1323;175
1324;3
1324;19
1324;28
1324;53
1324;100
1324;169
1325;1
1325;17
1325;34
1325;50
1325;149
1325;217
1326;1
1326;17
1326;34
1326;50
1326;117
1326;219
1327;2
1327;19
1327;33
1327;50
1327;100
1327;233
1328;9
1328;15
1328;30
1328;73
1328;89
1328;178
1329;8
1329;15
1329;30
1329;44
1329;89
1329;163
1330;0
1330;15
1330;30
1330;44
1330;118
1330;163
1331;2
1331;15
1331;30
1331;59
1331;149
1331;179
1332;9
1332;10
1332;33
1332;40
1332;83
1332;235
1333;4
1333;12
1333;20
1333;40
1333;89
1333;201
1334;4
1334;11
1334;20
1334;40
1334;151
1334;200
1335;4
1335;11
1335;23
1335;45
1335;151
1335;202
1336;4
1336;10
1336;20
1336;45
1336;90
1336;314
1337;4
1337;11
1337;38
1337;56
1337;151
1337;189
1338;7
1338;11
1338;30
1338;40
1338;113
1338;189
1339;4
1339;19
1339;37
1339;56
1339;94
1339;242
1340;4
1340;11
1340;38
1340;57
1340;115
1340;229
1341;4
1341;11
1341;22
1341;56
1341;112
1341;224
1342;4
1342;19
1342;38
1342;57
1342;132
1342;226
1343;4
1343;19
1343;37
1343;56
1343;131
1343;225
1344;3
1344;17
1344;34
1344;55
1344;115
1344;246
1345;0
1345;19
1345;37
1345;56
1345;113
1345;224
1346;5
1346;11
1346;20
1346;56
1346;132
1346;225
1347;4
1347;11
1347;34
1347;51
1347;146
1347;235
1348;4
1348;11
1348;30
1348;57
1348;113
1348;178
1349;4
1349;11
1349;30
1349;56
1349;89
1349;192
1350;5
1350;14
1350;23
1350;72
1350;105
1350;167
1351;4
1351;13
1351;22
1351;57
1351;106
1351;177
1352;5
1352;12
1352;30
1352;75
1352;89
1352;506
1353;4
1353;19
1353;30
1353;56
1353;89
1353;180
1354;4
1354;11
1354;30
1354;56
1354;149
1354;180
1355;4
1355;11
1355;30
1355;54
1355;89
1355;162
1356;4
1356;11
1356;29
1356;69
1356;117
1356;245
1357;4
1357;11
1357;29
1357;50
1357;149
1357;225
1358;4
1358;15
1358;30
1358;59
1358;149
1358;225
1359;4
1359;15
1359;29
1359;59
1359;90
1359;180
1360;4
1360;19
1360;25
1360;56
1360;87
1360;180
1361;4
1361;11
1361;29
1361;50
1361;87
1361;181
1362;4
1362;19
1362;22
1362;59
1362;89
1362;172
1363;8
1363;16
1363;29
1363;40
1363;99
1363;313
1364;3
1364;15
1364;30
1364;55
1364;110
1364;161
1365;3
1365;12
1365;29
1365;57
1365;113
1365;160
1366;3
1366;13
1366;30
1366;63
1366;101
1366;180
1367;3
1367;13
1367;29
1367;50
1367;100
1367;313
1368;3
1368;10
1368;30
1368;40
1368;113
1368;181
1369;2
1369;14
1369;30
1369;41
1369;87
1369;180
1370;3
1370;15
1370;30
1370;45
1370;104
1370;223
1371;2
1371;15
1371;30
1371;45
1371;104
1371;168
1372;3
1372;15
1372;30
1372;60
1372;105
1372;224
1373;3
1373;15
1373;30
1373;45
1373;104
1373;238
1374;3
1374;15
1374;30
1374;45
1374;89
1374;227
1375;3
1375;15
1375;30
1375;45
1375;90
1375;313
1376;2
1376;15
1376;29
1376;44
1376;88
1376;234
1377;8
1377;10
1377;29
1377;40
1377;118
1377;230
1378;5
1378;15
1378;25
1378;50
1378;117
1378;234
1379;5
1379;15
1379;34
1379;50
1379;117
1379;234
1380;4
1380;12
1380;33
1380;50
1380;134
1380;234
1381;7
1381;15
1381;29
1381;40
1381;118
1381;233
1382;3
1382;10
1382;34
1382;51
1382;117
1382;219
1383;3
1383;12
1383;37
1383;56
1383;112
1383;401
1384;3
1384;15
1384;38
1384;56
1384;94
1384;413
1385;3
1385;12
1385;38
1385;56
1385;113
1385;244
1386;3
1386;13
1386;38
1386;60
1386;90
1386;437
1387;3
1387;18
1387;32
1387;53
1387;83
1387;183
1388;3
1388;15
1388;32
1388;64
1388;95
1388;222
1389;3
1389;16
1389;34
1389;50
1389;101
1389;219
1390;3
1390;15
1390;30
1390;51
1390;104
1390;314
1391;3
1391;15
1391;30
1391;50
1391;118
1391;402
1392;2
1392;15
1392;30
1392;44
1392;133
1392;237
1393;3
1393;15
1393;30
1393;45
1393;120
1393;240
1394;3
1394;15
1394;29
1394;43
1394;149
1394;225
1395;3
1395;15
1395;30
1395;56
1395;89
1395;171
1396;9
1396;10
1396;31
1396;40
1396;149
1396;233
1397;9
1397;12
1397;25
1397;50
1397;149
1397;239
1398;9
1398;12
1398;25
1398;50
1398;149
1398;226
1399;9
1399;19
1399;25
1399;56
1399;151
1399;160
1400;9
1400;14
1400;25
1400;57
1400;150
1400;314
1401;9
1401;19
1401;30
1401;60
1401;149
1401;316
1402;8
1402;15
1402;30
1402;45
1402;148
1402;163
1403;9
1403;15
1403;30
1403;45
1403;150
1403;165
1404;9
1404;15
1404;30
1404;44
1404;132
1404;161
1405;9
1405;15
1405;29
1405;44
1405;121
1405;165
1406;9
1406;19
1406;30
1406;43
1406;149
1406;225
1407;7
1407;19
1407;30
1407;56
1407;113
1407;178
1408;5
1408;15
1408;30
1408;60
1408;104
1408;222
1409;9
1409;15
1409;30
1409;67
1409;118
1409;194
1410;9
1410;15
1410;30
1410;66
1410;116
1410;232
1411;9
1411;18
1411;30
1411;67
1411;118
1411;236
1412;8
1412;18
1412;22
1412;66
1412;117
1412;180
1413;4
1413;19
1413;22
1413;45
1413;118
1413;175
1414;8
1414;18
1414;30
1414;50
1414;90
1414;180
1415;8
1415;15
1415;30
1415;45
1415;105
1415;207
1416;0
1416;15
1416;30
1416;45
1416;134
1416;223
1417;9
1417;15
1417;30
1417;45
1417;134
1417;223
1418;0
1418;15
1418;30
1418;45
1418;134
1418;224
1419;7
1419;15
1419;30
1419;45
1419;119
1419;224
1420;7
1420;15
1420;30
1420;45
1420;119
1420;224
1421;6
1421;15
1421;37
1421;60
1421;113
1421;188
1422;7
1422;15
1422;37
1422;45
1422;113
1422;188
1423;7
1423;17
1423;37
1423;75
1423;113
1423;187
1424;0
1424;18
1424;38
1424;75
1424;112
1424;184
1425;3
1425;18
1425;30
1425;60
1425;150
1425;188
1426;9
1426;15
1426;30
1426;44
1426;94
1426;176
1427;5
1427;15
1427;25
1427;45
1427;149
1427;180
1428;5
1428;15
1428;25
1428;60
1428;134
1428;181
1429;5
1429;15
1429;30
1429;59
1429;90
1429;181
1430;5
1430;15
1430;30
1430;72
1430;88
1430;181
1431;5
1431;15
1431;25
1431;60
1431;80
1431;181
1432;5
1432;15
1432;30
1432;45
1432;136
1432;181
1433;5
1433;15
1433;22
1433;44
1433;156
1433;181
1434;5
1434;15
1434;25
1434;45
1434;157
1434;238
1435;5
1435;15
1435;22
1435;44
1435;156
1435;178
1436;5
1436;15
1436;39
1436;57
1436;149
1436;210
1437;5
1437;15
1437;37
1437;76
1437;94
1437;181
1438;5
1438;15
1438;38
1438;57
1438;94
1438;208
1439;5
1439;15
1439;38
1439;56
1439;152
1439;189
1440;5
1440;15
1440;38
1440;56
1440;89
1440;168
1441;5
1441;15
1441;37
1441;56
1441;112
1441;178
1442;5
1442;15
1442;36
1442;55
1442;89
1442;178
1443;5
1443;15
1443;33
1443;50
1443;83
1443;178
1444;5
1444;10
1444;33
1444;50
1444;89
1444;178
1445;5
1445;19
1445;30
1445;60
1445;90
1445;171
1446;4
1446;15
1446;34
1446;60
1446;119
1446;238
1447;5
1447;17
1447;34
1447;50
1447;134
1447;167
1448;5
1448;15
1448;30
1448;59
1448;134
1448;238
1449;5
1449;15
1449;30
1449;59
1449;119
1449;178
1450;5
1450;15
1450;30
1450;59
1450;119
1450;418
1451;5
1451;15
1451;33
1451;50
1451;133
1451;199
1452;5
1452;15
1452;33
1452;50
1452;135
1452;168
1453;5
1453;15
1453;34
1453;50
1453;134
1453;168
1454;5
1454;15
1454;29
1454;44
1454;149
1454;164
1455;5
1455;15
1455;25
1455;50
1455;149
1455;190
1456;5
1456;15
1456;34
1456;50
1456;132
1456;216
1457;5
1457;15
1457;33
1457;50
1457;100
1457;401
1458;4
1458;14
1458;34
1458;50
1458;84
1458;386
1459;5
1459;14
1459;33
1459;50
1459;83
1459;192
1460;5
1460;14
1460;24
1460;59
1460;149
1460;191
1461;5
1461;14
1461;24
1461;59
1461;149
1461;178
1462;5
1462;14
1462;24
1462;54
1462;91
1462;202
1463;5
1463;14
1463;33
1463;50
1463;99
1463;176
1464;5
1464;14
1464;30
1464;44
1464;90
1464;164
1465;5
1465;14
1465;23
1465;42
1465;115
1465;176
1466;5
1466;14
1466;34
1466;50
1466;151
1466;167
1467;5
1467;16
1467;33
1467;49
1467;149
1467;183
1468;5
1468;14
1468;34
1468;51
1468;89
1468;186
1469;5
1469;16
1469;32
1469;48
1469;90
1469;164
1470;5
1470;15
1470;30
1470;45
1470;89
1470;170
1471;5
1471;14
1471;22
1471;45
1471;85
1471;500
1472;5
1472;15
1472;30
1472;46
1472;119
1472;178
1473;5
1473;15
1473;30
1473;44
1473;131
1473;169
1474;5
1474;16
1474;30
1474;43
1474;149
1474;191
1475;5
1475;15
1475;30
1475;59
1475;153
1475;508
1476;5
1476;17
1476;34
1476;51
1476;152
1476;235
1477;5
1477;17
1477;33
1477;50
1477;84
1477;167
1478;5
1478;14
1478;23
1478;50
1478;159
1478;166
1479;5
1479;14
1479;23
1479;59
1479;149
1479;167
1480;5
1480;15
1480;30
1480;60
1480;91
1480;179
1481;5
1481;14
1481;23
1481;59
1481;90
1481;179
1482;5
1482;14
1482;23
1482;57
1482;113
1482;170
1483;5
1483;14
1483;23
1483;56
1483;112
1483;223
1484;5
1484;14
1484;23
1484;50
1484;117
1484;216
1485;5
1485;14
1485;23
1485;59
1485;112
1485;179
1486;5
1486;14
1486;23
1486;45
1486;149
1486;161
1487;5
1487;15
1487;30
1487;45
1487;149
1487;164
1488;5
1488;15
1488;30
1488;59
1488;119
1488;179
1489;5
1489;15
1489;30
1489;73
1489;146
1489;213
1490;3
1490;11
1490;22
1490;59
1490;149
1490;181
1491;3
1491;15
1491;39
1491;40
1491;89
1491;181
1492;3
1492;14
1492;23
1492;45
1492;158
1492;180
1493;3
1493;14
1493;22
1493;45
1493;157
1493;224
1494;3
1494;14
1494;22
1494;45
1494;156
1494;223
1495;3
1495;14
1495;29
1495;59
1495;156
1495;222
1496;3
1496;14
1496;30
1496;45
1496;90
1496;181
1497;3
1497;14
1497;20
1497;59
1497;120
1497;326
1498;3
1498;14
1498;22
1498;67
1498;156
1498;223
1499;3
1499;14
1499;30
1499;44
1499;88
1499;176
1500;3
1500;14
1500;37
1500;56
1500;94
1500;187
1501;3
1501;14
1501;30
1501;59
1501;88
1501;178
1502;3
1502;14
1502;28
1502;56
1502;94
1502;476
1503;3
1503;14
1503;30
1503;40
1503;119
1503;391
1504;3
1504;19
1504;37
1504;56
1504;93
1504;224
1505;3
1505;17
1505;33
1505;50
1505;82
1505;231
1506;3
1506;17
1506;33
1506;51
1506;83
1506;178
1507;3
1507;14
1507;30
1507;59
1507;134
1507;236
1508;3
1508;17
1508;33
1508;50
1508;84
1508;171
1509;8
1509;15
1509;30
1509;50
1509;82
1509;178
1510;3
1510;15
1510;20
1510;49
1510;119
1510;178
1511;3
1511;14
1511;20
1511;59
1511;149
1511;178
1512;3
1512;14
1512;20
1512;59
1512;149
1512;178
1513;3
1513;14
1513;20
1513;70
1513;153
1513;161
1514;3
1514;17
1514;33
1514;50
1514;83
1514;165
1515;3
1515;17
1515;34
1515;51
1515;153
1515;178
1516;3
1516;17
1516;33
1516;50
1516;149
1516;178
1517;3
1517;14
1517;30
1517;59
1517;118
1517;233
1518;3
1518;14
1518;20
1518;59
1518;149
1518;499
1519;3
1519;15
1519;20
1519;59
1519;148
1519;508
1520;3
1520;17
1520;33
1520;50
1520;117
1520;168
1521;4
1521;16
1521;33
1521;50
1521;89
1521;201
1522;3
1522;10
1522;22
1522;46
1522;89
1522;179
1523;3
1523;15
1523;34
1523;51
1523;150
1523;167
1524;3
1524;10
1524;34
1524;50
1524;101
1524;180
1525;3
1525;10
1525;22
1525;51
1525;117
1525;178
1526;3
1526;10
1526;22
1526;59
1526;92
1526;178
1527;3
1527;15
1527;30
1527;59
1527;92
1527;200
1528;3
1528;10
1528;22
1528;44
1528;91
1528;179
1529;3
1529;10
1529;37
1529;40
1529;143
1529;217
1530;3
1530;15
1530;38
1530;75
1530;94
1530;179
1531;3
1531;15
1531;37
1531;56
1531;132
1531;223
1532;3
1532;10
1532;30
1532;59
1532;94
1532;179
1533;3
1533;16
1533;30
1533;44
1533;156
1533;482
1534;3
1534;10
1534;22
1534;66
1534;100
1534;368
1535;3
1535;15
1535;30
1535;45
1535;149
1535;164
1536;3
1536;15
1536;30
1536;44
1536;159
1536;160
1537;3
1537;15
1537;29
1537;40
1537;159
1537;160
1538;3
1538;10
1538;30
1538;40
1538;81
1538;192
1539;3
1539;10
1539;30
1539;50
1539;152
1539;168
1540;3
1540;11
1540;30
1540;50
1540;151
1540;168
1541;3
1541;15
1541;30
1541;59
1541;113
1541;179
1542;3
1542;10
1542;30
1542;60
1542;149
1542;179
1543;3
1543;10
1543;30
1543;59
1543;113
1543;178
1544;3
1544;15
1544;28
1544;40
1544;113
1544;160
1545;4
1545;19
1545;38
1545;57
1545;94
1545;170
1546;9
1546;19
1546;33
1546;75
1546;113
1546;207
1547;7
1547;17
1547;33
1547;53
1547;135
1547;228
1548;8
1548;19
1548;34
1548;67
1548;112
1548;169
1549;9
1549;15
1549;33
1549;45
1549;137
1549;210
1550;8
1550;15
1550;30
1550;44
1550;149
1550;165
1551;7
1551;14
1551;28
1551;42
1551;135
1551;169
1552;6
1552;11
1552;30
1552;40
1552;95
1552;343
1553;3
1553;10
1553;20
1553;76
1553;126
1553;244
1554;3
1554;15
1554;30
1554;59
1554;88
1554;238
1555;3
1555;15
1555;30
1555;59
1555;89
1555;179
1556;8
1556;10
1556;20
1556;41
1556;119
1556;199
1557;3
1557;15
1557;34
1557;50
1557;152
1557;187
1558;7
1558;10
1558;37
1558;59
1558;151
1558;170
1559;2
1559;10
1559;37
1559;56
1559;130
1559;167
1560;2
1560;15
1560;38
1560;77
1560;80
1560;184
1561;2
1561;15
1561;37
1561;56
1561;113
1561;206
1562;3
1562;17
1562;34
1562;49
1562;140
1562;230
1563;3
1563;14
1563;28
1563;42
1563;158
1563;229
1564;3
1564;14
1564;28
1564;42
1564;119
1564;183
1565;2
1565;13
1565;25
1565;50
1565;89
1565;213
1566;6
1566;10
1566;30
1566;59
1566;89
1566;178
1567;3
1567;15
1567;30
1567;59
1567;119
1567;178
1568;2
1568;13
1568;39
1568;51
1568;137
1568;160
1569;2
1569;12
1569;38
1569;50
1569;138
1569;213
1570;6
1570;13
1570;20
1570;50
1570;137
1570;212
1571;3
1571;12
1571;38
1571;50
1571;88
1571;164
1572;5
1572;15
1572;36
1572;49
1572;134
1572;312
1573;5
1573;11
1573;30
1573;45
1573;134
1573;312
1574;5
1574;15
1574;20
1574;50
1574;149
1574;299
1575;5
1575;15
1575;30
1575;59
1575;101
1575;298
1576;5
1576;10
1576;20
1576;59
1576;134
1576;184
1577;5
1577;10
1577;30
1577;60
1577;119
1577;268
1578;3
1578;11
1578;38
1578;59
1578;112
1578;451
1579;3
1579;13
1579;30
1579;59
1579;113
1579;313
1580;3
1580;10
1580;29
1580;63
1580;115
1580;179
1581;3
1581;10
1581;39
1581;49
1581;109
1581;169
1582;2
1582;15
1582;30
1582;59
1582;119
1582;179
1583;3
1583;12
1583;30
1583;59
1583;80
1583;429
1584;3
1584;10
1584;30
1584;67
1584;100
1584;204
1585;2
1585;12
1585;38
1585;56
1585;133
1585;207
1586;2
1586;15
1586;30
1586;59
1586;149
1586;318
1587;2
1587;15
1587;28
1587;47
1587;113
1587;178
1588;2
1588;15
1588;38
1588;56
1588;112
1588;413
1589;2
1589;14
1589;38
1589;56
1589;94
1589;415
1590;3
1590;19
1590;38
1590;56
1590;94
1590;414
1591;2
1591;19
1591;38
1591;52
1591;124
1591;163
1592;2
1592;15
1592;37
1592;55
1592;127
1592;224
1593;2
1593;15
1593;39
1593;40
1593;80
1593;179
1594;2
1594;15
1594;30
1594;40
1594;122
1594;178
1595;2
1595;15
1595;30
1595;59
1595;114
1595;343
1596;2
1596;12
1596;37
1596;50
1596;111
1596;173
1597;8
1597;10
1597;35
1597;50
1597;88
1597;169
1598;3
1598;15
1598;25
1598;50
1598;114
1598;179
1599;2
1599;12
1599;38
1599;50
1599;150
1599;163
1600;2
1600;13
1600;38
1600;50
1600;151
1600;164
1601;2
1601;12
1601;37
1601;50
1601;105
1601;163
1602;2
1602;12
1602;25
1602;50
1602;88
1602;162
1603;8
1603;10
1603;21
1603;40
1603;82
1603;359
1604;3
1604;11
1604;34
1604;45
1604;90
1604;180
1605;2
1605;11
1605;34
1605;45
1605;90
1605;201
1606;2
1606;11
1606;33
1606;44
1606;112
1606;179
1607;2
1607;11
1607;28
1607;45
1607;124
1607;163
1608;2
1608;14
1608;29
1608;43
1608;158
1608;161
1609;2
1609;15
1609;30
1609;45
1609;150
1609;164
1610;2
1610;15
1610;30
1610;59
1610;148
1610;178
1611;2
1611;15
1611;30
1611;60
1611;149
1611;179
1612;2
1612;15
1612;30
1612;60
1612;119
1612;164
1613;2
1613;15
1613;30
1613;60
1613;119
1613;164
1614;2
1614;14
1614;30
1614;45
1614;152
1614;335
1615;7
1615;12
1615;23
1615;40
1615;88
1615;248
1616;3
1616;11
1616;22
1616;45
1616;90
1616;193
1617;3
1617;15
1617;22
1617;59
1617;89
1617;178
1618;3
1618;15
1618;22
1618;59
1618;89
1618;178
1619;6
1619;10
1619;29
1619;54
1619;144
1619;211
1620;3
1620;15
1620;32
1620;50
1620;153
1620;201
1621;6
1621;11
1621;38
1621;57
1621;152
1621;170
1622;3
1622;11
1622;37
1622;75
1622;112
1622;205
1623;3
1623;15
1623;38
1623;56
1623;93
1623;205
1624;3
1624;15
1624;37
1624;56
1624;134
1624;210
1625;3
1625;15
1625;30
1625;43
1625;149
1625;165
1626;3
1626;13
1626;25
1626;59
1626;87
1626;175
1627;3
1627;13
1627;25
1627;59
1627;89
1627;176
1628;3
1628;12
1628;32
1628;41
1628;90
1628;361
1629;5
1629;15
1629;30
1629;59
1629;119
1629;352
1630;3
1630;15
1630;30
1630;59
1630;119
1630;381
1631;3
1631;11
1631;30
1631;50
1631;137
1631;162
1632;3
1632;12
1632;30
1632;50
1632;138
1632;201
1633;5
1633;11
1633;38
1633;50
1633;151
1633;163
1634;9
1634;12
1634;25
1634;50
1634;134
1634;162
1635;3
1635;15
1635;34
1635;40
1635;134
1635;208
1636;3
1636;15
1636;30
1636;59
1636;133
1636;208
1637;3
1637;15
1637;22
1637;59
1637;134
1637;178
1638;3
1638;14
1638;31
1638;45
1638;100
1638;255
1639;3
1639;11
1639;30
1639;69
1639;89
1639;246
1640;3
1640;10
1640;23
1640;44
1640;90
1640;358
1641;3
1641;15
1641;30
1641;60
1641;89
1641;178
1642;3
1642;15
1642;30
1642;59
1642;112
1642;213
1643;3
1643;11
1643;30
1643;56
1643;134
1643;213
1644;3
1644;11
1644;30
1644;67
1644;122
1644;211
1645;3
1645;15
1645;34
1645;44
1645;89
1645;201
1646;3
1646;12
1646;34
1646;40
1646;87
1646;314
1647;3
1647;10
1647;33
1647;50
1647;100
1647;234
1648;3
1648;10
1648;37
1648;56
1648;113
1648;207
1649;3
1649;19
1649;37
1649;56
1649;112
1649;187
1650;3
1650;10
1650;38
1650;57
1650;114
1650;171
1651;3
1651;10
1651;37
1651;75
1651;113
1651;188
1652;3
1652;10
1652;20
1652;75
1652;113
1652;188
1653;3
1653;10
1653;38
1653;56
1653;151
1653;169
1654;3
1654;15
1654;38
1654;53
1654;125
1654;188
1655;3
1655;15
1655;38
1655;59
1655;159
1655;160
1656;3
1656;15
1656;37
1656;40
1656;81
1656;221
1657;3
1657;15
1657;39
1657;40
1657;119
1657;160
1658;3
1658;15
1658;30
1658;56
1658;112
1658;324
1659;3
1659;19
1659;37
1659;56
1659;130
1659;206
1660;6
1660;11
1660;30
1660;56
1660;94
1660;271
1661;3
1661;10
1661;37
1661;56
1661;132
1661;208
1662;3
1662;10
1662;30
1662;51
1662;152
1662;218
1663;3
1663;10
1663;30
1663;50
1663;100
1663;166
1664;3
1664;10
1664;34
1664;50
1664;84
1664;168
1665;3
1665;10
1665;33
1665;50
1665;84
1665;167
1666;6
1666;11
1666;30
1666;50
1666;84
1666;167
1667;3
1667;10
1667;33
1667;50
1667;148
1667;201
1668;3
1668;15
1668;30
1668;44
1668;88
1668;179
1669;3
1669;15
1669;30
1669;45
1669;90
1669;178
1670;3
1670;15
1670;30
1670;45
1670;111
1670;164
1671;3
1671;15
1671;30
1671;45
1671;90
1671;180
1672;5
1672;11
1672;30
1672;45
1672;144
1672;166
1673;4
1673;11
1673;29
1673;45
1673;140
1673;209
1674;4
1674;11
1674;37
1674;45
1674;119
1674;208
1675;4
1675;11
1675;30
1675;45
1675;135
1675;208
1676;4
1676;11
1676;37
1676;45
1676;150
1676;208
1677;4
1677;11
1677;37
1677;45
1677;90
1677;164
1678;9
1678;10
1678;20
1678;40
1678;96
1678;305
1679;9
1679;10
1679;32
1679;42
1679;93
1679;503
1680;9
1680;10
1680;38
1680;60
1680;88
1680;179
1681;9
1681;10
1681;38
1681;59
1681;88
1681;179
1682;9
1682;10
1682;25
1682;59
1682;102
1682;179
1683;9
1683;15
1683;29
1683;59
1683;149
1683;179
1684;9
1684;10
1684;30
1684;45
1684;89
1684;208
1685;9
1685;10
1685;30
1685;45
1685;104
1685;224
1686;9
1686;10
1686;30
1686;45
1686;89
1686;184
1687;9
1687;10
1687;30
1687;45
1687;90
1687;178
1688;9
1688;10
1688;30
1688;45
1688;105
1688;179
1689;9
1689;15
1689;30
1689;59
1689;134
1689;208
1690;9
1690;10
1690;30
1690;60
1690;119
1690;224
1691;9
1691;10
1691;31
1691;60
1691;106
1691;226
1692;9
1692;15
1692;30
1692;67
1692;118
1692;235
1693;9
1693;15
1693;30
1693;67
1693;117
1693;234
1694;9
1694;15
1694;30
1694;50
1694;117
1694;179
1695;9
1695;11
1695;34
1695;50
1695;118
1695;216
1696;9
1696;10
1696;34
1696;50
1696;89
1696;185
1697;9
1697;10
1697;37
1697;56
1697;134
1697;186
1698;9
1698;15
1698;38
1698;56
1698;134
1698;188
1699;9
1699;10
1699;38
1699;56
1699;134
1699;188
1700;9
1700;10
1700;30
1700;50
1700;149
1700;186
1701;9
1701;10
1701;29
1701;47
1701;125
1701;163
1702;9
1702;10
1702;30
1702;50
1702;134
1702;163
1703;9
1703;10
1703;34
1703;50
1703;151
1703;168
1704;9
1704;15
1704;33
1704;50
1704;112
1704;167
1705;9
1705;10
1705;33
1705;50
1705;150
1705;168
1706;9
1706;10
1706;30
1706;59
1706;119
1706;179
1707;9
1707;10
1707;33
1707;60
1707;119
1707;178
1708;9
1708;15
1708;30
1708;60
1708;119
1708;208
1709;9
1709;15
1709;29
1709;41
1709;119
1709;314
1710;9
1710;10
1710;33
1710;60
1710;120
1710;208
1711;9
1711;10
1711;24
1711;61
1711;119
1711;202
1712;9
1712;15
1712;30
1712;60
1712;89
1712;179
1713;9
1713;15
1713;30
1713;59
1713;119
1713;314
1714;9
1714;15
1714;30
1714;60
1714;149
1714;179
1715;9
1715;10
1715;30
1715;40
1715;90
1715;179
1716;9
1716;15
1716;30
1716;45
1716;105
1716;178
1717;9
1717;15
1717;30
1717;70
1717;119
1717;163
1718;9
1718;15
1718;30
1718;45
1718;120
1718;180
1719;9
1719;15
1719;30
1719;44
1719;134
1719;163
1720;9
1720;10
1720;30
1720;45
1720;136
1720;227
1721;9
1721;14
1721;30
1721;59
1721;119
1721;239
1722;9
1722;10
1722;30
1722;45
1722;119
1722;179
1723;9
1723;15
1723;30
1723;45
1723;120
1723;196
1724;9
1724;15
1724;34
1724;50
1724;118
1724;185
1725;9
1725;15
1725;33
1725;50
1725;117
1725;201
1726;9
1726;15
1726;33
1726;50
1726;117
1726;201
1727;9
1727;10
1727;33
1727;50
1727;117
1727;184
1728;9
1728;10
1728;33
1728;50
1728;119
1728;239
1729;9
1729;15
1729;30
1729;59
1729;112
1729;179
1730;9
1730;15
1730;30
1730;45
1730;119
1730;179
1731;9
1731;15
1731;30
1731;45
1731;134
1731;179
1732;9
1732;15
1732;30
1732;45
1732;135
1732;165
1733;9
1733;10
1733;28
1733;45
1733;90
1733;184
1734;9
1734;10
1734;30
1734;45
1734;134
1734;164
1735;9
1735;15
1735;30
1735;45
1735;119
1735;179
1736;9
1736;15
1736;30
1736;59
1736;149
1736;179
1737;9
1737;10
1737;30
1737;60
1737;113
1737;174
1738;9
1738;10
1738;30
1738;50
1738;89
1738;174
1739;8
1739;15
1739;30
1739;45
1739;89
1739;179
1740;9
1740;15
1740;30
1740;60
1740;118
1740;180
1741;6
1741;11
1741;30
1741;78
1741;87
1741;169
1742;9
1742;11
1742;22
1742;78
1742;123
1742;224
1743;8
1743;15
1743;30
1743;76
1743;88
1743;179
1744;9
1744;15
1744;25
1744;75
1744;88
1744;179
1745;6
1745;11
1745;30
1745;62
1745;137
1745;178
1746;9
1746;11
1746;30
1746;60
1746;89
1746;178
1747;6
1747;11
1747;30
1747;45
1747;119
1747;195
1748;2
1748;11
1748;30
1748;45
1748;89
1748;179
1749;8
1749;15
1749;30
1749;45
1749;89
1749;179
1750;4
1750;15
1750;30
1750;60
1750;89
1750;178
1751;9
1751;15
1751;30
1751;60
1751;90
1751;178
1752;9
1752;15
1752;30
1752;60
1752;118
1752;313
1753;8
1753;11
1753;30
1753;45
1753;119
1753;222
1754;8
1754;12
1754;31
1754;61
1754;91
1754;213
1755;6
1755;15
1755;30
1755;50
1755;100
1755;178
1756;6
1756;15
1756;30
1756;50
1756;101
1756;235
1757;5
1757;15
1757;30
1757;50
1757;100
1757;234
1758;8
1758;11
1758;34
1758;50
1758;90
1758;178
1759;5
1759;11
1759;33
1759;50
1759;117
1759;231
1760;9
1760;15
1760;33
1760;51
1760;119
1760;208
1761;5
1761;15
1761;30
1761;67
1761;84
1761;219
1762;3
1762;15
1762;30
1762;76
1762;133
1762;209
1763;9
1763;15
1763;30
1763;75
1763;131
1763;225
1764;9
1764;11
1764;36
1764;52
1764;125
1764;169
1765;8
1765;11
1765;30
1765;50
1765;83
1765;233
1766;8
1766;11
1766;33
1766;50
1766;84
1766;234
1767;6
1767;15
1767;30
1767;50
1767;101
1767;178
1768;9
1768;11
1768;29
1768;75
1768;89
1768;225
1769;1
1769;11
1769;30
1769;45
1769;120
1769;225
1770;8
1770;15
1770;29
1770;45
1770;119
1770;358
1771;9
1771;15
1771;30
1771;45
1771;119
1771;178
1772;9
1772;12
1772;30
1772;43
1772;134
1772;314
1773;6
1773;12
1773;30
1773;78
1773;123
1773;212
1774;9
1774;12
1774;25
1774;62
1774;87
1774;178
1775;8
1775;15
1775;38
1775;63
1775;113
1775;178
1776;9
1776;15
1776;38
1776;63
1776;113
1776;178
1777;7
1777;15
1777;38
1777;59
1777;89
1777;178
1778;9
1778;12
1778;37
1778;45
1778;90
1778;178
1779;4
1779;13
1779;29
1779;44
1779;89
1779;178
1780;9
1780;15
1780;39
1780;45
1780;89
1780;169
1781;7
1781;15
1781;30
1781;45
1781;105
1781;223
1782;6
1782;15
1782;30
1782;59
1782;119
1782;178
1783;7
1783;15
1783;30
1783;59
1783;119
1783;388
1784;7
1784;13
1784;30
1784;60
1784;112
1784;225
1785;6
1785;13
1785;30
1785;45
1785;119
1785;164
1786;9
1786;15
1786;30
1786;50
1786;101
1786;304
1787;6
1787;15
1787;30
1787;50
1787;100
1787;300
1788;6
1788;15
1788;30
1788;50
1788;101
1788;302
1789;6
1789;15
1789;33
1789;50
1789;100
1789;301
1790;6
1790;13
1790;30
1790;49
1790;101
1790;178
1791;6
1791;13
1791;30
1791;50
1791;117
1791;241
1792;8
1792;15
1792;30
1792;44
1792;111
1792;178
1793;5
1793;15
1793;30
1793;45
1793;134
1793;179
1794;6
1794;15
1794;30
1794;45
1794;134
1794;179
1795;7
1795;15
1795;30
1795;45
1795;135
1795;225
1796;6
1796;12
1796;30
1796;44
1796;133
1796;208
1797;6
1797;13
1797;30
1797;45
1797;119
1797;209
1798;6
1798;13
1798;30
1798;44
1798;140
1798;208
1799;6
1799;13
1799;37
1799;59
1799;140
1799;208
1800;9
1800;15
1800;30
1800;45
1800;112
1800;179
1801;6
1801;15
1801;37
1801;56
1801;113
1801;208
1802;6
1802;15
1802;37
1802;44
1802;133
1802;208
1803;7
1803;15
1803;30
1803;60
1803;132
1803;208
1804;0
1804;19
1804;37
1804;75
1804;90
1804;188
1805;8
1805;18
1805;38
1805;40
1805;89
1805;188
1806;0
1806;19
1806;38
1806;75
1806;113
1806;181
1807;8
1807;19
1807;37
1807;75
1807;90
1807;188
1808;1
1808;19
1808;37
1808;60
1808;89
1808;164
1809;2
1809;18
1809;37
1809;45
1809;149
1809;178
1810;1
1810;16
1810;37
1810;45
1810;118
1810;164
1811;1
1811;16
1811;37
1811;50
1811;100
1811;224
1812;9
1812;15
1812;37
1812;50
1812;100
1812;301
1813;7
1813;17
1813;37
1813;50
1813;101
1813;185
1814;1
1814;16
1814;37
1814;75
1814;113
1814;179
1815;1
1815;18
1815;38
1815;59
1815;113
1815;161
1816;3
1816;15
1816;37
1816;45
1816;149
1816;223
1817;1
1817;15
1817;37
1817;45
1817;117
1817;163
1818;1
1818;15
1818;30
1818;45
1818;100
1818;224
1819;2
1819;15
1819;30
1819;45
1819;101
1819;224
1820;5
1820;15
1820;30
1820;45
1820;100
1820;179
1821;8
1821;17
1821;30
1821;45
1821;100
1821;226
1822;0
1822;19
1822;30
1822;51
1822;112
1822;388
1823;7
1823;19
1823;39
1823;44
1823;101
1823;163
1824;1
1824;15
1824;30
1824;45
1824;119
1824;164
1825;0
1825;16
1825;30
1825;45
1825;118
1825;164
1826;3
1826;17
1826;30
1826;45
1826;100
1826;225
1827;1
1827;17
1827;33
1827;44
1827;117
1827;184
1828;0
1828;17
1828;33
1828;50
1828;100
1828;300
1829;5
1829;17
1829;33
1829;50
1829;101
1829;185
1830;0
1830;13
1830;38
1830;50
1830;113
1830;388
1831;0
1831;15
1831;30
1831;40
1831;101
1831;164
1832;7
1832;15
1832;30
1832;45
1832;120
1832;164
1833;2
1833;15
1833;30
1833;45
1833;134
1833;164
1834;5
1834;15
1834;30
1834;45
1834;135
1834;225
1835;0
1835;15
1835;30
1835;45
1835;101
1835;163
1836;2
1836;15
1836;30
1836;45
1836;100
1836;223
1837;1
1837;17
1837;29
1837;44
1837;88
1837;241
1838;0
1838;15
1838;30
1838;75
1838;87
1838;387
1839;5
1839;15
1839;39
1839;44
1839;148
1839;223
1840;5
1840;15
1840;30
1840;45
1840;119
1840;164
1841;0
1841;15
1841;30
1841;45
1841;101
1841;223
1842;4
1842;15
1842;30
1842;45
1842;100
1842;300
1843;0
1843;17
1843;34
1843;50
1843;117
1843;184
1844;0
1844;17
1844;33
1844;50
1844;100
1844;184
1845;0
1845;17
1845;33
1845;49
1845;117
1845;161
1846;1
1846;15
1846;37
1846;62
1846;112
1846;284
1847;4
1847;15
1847;30
1847;45
1847;119
1847;163
1848;0
1848;15
1848;30
1848;45
1848;134
1848;164
1849;0
1849;15
1849;30
1849;45
1849;134
1849;164
1850;0
1850;15
1850;30
1850;45
1850;135
1850;225
1851;0
1851;15
1851;29
1851;45
1851;100
1851;162
1852;9
1852;15
1852;30
1852;45
1852;120
1852;176
1853;1
1853;15
1853;31
1853;53
1853;136
1853;267
1854;0
1854;19
1854;39
1854;77
1854;80
1854;207
1855;1
1855;15
1855;31
1855;45
1855;90
1855;164
1856;2
1856;15
1856;30
1856;45
1856;120
1856;167
1857;9
1857;17
1857;34
1857;51
1857;101
1857;185
1858;0
1858;17
1858;33
1858;50
1858;100
1858;184
1859;0
1859;17
1859;33
1859;67
1859;100
1859;167
1860;8
1860;16
1860;25
1860;67
1860;84
1860;176
1865;0
1865;10
1865;20
1865;40
1865;80
1865;160
