11;0
11;12
11;39
11;44
11;82
11;168
12;3
12;15
12;22
12;45
12;90
12;160
13;3
13;14
13;22
13;44
13;90
13;172
14;3
14;10
14;20
14;44
14;89
14;172
15;8
15;10
15;20
15;45
15;89
15;173
16;3
16;11
16;22
16;44
16;89
16;167
17;3
17;17
17;22
17;44
17;89
17;168
18;3
18;14
18;22
18;45
18;82
18;171
19;3
19;12
19;22
19;45
19;89
19;168
20;3
20;11
20;22
20;45
20;112
20;172
21;3
21;15
21;22
21;45
21;113
21;169
22;3
22;10
22;22
22;45
22;112
22;168
23;3
23;10
23;25
23;45
23;111
23;171
24;3
24;14
24;20
24;45
24;113
24;167
25;3
25;11
25;22
25;45
25;115
25;171
26;3
26;11
26;22
26;45
26;114
26;167
27;8
27;14
27;22
27;45
27;113
27;169
28;3
28;12
28;22
28;45
28;114
28;170
29;3
29;11
29;23
29;45
29;114
29;169
30;3
30;14
30;23
30;45
30;112
30;168
31;3
31;14
31;22
31;56
31;114
31;171
32;3
32;11
32;25
32;45
32;111
32;169
33;3
33;11
33;22
33;55
33;111
33;171
34;3
34;14
34;22
34;56
34;110
34;169
35;3
35;11
35;25
35;45
35;112
35;168
36;3
36;11
36;22
36;45
36;114
36;169
37;8
37;11
37;22
37;45
37;112
37;279
38;7
38;11
38;21
38;42
38;127
38;160
39;3
39;11
39;25
39;42
39;84
39;160
40;8
40;11
40;32
40;42
40;106
40;160
41;3
41;11
41;21
41;42
41;106
41;160
42;3
42;10
42;21
42;42
42;84
42;160
43;3
43;11
43;21
43;42
43;159
43;160
44;3
44;10
44;32
44;43
44;127
44;160
45;3
45;11
45;32
45;50
45;84
45;160
46;3
46;11
46;37
46;74
46;148
46;186
47;3
47;11
47;39
47;42
47;80
47;160
48;3
48;11
48;21
48;42
48;86
48;185
49;8
49;16
49;32
49;48
49;130
49;502
50;8
50;16
50;37
50;74
50;148
50;186
51;8
51;11
51;37
51;75
51;112
51;170
52;9
52;11
52;37
52;75
52;112
52;169
53;8
53;11
53;28
53;42
53;84
53;168
54;3
54;11
54;25
54;76
54;101
54;327
55;9
55;16
55;25
55;50
55;101
55;325
56;9
56;16
56;25
56;50
56;101
56;327
57;8
57;16
57;25
57;50
57;125
57;175
58;9
58;11
58;28
58;50
58;101
58;173
59;3
59;16
59;21
59;75
59;127
59;410
60;8
60;16
60;24
60;50
60;101
60;189
61;8
61;19
61;34
61;50
61;151
61;170
62;6
62;19
62;38
62;75
62;135
62;168
63;6
63;19
63;38
63;75
63;135
63;236
64;6
64;19
64;34
64;67
64;101
64;236
65;6
65;16
65;38
65;64
65;130
65;170
66;6
66;16
66;32
66;57
66;127
66;161
67;6
67;13
67;38
67;63
67;94
67;189
68;6
68;16
68;31
68;50
68;94
68;189
69;6
69;13
69;34
69;49
69;94
69;188
70;6
70;13
70;25
70;50
70;125
70;219
71;6
71;13
71;25
71;50
71;157
71;166
72;6
72;19
72;38
72;63
72;158
72;188
73;6
73;19
73;25
73;50
73;113
73;220
74;6
74;19
74;32
74;50
74;100
74;220
75;6
75;19
75;25
75;75
75;88
75;198
76;6
76;19
76;38
76;50
76;100
76;168
77;6
77;16
77;25
77;75
77;126
77;167
78;6
78;13
78;25
78;75
78;159
78;191
79;6
79;13
79;25
79;50
79;95
79;192
80;6
80;13
80;25
80;50
80;126
80;192
81;6
81;13
81;25
81;50
81;80
81;169
82;7
82;12
82;25
82;50
82;100
82;190
83;9
83;13
83;38
83;63
83;151
83;177
84;6
84;12
84;25
84;51
84;151
84;171
85;7
85;13
85;25
85;75
85;100
85;168
86;6
86;19
86;33
86;51
86;127
86;200
87;9
87;18
87;25
87;49
87;99
87;167
88;9
88;14
88;25
88;42
88;98
88;170
89;7
89;14
89;25
89;42
89;159
89;170
90;7
90;14
90;25
90;56
90;105
90;189
91;7
91;14
91;25
91;42
91;84
91;190
92;7
92;14
92;34
92;50
92;84
92;189
93;7
93;14
93;31
93;42
93;100
93;188
94;7
94;14
94;25
94;42
94;85
94;168
95;7
95;17
95;25
95;67
95;99
95;189
96;7
96;14
96;25
96;63
96;101
96;168
97;7
97;14
97;25
97;42
97;85
97;168
98;7
98;14
98;25
98;42
98;84
98;190
99;7
99;14
99;25
99;76
99;85
99;167
100;7
100;14
100;32
100;51
100;100
100;167
101;6
101;17
101;25
101;64
101;102
101;190
102;8
102;17
102;25
102;51
102;84
102;191
103;7
103;14
103;25
103;64
103;84
103;190
104;9
104;14
104;20
104;57
104;85
104;190
105;5
105;17
105;20
105;75
105;84
105;169
106;8
106;19
106;20
106;40
106;82
106;196
107;8
107;17
107;20
107;43
107;95
107;165
108;4
108;17
108;20
108;40
108;122
108;224
109;8
109;18
109;20
109;43
109;86
109;225
110;8
110;16
110;20
110;48
110;96
110;242
111;6
111;14
111;39
111;76
111;84
111;330
112;4
112;12
112;27
112;55
112;80
112;239
113;4
113;18
113;22
113;40
113;104
113;167
114;9
114;10
114;33
114;58
114;133
114;161
115;5
115;17
115;21
115;66
115;92
115;163
116;4
116;10
116;24
116;41
116;117
116;165
117;6
117;17
117;20
117;45
117;90
117;166
118;5
118;17
118;26
118;54
118;81
118;173
119;6
119;17
119;21
119;45
119;115
119;160
120;5
120;19
120;20
120;73
120;97
120;201
121;4
121;18
121;31
121;45
121;86
121;185
122;4
122;18
122;30
122;60
122;81
122;254
123;3
123;18
123;20
123;40
123;80
123;194
124;4
124;18
124;23
124;71
124;102
124;183
125;9
125;10
125;36
125;40
125;88
125;182
126;4
126;10
126;35
126;40
126;149
126;169
127;3
127;13
127;26
127;44
127;89
127;494
128;3
128;17
128;24
128;53
128;148
128;173
129;3
129;14
129;21
129;63
129;155
129;191
130;4
130;14
130;37
130;67
130;131
130;190
131;3
131;19
131;37
131;56
131;84
131;198
132;3
132;14
132;37
132;48
132;90
132;170
133;3
133;15
133;20
133;70
133;127
133;245
134;3
134;14
134;20
134;40
134;81
134;243
135;4
135;14
135;21
135;41
135;103
135;243
136;8
136;10
136;35
136;50
136;141
136;270
137;5
137;10
137;32
137;63
137;158
137;190
138;6
138;11
138;31
138;63
138;157
138;189
139;5
139;12
139;32
139;64
139;159
139;160
140;3
140;19
140;32
140;64
140;128
140;160
141;7
141;11
141;31
141;63
141;159
141;256
142;9
142;10
142;20
142;63
142;159
142;160
143;7
143;10
143;31
143;63
143;94
143;252
144;5
144;10
144;32
144;63
144;95
144;252
145;7
145;11
145;32
145;64
145;95
145;381
146;8
146;12
146;32
146;63
146;95
146;380
147;9
147;10
147;31
147;64
147;95
147;383
148;8
148;11
148;26
148;43
148;87
148;254
149;8
149;16
149;32
149;63
149;94
149;283
150;7
150;13
150;26
150;63
150;126
150;314
151;5
151;11
151;31
151;63
151;128
151;160
152;9
152;10
152;31
152;63
152;159
152;160
153;9
153;10
153;27
153;45
153;95
153;160
154;5
154;10
154;21
154;76
154;153
154;190
155;4
155;11
155;21
155;76
155;152
155;189
156;3
156;11
156;38
156;75
156;151
156;188
157;4
157;12
157;37
157;75
157;150
157;187
158;7
158;14
158;21
158;73
158;147
158;219
159;7
159;14
159;34
159;75
159;122
159;209
160;4
160;14
160;32
160;64
160;159
160;224
161;4
161;12
161;32
161;63
161;95
161;220
162;4
162;12
162;28
162;53
162;85
162;187
163;3
163;14
163;32
163;63
163;95
163;253
164;4
164;11
164;32
164;63
164;94
164;220
165;9
165;10
165;33
165;65
165;139
165;220
166;4
166;11
166;31
166;61
166;90
166;228
167;4
167;14
167;32
167;74
167;157
167;218
168;7
168;14
168;21
168;43
168;154
168;290
169;7
169;14
169;21
169;43
169;157
169;224
170;8
170;15
170;31
170;65
170;149
170;204
171;5
171;13
171;27
171;40
171;134
171;378
172;4
172;12
172;32
172;75
172;136
172;367
173;4
173;12
173;32
173;62
173;128
173;256
174;9
174;14
174;24
174;43
174;80
174;325
175;5
175;10
175;20
175;48
175;99
175;391
176;5
176;10
176;21
176;46
176;118
176;221
177;4
177;11
177;21
177;56
177;142
177;167
178;4
178;11
178;21
178;56
178;84
178;168
179;6
179;10
179;28
179;57
179;85
179;170
180;4
180;12
180;28
180;56
180;84
180;168
181;9
181;10
181;21
181;55
181;83
181;167
182;8
182;10
182;21
182;54
182;122
182;195
183;4
183;14
183;25
183;50
183;101
183;202
184;4
184;12
184;25
184;56
184;85
184;510
185;9
185;10
185;21
185;56
185;84
185;468
186;5
186;11
186;25
186;50
186;150
186;175
187;5
187;11
187;25
187;50
187;100
187;249
188;5
188;10
188;26
188;40
188;85
188;262
189;5
189;12
189;26
189;50
189;80
189;252
190;4
190;12
190;25
190;49
190;113
190;235
191;8
191;10
191;21
191;42
191;81
191;178
192;8
192;11
192;21
192;57
192;146
192;179
193;9
193;10
193;39
193;40
193;122
193;183
194;4
194;14
194;20
194;43
194;142
194;420
195;4
195;12
195;31
195;79
195;157
195;438
196;4
196;10
196;20
196;75
196;80
196;339
197;3
197;14
197;21
197;42
197;88
197;167
198;7
198;12
198;20
198;40
198;147
198;507
199;9
199;10
199;22
199;40
199;141
199;221
200;4
200;13
200;37
200;56
200;95
200;210
201;4
201;17
201;21
201;56
201;94
201;165
202;4
202;19
202;21
202;42
202;107
202;225
203;9
203;19
203;21
203;42
203;84
203;295
204;8
204;17
204;21
204;42
204;105
204;169
205;5
205;11
205;20
205;71
205;132
205;218
206;5
206;12
206;25
206;75
206;125
206;225
207;4
207;12
207;22
207;49
207;125
207;235
208;8
208;12
208;28
208;57
208;113
208;253
209;4
209;13
209;28
209;57
209;85
209;340
210;9
210;12
210;28
210;56
210;85
210;338
211;4
211;15
211;28
211;56
211;139
211;167
212;4
212;10
212;28
212;56
212;84
212;168
213;4
213;15
213;29
213;56
213;85
213;170
214;8
214;17
214;32
214;42
214;95
214;254
215;8
215;18
215;32
215;63
215;96
215;255
216;8
216;10
216;20
216;40
216;122
216;182
217;4
217;14
217;32
217;56
217;114
217;503
218;4
218;12
218;32
218;56
218;141
218;254
219;9
219;15
219;21
219;55
219;93
219;163
220;5
220;11
220;21
220;57
220;95
220;284
221;6
221;18
221;24
221;56
221;94
221;323
222;5
222;10
222;37
222;55
222;92
222;219
223;4
223;13
223;25
223;57
223;114
223;264
224;4
224;19
224;20
224;50
224;95
224;163
225;4
225;19
225;20
225;57
225;95
225;170
226;9
226;12
226;25
226;50
226;80
226;496
227;9
227;12
227;25
227;50
227;122
227;463
228;4
228;14
228;32
228;63
228;158
228;190
229;4
229;12
229;26
229;65
229;158
229;160
230;4
230;11
230;20
230;40
230;127
230;398
231;9
231;10
231;24
231;63
231;125
231;187
232;5
232;13
232;22
232;78
232;84
232;238
233;8
233;10
233;20
233;78
233;88
233;221
234;4
234;10
234;20
234;63
234;126
234;189
235;4
235;10
235;32
235;63
235;126
235;282
236;9
236;12
236;20
236;64
236;122
236;178
237;9
237;10
237;20
237;47
237;126
237;486
238;6
238;10
238;32
238;65
238;125
238;280
239;5
239;10
239;27
239;63
239;127
239;191
240;4
240;12
240;31
240;61
240;153
240;184
241;4
241;12
241;32
241;64
241;95
241;195
242;9
242;14
242;23
242;47
242;93
242;190
243;9
243;10
243;24
243;42
243;129
243;192
244;9
244;10
244;20
244;42
244;138
244;441
245;4
245;14
245;21
245;72
245;143
245;171
246;4
246;14
246;21
246;76
246;151
246;189
247;3
247;10
247;38
247;75
247;151
247;188
248;4
248;12
248;37
248;74
248;149
248;186
249;7
249;14
249;21
249;73
249;109
249;218
250;9
250;10
250;21
250;40
250;122
250;218
251;4
251;14
251;31
251;63
251;94
251;482
252;4
252;12
252;30
252;75
252;148
252;455
253;7
253;10
253;30
253;60
253;90
253;180
254;4
254;14
254;32
254;63
254;95
254;190
255;4
255;14
255;32
255;63
255;94
255;189
256;5
256;10
256;32
256;63
256;137
256;189
257;4
257;12
257;32
257;63
257;95
257;264
258;4
258;11
258;32
258;63
258;95
258;190
259;7
259;14
259;21
259;42
259;85
259;445
260;7
260;14
260;21
260;63
260;95
260;189
261;9
261;10
261;20
261;40
261;145
261;185
262;4
262;14
262;27
262;43
262;147
262;405
263;4
263;12
263;25
263;62
263;158
263;189
264;4
264;11
264;20
264;63
264;96
264;474
265;9
265;10
265;24
265;47
265;80
265;191
266;9
266;10
266;20
266;45
266;80
266;168
267;8
267;10
267;21
267;40
267;139
267;218
268;4
268;11
268;21
268;42
268;156
268;244
269;5
269;11
269;21
269;42
269;85
269;304
270;6
270;16
270;31
270;72
270;135
270;162
271;4
271;19
271;28
271;55
271;83
271;166
272;9
272;11
272;21
272;56
272;84
272;168
273;5
273;10
273;20
273;56
273;84
273;166
274;4
274;12
274;28
274;56
274;84
274;197
275;4
275;12
275;27
275;54
275;82
275;218
276;5
276;10
276;21
276;51
276;126
276;233
277;5
277;11
277;21
277;42
277;153
277;201
278;5
278;11
278;21
278;56
278;141
278;264
279;4
279;10
279;25
279;50
279;151
279;176
280;5
280;10
280;25
280;49
280;123
280;197
281;5
281;10
281;25
281;51
281;129
281;201
282;4
282;14
282;26
282;52
282;80
282;209
283;5
283;10
283;21
283;44
283;95
283;196
284;8
284;11
284;20
284;40
284;145
284;267
285;4
285;16
285;23
285;40
285;87
285;483
286;7
286;14
286;21
286;42
286;80
286;196
287;6
287;12
287;20
287;52
287;120
287;449
288;6
288;19
288;38
288;57
288;133
288;286
289;5
289;11
289;38
289;57
289;132
289;264
290;8
290;10
290;38
290;57
290;132
290;264
291;8
291;17
291;21
291;57
291;114
291;267
292;8
292;13
292;21
292;42
292;149
292;166
293;4
293;19
293;21
293;43
293;84
293;168
294;8
294;16
294;21
294;42
294;127
294;170
295;8
295;16
295;21
295;42
295;83
295;185
296;4
296;14
296;25
296;50
296;150
296;175
297;4
297;12
297;26
297;51
297;153
297;179
298;4
298;14
298;31
298;78
298;80
298;160
299;4
299;13
299;21
299;56
299;84
299;168
300;8
300;13
300;21
300;42
300;141
300;367
301;9
301;10
301;22
301;51
301;140
301;219
302;4
302;12
302;28
302;56
302;84
302;168
303;4
303;14
303;30
303;60
303;90
303;173
304;8
304;16
304;32
304;64
304;159
304;160
305;8
305;17
305;25
305;42
305;158
305;170
306;8
306;10
306;32
306;56
306;159
306;160
307;7
307;10
307;20
307;40
307;131
307;210
308;4
308;12
308;28
308;57
308;139
308;414
309;4
309;12
309;31
309;64
309;159
309;188
310;6
310;10
310;21
310;41
310;92
310;177
311;5
311;11
311;37
311;55
311;93
311;185
312;6
312;12
312;39
312;40
312;139
312;180
313;4
313;19
313;38
313;57
313;151
313;169
314;6
314;19
314;38
314;57
314;94
314;264
315;6
315;18
315;20
315;56
315;131
315;262
316;4
316;15
316;32
316;52
316;115
316;468
317;9
317;12
317;25
317;50
317;88
317;256
318;9
318;10
318;20
318;40
318;122
318;218
319;4
319;14
319;22
319;73
319;138
319;217
320;4
320;12
320;35
320;57
320;113
320;195
321;8
321;14
321;24
321;57
321;122
321;436
322;9
322;10
322;24
322;42
322;122
322;215
323;9
323;10
323;24
323;42
323;142
323;477
324;7
324;10
324;23
324;69
324;80
324;215
325;4
325;10
325;39
325;43
325;152
325;398
326;9
326;19
326;30
326;47
326;94
326;302
327;4
327;13
327;20
327;40
327;109
327;438
328;4
328;17
328;20
328;51
328;107
328;410
329;9
329;13
329;34
329;41
329;132
329;182
330;4
330;14
330;23
330;70
330;117
330;354
331;5
331;14
331;20
331;76
331;126
331;496
332;5
332;11
332;25
332;46
332;97
332;311
333;8
333;10
333;28
333;71
333;94
333;282
334;9
334;19
334;38
334;71
334;94
334;308
335;8
335;10
335;20
335;40
335;139
335;220
336;4
336;11
336;21
336;42
336;126
336;418
337;7
337;14
337;21
337;42
337;127
337;470
338;3
338;18
338;21
338;41
338;158
338;383
339;8
339;12
339;24
339;48
339;84
339;262
340;7
340;14
340;21
340;63
340;84
340;167
341;7
341;10
341;21
341;63
341;84
341;265
342;4
342;12
342;22
342;43
342;86
342;414
343;4
343;18
343;37
343;40
343;80
343;492
344;7
344;10
344;22
344;47
344;141
344;165
345;7
345;14
345;24
345;47
345;95
345;167
346;7
346;14
346;21
346;42
346;84
346;191
347;4
347;10
347;21
347;42
347;84
347;189
348;5
348;19
348;20
348;40
348;147
348;185
349;8
349;10
349;21
349;42
349;85
349;212
350;7
350;14
350;21
350;49
350;84
350;210
351;8
351;19
351;21
351;42
351;84
351;424
352;9
352;10
352;20
352;40
352;123
352;223
353;4
353;14
353;24
353;48
353;95
353;171
354;4
354;12
354;25
354;76
354;102
354;305
355;5
355;10
355;25
355;72
355;95
355;167
356;5
356;10
356;23
356;47
356;94
356;283
357;5
357;15
357;20
357;40
357;118
357;176
358;8
358;10
358;21
358;42
358;105
358;179
359;5
359;10
359;21
359;63
359;105
359;296
360;5
360;11
360;21
360;63
360;105
360;295
361;4
361;11
361;21
361;43
361;149
361;170
362;9
362;10
362;21
362;43
362;84
362;168
363;9
363;11
363;21
363;42
363;85
363;170
364;4
364;14
364;27
364;41
364;111
364;482
365;5
365;12
365;21
365;42
365;84
365;448
366;4
366;17
366;21
366;43
366;107
366;195
367;5
367;16
367;21
367;57
367;84
367;170
368;5
368;11
368;21
368;56
368;85
368;170
369;9
369;11
369;21
369;50
369;150
369;177
370;4
370;13
370;25
370;50
370;150
370;418
371;4
371;13
371;25
371;50
371;152
371;176
372;9
372;10
372;25
372;50
372;94
372;174
373;9
373;10
373;25
373;50
373;124
373;199
374;9
374;15
374;32
374;45
374;83
374;181
375;7
375;10
375;21
375;59
375;87
375;166
376;4
376;12
376;30
376;60
376;89
376;267
377;4
377;12
377;31
377;63
377;128
377;191
378;7
378;10
378;21
378;57
378;141
378;169
379;5
379;15
379;23
379;56
379;85
379;169
380;8
380;12
380;20
380;53
380;80
380;449
381;4
381;12
381;21
381;49
381;123
381;167
382;8
382;13
382;25
382;50
382;150
382;175
383;8
383;13
383;25
383;50
383;150
383;175
384;4
384;10
384;25
384;51
384;153
384;204
385;8
385;10
385;25
385;42
385;92
385;226
386;9
386;11
386;25
386;50
386;124
386;267
387;4
387;14
387;25
387;50
387;100
387;200
388;4
388;12
388;25
388;50
388;151
388;253
389;5
389;12
389;26
389;50
389;150
389;364
390;4
390;13
390;21
390;57
390;85
390;171
391;4
391;17
391;21
391;55
391;84
391;168
392;8
392;10
392;25
392;75
392;124
392;264
393;4
393;12
393;23
393;54
393;150
393;318
394;4
394;14
394;23
394;44
394;145
394;160
395;8
395;17
395;25
395;42
395;150
395;175
396;8
396;10
396;25
396;50
396;100
396;200
397;8
397;12
397;25
397;51
397;100
397;199
398;4
398;14
398;28
398;57
398;89
398;171
399;4
399;12
399;28
399;56
399;84
399;168
400;4
400;16
400;28
400;56
400;141
400;169
401;5
401;16
401;21
401;57
401;140
401;169
402;6
402;12
402;28
402;56
402;84
402;168
403;6
403;11
403;29
403;57
403;85
403;221
404;4
404;19
404;25
404;64
404;127
404;287
405;6
405;13
405;25
405;63
405;126
405;284
406;7
406;13
406;31
406;63
406;125
406;282
407;5
407;11
407;31
407;63
407;126
407;284
408;7
408;12
408;25
408;63
408;126
408;284
409;8
409;10
409;20
409;63
409;95
409;218
410;4
410;12
410;32
410;64
410;96
410;160
411;4
411;10
411;31
411;62
411;93
411;286
412;5
412;14
412;23
412;64
412;97
412;290
413;5
413;15
413;21
413;62
413;93
413;278
414;5
414;19
414;24
414;65
414;98
414;221
415;5
415;14
415;20
415;62
415;93
415;223
416;9
416;10
416;37
416;55
416;84
416;472
417;9
417;10
417;37
417;56
417;84
417;215
418;7
418;11
418;32
418;41
418;126
418;495
419;7
419;16
419;36
419;63
419;95
419;222
420;9
420;10
420;20
420;41
420;127
420;182
421;9
421;10
421;35
421;75
421;112
421;172
422;9
422;10
422;31
422;76
422;113
422;415
423;8
423;12
423;27
423;76
423;113
423;265
424;6
424;12
424;20
424;41
424;81
424;199
425;6
425;11
425;22
425;42
425;85
425;204
426;5
426;10
426;31
426;42
426;84
426;248
427;8
427;11
427;25
427;75
427;111
427;160
428;8
428;11
428;38
428;42
428;85
428;160
429;8
429;11
429;21
429;50
429;95
429;160
430;8
430;11
430;21
430;75
430;94
430;160
431;8
431;11
431;21
431;74
431;94
431;160
432;5
432;11
432;21
432;42
432;133
432;160
433;5
433;11
433;38
433;42
433;95
433;160
434;5
434;11
434;38
434;74
434;94
434;160
435;5
435;11
435;38
435;76
435;152
435;188
436;5
436;11
436;21
436;43
436;87
436;175
437;5
437;16
437;21
437;43
437;95
437;187
438;5
438;10
438;38
438;75
438;151
438;176
439;5
439;11
439;37
439;74
439;112
439;186
440;5
440;11
440;38
440;75
440;113
440;304
441;5
441;11
441;35
441;71
441;132
441;171
442;5
442;10
442;25
442;50
442;100
442;324
443;5
443;16
443;25
443;50
443;100
443;171
444;5
444;16
444;21
444;50
444;100
444;325
445;5
445;16
445;25
445;50
445;126
445;352
446;5
446;16
446;28
446;56
446;126
446;170
447;5
447;16
447;28
447;57
447;126
447;394
448;5
448;13
448;25
448;57
448;126
448;418
449;6
449;10
449;34
449;75
449;126
449;203
450;6
450;10
450;34
450;67
450;135
450;170
451;6
451;12
451;34
451;67
451;135
451;236
452;6
452;12
452;33
452;66
452;135
452;232
453;6
453;12
453;33
453;67
453;100
453;166
454;6
454;13
454;32
454;63
454;94
454;256
455;6
455;13
455;32
455;63
455;159
455;191
456;6
456;13
456;32
456;63
456;95
456;190
457;6
457;13
457;31
457;63
457;95
457;190
458;6
458;12
458;33
458;50
458;88
458;221
459;6
459;10
459;32
459;50
459;100
459;253
460;6
460;18
460;32
460;75
460;149
460;184
461;3
461;19
461;38
461;57
461;153
461;171
462;3
462;19
462;25
462;47
462;100
462;171
463;3
463;19
463;38
463;40
463;150
463;498
464;3
464;19
464;37
464;56
464;130
464;262
465;3
465;19
465;38
465;56
465;94
465;262
466;6
466;19
466;38
466;57
466;95
466;169
467;6
467;13
467;25
467;51
467;153
467;268
468;6
468;13
468;25
468;75
468;126
468;207
469;3
469;13
469;34
469;67
469;134
469;167
470;3
470;13
470;37
470;74
470;113
470;302
471;3
471;12
471;37
471;76
471;114
471;304
472;6
472;10
472;31
472;75
472;100
472;304
473;6
473;13
473;25
473;65
473;131
473;164
474;6
474;16
474;34
474;68
474;138
474;172
475;6
475;16
475;33
475;67
475;135
475;166
476;7
476;11
476;25
476;66
476;99
476;166
477;7
477;11
477;21
477;67
477;134
477;182
478;7
478;17
478;29
478;42
478;134
478;176
479;7
479;14
479;21
479;58
479;99
479;173
480;7
480;14
480;32
480;64
480;96
480;192
481;7
481;11
481;32
481;42
481;127
481;190
482;7
482;11
482;31
482;42
482;114
482;190
483;7
483;11
483;28
483;42
483;84
483;173
484;7
484;14
484;25
484;42
484;131
484;189
485;7
485;14
485;33
485;42
485;100
485;202
486;7
486;14
486;25
486;50
486;100
486;189
487;7
487;11
487;33
487;50
487;103
487;189
488;7
488;11
488;33
488;50
488;145
488;233
489;7
489;11
489;33
489;56
489;109
489;177
490;7
490;11
490;28
490;50
490;101
490;190
491;7
491;10
491;25
491;50
491;84
491;189
492;7
492;11
492;25
492;50
492;101
492;191
493;7
493;11
493;21
493;50
493;84
493;188
494;5
494;12
494;37
494;56
494;118
494;170
495;4
495;12
495;24
495;47
495;118
495;170
496;4
496;12
496;28
496;47
496;112
496;185
497;8
497;19
497;31
497;47
497;150
497;166
498;5
498;12
498;31
498;51
498;148
498;281
499;4
499;13
499;25
499;63
499;127
499;191
500;4
500;13
500;21
500;75
500;159
500;190
501;4
501;13
501;21
501;50
501;84
501;196
502;4
502;13
502;21
502;50
502;100
502;315
503;4
503;13
503;21
503;50
503;84
503;190
504;8
504;13
504;21
504;42
504;117
504;176
505;8
505;17
505;21
505;42
505;127
505;176
506;8
506;13
506;32
506;42
506;126
506;189
507;8
507;13
507;32
507;50
507;84
507;190
508;8
508;13
508;25
508;50
508;150
508;190
509;8
509;13
509;31
509;75
509;151
509;190
510;8
510;13
510;21
510;75
510;151
510;175
511;8
511;13
511;32
511;50
511;146
511;171
512;4
512;17
512;31
512;42
512;151
512;180
513;4
513;17
513;33
513;50
513;151
513;181
514;4
514;17
514;33
514;50
514;126
514;200
515;4
515;17
515;21
515;50
515;126
515;212
516;4
516;17
516;33
516;78
516;159
516;235
517;8
517;16
517;21
517;42
517;151
517;203
518;8
518;16
518;21
518;42
518;83
518;252
519;8
519;13
519;21
519;42
519;83
519;168
520;8
520;16
520;21
520;42
520;106
520;160
521;8
521;13
521;21
521;50
521;84
521;169
522;8
522;13
522;21
522;42
522;83
522;167
523;5
523;16
523;25
523;51
523;84
523;176
524;5
524;13
524;32
524;50
524;150
524;169
525;5
525;13
525;31
525;50
525;153
525;169
526;5
526;13
526;38
526;75
526;150
526;188
527;5
527;13
527;21
527;42
527;85
527;168
528;5
528;11
528;32
528;42
528;82
528;169
529;5
529;11
529;38
529;76
529;114
529;167
530;5
530;11
530;38
530;75
530;112
530;300
531;5
531;11
531;37
531;75
531;112
531;168
532;5
532;11
532;35
532;71
532;151
532;168
533;5
533;16
533;31
533;74
533;85
533;168
534;5
534;16
534;25
534;50
534;150
534;273
535;5
535;16
535;26
535;50
535;126
535;353
536;5
536;16
536;22
536;42
536;124
536;278
537;5
537;16
537;28
537;56
537;141
537;338
538;5
538;16
538;28
538;56
538;141
538;169
539;5
539;13
539;28
539;57
539;142
539;170
540;6
540;10
540;33
540;67
540;100
540;167
541;6
541;10
541;34
541;67
541;100
541;170
542;6
542;12
542;33
542;66
542;99
542;165
543;6
543;13
543;34
543;67
543;134
543;166
544;6
544;13
544;25
544;50
544;150
544;168
545;6
545;13
545;33
545;63
545;128
545;160
546;6
546;13
546;38
546;63
546;158
546;190
547;6
547;13
547;25
547;63
547;158
547;189
548;6
548;12
548;37
548;61
548;157
548;187
549;6
549;16
549;25
549;63
549;84
549;168
550;3
550;16
550;25
550;50
550;84
550;252
551;3
551;19
551;38
551;49
551;126
551;172
552;3
552;19
552;38
552;75
552;150
552;252
553;3
553;19
553;38
553;50
553;112
553;253
554;3
554;19
554;38
554;56
554;84
554;244
555;3
555;19
555;25
555;50
555;153
555;251
556;3
556;12
556;38
556;50
556;100
556;169
557;3
557;19
557;38
557;56
557;100
557;170
558;3
558;19
558;38
558;51
558;151
558;253
559;3
559;13
559;25
559;50
559;101
559;176
560;3
560;13
560;25
560;50
560;151
560;296
561;3
561;13
561;25
561;50
561;84
561;251
562;3
562;15
562;25
562;50
562;150
562;248
563;6
563;10
563;32
563;64
563;127
563;253
564;3
564;13
564;34
564;67
564;132
564;166
565;8
565;19
565;33
565;66
565;132
565;165
566;5
566;16
566;34
566;68
566;137
566;253
567;3
567;11
567;25
567;42
567;100
567;252
568;7
568;11
568;29
568;63
568;149
568;170
569;7
569;14
569;21
569;58
569;88
569;176
570;7
570;14
570;21
570;63
570;84
570;190
571;7
571;14
571;21
571;63
571;84
571;190
572;7
572;14
572;31
572;42
572;125
572;190
573;7
573;14
573;28
573;42
573;83
573;180
574;7
574;14
574;28
574;42
574;84
574;182
575;7
575;14
575;25
575;67
575;106
575;189
576;7
576;14
576;25
576;42
576;84
576;169
577;7
577;14
577;25
577;42
577;135
577;189
578;7
578;14
578;25
578;42
578;84
578;252
579;7
579;14
579;25
579;50
579;146
579;171
580;7
580;11
580;28
580;42
580;85
580;179
581;7
581;11
581;28
581;67
581;84
581;252
582;7
582;11
582;25
582;50
582;84
582;252
583;7
583;11
583;21
583;50
583;85
583;169
584;7
584;11
584;21
584;50
584;151
584;337
585;4
585;12
585;37
585;56
585;94
585;169
586;4
586;12
586;24
586;79
586;119
586;170
587;4
587;16
587;24
587;75
587;100
587;169
588;8
588;19
588;25
588;51
588;148
588;253
589;8
589;14
589;34
589;50
589;151
589;280
590;4
590;17
590;21
590;51
590;126
590;220
591;4
591;16
591;21
591;75
591;151
591;190
592;4
592;17
592;21
592;50
592;84
592;189
593;4
593;17
593;21
593;63
593;101
593;189
594;4
594;17
594;33
594;50
594;150
594;221
595;4
595;17
595;21
595;50
595;84
595;252
596;4
596;17
596;31
596;42
596;100
596;169
597;4
597;13
597;31
597;42
597;158
597;252
598;4
598;13
598;31
598;42
598;84
598;175
599;5
599;19
599;23
599;49
599;120
599;494
600;2
600;16
600;25
600;50
600;100
600;176
601;2
601;14
601;28
601;57
601;86
601;288
602;2
602;17
602;27
602;55
602;85
602;488
603;7
603;16
603;28
603;78
603;155
603;507
604;5
604;13
604;29
604;57
604;113
604;171
605;4
605;19
605;28
605;54
605;82
605;299
606;9
606;19
606;28
606;57
606;84
606;168
607;9
607;10
607;28
607;56
607;85
607;282
608;4
608;11
608;21
608;56
608;112
608;418
609;4
609;14
609;21
609;56
609;112
609;168
610;4
610;12
610;35
610;60
610;117
610;266
611;8
611;12
611;29
611;58
611;113
611;257
612;7
612;14
612;21
612;42
612;84
612;162
613;8
613;10
613;21
613;41
613;122
613;222
614;4
614;12
614;22
614;41
614;155
614;275
615;4
615;12
615;20
615;42
615;156
615;230
616;9
616;10
616;21
616;50
616;80
616;237
617;7
617;11
617;21
617;42
617;84
617;418
618;7
618;11
618;21
618;50
618;92
618;165
619;6
619;10
619;32
619;40
619;144
619;267
620;5
620;13
620;29
620;59
620;150
620;176
621;4
621;18
621;23
621;54
621;153
621;436
622;7
622;14
622;21
622;51
622;101
622;216
623;7
623;14
623;26
623;76
623;97
623;290
624;9
624;10
624;28
624;58
624;85
624;179
625;4
625;14
625;39
625;59
625;90
625;201
626;4
626;19
626;23
626;49
626;130
626;161
627;8
627;10
627;28
627;57
627;113
627;171
628;9
628;10
628;28
628;55
628;110
628;276
629;9
629;10
629;20
629;57
629;85
629;256
630;8
630;10
630;28
630;42
630;84
630;220
631;4
631;11
631;21
631;57
631;85
631;169
632;5
632;11
632;26
632;52
632;104
632;182
633;5
633;10
633;22
633;43
633;86
633;259
634;9
634;18
634;21
634;43
634;102
634;256
635;9
635;11
635;21
635;42
635;83
635;431
636;6
636;12
636;21
636;42
636;122
636;178
637;4
637;12
637;22
637;51
637;130
637;309
638;4
638;12
638;22
638;43
638;150
638;193
639;5
639;10
639;21
639;42
639;84
639;372
640;5
640;11
640;21
640;42
640;80
640;335
641;9
641;11
641;21
641;43
641;140
641;265
642;4
642;11
642;28
642;48
642;110
642;231
643;4
643;10
643;28
643;56
643;142
643;229
644;4
644;19
644;20
644;41
644;150
644;308
645;9
645;11
645;21
645;51
645;101
645;359
646;9
646;11
646;27
646;51
646;80
646;296
647;8
647;10
647;21
647;55
647;85
647;215
648;4
648;14
648;39
648;65
648;99
648;204
649;4
649;12
649;28
649;58
649;85
649;170
650;9
650;10
650;21
650;58
650;84
650;194
651;4
651;11
651;21
651;44
651;85
651;172
652;4
652;12
652;20
652;40
652;82
652;241
653;6
653;10
653;25
653;52
653;82
653;175
654;8
654;13
654;21
654;56
654;83
654;166
655;8
655;13
655;21
655;58
655;87
655;174
656;4
656;14
656;28
656;57
656;85
656;198
657;8
657;16
657;26
657;42
657;104
657;194
658;9
658;16
658;29
658;57
658;144
658;201
659;4
659;12
659;29
659;56
659;111
659;174
660;4
660;12
660;28
660;56
660;140
660;168
661;4
661;10
661;28
661;56
661;140
661;168
662;4
662;13
662;21
662;54
662;138
662;257
663;8
663;13
663;20
663;55
663;95
663;267
664;9
664;10
664;25
664;41
664;140
664;221
665;4
665;12
665;28
665;75
665;150
665;230
666;4
666;12
666;27
666;62
666;141
666;234
667;8
667;17
667;20
667;45
667;110
667;301
668;8
668;16
668;24
668;76
668;124
668;175
669;6
669;17
669;28
669;56
669;84
669;253
670;7
670;13
670;21
670;46
670;91
670;162
671;4
671;12
671;28
671;57
671;114
671;313
672;4
672;12
672;28
672;57
672;85
672;197
673;5
673;10
673;28
673;57
673;86
673;227
674;6
674;11
674;28
674;43
674;140
674;169
675;6
675;11
675;28
675;55
675;138
675;250
676;4
676;13
676;25
676;56
676;140
676;169
677;6
677;13
677;25
677;56
677;140
677;169
678;6
678;13
678;20
678;50
678;99
678;173
679;4
679;19
679;23
679;62
679;94
679;318
680;8
680;12
680;25
680;50
680;100
680;263
681;8
681;10
681;21
681;41
681;122
681;223
682;4
682;12
682;23
682;62
682;126
682;276
683;4
683;12
683;22
683;63
683;122
683;309
684;9
684;14
684;23
684;63
684;125
684;263
685;5
685;14
685;23
685;64
685;123
685;309
686;9
686;10
686;24
686;63
686;128
686;448
687;7
687;14
687;22
687;43
687;141
687;264
688;5
688;10
688;20
688;61
688;112
688;496
689;4
689;11
689;36
689;65
689;108
689;351
690;9
690;12
690;20
690;73
690;97
690;237
691;9
691;10
691;25
691;75
691;99
691;249
692;9
692;10
692;29
692;57
692;115
692;227
693;4
693;14
693;26
693;71
693;90
693;162
694;4
694;12
694;29
694;48
694;139
694;163
695;9
695;10
695;29
695;57
695;114
695;228
696;6
696;14
696;29
696;59
696;88
696;231
697;5
697;10
697;28
697;56
697;84
697;254
698;8
698;10
698;29
698;58
698;85
698;220
699;4
699;14
699;21
699;56
699;139
699;170
700;4
700;14
700;30
700;58
700;89
700;238
701;3
701;12
701;39
701;44
701;113
701;205
702;9
702;12
702;20
702;40
702;159
702;243
703;7
703;14
703;21
703;42
703;86
703;234
704;7
704;12
704;21
704;40
704;122
704;204
705;4
705;12
705;22
705;43
705;123
705;451
706;4
706;12
706;37
706;44
706;157
706;277
707;4
707;10
707;21
707;42
707;81
707;382
708;4
708;14
708;21
708;42
708;81
708;172
709;9
709;11
709;21
709;40
709;139
709;221
710;4
710;10
710;20
710;44
710;112
710;160
711;4
711;10
711;28
711;65
711;150
711;292
712;4
712;13
712;21
712;42
712;129
712;325
713;7
713;14
713;25
713;51
713;126
713;172
714;7
714;14
714;26
714;50
714;80
714;317
715;8
715;10
715;28
715;56
715;122
715;181
716;4
716;14
716;28
716;56
716;89
716;204
717;4
717;12
717;29
717;57
717;140
717;170
718;9
718;14
718;23
718;55
718;110
718;332
719;5
719;14
719;20
719;58
719;87
719;263
720;5
720;10
720;25
720;50
720;113
720;186
721;7
721;10
721;21
721;43
721;85
721;180
722;4
722;11
722;21
722;56
722;84
722;167
723;5
723;11
723;21
723;78
723;80
723;162
724;4
724;10
724;24
724;74
724;100
724;253
725;9
725;10
725;20
725;42
725;100
725;277
726;9
726;11
726;21
726;43
726;84
726;178
727;4
727;12
727;21
727;46
727;152
727;491
728;4
728;12
728;23
728;54
728;130
728;353
729;4
729;11
729;22
729;40
729;156
729;272
730;5
730;11
730;21
730;42
730;90
730;378
731;5
731;11
731;21
731;42
731;85
731;303
732;8
732;10
732;25
732;42
732;137
732;265
733;4
733;12
733;29
733;78
733;151
733;231
734;4
734;12
734;20
734;54
734;151
734;230
735;9
735;10
735;21
735;42
735;153
735;324
736;9
736;10
736;21
736;49
736;98
736;443
737;3
737;11
737;28
737;57
737;85
737;306
738;7
738;13
738;21
738;71
738;151
738;163
739;4
739;12
739;27
739;66
739;98
739;204
740;4
740;12
740;28
740;56
740;83
740;193
741;4
741;10
741;21
741;58
741;87
741;203
742;4
742;11
742;20
742;44
742;84
742;169
743;4
743;11
743;20
743;40
743;140
743;238
744;5
744;13
744;21
744;56
744;85
744;171
745;8
745;13
745;21
745;56
745;84
745;169
746;8
746;13
746;28
746;56
746;139
746;175
747;4
747;10
747;28
747;58
747;114
747;201
748;8
748;17
748;27
748;42
748;145
748;172
749;8
749;10
749;21
749;55
749;122
749;167
750;4
750;12
750;28
750;57
750;142
750;263
751;4
751;12
751;28
751;56
751;141
751;169
752;8
752;12
752;29
752;57
752;143
752;172
753;8
753;13
753;21
753;46
753;127
753;401
754;8
754;13
754;21
754;42
754;117
754;251
755;7
755;10
755;25
755;41
755;141
755;264
756;4
756;12
756;28
756;58
756;143
756;243
757;4
757;13
757;21
757;41
757;129
757;278
758;8
758;17
758;25
758;42
758;101
758;282
759;8
759;15
759;25
759;75
759;124
759;174
760;8
760;11
760;28
760;56
760;85
760;311
761;4
761;14
761;28
761;71
761;111
761;214
762;4
762;12
762;29
762;57
762;113
762;176
763;4
763;14
763;28
763;56
763;84
763;224
764;5
764;11
764;21
764;57
764;86
764;201
765;5
765;12
765;28
765;56
765;112
765;168
766;7
766;10
766;27
766;40
766;122
766;222
767;6
767;13
767;25
767;57
767;142
767;171
768;6
768;13
768;25
768;56
768;140
768;252
769;5
769;15
769;26
769;52
769;102
769;160
770;4
770;19
770;24
770;49
770;99
770;267
771;8
771;19
771;20
771;79
771;80
771;307
772;8
772;11
772;31
772;62
772;124
772;436
773;9
773;19
773;32
773;63
773;127
773;443
774;7
774;14
774;31
774;63
774;126
774;220
775;5
775;17
775;32
775;64
775;128
775;160
776;7
776;14
776;31
776;63
776;159
776;160
777;5
777;16
777;21
777;41
777;126
777;482
778;5
778;15
778;31
778;61
778;93
778;291
779;6
779;16
779;32
779;63
779;157
779;190
780;8
780;10
780;32
780;64
780;127
780;223
781;6
781;14
781;32
781;63
781;126
781;253
782;4
782;10
782;31
782;63
782;127
782;453
783;4
783;16
783;20
783;42
783;111
783;204
784;4
784;15
784;32
784;63
784;126
784;411
785;5
785;16
785;32
785;64
785;128
785;160
786;7
786;10
786;31
786;62
786;155
786;221
787;5
787;11
787;32
787;64
787;159
787;160
788;4
788;12
788;32
788;62
788;96
788;161
789;7
789;10
789;24
789;75
789;150
789;186
790;4
790;11
790;21
790;76
790;151
790;189
791;3
791;14
791;21
791;76
791;151
791;189
792;4
792;14
792;28
792;75
792;150
792;188
793;7
793;13
793;37
793;73
793;147
793;183
794;7
794;14
794;21
794;69
794;103
794;172
795;4
795;14
795;32
795;63
795;103
795;191
796;4
796;12
796;30
796;61
796;92
796;178
797;4
797;15
797;28
797;55
797;136
797;162
798;3
798;14
798;32
798;63
798;127
798;191
799;4
799;14
799;32
799;63
799;126
799;189
800;9
800;10
800;32
800;64
800;96
800;221
801;4
801;12
801;31
801;62
801;94
801;189
802;4
802;14
802;32
802;63
802;96
802;357
803;7
803;14
803;21
803;50
803;95
803;466
804;7
804;14
804;21
804;42
804;95
804;418
805;8
805;14
805;33
805;42
805;95
805;220
806;7
806;10
806;22
806;40
806;132
806;483
807;4
807;12
807;25
807;50
807;128
807;509
808;4
808;17
808;25
808;42
808;151
808;220
809;9
809;14
809;24
809;42
809;96
809;417
810;9
810;14
810;25
810;42
810;83
810;296
811;5
811;10
811;20
811;40
811;138
811;488
812;4
812;11
812;27
812;55
812;83
812;165
813;5
813;11
813;21
813;56
813;84
813;168
814;5
814;10
814;28
814;56
814;84
814;168
815;4
815;16
815;28
815;56
815;83
815;167
816;9
816;10
816;21
816;54
816;81
816;163
817;9
817;10
817;25
817;51
817;141
817;183
818;4
818;14
818;25
818;48
818;84
818;358
819;4
819;12
819;25
819;53
819;84
819;485
820;9
820;10
820;25
820;42
820;80
820;453
821;5
821;11
821;25
821;50
821;125
821;326
822;5
822;11
822;25
822;50
822;125
822;175
823;7
823;10
823;25
823;50
823;101
823;191
824;4
824;12
824;25
824;50
824;98
824;188
825;4
825;16
825;26
825;53
825;80
825;414
826;9
826;10
826;21
826;42
826;84
826;417
827;8
827;11
827;25
827;42
827;126
827;447
828;8
828;11
828;25
828;64
828;158
828;189
829;4
829;14
829;25
829;41
829;142
829;482
830;4
830;12
830;25
830;59
830;88
830;329
831;4
831;16
831;21
831;42
831;86
831;165
832;3
832;11
832;21
832;50
832;86
832;315
833;8
833;12
833;20
833;42
833;88
833;407
834;8
834;10
834;22
834;47
834;144
834;222
835;4
835;13
835;21
835;56
835;131
835;224
836;4
836;13
836;21
836;56
836;112
836;168
837;4
837;19
837;20
837;41
837;143
837;162
838;4
838;17
838;25
838;42
838;106
838;169
839;8
839;17
839;21
839;42
839;106
839;212
840;7
840;10
840;26
840;49
840;125
840;238
841;4
841;12
841;25
841;51
841;152
841;177
842;4
842;12
842;21
842;50
842;151
842;169
843;4
843;12
843;29
843;58
843;116
843;349
844;4
844;13
844;28
844;56
844;84
844;359
845;9
845;13
845;28
845;56
845;84
845;336
846;4
846;10
846;28
846;56
846;112
846;336
847;4
847;13
847;28
847;57
847;142
847;170
848;4
848;13
848;34
848;55
848;140
848;167
849;8
849;17
849;32
849;42
849;159
849;160
850;8
850;12
850;32
850;63
850;159
850;160
851;8
851;10
851;21
851;40
851;122
851;221
852;4
852;14
852;21
852;50
852;158
852;482
853;4
853;12
853;25
853;50
853;85
853;160
854;9
854;19
854;20
854;40
854;149
854;166
855;5
855;11
855;21
855;42
855;95
855;191
856;6
856;12
856;24
856;42
856;84
856;160
857;7
857;10
857;25
857;57
857;93
857;222
858;6
858;19
858;25
858;73
858;128
858;237
859;6
859;12
859;38
859;58
859;80
859;166
860;4
860;19
860;39
860;58
860;155
860;174
861;9
861;18
861;37
861;50
861;80
861;171
862;7
862;13
862;25
862;50
862;88
862;182
863;4
863;14
863;32
863;64
863;127
863;383
864;5
864;12
864;32
864;63
864;95
864;253
865;4
865;16
865;32
865;63
865;95
865;348
866;9
866;10
866;24
866;63
866;159
866;160
867;9
867;13
867;24
867;63
867;122
867;238
868;8
868;10
868;28
868;40
868;141
868;221
869;4
869;10
869;32
869;63
869;126
869;190
870;4
870;14
870;32
870;63
870;126
870;189
871;9
871;12
871;21
871;45
871;122
871;179
872;9
872;19
872;20
872;57
872;105
872;504
873;9
873;19
873;24
873;47
873;128
873;287
874;7
874;10
874;31
874;40
874;126
874;238
875;4
875;12
875;31
875;63
875;126
875;188
876;4
876;19
876;32
876;64
876;128
876;161
877;9
877;14
877;31
877;63
877;95
877;191
878;9
878;10
878;28
878;56
878;128
878;410
879;9
879;10
879;28
879;56
879;84
879;188
880;4
880;11
880;21
880;71
880;142
880;418
881;4
881;11
881;38
881;75
881;150
881;187
882;3
882;11
882;38
882;75
882;150
882;188
883;4
883;14
883;38
883;75
883;150
883;187
884;7
884;14
884;21
884;70
884;140
884;173
885;9
885;10
885;32
885;64
885;129
885;194
886;4
886;14
886;32
886;63
886;156
886;190
887;4
887;14
887;29
887;42
887;150
887;188
888;4
888;10
888;32
888;64
888;95
888;406
889;4
889;11
889;32
889;63
889;126
889;190
890;4
890;11
890;32
890;63
890;126
890;189
891;7
891;10
891;32
891;64
891;95
891;189
892;4
892;12
892;30
892;61
892;157
892;189
893;4
893;17
893;31
893;42
893;95
893;459
894;7
894;14
894;21
894;63
894;109
894;379
895;7
895;15
895;25
895;42
895;95
895;192
896;9
896;17
896;28
896;63
896;95
896;218
897;4
897;14
897;28
897;41
897;142
897;420
898;4
898;12
898;25
898;42
898;126
898;190
899;5
899;16
899;21
899;42
899;84
899;419
900;9
900;14
900;24
900;42
900;84
900;207
901;9
901;10
901;20
901;42
901;141
901;408
902;8
902;10
902;25
902;40
902;139
902;222
903;4
903;11
903;21
903;48
903;94
903;482
904;5
904;11
904;21
904;48
904;148
904;410
905;4
905;16
905;25
905;42
905;125
905;383
906;9
906;19
906;20
906;42
906;93
906;347
907;8
907;10
907;21
907;42
907;150
907;268
908;7
908;10
908;21
908;60
908;105
908;238
909;4
909;12
909;28
909;56
909;85
909;169
910;4
910;12
910;28
910;56
910;84
910;169
911;9
911;10
911;28
911;55
911;83
911;165
912;5
912;11
912;21
912;54
912;81
912;162
913;6
913;11
913;25
913;50
913;84
913;201
914;5
914;10
914;25
914;50
914;157
914;189
915;5
915;10
915;21
915;42
915;85
915;194
916;5
916;15
916;29
916;47
916;155
916;178
917;4
917;16
917;25
917;50
917;151
917;176
918;5
918;10
918;21
918;50
918;124
918;193
919;8
919;11
919;24
919;50
919;122
919;223
920;4
920;16
920;23
920;52
920;80
920;399
921;7
921;14
921;21
921;42
921;124
921;464
922;6
922;11
922;25
922;53
922;124
922;160
923;6
923;19
923;20
923;42
923;114
923;324
924;5
924;10
924;21
924;42
924;131
924;336
925;8
925;10
925;24
925;56
925;152
925;265
926;8
926;13
926;21
926;56
926;150
926;394
927;8
927;13
927;21
927;57
927;152
927;247
928;4
928;13
928;21
928;42
928;126
928;211
929;9
929;15
929;21
929;43
929;127
929;212
930;8
930;16
930;25
930;42
930;105
930;188
931;5
931;14
931;25
931;75
931;100
931;326
932;5
932;12
932;25
932;50
932;101
932;277
933;4
933;17
933;27
933;55
933;142
933;267
934;4
934;13
934;28
934;56
934;84
934;197
935;8
935;13
935;28
935;56
935;85
935;197
936;9
936;10
936;28
936;56
936;84
936;168
937;4
937;12
937;28
937;56
937;140
937;168
938;4
938;13
938;28
938;56
938;141
938;281
939;8
939;16
939;33
939;62
939;94
939;346
940;8
940;17
940;34
940;63
940;95
940;189
941;8
941;12
941;33
941;42
941;84
941;284
942;8
942;10
942;22
942;40
942;122
942;238
943;4
943;12
943;25
943;50
943;141
943;253
944;4
944;17
944;25
944;42
944;139
944;490
945;5
945;10
945;26
945;49
945;144
945;395
946;5
946;11
946;21
946;42
946;141
946;465
947;6
947;12
947;24
947;42
947;141
947;401
948;6
948;12
948;25
948;74
948;123
948;174
949;6
949;13
949;25
949;75
949;126
949;176
950;6
950;13
950;20
950;51
950;129
950;180
951;4
951;19
951;24
951;48
951;124
951;191
952;9
952;12
952;25
952;50
952;88
952;199
953;9
953;10
953;20
953;40
953;122
953;222
954;4
954;14
954;25
954;50
954;152
954;482
955;4
955;12
955;25
955;56
955;100
955;188
956;5
956;14
956;24
956;57
956;84
956;419
957;9
957;14
957;28
957;51
957;94
957;214
958;9
958;10
958;20
958;56
958;141
958;372
959;7
959;10
959;20
959;40
959;141
959;266
960;4
960;10
960;23
960;48
960;84
960;281
961;9
961;19
961;38
961;47
961;85
961;443
962;8
962;13
962;20
962;41
962;109
962;462
963;2
963;19
963;28
963;55
963;156
963;188
964;9
964;19
964;23
964;63
964;81
964;495
965;5
965;14
965;23
965;68
965;134
965;351
966;9
966;14
966;20
966;76
966;126
966;345
967;9
967;10
967;24
967;48
967;97
967;172
968;6
968;12
968;24
968;71
968;94
968;306
969;9
969;10
969;24
969;71
969;94
969;308
970;8
970;10
970;20
970;40
970;138
970;223
971;4
971;11
971;21
971;42
971;126
971;418
972;7
972;14
972;21
972;42
972;127
972;471
973;4
973;19
973;20
973;41
973;158
973;471
974;4
974;12
974;33
974;47
974;157
974;196
975;7
975;14
975;21
975;63
975;84
975;160
976;8
976;10
976;21
976;63
976;84
976;179
977;4
977;11
977;21
977;43
977;86
977;482
978;4
978;19
978;20
978;40
978;80
978;161
979;4
979;10
979;22
979;46
979;140
979;164
980;7
980;14
980;24
980;47
980;95
980;167
981;7
981;14
981;21
981;42
981;85
981;190
982;5
982;10
982;21
982;42
982;84
982;189
983;5
983;19
983;20
983;40
983;153
983;319
984;4
984;10
984;21
984;42
984;85
984;212
985;7
985;14
985;21
985;49
985;83
985;210
986;8
986;19
986;21
986;42
986;84
986;435
987;9
987;10
987;21
987;75
987;152
987;268
988;4
988;12
988;24
988;47
988;95
988;202
989;4
989;12
989;25
989;76
989;102
989;209
990;5
990;10
990;25
990;72
990;95
990;166
991;5
991;10
991;24
991;47
991;94
991;283
992;5
992;15
992;20
992;40
992;100
992;177
993;8
993;10
993;28
993;43
993;105
993;179
994;4
994;10
994;26
994;63
994;105
994;295
995;5
995;11
995;21
995;42
995;105
995;294
996;4
996;19
996;21
996;43
996;149
996;170
997;9
997;10
997;21
997;43
997;84
997;168
998;9
998;10
998;21
998;42
998;85
998;171
999;5
999;12
999;26
999;42
999;157
999;482
1000;5
1000;12
1000;21
1000;42
1000;114
1000;455
1001;5
1001;10
1001;21
1001;43
1001;95
1001;195
1002;5
1002;16
1002;21
1002;57
1002;84
1002;169
1003;5
1003;10
1003;21
1003;56
1003;85
1003;170
1004;9
1004;11
1004;25
1004;50
1004;151
1004;177
1005;4
1005;12
1005;25
1005;50
1005;150
1005;418
1006;4
1006;16
1006;25
1006;50
1006;152
1006;176
1007;9
1007;11
1007;25
1007;50
1007;99
1007;173
1008;9
1008;10
1008;25
1008;42
1008;125
1008;201
1009;9
1009;15
1009;32
1009;46
1009;82
1009;192
1010;8
1010;10
1010;20
1010;60
1010;152
1010;218
1011;4
1011;12
1011;30
1011;59
1011;89
1011;204
1012;4
1012;13
1012;31
1012;64
1012;96
1012;191
1013;4
1013;10
1013;21
1013;57
1013;141
1013;169
1014;4
1014;11
1014;28
1014;56
1014;85
1014;169
1015;4
1015;12
1015;20
1015;53
1015;80
1015;198
1016;5
1016;17
1016;21
1016;49
1016;124
1016;163
1017;8
1017;17
1017;25
1017;50
1017;150
1017;175
1018;4
1018;12
1018;25
1018;50
1018;150
1018;175
1019;4
1019;14
1019;25
1019;51
1019;153
1019;204
1020;8
1020;10
1020;25
1020;42
1020;126
1020;226
1021;9
1021;11
1021;25
1021;50
1021;124
1021;224
1022;4
1022;12
1022;25
1022;50
1022;100
1022;250
1023;4
1023;12
1023;25
1023;50
1023;126
1023;253
1024;5
1024;16
1024;25
1024;50
1024;150
1024;364
1025;4
1025;17
1025;29
1025;57
1025;85
1025;171
1026;4
1026;17
1026;21
1026;56
1026;84
1026;169
1027;8
1027;10
1027;25
1027;76
1027;155
1027;221
1028;4
1028;10
1028;23
1028;49
1028;150
1028;320
1029;4
1029;14
1029;23
1029;43
1029;112
1029;188
1030;8
1030;17
1030;33
1030;42
1030;99
1030;176
1031;8
1031;10
1031;25
1031;50
1031;100
1031;200
1032;8
1032;17
1032;25
1032;50
1032;100
1032;199
1033;5
1033;12
1033;29
1033;57
1033;98
1033;171
1034;5
1034;12
1034;28
1034;56
1034;84
1034;168
1035;4
1035;18
1035;28
1035;56
1035;141
1035;169
1036;5
1036;16
1036;21
1036;57
1036;140
1036;169
1037;5
1037;12
1037;28
1037;56
1037;84
1037;168
1038;9
1038;11
1038;29
1038;67
1038;85
1038;169
1039;4
1039;19
1039;25
1039;64
1039;127
1039;286
1040;6
1040;13
1040;25
1040;63
1040;126
1040;284
1041;6
1041;13
1041;31
1041;63
1041;125
1041;282
1042;4
1042;19
1042;31
1042;63
1042;126
1042;284
1043;8
1043;12
1043;25
1043;50
1043;126
1043;284
1044;8
1044;10
1044;20
1044;63
1044;95
1044;223
1045;4
1045;12
1045;32
1045;64
1045;96
1045;160
1046;4
1046;10
1046;31
1046;62
1046;94
1046;286
1047;5
1047;10
1047;23
1047;64
1047;97
1047;290
1048;9
1048;14
1048;21
1048;62
1048;93
1048;278
1049;5
1049;14
1049;33
1049;65
1049;98
1049;448
1050;5
1050;10
1050;30
1050;62
1050;92
1050;252
1051;9
1051;10
1051;38
1051;56
1051;113
1051;444
1052;9
1052;10
1052;37
1052;50
1052;106
1052;215
1053;7
1053;13
1053;22
1053;50
1053;126
1053;477
1054;7
1054;16
1054;37
1054;50
1054;150
1054;435
1055;6
1055;10
1055;21
1055;50
1055;126
1055;182
1056;9
1056;10
1056;28
1056;75
1056;111
1056;177
1057;9
1057;10
1057;37
1057;76
1057;114
1057;331
1058;8
1058;12
1058;24
1058;75
1058;113
1058;264
1059;6
1059;12
1059;20
1059;79
1059;80
1059;346
1060;5
1060;11
1060;22
1060;42
1060;85
1060;204
1061;5
1061;11
1061;26
1061;42
1061;84
1061;161
1062;5
1062;11
1062;38
1062;75
1062;111
1062;160
1063;8
1063;11
1063;25
1063;42
1063;113
1063;160
1064;8
1064;11
1064;25
1064;75
1064;95
1064;160
1065;8
1065;11
1065;21
1065;50
1065;95
1065;160
1066;8
1066;11
1066;21
1066;74
1066;94
1066;160
1067;5
1067;11
1067;21
1067;42
1067;133
1067;182
1068;5
1068;11
1068;25
1068;42
1068;95
1068;160
1069;5
1069;11
1069;25
1069;75
1069;151
1069;209
1070;5
1070;11
1070;38
1070;76
1070;151
1070;188
1071;5
1071;16
1071;21
1071;43
1071;87
1071;160
1072;5
1072;16
1072;21
1072;42
1072;95
1072;224
1073;5
1073;11
1073;38
1073;75
1073;151
1073;188
1074;5
1074;11
1074;37
1074;75
1074;112
1074;186
1075;5
1075;11
1075;38
1075;75
1075;113
1075;297
1076;5
1076;11
1076;35
1076;71
1076;131
1076;170
1077;5
1077;11
1077;25
1077;50
1077;83
1077;175
1078;5
1078;11
1078;25
1078;76
1078;100
1078;171
1079;5
1079;11
1079;21
1079;50
1079;100
1079;325
1080;5
1080;11
1080;21
1080;75
1080;126
1080;352
1081;5
1081;11
1081;28
1081;56
1081;126
1081;170
1082;5
1082;16
1082;32
1082;75
1082;126
1082;168
1083;5
1083;10
1083;21
1083;50
1083;100
1083;418
1084;6
1084;10
1084;33
1084;50
1084;100
1084;202
1085;6
1085;13
1085;34
1085;68
1085;135
1085;170
1086;6
1086;13
1086;34
1086;75
1086;100
1086;236
1087;6
1087;12
1087;33
1087;66
1087;99
1087;232
1088;6
1088;12
1088;33
1088;67
1088;100
1088;166
1089;6
1089;12
1089;32
1089;63
1089;94
1089;234
1090;6
1090;13
1090;32
1090;63
1090;95
1090;191
1091;6
1091;13
1091;32
1091;63
1091;95
1091;190
1092;6
1092;13
1092;31
1092;63
1092;95
1092;190
1093;6
1093;19
1093;31
1093;50
1093;100
1093;221
1094;6
1094;16
1094;32
1094;50
1094;95
1094;221
1095;6
1095;18
1095;32
1095;75
1095;100
1095;165
1096;6
1096;19
1096;38
1096;57
1096;153
1096;171
1097;3
1097;18
1097;25
1097;56
1097;100
1097;244
1098;3
1098;19
1098;38
1098;50
1098;100
1098;477
1099;3
1099;19
1099;37
1099;56
1099;112
1099;262
1100;3
1100;19
1100;38
1100;56
1100;94
1100;189
1101;6
1101;19
1101;38
1101;57
1101;95
1101;171
1102;6
1102;13
1102;25
1102;50
1102;126
1102;168
1103;6
1103;13
1103;38
1103;56
1103;126
1103;200
1104;3
1104;13
1104;33
1104;67
1104;134
1104;304
1105;3
1105;10
1105;37
1105;74
1105;112
1105;330
1106;3
1106;12
1106;37
1106;76
1106;114
1106;304
1107;6
1107;12
1107;31
1107;75
1107;114
1107;304
1108;6
1108;13
1108;25
1108;66
1108;131
1108;164
1109;6
1109;16
1109;34
1109;68
1109;138
1109;169
1110;6
1110;16
1110;33
1110;67
1110;133
1110;166
1111;7
1111;11
1111;25
1111;66
1111;99
1111;166
1112;7
1112;11
1112;21
1112;67
1112;124
1112;182
1113;7
1113;14
1113;29
1113;42
1113;117
1113;177
1114;7
1114;14
1114;21
1114;57
1114;84
1114;173
1115;7
1115;14
1115;32
1115;64
1115;100
1115;191
1116;7
1116;11
1116;32
1116;42
1116;127
1116;190
1117;7
1117;10
1117;31
1117;42
1117;126
1117;190
1118;7
1118;11
1118;28
1118;42
1118;84
1118;202
1119;7
1119;14
1119;25
1119;42
1119;101
1119;236
1120;7
1120;14
1120;33
1120;42
1120;134
1120;189
1121;7
1121;14
1121;25
1121;42
1121;151
1121;167
1122;7
1122;11
1122;25
1122;50
1122;134
1122;177
1123;7
1123;11
1123;28
1123;50
1123;126
1123;168
1124;7
1124;11
1124;34
1124;42
1124;109
1124;183
1125;7
1125;11
1125;34
1125;50
1125;127
1125;173
1126;7
1126;10
1126;25
1126;50
1126;84
1126;191
1127;7
1127;11
1127;25
1127;50
1127;101
1127;191
1128;7
1128;11
1128;25
1128;50
1128;84
1128;189
1129;5
1129;12
1129;37
1129;56
1129;118
1129;170
1130;4
1130;12
1130;24
1130;47
1130;84
1130;170
1131;4
1131;12
1131;28
1131;47
1131;112
1131;224
1132;8
1132;19
1132;31
1132;50
1132;126
1132;170
1133;8
1133;16
1133;31
1133;47
1133;101
1133;167
1134;4
1134;13
1134;21
1134;63
1134;127
1134;235
1135;4
1135;13
1135;21
1135;75
1135;133
1135;160
1136;4
1136;13
1136;21
1136;50
1136;84
1136;196
1137;4
1137;13
1137;25
1137;50
1137;117
1137;177
1138;4
1138;13
1138;21
1138;50
1138;84
1138;191
1139;8
1139;17
1139;21
1139;50
1139;150
1139;176
1140;8
1140;17
1140;21
1140;42
1140;84
1140;176
1141;8
1141;17
1141;31
1141;42
1141;84
1141;189
1142;8
1142;17
1142;34
1142;42
1142;84
1142;176
1143;8
1143;13
1143;25
1143;42
1143;151
1143;191
1144;8
1144;13
1144;31
1144;50
1144;151
1144;189
1145;8
1145;13
1145;31
1145;75
1145;84
1145;167
1146;4
1146;13
1146;31
1146;63
1146;146
1146;171
1147;4
1147;17
1147;32
1147;63
1147;100
1147;195
1148;4
1148;17
1148;33
1148;51
1148;151
1148;177
1149;4
1149;17
1149;33
1149;50
1149;153
1149;200
1150;4
1150;17
1150;32
1150;76
1150;84
1150;200
1151;4
1151;17
1151;38
1151;78
1151;80
1151;235
1152;8
1152;16
1152;21
1152;42
1152;151
1152;160
1153;8
1153;16
1153;21
1153;42
1153;101
1153;252
1154;8
1154;16
1154;21
1154;74
1154;84
1154;160
1155;8
1155;16
1155;21
1155;42
1155;105
1155;160
1156;8
1156;13
1156;21
1156;50
1156;84
1156;169
1157;8
1157;13
1157;21
1157;48
1157;84
1157;169
1158;5
1158;16
1158;25
1158;50
1158;84
1158;175
1159;5
1159;16
1159;32
1159;42
1159;84
1159;160
1160;5
1160;16
1160;31
1160;50
1160;150
1160;169
1161;5
1161;13
1161;38
1161;75
1161;150
1161;188
1162;5
1162;13
1162;21
1162;42
1162;84
1162;168
1163;5
1163;11
1163;32
1163;42
1163;84
1163;169
1164;5
1164;11
1164;38
1164;76
1164;114
1164;167
1165;5
1165;11
1165;38
1165;75
1165;113
1165;301
1166;5
1166;11
1166;37
1166;75
1166;112
1166;253
1167;5
1167;11
1167;35
1167;71
1167;126
1167;168
1168;5
1168;10
1168;32
1168;42
1168;85
1168;253
1169;5
1169;16
1169;25
1169;50
1169;110
1169;171
1170;5
1170;16
1170;25
1170;50
1170;126
1170;353
1171;5
1171;16
1171;22
1171;42
1171;126
1171;250
1172;5
1172;10
1172;28
1172;56
1172;141
1172;169
1173;5
1173;16
1173;28
1173;56
1173;141
1173;169
1174;5
1174;13
1174;28
1174;57
1174;142
1174;170
1175;6
1175;10
1175;33
1175;67
1175;94
1175;167
1176;6
1176;10
1176;34
1176;67
1176;134
1176;169
1177;6
1177;13
1177;33
1177;75
1177;99
1177;165
1178;6
1178;13
1178;34
1178;67
1178;134
1178;167
1179;6
1179;13
1179;25
1179;50
1179;150
1179;168
1180;6
1180;13
1180;33
1180;75
1180;128
1180;255
1181;6
1181;13
1181;25
1181;63
1181;158
1181;190
1182;6
1182;13
1182;25
1182;63
1182;158
1182;189
1183;6
1183;13
1183;38
1183;61
1183;157
1183;187
1184;6
1184;19
1184;25
1184;63
1184;125
1184;253
1185;3
1185;19
1185;25
1185;63
1185;126
1185;175
1186;3
1186;19
1186;25
1186;50
1186;150
1186;172
1187;3
1187;19
1187;38
1187;75
1187;94
1187;251
1188;3
1188;19
1188;37
1188;56
1188;112
1188;252
1189;3
1189;19
1189;38
1189;50
1189;151
1189;244
1190;3
1190;19
1190;25
1190;51
1190;153
1190;177
1191;3
1191;12
1191;25
1191;50
1191;85
1191;169
1192;3
1192;13
1192;38
1192;56
1192;100
1192;170
1193;3
1193;19
1193;38
1193;75
1193;151
1193;253
1194;3
1194;12
1194;25
1194;50
1194;153
1194;251
1195;3
1195;19
1195;25
1195;63
1195;150
1195;287
1196;3
1196;19
1196;25
1196;50
1196;150
1196;251
1197;3
1197;12
1197;25
1197;50
1197;150
1197;188
1198;6
1198;10
1198;32
1198;64
1198;127
1198;253
1199;3
1199;13
1199;25
1199;67
1199;132
1199;166
1200;7
1200;19
1200;33
1200;66
1200;132
1200;165
1201;9
1201;19
1201;34
1201;68
1201;135
1201;275
1202;3
1202;11
1202;25
1202;42
1202;100
1202;267
1203;7
1203;11
1203;29
1203;75
1203;159
1203;160
1204;7
1204;14
1204;21
1204;59
1204;151
1204;176
1205;7
1205;14
1205;21
1205;50
1205;84
1205;190
1206;7
1206;14
1206;21
1206;64
1206;84
1206;191
1207;7
1207;14
1207;31
1207;42
1207;84
1207;190
1208;7
1208;14
1208;29
1208;42
1208;101
1208;180
1209;7
1209;14
1209;21
1209;42
1209;84
1209;190
1210;7
1210;14
1210;25
1210;67
1210;100
1210;185
1211;7
1211;14
1211;25
1211;42
1211;84
1211;191
1212;7
1212;14
1212;25
1212;42
1212;102
1212;252
1213;7
1213;14
1213;25
1213;51
1213;85
1213;252
1214;7
1214;14
1214;25
1214;63
1214;133
1214;171
1215;7
1215;14
1215;28
1215;42
1215;100
1215;252
1216;7
1216;14
1216;25
1216;42
1216;84
1216;252
1217;7
1217;11
1217;25
1217;41
1217;84
1217;252
1218;7
1218;11
1218;21
1218;43
1218;100
1218;168
1219;7
1219;11
1219;21
1219;42
1219;151
1219;176
1220;4
1220;12
1220;37
1220;56
1220;95
1220;170
1221;4
1221;12
1221;24
1221;43
1221;84
1221;170
1222;3
1222;12
1222;24
1222;75
1222;151
1222;202
1223;8
1223;19
1223;25
1223;49
1223;101
1223;253
1224;8
1224;14
1224;22
1224;50
1224;151
1224;280
1225;4
1225;17
1225;21
1225;75
1225;127
1225;191
1226;4
1226;16
1226;21
1226;50
1226;151
1226;190
1227;4
1227;17
1227;21
1227;77
1227;84
1227;237
1228;4
1228;17
1228;21
1228;50
1228;100
1228;315
1229;4
1229;17
1229;38
1229;50
1229;101
1229;315
1230;4
1230;17
1230;38
1230;75
1230;84
1230;202
1231;4
1231;17
1231;31
1231;42
1231;126
1231;190
1232;4
1232;12
1232;31
1232;42
1232;126
1232;190
1233;4
1233;13
1233;31
1233;42
1233;84
1233;213
1234;5
1234;19
1234;23
1234;49
1234;120
1234;442
1235;4
1235;16
1235;25
1235;76
1235;100
1235;176
1236;6
1236;15
1236;28
1236;55
1236;86
1236;288
1237;7
1237;16
1237;27
1237;55
1237;85
1237;487
1238;8
1238;18
1238;24
1238;78
1238;105
1238;496
1239;5
1239;18
1239;29
1239;57
1239;114
1239;171
1240;3
1240;18
1240;27
1240;54
1240;82
1240;299
1241;2
1241;11
1241;29
1241;57
1241;85
1241;310
1242;9
1242;10
1242;28
1242;56
1242;85
1242;282
1243;4
1243;11
1243;21
1243;56
1243;112
1243;418
1244;4
1244;11
1244;21
1244;56
1244;112
1244;252
1245;3
1245;11
1245;35
1245;60
1245;117
1245;268
1246;4
1246;12
1246;35
1246;49
1246;113
1246;173
1247;7
1247;14
1247;21
1247;42
1247;84
1247;185
1248;8
1248;10
1248;21
1248;40
1248;145
1248;267
1249;4
1249;12
1249;23
1249;43
1249;85
1249;276
1250;4
1250;12
1250;35
1250;56
1250;83
1250;170
1251;9
1251;10
1251;21
1251;50
1251;92
1251;275
1252;4
1252;11
1252;21
1252;42
1252;97
1252;193
1253;7
1253;11
1253;21
1253;50
1253;97
1253;191
1254;7
1254;10
1254;29
1254;40
1254;88
1254;181
1255;4
1255;12
1255;28
1255;53
1255;82
1255;162
1256;4
1256;13
1256;28
1256;72
1256;84
1256;221
1257;7
1257;14
1257;21
1257;51
1257;101
1257;216
1258;7
1258;14
1258;26
1258;50
1258;97
1258;301
1259;9
1259;10
1259;28
1259;57
1259;85
1259;185
1260;4
1260;14
1260;26
1260;71
1260;111
1260;162
1261;4
1261;12
1261;22
1261;46
1261;145
1261;161
1262;4
1262;11
1262;28
1262;57
1262;85
1262;171
1263;9
1263;10
1263;28
1263;55
1263;110
1263;275
1264;9
1264;10
1264;20
1264;57
1264;85
1264;256
1265;8
1265;10
1265;28
1265;43
1265;139
1265;220
1266;4
1266;11
1266;21
1266;57
1266;85
1266;169
1267;5
1267;11
1267;21
1267;52
1267;104
1267;181
1268;5
1268;12
1268;22
1268;43
1268;94
1268;259
1269;9
1269;18
1269;21
1269;47
1269;99
1269;255
1270;9
1270;11
1270;21
1270;42
1270;122
1270;245
1271;7
1271;10
1271;21
1271;40
1271;122
1271;218
1272;4
1272;12
1272;22
1272;56
1272;84
1272;502
1273;4
1273;12
1273;36
1273;79
1273;80
1273;196
1274;5
1274;10
1274;21
1274;42
1274;151
1274;372
1275;5
1275;11
1275;21
1275;42
1275;140
1275;160
1276;5
1276;11
1276;21
1276;41
1276;141
1276;221
1277;4
1277;10
1277;28
1277;48
1277;150
1277;205
1278;4
1278;10
1278;27
1278;52
1278;83
1278;180
1279;4
1279;19
1279;36
1279;41
1279;111
1279;309
1280;9
1280;11
1280;21
1280;51
1280;101
1280;359
1281;9
1281;11
1281;26
1281;51
1281;80
1281;296
1282;8
1282;10
1282;28
1282;56
1282;122
1282;181
1283;4
1283;14
1283;39
1283;76
1283;89
1283;204
1284;4
1284;12
1284;28
1284;58
1284;85
1284;168
1285;9
1285;10
1285;21
1285;56
1285;84
1285;194
1286;4
1286;11
1286;21
1286;42
1286;84
1286;171
1287;8
1287;12
1287;20
1287;40
1287;139
1287;222
1288;7
1288;10
1288;21
1288;41
1288;87
1288;221
1289;4
1289;13
1289;21
1289;56
1289;139
1289;166
1290;4
1290;13
1290;21
1290;58
1290;87
1290;174
1291;4
1291;13
1291;28
1291;57
1291;85
1291;198
1292;8
1292;16
1292;26
1292;42
1292;104
1292;198
1293;8
1293;16
1293;29
1293;57
1293;145
1293;172
1294;4
1294;12
1294;23
1294;55
1294;142
1294;169
1295;4
1295;12
1295;28
1295;56
1295;140
1295;168
1296;4
1296;11
1296;28
1296;56
1296;140
1296;168
1297;4
1297;13
1297;21
1297;54
1297;138
1297;257
1298;8
1298;13
1298;20
1298;54
1298;96
1298;333
1299;9
1299;10
1299;25
1299;41
1299;137
1299;222
1300;4
1300;11
1300;29
1300;52
1300;98
1300;230
1301;4
1301;13
1301;34
1301;51
1301;97
1301;176
1302;8
1302;17
1302;20
1302;42
1302;87
1302;301
1303;8
1303;17
1303;25
1303;76
1303;152
1303;255
1304;5
1304;10
1304;28
1304;56
1304;111
1304;252
1305;7
1305;11
1305;21
1305;60
1305;151
1305;223
1306;4
1306;12
1306;28
1306;56
1306;114
1306;313
1307;4
1307;12
1307;29
1307;57
1307;85
1307;198
1308;5
1308;10
1308;28
1308;56
1308;113
1308;226
1309;6
1309;11
1309;28
1309;56
1309;140
1309;169
1310;6
1310;12
1310;28
1310;56
1310;139
1310;250
1311;4
1311;13
1311;25
1311;44
1311;140
1311;169
1312;6
1312;13
1312;25
1312;56
1312;140
1312;170
1313;6
1313;13
1313;20
1313;50
1313;99
1313;298
1314;4
1314;19
1314;24
1314;46
1314;94
1314;314
1315;9
1315;12
1315;25
1315;50
1315;88
1315;261
1316;8
1316;10
1316;20
1316;40
1316;123
1316;223
1317;4
1317;12
1317;23
1317;61
1317;151
1317;482
1318;4
1318;12
1318;36
1318;63
1318;123
1318;303
1319;9
1319;13
1319;23
1319;60
1319;126
1319;179
1320;5
1320;10
1320;23
1320;64
1320;123
1320;309
1321;9
1321;10
1321;24
1321;62
1321;141
1321;373
1322;7
1322;10
1322;22
1322;40
1322;141
1322;264
1323;4
1323;10
1323;20
1323;61
1323;85
1323;169
1324;4
1324;10
1324;36
1324;65
1324;87
1324;173
1325;9
1325;12
1325;20
1325;45
1325;122
1325;337
1326;9
1326;10
1326;25
1326;74
1326;99
1326;173
1327;9
1327;12
1327;29
1327;57
1327;115
1327;227
1328;4
1328;14
1328;26
1328;71
1328;111
1328;201
1329;5
1329;12
1329;26
1329;48
1329;140
1329;209
1330;9
1330;10
1330;29
1330;57
1330;114
1330;232
1331;6
1331;14
1331;29
1331;57
1331;86
1331;252
1332;5
1332;10
1332;28
1332;56
1332;84
1332;254
1333;8
1333;10
1333;29
1333;58
1333;85
1333;221
1334;4
1334;11
1334;21
1334;57
1334;139
1334;170
1335;4
1335;14
1335;21
1335;57
1335;148
1335;177
1336;3
1336;12
1336;39
1336;45
1336;139
1336;210
1337;5
1337;12
1337;20
1337;66
1337;133
1337;208
1338;7
1338;14
1338;21
1338;42
1338;85
1338;234
1339;7
1339;10
1339;21
1339;42
1339;122
1339;178
1340;4
1340;12
1340;23
1340;56
1340;121
1340;465
1341;4
1341;12
1341;34
1341;60
1341;115
1341;181
1342;4
1342;10
1342;21
1342;43
1342;98
1342;177
1343;7
1343;14
1343;21
1343;42
1343;93
1343;161
1344;4
1344;11
1344;21
1344;40
1344;118
1344;177
1345;5
1345;10
1345;20
1345;58
1345;96
1345;175
1346;5
1346;11
1346;28
1346;56
1346;151
1346;182
1347;4
1347;13
1347;26
1347;42
1347;113
1347;217
1348;7
1348;14
1348;25
1348;51
1348;126
1348;202
1349;7
1349;14
1349;26
1349;50
1349;97
1349;317
1350;8
1350;10
1350;28
1350;56
1350;85
1350;181
1351;4
1351;14
1351;28
1351;56
1351;89
1351;212
1352;4
1352;12
1352;29
1352;57
1352;140
1352;170
1353;9
1353;14
1353;20
1353;55
1353;110
1353;166
1354;5
1354;10
1354;24
1354;58
1354;88
1354;263
1355;5
1355;10
1355;25
1355;50
1355;109
1355;254
1356;7
1356;10
1356;21
1356;43
1356;85
1356;224
1357;5
1357;11
1357;21
1357;56
1357;84
1357;168
1358;5
1358;11
1358;21
1358;79
1358;80
1358;162
1359;4
1359;12
1359;25
1359;74
1359;100
1359;248
1360;9
1360;10
1360;20
1360;74
1360;100
1360;277
1361;9
1361;11
1361;21
1361;42
1361;121
1361;185
1362;4
1362;12
1362;20
1362;43
1362;111
1362;479
1363;5
1363;12
1363;23
1363;63
1363;83
1363;466
1364;4
1364;11
1364;20
1364;77
1364;102
1364;171
1365;5
1365;11
1365;21
1365;42
1365;129
1365;180
1366;5
1366;11
1366;21
1366;42
1366;133
1366;175
1367;9
1367;11
1367;21
1367;42
1367;138
1367;221
1368;4
1368;14
1368;29
1368;61
1368;151
1368;231
1369;4
1369;11
1369;27
1369;79
1369;83
1369;240
1370;9
1370;10
1370;22
1370;41
1370;153
1370;324
1371;9
1371;10
1371;21
1371;49
1371;98
1371;443
1372;3
1372;12
1372;28
1372;57
1372;85
1372;305
1373;7
1373;10
1373;21
1373;56
1373;152
1373;163
1374;4
1374;12
1374;39
1374;64
1374;89
1374;204
1375;4
1375;12
1375;28
1375;58
1375;83
1375;167
1376;4
1376;10
1376;21
1376;58
1376;87
1376;203
1377;4
1377;11
1377;20
1377;53
1377;86
1377;169
1378;4
1378;12
1378;20
1378;40
1378;85
1378;240
1379;5
1379;13
1379;21
1379;56
1379;84
1379;171
1380;8
1380;13
1380;21
1380;56
1380;84
1380;168
1381;8
1381;12
1381;28
1381;56
1381;139
1381;175
1382;4
1382;14
1382;29
1382;57
1382;114
1382;201
1383;8
1383;17
1383;27
1383;42
1383;107
1383;172
1384;9
1384;10
1384;20
1384;55
1384;132
1384;167
1385;4
1385;12
1385;28
1385;57
1385;142
1385;171
1386;4
1386;12
1386;28
1386;56
1386;84
1386;169
1387;8
1387;12
1387;29
1387;57
1387;144
1387;172
1388;4
1388;13
1388;21
1388;49
1388;124
1388;401
1389;8
1389;13
1389;21
1389;42
1389;117
1389;251
1390;7
1390;10
1390;25
1390;41
1390;137
1390;223
1391;4
1391;12
1391;28
1391;53
1391;143
1391;362
1392;4
1392;12
1392;21
1392;54
1392;84
1392;189
1393;8
1393;17
1393;25
1393;42
1393;101
1393;282
1394;8
1394;16
1394;25
1394;75
1394;124
1394;174
1395;8
1395;12
1395;28
1395;56
1395;85
1395;311
1396;5
1396;14
1396;28
1396;71
1396;111
1396;162
1397;5
1397;12
1397;29
1397;57
1397;113
1397;170
1398;4
1398;16
1398;28
1398;56
1398;139
1398;252
1399;5
1399;16
1399;21
1399;42
1399;86
1399;201
1400;5
1400;11
1400;28
1400;56
1400;140
1400;168
1401;7
1401;11
1401;26
1401;42
1401;140
1401;189
1402;4
1402;13
1402;25
1402;57
1402;143
1402;171
1403;6
1403;13
1403;25
1403;56
1403;140
1403;252
1404;6
1404;13
1404;33
1404;53
1404;80
1404;227
1405;4
1405;19
1405;28
1405;50
1405;100
1405;257
1406;7
1406;13
1406;24
1406;50
1406;110
1406;307
1407;7
1407;10
1407;20
1407;45
1407;84
1407;218
1408;4
1408;17
1408;28
1408;42
1408;84
1408;171
1409;4
1409;19
1409;21
1409;57
1409;147
1409;199
1410;9
1410;14
1410;24
1410;42
1410;83
1410;228
1411;9
1411;14
1411;21
1411;42
1411;122
1411;179
1412;9
1412;19
1412;23
1412;42
1412;131
1412;259
1413;5
1413;10
1413;23
1413;46
1413;143
1413;264
1414;4
1414;14
1414;26
1414;41
1414;141
1414;268
1415;4
1415;11
1415;22
1415;55
1415;140
1415;272
1416;4
1416;10
1416;38
1416;47
1416;100
1416;270
1417;5
1417;14
1417;30
1417;76
1417;103
1417;276
1418;9
1418;11
1418;20
1418;40
1418;154
1418;169
1419;9
1419;10
1419;28
1419;76
1419;141
1419;240
1420;7
1420;14
1420;29
1420;72
1420;148
1420;175
1421;7
1421;10
1421;21
1421;57
1421;103
1421;251
1422;5
1422;14
1422;24
1422;63
1422;126
1422;189
1423;8
1423;10
1423;24
1423;74
1423;113
1423;376
1424;8
1424;10
1424;21
1424;42
1424;83
1424;168
1425;4
1425;10
1425;21
1425;43
1425;84
1425;168
1426;3
1426;10
1426;31
1426;42
1426;85
1426;255
1427;7
1427;11
1427;21
1427;42
1427;82
1427;168
1428;4
1428;12
1428;21
1428;42
1428;84
1428;256
1429;8
1429;13
1429;21
1429;41
1429;85
1429;251
1430;5
1430;12
1430;21
1430;67
1430;110
1430;246
1431;5
1431;12
1431;21
1431;41
1431;83
1431;168
1432;4
1432;12
1432;20
1432;42
1432;112
1432;256
1433;3
1433;10
1433;21
1433;42
1433;84
1433;296
1434;3
1434;10
1434;21
1434;50
1434;84
1434;296
1435;9
1435;10
1435;21
1435;41
1435;141
1435;266
1436;4
1436;12
1436;28
1436;42
1436;85
1436;253
1437;4
1437;13
1437;28
1437;55
1437;110
1437;220
1438;4
1438;17
1438;29
1438;59
1438;115
1438;171
1439;8
1439;19
1439;21
1439;42
1439;84
1439;166
1440;9
1440;14
1440;38
1440;42
1440;83
1440;169
1441;8
1441;10
1441;21
1441;43
1441;91
1441;222
1442;4
1442;12
1442;28
1442;42
1442;113
1442;167
1443;4
1443;14
1443;21
1443;56
1443;111
1443;223
1444;5
1444;10
1444;20
1444;61
1444;125
1444;219
1445;4
1445;10
1445;21
1445;42
1445;105
1445;178
1446;5
1446;10
1446;20
1446;44
1446;85
1446;283
1447;6
1447;16
1447;25
1447;41
1447;125
1447;174
1448;5
1448;16
1448;21
1448;42
1448;83
1448;220
1449;5
1449;14
1449;21
1449;56
1449;150
1449;167
1450;5
1450;10
1450;28
1450;56
1450;85
1450;198
1451;5
1451;16
1451;30
1451;57
1451;85
1451;199
1452;9
1452;10
1452;20
1452;40
1452;121
1452;223
1453;4
1453;12
1453;27
1453;41
1453;141
1453;209
1454;4
1454;12
1454;28
1454;56
1454;85
1454;308
1455;5
1455;16
1455;21
1455;63
1455;105
1455;167
1456;5
1456;16
1456;26
1456;50
1456;84
1456;196
1457;5
1457;16
1457;26
1457;42
1457;83
1457;167
1458;7
1458;10
1458;24
1458;40
1458;86
1458;221
1459;4
1459;15
1459;28
1459;56
1459;85
1459;472
1460;4
1460;13
1460;26
1460;76
1460;81
1460;215
1461;9
1461;10
1461;21
1461;42
1461;150
1461;312
1462;9
1462;10
1462;20
1462;43
1462;159
1462;169
1463;9
1463;12
1463;21
1463;56
1463;85
1463;170
1464;5
1464;12
1464;21
1464;57
1464;113
1464;162
1465;5
1465;12
1465;28
1465;57
1465;84
1465;198
1466;4
1466;12
1466;20
1466;79
1466;85
1466;216
1467;3
1467;10
1467;31
1467;42
1467;100
1467;198
1468;5
1468;12
1468;21
1468;47
1468;99
1468;191
1469;4
1469;10
1469;20
1469;47
1469;94
1469;189
1470;4
1470;16
1470;28
1470;42
1470;85
1470;253
1471;4
1471;12
1471;24
1471;42
1471;84
1471;252
1472;5
1472;16
1472;33
1472;56
1472;84
1472;169
1473;4
1473;13
1473;28
1473;42
1473;86
1473;259
1474;4
1474;13
1474;28
1474;55
1474;82
1474;169
1475;8
1475;10
1475;21
1475;42
1475;120
1475;178
1476;4
1476;12
1476;22
1476;41
1476;82
1476;166
1477;4
1477;12
1477;22
1477;56
1477;83
1477;165
1478;4
1478;12
1478;25
1478;50
1478;82
1478;168
1479;4
1479;12
1479;21
1479;57
1479;83
1479;220
1480;4
1480;12
1480;25
1480;41
1480;83
1480;453
1481;5
1481;10
1481;28
1481;42
1481;84
1481;254
1482;5
1482;10
1482;28
1482;57
1482;111
1482;222
1483;4
1483;18
1483;30
1483;63
1483;122
1483;206
1484;4
1484;10
1484;25
1484;50
1484;84
1484;169
1485;4
1485;14
1485;37
1485;57
1485;85
1485;283
1486;9
1486;10
1486;20
1486;40
1486;110
1486;260
1487;4
1487;14
1487;25
1487;42
1487;99
1487;211
1488;4
1488;17
1488;25
1488;56
1488;86
1488;224
1489;5
1489;12
1489;21
1489;75
1489;105
1489;202
1490;5
1490;16
1490;21
1490;52
1490;110
1490;219
1491;6
1491;12
1491;24
1491;50
1491;94
1491;282
1492;8
1492;10
1492;30
1492;40
1492;87
1492;222
1493;6
1493;12
1493;37
1493;50
1493;95
1493;175
1494;6
1494;13
1494;38
1494;50
1494;87
1494;172
1495;7
1495;12
1495;31
1495;45
1495;98
1495;249
1496;6
1496;13
1496;25
1496;50
1496;99
1496;247
1497;6
1497;15
1497;39
1497;50
1497;99
1497;213
1498;5
1498;12
1498;21
1498;40
1498;103
1498;208
1499;5
1499;12
1499;36
1499;49
1499;98
1499;466
1500;4
1500;10
1500;30
1500;50
1500;101
1500;357
1501;5
1501;10
1501;25
1501;52
1501;102
1501;249
1502;5
1502;14
1502;22
1502;50
1502;99
1502;238
1503;9
1503;10
1503;25
1503;49
1503;99
1503;221
1504;4
1504;10
1504;20
1504;50
1504;101
1504;391
1505;4
1505;19
1505;25
1505;50
1505;100
1505;395
1506;9
1506;18
1506;37
1506;48
1506;99
1506;179
1507;9
1507;10
1507;37
1507;50
1507;101
1507;161
1508;5
1508;19
1508;20
1508;49
1508;100
1508;251
1509;8
1509;10
1509;21
1509;42
1509;151
1509;237
1510;4
1510;12
1510;31
1510;62
1510;93
1510;204
1511;4
1511;19
1511;29
1511;58
1511;88
1511;234
1512;6
1512;11
1512;28
1512;54
1512;82
1512;253
1513;5
1513;10
1513;25
1513;50
1513;101
1513;317
1514;5
1514;10
1514;24
1514;47
1514;113
1514;226
1515;6
1515;10
1515;21
1515;46
1515;84
1515;255
1516;4
1516;11
1516;20
1516;42
1516;83
1516;251
1517;4
1517;10
1517;21
1517;42
1517;85
1517;170
1518;7
1518;11
1518;21
1518;41
1518;83
1518;332
1519;7
1519;11
1519;26
1519;42
1519;84
1519;171
1520;9
1520;10
1520;26
1520;41
1520;123
1520;222
1521;4
1521;12
1521;23
1521;42
1521;141
1521;491
1522;4
1522;12
1522;21
1522;42
1522;84
1522;253
1523;4
1523;11
1523;20
1523;49
1523;115
1523;170
1524;4
1524;10
1524;21
1524;41
1524;84
1524;170
1525;3
1525;17
1525;25
1525;50
1525;84
1525;256
1526;8
1526;10
1526;25
1526;43
1526;85
1526;263
1527;4
1527;12
1527;28
1527;42
1527;85
1527;252
1528;4
1528;19
1528;28
1528;56
1528;84
1528;221
1529;4
1529;16
1529;25
1529;60
1529;92
1529;179
1530;4
1530;18
1530;20
1530;42
1530;126
1530;170
1531;5
1531;15
1531;21
1531;42
1531;84
1531;252
1532;6
1532;12
1532;21
1532;42
1532;83
1532;170
1533;5
1533;12
1533;21
1533;56
1533;84
1533;168
1534;4
1534;14
1534;28
1534;58
1534;114
1534;223
1535;5
1535;14
1535;21
1535;42
1535;107
1535;168
1536;6
1536;10
1536;30
1536;50
1536;100
1536;174
1537;5
1537;11
1537;20
1537;44
1537;84
1537;178
1538;4
1538;10
1538;31
1538;42
1538;100
1538;188
1539;5
1539;16
1539;21
1539;42
1539;83
1539;166
1540;6
1540;11
1540;28
1540;55
1540;84
1540;163
1541;5
1541;16
1541;28
1541;56
1541;113
1541;197
1542;5
1542;10
1542;25
1542;57
1542;85
1542;284
1543;8
1543;10
1543;21
1543;42
1543;157
1543;265
1544;4
1544;12
1544;22
1544;71
1544;112
1544;276
1545;4
1545;12
1545;21
1545;42
1545;113
1545;307
1546;5
1546;16
1546;21
1546;47
1546;85
1546;201
1547;5
1547;16
1547;26
1547;52
1547;86
1547;181
1548;5
1548;10
1548;25
1548;50
1548;84
1548;192
1549;5
1549;10
1549;25
1549;57
1549;113
1549;280
1550;5
1550;14
1550;24
1550;56
1550;112
1550;282
1551;4
1551;14
1551;25
1551;74
1551;87
1551;217
1552;8
1552;10
1552;21
1552;42
1552;159
1552;160
1553;8
1553;17
1553;21
1553;50
1553;114
1553;199
1554;9
1554;10
1554;20
1554;47
1554;84
1554;160
1555;4
1555;12
1555;25
1555;58
1555;117
1555;176
1556;4
1556;12
1556;32
1556;63
1556;127
1556;176
1557;4
1557;11
1557;29
1557;50
1557;141
1557;176
1558;6
1558;10
1558;21
1558;56
1558;84
1558;169
1559;4
1559;12
1559;25
1559;55
1559;83
1559;177
1560;8
1560;10
1560;23
1560;49
1560;83
1560;218
1561;4
1561;16
1561;25
1561;50
1561;150
1561;175
1562;4
1562;12
1562;25
1562;50
1562;100
1562;175
1563;3
1563;12
1563;25
1563;50
1563;152
1563;177
1564;4
1564;13
1564;25
1564;76
1564;153
1564;227
1565;4
1565;12
1565;25
1565;50
1565;149
1565;175
1566;5
1566;12
1566;25
1566;50
1566;100
1566;224
1567;5
1567;12
1567;25
1567;51
1567;127
1567;253
1568;4
1568;13
1568;25
1568;50
1568;149
1568;273
1569;4
1569;16
1569;29
1569;55
1569;83
1569;166
1570;4
1570;12
1570;28
1570;56
1570;84
1570;169
1571;4
1571;10
1571;25
1571;53
1571;155
1571;160
1572;4
1572;14
1572;24
1572;49
1572;124
1572;170
1573;4
1573;15
1573;25
1573;50
1573;124
1573;170
1574;8
1574;10
1574;24
1574;41
1574;99
1574;174
1575;8
1575;10
1575;32
1575;50
1575;100
1575;249
1576;9
1576;16
1576;25
1576;50
1576;100
1576;250
1577;8
1577;10
1577;21
1577;41
1577;122
1577;170
1578;4
1578;12
1578;28
1578;56
1578;84
1578;169
1579;4
1579;12
1579;28
1579;56
1579;84
1579;168
1580;5
1580;16
1580;21
1580;58
1580;141
1580;169
1581;5
1581;10
1581;28
1581;56
1581;84
1581;168
1582;6
1582;18
1582;23
1582;56
1582;84
1582;281
1583;6
1583;10
1583;24
1583;63
1583;126
1583;372
1584;6
1584;19
1584;31
1584;63
1584;127
1584;285
1585;6
1585;19
1585;25
1585;63
1585;125
1585;281
1586;6
1586;12
1586;31
1586;63
1586;126
1586;283
1587;9
1587;12
1587;24
1587;63
1587;126
1587;284
1588;8
1588;12
1588;25
1588;63
1588;95
1588;209
1589;4
1589;12
1589;31
1589;63
1589;95
1589;317
1590;4
1590;12
1590;32
1590;63
1590;95
1590;286
1591;5
1591;10
1591;32
1591;63
1591;96
1591;289
1592;5
1592;10
1592;28
1592;63
1592;94
1592;282
1593;5
1593;12
1593;25
1593;62
1593;93
1593;364
1594;7
1594;10
1594;32
1594;64
1594;97
1594;221
1595;8
1595;19
1595;20
1595;75
1595;113
1595;281
1596;9
1596;10
1596;37
1596;56
1596;84
1596;395
1597;7
1597;12
1597;22
1597;50
1597;93
1597;238
1598;8
1598;16
1598;24
1598;75
1598;125
1598;169
1599;7
1599;19
1599;34
1599;50
1599;126
1599;509
1600;5
1600;12
1600;24
1600;74
1600;83
1600;176
1601;5
1601;19
1601;36
1601;76
1601;114
1601;177
1602;5
1602;19
1602;25
1602;75
1602;112
1602;176
1603;9
1603;12
1603;37
1603;78
1603;80
1603;176
1604;9
1604;10
1604;37
1604;42
1604;84
1604;177
1605;9
1605;10
1605;25
1605;43
1605;85
1605;177
1606;8
1606;13
1606;25
1606;75
1606;85
1606;282
1607;8
1607;10
1607;25
1607;75
1607;113
1607;251
1608;8
1608;13
1608;24
1608;42
1608;86
1608;264
1609;8
1609;13
1609;21
1609;75
1609;80
1609;207
1610;8
1610;13
1610;21
1610;76
1610;113
1610;204
1611;8
1611;13
1611;25
1611;49
1611;124
1611;182
1612;5
1612;13
1612;25
1612;51
1612;84
1612;203
1613;5
1613;11
1613;21
1613;75
1613;85
1613;176
1614;5
1614;11
1614;37
1614;74
1614;149
1614;186
1615;5
1615;11
1615;21
1615;42
1615;126
1615;249
1616;5
1616;11
1616;21
1616;42
1616;128
1616;382
1617;5
1617;11
1617;21
1617;40
1617;151
1617;409
1618;5
1618;11
1618;21
1618;74
1618;147
1618;297
1619;5
1619;13
1619;28
1619;76
1619;152
1619;190
1620;5
1620;13
1620;25
1620;69
1620;110
1620;251
1621;5
1621;13
1621;25
1621;51
1621;148
1621;207
1622;5
1622;14
1622;25
1622;75
1622;124
1622;323
1623;5
1623;16
1623;21
1623;50
1623;100
1623;300
1624;5
1624;16
1624;21
1624;50
1624;126
1624;352
1625;5
1625;11
1625;28
1625;57
1625;100
1625;172
1626;5
1626;11
1626;25
1626;50
1626;126
1626;276
1627;5
1627;11
1627;26
1627;50
1627;100
1627;251
1628;7
1628;10
1628;33
1628;66
1628;134
1628;168
1629;6
1629;10
1629;33
1629;66
1629;132
1629;164
1630;6
1630;13
1630;25
1630;69
1630;138
1630;173
1631;6
1631;13
1631;33
1631;66
1631;132
1631;165
1632;6
1632;13
1632;34
1632;68
1632;136
1632;170
1633;3
1633;12
1633;32
1633;67
1633;132
1633;167
1634;3
1634;13
1634;25
1634;64
1634;159
1634;162
1635;3
1635;13
1635;32
1635;63
1635;158
1635;190
1636;3
1636;13
1636;25
1636;63
1636;157
1636;188
1637;3
1637;12
1637;25
1637;49
1637;158
1637;189
1638;3
1638;12
1638;25
1638;50
1638;95
1638;187
1639;3
1639;12
1639;25
1639;50
1639;158
1639;189
1640;3
1640;19
1640;37
1640;56
1640;94
1640;168
1641;3
1641;19
1641;37
1641;57
1641;152
1641;187
1642;3
1642;13
1642;25
1642;63
1642;102
1642;189
1643;3
1643;19
1643;38
1643;57
1643;94
1643;244
1644;3
1644;19
1644;38
1644;57
1644;94
1644;189
1645;3
1645;19
1645;38
1645;56
1645;146
1645;170
1646;3
1646;13
1646;25
1646;55
1646;109
1646;169
1647;3
1647;13
1647;25
1647;47
1647;124
1647;237
1648;6
1648;13
1648;33
1648;66
1648;100
1648;368
1649;3
1649;13
1649;25
1649;72
1649;109
1649;318
1650;3
1650;13
1650;38
1650;75
1650;112
1650;336
1651;6
1651;13
1651;37
1651;67
1651;136
1651;238
1652;3
1652;13
1652;25
1652;67
1652;134
1652;166
1653;3
1653;19
1653;25
1653;69
1653;137
1653;173
1654;6
1654;19
1654;25
1654;66
1654;131
1654;163
1655;4
1655;11
1655;25
1655;66
1655;137
1655;166
1656;3
1656;14
1656;21
1656;66
1656;132
1656;166
1657;4
1657;14
1657;30
1657;42
1657;133
1657;180
1658;4
1658;14
1658;29
1658;58
1658;145
1658;174
1659;3
1659;14
1659;32
1659;63
1659;159
1659;190
1660;3
1660;11
1660;31
1660;63
1660;127
1660;190
1661;4
1661;10
1661;29
1661;42
1661;86
1661;172
1662;7
1662;14
1662;28
1662;42
1662;114
1662;189
1663;7
1663;14
1663;28
1663;50
1663;137
1663;189
1664;7
1664;14
1664;34
1664;42
1664;134
1664;190
1665;7
1665;14
1665;25
1665;42
1665;100
1665;190
1666;7
1666;14
1666;28
1666;42
1666;137
1666;169
1667;7
1667;11
1667;28
1667;66
1667;102
1667;168
1668;7
1668;11
1668;25
1668;49
1668;110
1668;172
1669;7
1669;11
1669;33
1669;56
1669;133
1669;189
1670;7
1670;11
1670;25
1670;50
1670;135
1670;177
1671;7
1671;11
1671;25
1671;50
1671;134
1671;191
1672;7
1672;11
1672;25
1672;56
1672;92
1672;190
1673;7
1673;10
1673;34
1673;50
1673;114
1673;238
1674;4
1674;12
1674;38
1674;56
1674;113
1674;230
1675;4
1675;12
1675;24
1675;56
1675;98
1675;216
1676;4
1676;14
1676;24
1676;56
1676;136
1676;166
1677;8
1677;15
1677;31
1677;57
1677;100
1677;207
1678;4
1678;13
1678;25
1678;42
1678;113
1678;167
1679;4
1679;13
1679;25
1679;50
1679;124
1679;255
1680;4
1680;13
1680;33
1680;42
1680;110
1680;177
1681;4
1681;13
1681;33
1681;56
1681;92
1681;176
1682;4
1682;13
1682;25
1682;57
1682;110
1682;191
1683;8
1683;13
1683;25
1683;55
1683;111
1683;171
1684;8
1684;13
1684;21
1684;42
1684;115
1684;169
1685;8
1685;13
1685;33
1685;42
1685;112
1685;170
1686;8
1686;13
1686;33
1686;57
1686;114
1686;169
1687;8
1687;13
1687;25
1687;42
1687;113
1687;168
1688;8
1688;13
1688;33
1688;42
1688;112
1688;169
1689;8
1689;13
1689;33
1689;56
1689;112
1689;169
1690;8
1690;13
1690;21
1690;50
1690;113
1690;171
1691;8
1691;13
1691;21
1691;51
1691;109
1691;171
1692;4
1692;13
1692;33
1692;56
1692;112
1692;169
1693;4
1693;17
1693;33
1693;42
1693;84
1693;168
1694;4
1694;17
1694;33
1694;42
1694;113
1694;169
1695;4
1695;17
1695;33
1695;42
1695;85
1695;227
1696;9
1696;15
1696;25
1696;56
1696;112
1696;264
1697;8
1697;11
1697;25
1697;43
1697;113
1697;168
1698;8
1698;11
1698;25
1698;56
1698;128
1698;168
1699;8
1699;11
1699;32
1699;42
1699;125
1699;171
1700;8
1700;11
1700;21
1700;42
1700;85
1700;291
1701;9
1701;11
1701;21
1701;42
1701;112
1701;171
1702;9
1702;11
1702;24
1702;42
1702;124
1702;174
1703;8
1703;11
1703;25
1703;51
1703;152
1703;229
1704;8
1704;16
1704;32
1704;50
1704;126
1704;169
1705;9
1705;16
1705;37
1705;42
1705;150
1705;188
1706;5
1706;16
1706;21
1706;42
1706;122
1706;336
1707;9
1707;16
1707;21
1707;42
1707;85
1707;297
1708;9
1708;11
1708;25
1708;79
1708;80
1708;314
1709;9
1709;11
1709;26
1709;75
1709;112
1709;300
1710;9
1710;11
1710;37
1710;75
1710;113
1710;300
1711;9
1711;11
1711;25
1711;50
1711;130
1711;301
1712;9
1712;11
1712;25
1712;42
1712;112
1712;301
1713;9
1713;11
1713;25
1713;50
1713;147
1713;171
1714;9
1714;11
1714;25
1714;50
1714;125
1714;175
1715;9
1715;16
1715;25
1715;42
1715;127
1715;358
1716;9
1716;16
1716;27
1716;50
1716;110
1716;358
1717;5
1717;16
1717;28
1717;50
1717;140
1717;336
1718;5
1718;16
1718;28
1718;50
1718;141
1718;395
1719;7
1719;19
1719;25
1719;63
1719;159
1719;162
1720;6
1720;19
1720;38
1720;65
1720;131
1720;164
1721;6
1721;13
1721;34
1721;50
1721;137
1721;171
1722;6
1722;12
1722;38
1722;66
1722;132
1722;165
1723;6
1723;13
1723;34
1723;68
1723;135
1723;171
1724;6
1724;13
1724;38
1724;50
1724;137
1724;171
1725;6
1725;13
1725;32
1725;63
1725;157
1725;165
1726;6
1726;13
1726;38
1726;63
1726;158
1726;190
1727;6
1727;12
1727;38
1727;63
1727;158
1727;189
1728;6
1728;13
1728;25
1728;60
1728;152
1728;182
1729;6
1729;16
1729;25
1729;63
1729;94
1729;187
1730;9
1730;16
1730;38
1730;47
1730;158
1730;181
1731;6
1731;19
1731;37
1731;50
1731;158
1731;170
1732;6
1732;19
1732;38
1732;50
1732;150
1732;169
1733;6
1733;19
1733;20
1733;50
1733;100
1733;192
1734;7
1734;18
1734;36
1734;50
1734;88
1734;204
1735;6
1735;13
1735;38
1735;63
1735;100
1735;208
1736;5
1736;19
1736;38
1736;75
1736;151
1736;170
1737;6
1737;19
1737;20
1737;76
1737;88
1737;188
1738;6
1738;19
1738;38
1738;50
1738;159
1738;170
1739;6
1739;19
1739;25
1739;50
1739;152
1739;180
1740;6
1740;18
1740;25
1740;50
1740;80
1740;188
1741;7
1741;13
1741;25
1741;49
1741;159
1741;189
1742;6
1742;13
1742;38
1742;68
1742;134
1742;168
1743;6
1743;12
1743;38
1743;66
1743;132
1743;166
1744;6
1744;19
1744;34
1744;68
1744;137
1744;275
1745;6
1745;19
1745;33
1745;65
1745;129
1745;268
1746;7
1746;18
1746;25
1746;44
1746;89
1746;268
1747;7
1747;17
1747;33
1747;42
1747;85
1747;166
1748;7
1748;14
1748;30
1748;57
1748;152
1748;179
1749;7
1749;14
1749;29
1749;42
1749;84
1749;176
1750;7
1750;14
1750;32
1750;50
1750;100
1750;192
1751;7
1751;14
1751;32
1751;42
1751;101
1751;190
1752;7
1752;14
1752;30
1752;67
1752;84
1752;181
1753;7
1753;14
1753;34
1753;42
1753;85
1753;187
1754;7
1754;14
1754;33
1754;67
1754;85
1754;191
1755;7
1755;14
1755;34
1755;56
1755;101
1755;190
1756;7
1756;14
1756;34
1756;42
1756;85
1756;187
1757;7
1757;17
1757;34
1757;42
1757;84
1757;188
1758;7
1758;14
1758;33
1758;50
1758;84
1758;186
1759;7
1759;14
1759;33
1759;42
1759;84
1759;169
1760;7
1760;14
1760;34
1760;42
1760;84
1760;169
1761;7
1761;14
1761;37
1761;50
1761;85
1761;225
1762;6
1762;14
1762;32
1762;63
1762;126
1762;188
1763;7
1763;14
1763;28
1763;56
1763;85
1763;281
1764;5
1764;19
1764;37
1764;64
1764;112
1764;170
1765;8
1765;12
1765;38
1765;79
1765;112
1765;170
1766;4
1766;12
1766;25
1766;56
1766;112
1766;227
1767;8
1767;19
1767;33
1767;63
1767;112
1767;229
1768;7
1768;17
1768;28
1768;57
1768;113
1768;232
1769;4
1769;17
1769;33
1769;63
1769;84
1769;190
1770;4
1770;13
1770;21
1770;63
1770;84
1770;251
1771;4
1771;17
1771;21
1771;42
1771;100
1771;251
1772;4
1772;17
1772;21
1772;63
1772;100
1772;254
1773;8
1773;17
1773;21
1773;63
1773;101
1773;185
1774;9
1774;10
1774;24
1774;63
1774;126
1774;256
1775;7
1775;10
1775;28
1775;48
1775;125
1775;316
1776;9
1776;10
1776;28
1776;41
1776;126
1776;256
1777;9
1777;10
1777;24
1777;49
1777;130
1777;259
1778;9
1778;19
1778;21
1778;62
1778;125
1778;262
1779;8
1779;18
1779;25
1779;51
1779;101
1779;265
1780;7
1780;14
1780;23
1780;78
1780;80
1780;254
1781;7
1781;13
1781;21
1781;56
1781;114
1781;207
1782;6
1782;13
1782;23
1782;63
1782;136
1782;276
1783;6
1783;11
1783;29
1783;56
1783;85
1783;278
1784;6
1784;13
1784;20
1784;54
1784;109
1784;282
1785;5
1785;14
1785;29
1785;59
1785;86
1785;248
1786;5
1786;11
1786;28
1786;56
1786;84
1786;160
1787;5
1787;10
1787;21
1787;56
1787;83
1787;280
1788;6
1788;11
1788;21
1788;55
1788;112
1788;251
1789;5
1789;11
1789;21
1789;60
1789;116
1789;160
1790;5
1790;11
1790;26
1790;56
1790;113
1790;251
1791;9
1791;10
1791;28
1791;56
1791;85
1791;252
1792;8
1792;10
1792;32
1792;64
1792;95
1792;319
1793;4
1793;14
1793;32
1793;47
1793;150
1793;177
1794;4
1794;10
1794;32
1794;50
1794;126
1794;160
1795;5
1795;10
1795;28
1795;57
1795;110
1795;168
1796;5
1796;11
1796;21
1796;58
1796;87
1796;160
1797;5
1797;11
1797;28
1797;55
1797;83
1797;166
1798;8
1798;10
1798;28
1798;57
1798;85
1798;222
1799;4
1799;11
1799;29
1799;57
1799;114
1799;172
1800;4
1800;11
1800;27
1800;54
1800;82
1800;177
1801;9
1801;10
1801;24
1801;51
1801;99
1801;325
1802;9
1802;10
1802;21
1802;50
1802;97
1802;300
1803;9
1803;11
1803;28
1803;57
1803;85
1803;316
1804;5
1804;12
1804;21
1804;71
1804;100
1804;161
1805;5
1805;11
1805;21
1805;50
1805;139
1805;177
1806;4
1806;11
1806;24
1806;51
1806;85
1806;168
1807;5
1807;16
1807;27
1807;55
1807;110
1807;275
1808;5
1808;16
1808;28
1808;57
1808;85
1808;312
1809;9
1809;10
1809;28
1809;63
1809;84
1809;221
1810;4
1810;13
1810;25
1810;57
1810;85
1810;199
1811;6
1811;13
1811;25
1811;54
1811;134
1811;164
1812;6
1812;13
1812;25
1812;50
1812;94
1812;324
1813;6
1813;19
1813;25
1813;63
1813;95
1813;254
1814;8
1814;12
1814;25
1814;67
1814;101
1814;301
1815;8
1815;10
1815;21
1815;67
1815;101
1815;222
1816;4
1816;12
1816;25
1816;50
1816;100
1816;177
1817;6
1817;19
1817;31
1817;63
1817;127
1817;250
1818;6
1818;12
1818;38
1818;61
1818;123
1818;301
1819;6
1819;13
1819;32
1819;64
1819;95
1819;324
1820;6
1820;13
1820;30
1820;50
1820;94
1820;315
1821;6
1821;10
1821;25
1821;63
1821;124
1821;160
1822;5
1822;19
1822;32
1822;63
1822;95
1822;160
1823;4
1823;19
1823;25
1823;57
1823;86
1823;251
1824;7
1824;12
1824;25
1824;53
1824;95
1824;251
1825;6
1825;13
1825;25
1825;50
1825;100
1825;274
1826;9
1826;10
1826;28
1826;57
1826;86
1826;268
1827;4
1827;14
1827;20
1827;50
1827;157
1827;162
1828;4
1828;12
1828;28
1828;58
1828;100
1828;175
1829;9
1829;11
1829;25
1829;56
1829;82
1829;189
1830;6
1830;13
1830;25
1830;50
1830;113
1830;175
1831;6
1831;10
1831;21
1831;50
1831;85
1831;177
1832;8
1832;10
1832;25
1832;44
1832;151
1832;175
1833;4
1833;12
1833;25
1833;57
1833;151
1833;166
1834;4
1834;13
1834;34
1834;57
1834;85
1834;173
1835;6
1835;16
1835;28
1835;56
1835;140
1835;224
1836;7
1836;18
1836;28
1836;57
1836;114
1836;201
1837;7
1837;14
1837;29
1837;56
1837;145
1837;202
1838;5
1838;14
1838;21
1838;55
1838;157
1838;166
1839;7
1839;14
1839;28
1839;42
1839;140
1839;168
1840;7
1840;14
1840;28
1840;56
1840;140
1840;168
1841;7
1841;14
1841;21
1841;56
1841;142
1841;170
1842;8
1842;19
1842;21
1842;42
1842;126
1842;168
1843;8
1843;10
1843;25
1843;42
1843;142
1843;185
1844;4
1844;14
1844;25
1844;42
1844;100
1844;185
1845;7
1845;14
1845;21
1845;56
1845;113
1845;197
1846;7
1846;14
1846;21
1846;56
1846;141
1846;197
1847;7
1847;14
1847;21
1847;77
1847;95
1847;169
1848;7
1848;14
1848;21
1848;55
1848;110
1848;225
1849;9
1849;10
1849;21
1849;57
1849;132
1849;219
1850;4
1850;14
1850;28
1850;57
1850;114
1850;313
1851;5
1851;10
1851;28
1851;57
1851;86
1851;174
1852;7
1852;12
1852;28
1852;56
1852;112
1852;194
1853;4
1853;17
1853;28
1853;42
1853;100
1853;199
1854;4
1854;11
1854;28
1854;42
1854;112
1854;168
1855;5
1855;12
1855;20
1855;56
1855;85
1855;169
1856;4
1856;12
1856;38
1856;57
1856;141
1856;170
1857;8
1857;12
1857;31
1857;63
1857;95
1857;160
1858;3
1858;19
1858;23
1858;63
1858;99
1858;167
1859;6
1859;13
1859;25
1859;66
1859;100
1859;167
1860;9
1860;12
1860;21
1860;76
1860;114
1860;191
1861;4
1861;12
1861;21
1861;75
1861;114
1861;191
1862;4
1862;12
1862;31
1862;63
1862;124
1862;252
1863;4
1863;16
1863;25
1863;62
1863;157
1863;189
1864;8
1864;17
1864;25
1864;64
1864;84
1864;190
1865;8
1865;12
1865;31
1865;62
1865;124
1865;189
1866;8
1866;10
1866;29
1866;42
1866;84
1866;220
1867;4
1867;12
1867;32
1867;42
1867;96
1867;160
1868;8
1868;12
1868;21
1868;42
1868;93
1868;190
1869;4
1869;12
1869;25
1869;56
1869;84
1869;178
1870;4
1870;17
1870;25
1870;74
1870;99
1870;252
1871;4
1871;17
1871;21
1871;42
1871;112
1871;227
1872;5
1872;12
1872;21
1872;63
1872;115
1872;186
1873;9
1873;14
1873;37
1873;56
1873;149
1873;183
1874;5
1874;10
1874;29
1874;58
1874;115
1874;176
1875;9
1875;19
1875;28
1875;56
1875;86
1875;252
1876;9
1876;13
1876;28
1876;47
1876;85
1876;178
1877;8
1877;10
1877;29
1877;58
1877;85
1877;258
1878;4
1878;11
1878;32
1878;56
1878;139
1878;169
1879;4
1879;11
1879;29
1879;57
1879;111
1879;168
1880;5
1880;16
1880;20
1880;40
1880;126
1880;160
1881;5
1881;16
1881;21
1881;56
1881;85
1881;160
1882;9
1882;10
1882;21
1882;42
1882;86
1882;253
1883;8
1883;10
1883;21
1883;42
1883;130
1883;186
1884;4
1884;12
1884;32
1884;42
1884;100
1884;192
1885;4
1885;16
1885;25
1885;56
1885;113
1885;202
1886;5
1886;10
1886;27
1886;54
1886;80
1886;160
1887;5
1887;11
1887;29
1887;58
1887;87
1887;252
1888;5
1888;11
1888;28
1888;57
1888;86
1888;168
1889;5
1889;10
1889;21
1889;56
1889;111
1889;177
1890;4
1890;11
1890;21
1890;56
1890;141
1890;169
1891;4
1891;11
1891;21
1891;56
1891;85
1891;176
1892;5
1892;10
1892;21
1892;40
1892;126
1892;193
1893;5
1893;10
1893;25
1893;50
1893;100
1893;221
1894;9
1894;10
1894;28
1894;41
1894;140
1894;165
1895;4
1895;11
1895;28
1895;42
1895;84
1895;365
1896;4
1896;10
1896;29
1896;57
1896;141
1896;167
1897;9
1897;10
1897;25
1897;56
1897;110
1897;332
1898;5
1898;16
1898;21
1898;58
1898;88
1898;263
1899;6
1899;12
1899;21
1899;53
1899;82
1899;253
1900;8
1900;10
1900;21
1900;79
1900;80
1900;178
1901;4
1901;12
1901;25
1901;75
1901;84
1901;177
1902;6
1902;13
1902;25
1902;79
1902;81
1902;162
1903;6
1903;13
1903;26
1903;78
1903;100
1903;188
1904;6
1904;12
1904;33
1904;67
1904;133
1904;167
1905;6
1905;12
1905;38
1905;76
1905;113
1905;303
1906;5
1906;14
1906;21
1906;75
1906;114
1906;163
1907;6
1907;12
1907;32
1907;64
1907;154
1907;161
1908;6
1908;13
1908;38
1908;63
1908;125
1908;252
1909;6
1909;12
1909;25
1909;64
1909;97
1909;161
1910;6
1910;13
1910;25
1910;60
1910;90
1910;253
1911;8
1911;13
1911;24
1911;49
1911;120
1911;172
1912;4
1912;12
1912;32
1912;64
1912;96
1912;160
1913;4
1913;19
1913;25
1913;62
1913;93
1913;188
1914;7
1914;13
1914;23
1914;56
1914;84
1914;175
1915;6
1915;13
1915;38
1915;51
1915;95
1915;283
1916;6
1916;19
1916;28
1916;54
1916;82
1916;304
1917;8
1917;10
1917;21
1917;42
1917;124
1917;214
1918;4
1918;11
1918;32
1918;75
1918;100
1918;251
1919;4
1919;16
1919;29
1919;58
1919;140
1919;166
1920;9
1920;12
1920;25
1920;58
1920;84
1920;177
1921;6
1921;13
1921;25
1921;50
1921;100
1921;251
1922;5
1922;11
1922;21
1922;50
1922;101
1922;177
1923;6
1923;10
1923;27
1923;50
1923;94
1923;176
1924;6
1924;12
1924;25
1924;56
1924;84
1924;168
1925;4
1925;13
1925;29
1925;57
1925;100
1925;175
1926;6
1926;13
1926;29
1926;57
1926;141
1926;200
1927;8
1927;17
1927;27
1927;53
1927;107
1927;280
1928;9
1928;14
1928;21
1928;56
1928;84
1928;168
1929;4
1929;14
1929;28
1929;57
1929;142
1929;170
1930;4
1930;14
1930;28
1930;56
1930;84
1930;366
1931;7
1931;14
1931;28
1931;57
1931;140
1931;170
1932;8
1932;15
1932;21
1932;53
1932;84
1932;178
1933;8
1933;16
1933;31
1933;42
1933;117
1933;251
1934;8
1934;10
1934;25
1934;42
1934;137
1934;220
1935;4
1935;14
1935;21
1935;42
1935;105
1935;169
1936;7
1936;14
1936;21
1936;56
1936;113
1936;225
1937;7
1937;14
1937;20
1937;47
1937;90
1937;253
1938;7
1938;14
1938;21
1938;75
1938;99
1938;174
1939;7
1939;14
1939;21
1939;57
1939;113
1939;169
1940;6
1940;12
1940;28
1940;55
1940;83
1940;169
1941;4
1941;15
1941;27
1941;50
1941;110
1941;170
1942;5
1942;14
1942;28
1942;50
1942;113
1942;169
1943;4
1943;12
1943;20
1943;57
1943;85
1943;201
1944;9
1944;10
1944;28
1944;56
1944;140
1944;167
1945;9
1945;11
1945;27
1945;56
1945;107
1945;164
1946;4
1946;12
1946;20
1946;56
1946;86
1946;170
1947;4
1947;12
1947;28
1947;56
1947;140
1947;168
1948;4
1948;12
1948;32
1948;55
1948;112
1948;170
1949;8
1949;12
1949;28
1949;76
1949;101
1949;301
1950;5
1950;17
1950;25
1950;43
1950;148
1950;296
1951;8
1951;10
1951;21
1951;40
1951;118
1951;218
1952;4
1952;17
1952;21
1952;63
1952;99
1952;191
1953;4
1953;17
1953;23
1953;63
1953;101
1953;169
1954;4
1954;17
1954;21
1954;63
1954;84
1954;190
1955;8
1955;14
1955;34
1955;42
1955;84
1955;169
1956;8
1956;11
1956;25
1956;42
1956;106
1956;169
1957;6
1957;10
1957;24
1957;49
1957;125
1957;227
1958;4
1958;14
1958;21
1958;42
1958;141
1958;252
1959;4
1959;11
1959;21
1959;42
1959;132
1959;174
1960;9
1960;12
1960;25
1960;42
1960;133
1960;169
1961;4
1961;14
1961;25
1961;64
1961;85
1961;162
1962;9
1962;13
1962;20
1962;42
1962;95
1962;184
1963;5
1963;10
1963;38
1963;74
1963;89
1963;185
1964;7
1964;10
1964;38
1964;76
1964;83
1964;167
1965;5
1965;10
1965;20
1965;76
1965;113
1965;196
1966;9
1966;10
1966;38
1966;75
1966;80
1966;198
1967;8
1967;12
1967;38
1967;76
1967;85
1967;177
1968;8
1968;10
1968;21
1968;76
1968;85
1968;269
1969;4
1969;10
1969;21
1969;76
1969;84
1969;281
1970;5
1970;11
1970;21
1970;75
1970;114
1970;160
1971;5
1971;10
1971;37
1971;75
1971;85
1971;160
1972;5
1972;10
1972;25
1972;75
1972;84
1972;271
1973;5
1973;10
1973;31
1973;42
1973;113
1973;275
1974;7
1974;11
1974;21
1974;75
1974;84
1974;163
1975;5
1975;11
1975;21
1975;42
1975;95
1975;281
1976;4
1976;10
1976;38
1976;42
1976;85
1976;285
1977;5
1977;10
1977;21
1977;75
1977;84
1977;165
1978;5
1978;11
1978;21
1978;50
1978;85
1978;341
1979;5
1979;11
1979;38
1979;42
1979;125
1979;221
1980;4
1980;11
1980;28
1980;56
1980;85
1980;255
1981;4
1981;10
1981;28
1981;55
1981;83
1981;220
1982;4
1982;11
1982;29
1982;57
1982;114
1982;253
1983;9
1983;10
1983;32
1983;42
1983;85
1983;249
1984;9
1984;10
1984;21
1984;42
1984;83
1984;250
1985;8
1985;10
1985;21
1985;42
1985;114
1985;184
1986;4
1986;10
1986;28
1986;57
1986;85
1986;283
1987;4
1987;11
1987;28
1987;55
1987;111
1987;220
1988;5
1988;15
1988;20
1988;60
1988;121
1988;169
1989;5
1989;16
1989;26
1989;75
1989;84
1989;160
1990;6
1990;12
1990;25
1990;57
1990;83
1990;170
1991;6
1991;10
1991;37
1991;56
1991;99
1991;203
1992;6
1992;12
1992;25
1992;51
1992;87
1992;175
1993;6
1993;13
1993;23
1993;75
1993;100
1993;199
1994;6
1994;13
1994;29
1994;55
1994;111
1994;199
1995;6
1995;18
1995;28
1995;57
1995;112
1995;197
1996;6
1996;13
1996;25
1996;56
1996;85
1996;224
1997;4
1997;12
1997;25
1997;50
1997;150
1997;163
1998;6
1998;13
1998;25
1998;56
1998;112
1998;197
1999;6
1999;13
1999;38
1999;56
1999;112
1999;198
2000;6
2000;13
2000;25
2000;56
2000;85
2000;198
2001;6
2001;13
2001;20
2001;56
2001;151
2001;201
2002;8
2002;10
2002;29
2002;48
2002;139
2002;197
2003;4
2003;19
2003;25
2003;57
2003;84
2003;169
2004;4
2004;19
2004;32
2004;76
2004;84
2004;198
2005;8
2005;13
2005;25
2005;49
2005;111
2005;254
2006;6
2006;12
2006;25
2006;50
2006;100
2006;199
2007;6
2007;19
2007;38
2007;50
2007;85
2007;198
2008;8
2008;10
2008;20
2008;56
2008;115
2008;182
2009;4
2009;12
2009;25
2009;56
2009;113
2009;225
2010;4
2010;16
2010;25
2010;56
2010;80
2010;176
2011;6
2011;12
2011;25
2011;42
2011;99
2011;176
2012;6
2012;13
2012;25
2012;50
2012;113
2012;201
2013;5
2013;11
2013;25
2013;50
2013;113
2013;177
2014;5
2014;10
2014;25
2014;49
2014;100
2014;176
2015;6
2015;13
2015;25
2015;50
2015;86
2015;175
2016;4
2016;12
2016;25
2016;75
2016;100
2016;501
2017;6
2017;13
2017;29
2017;56
2017;84
2017;226
2018;6
2018;18
2018;28
2018;57
2018;81
2018;280
2019;7
2019;14
2019;28
2019;55
2019;83
2019;171
2020;4
2020;14
2020;28
2020;42
2020;151
2020;214
2021;5
2021;14
2021;21
2021;56
2021;100
2021;170
2022;7
2022;14
2022;21
2022;63
2022;84
2022;170
2023;6
2023;15
2023;21
2023;55
2023;84
2023;178
2024;7
2024;14
2024;31
2024;42
2024;86
2024;252
2025;8
2025;10
2025;25
2025;42
2025;84
2025;221
2026;4
2026;14
2026;25
2026;55
2026;83
2026;302
2027;7
2027;14
2027;21
2027;60
2027;90
2027;225
2028;7
2028;14
2028;28
2028;56
2028;141
2028;197
2029;7
2029;14
2029;21
2029;56
2029;84
2029;170
2030;7
2030;14
2030;21
2030;56
2030;85
2030;169
2031;7
2031;12
2031;21
2031;56
2031;85
2031;161
2032;4
2032;12
2032;28
2032;55
2032;112
2032;303
2033;5
2033;17
2033;29
2033;60
2033;92
2033;209
2034;4
2034;12
2034;20
2034;47
2034;85
2034;167
2035;9
2035;10
2035;21
2035;42
2035;84
2035;221
2036;3
2036;11
2036;21
2036;55
2036;85
2036;222
2037;4
2037;19
2037;20
2037;75
2037;105
2037;170
2038;4
2038;12
2038;20
2038;56
2038;84
2038;169
2039;4
2039;12
2039;32
2039;56
2039;110
2039;280
2040;8
2040;16
2040;30
2040;55
2040;85
2040;224
2041;8
2041;17
2041;25
2041;56
2041;118
2041;191
2042;9
2042;10
2042;21
2042;56
2042;123
2042;252
2043;8
2043;18
2043;21
2043;42
2043;151
2043;252
2044;4
2044;17
2044;21
2044;42
2044;83
2044;169
2045;8
2045;17
2045;20
2045;53
2045;100
2045;210
2046;8
2046;14
2046;25
2046;57
2046;113
2046;252
2047;8
2047;11
2047;25
2047;42
2047;84
2047;253
2048;7
2048;10
2048;28
2048;42
2048;85
2048;169
2049;4
2049;14
2049;28
2049;56
2049;86
2049;168
2050;4
2050;11
2050;21
2050;56
2050;85
2050;170
2051;9
2051;12
2051;25
2051;42
2051;83
2051;202
2052;4
2052;16
2052;20
2052;42
2052;117
2052;276
2053;9
2053;13
2053;25
2053;42
2053;83
2053;235
2054;5
2054;10
2054;38
2054;56
2054;84
2054;176
2055;7
2055;19
2055;38
2055;55
2055;83
2055;176
2056;5
2056;10
2056;36
2056;52
2056;80
2056;169
2057;9
2057;10
2057;37
2057;48
2057;83
2057;198
2058;9
2058;10
2058;38
2058;42
2058;134
2058;177
2059;3
2059;10
2059;25
2059;42
2059;85
2059;177
2060;8
2060;12
2060;23
2060;42
2060;84
2060;176
2061;3
2061;12
2061;20
2061;64
2061;84
2061;177
2062;8
2062;10
2062;23
2062;49
2062;80
2062;177
2063;3
2063;10
2063;20
2063;46
2063;80
2063;170
2064;5
2064;11
2064;25
2064;71
2064;85
2064;177
2065;3
2065;10
2065;24
2065;51
2065;85
2065;161
2066;3
2066;10
2066;24
2066;43
2066;82
2066;166
2067;4
2067;12
2067;22
2067;40
2067;84
2067;168
2068;4
2068;10
2068;32
2068;50
2068;89
2068;168
2069;3
2069;10
2069;26
2069;46
2069;93
2069;164
2070;5
2070;10
2070;28
2070;44
2070;86
2070;163
2071;4
2071;10
2071;23
2071;44
2071;85
2071;163
2072;5
2072;14
2072;23
2072;40
2072;80
2072;176
2073;3
2073;10
2073;22
2073;41
2073;84
2073;165
2074;6
2074;10
2074;24
2074;51
2074;86
2074;168
2075;2
2075;14
2075;23
2075;40
2075;84
2075;192
2076;4
2076;10
2076;20
2076;43
2076;85
2076;168
2077;5
2077;12
2077;21
2077;45
2077;92
2077;164
2078;5
2078;12
2078;21
2078;41
2078;93
2078;168
2079;3
2079;11
2079;20
2079;44
2079;84
2079;179
2080;3
2080;12
2080;20
2080;55
2080;95
2080;168
2081;5
2081;12
2081;21
2081;44
2081;80
2081;161
2082;4
2082;10
2082;24
2082;42
2082;99
2082;162
2083;4
2083;10
2083;25
2083;49
2083;105
2083;163
2084;5
2084;10
2084;21
2084;55
2084;87
2084;161
2085;5
2085;12
2085;22
2085;49
2085;80
2085;169
2086;5
2086;10
2086;22
2086;57
2086;95
2086;163
2087;4
2087;10
2087;21
2087;40
2087;82
2087;182
2088;5
2088;10
2088;22
2088;45
2088;84
2088;168
2089;8
2089;10
2089;23
2089;43
2089;107
2089;162
2090;5
2090;10
2090;22
2090;43
2090;82
2090;183
2091;3
2091;10
2091;30
2091;43
2091;90
2091;168
2092;7
2092;12
2092;22
2092;41
2092;86
2092;165
2093;2
2093;10
2093;22
2093;44
2093;86
2093;168
2094;5
2094;12
2094;21
2094;46
2094;86
2094;182
2095;8
2095;12
2095;25
2095;44
2095;99
2095;166
2096;4
2096;12
2096;21
2096;44
2096;99
2096;171
2097;5
2097;12
2097;21
2097;40
2097;97
2097;167
2098;5
2098;10
2098;26
2098;40
2098;81
2098;168
2099;8
2099;12
2099;22
2099;58
2099;82
2099;167
2100;2
2100;11
2100;20
2100;41
2100;81
2100;165
2101;5
2101;12
2101;20
2101;49
2101;80
2101;184
2102;3
2102;12
2102;20
2102;44
2102;123
2102;170
2103;4
2103;10
2103;22
2103;40
2103;96
2103;185
2104;3
2104;10
2104;23
2104;44
2104;104
2104;182
2105;7
2105;10
2105;22
2105;43
2105;81
2105;259
2106;0
2106;13
2106;25
2106;72
2106;140
2106;472
2107;0
2107;13
2107;30
2107;43
2107;103
2107;486
2108;0
2108;13
2108;26
2108;51
2108;133
2108;237
2109;5
2109;18
2109;20
2109;41
2109;114
2109;174
