16;0
16;10
16;31
16;66
16;133
16;267
17;9
17;10
17;30
17;76
17;123
17;168
18;4
18;13
18;30
18;60
18;99
18;179
19;4
19;12
19;39
19;66
19;119
19;176
20;8
20;17
20;33
20;45
20;103
20;211
21;9
21;10
21;30
21;75
21;120
21;179
22;8
22;13
22;30
22;50
22;126
22;358
23;8
23;10
23;33
23;50
23;150
23;197
24;9
24;10
24;39
24;65
24;123
24;161
25;5
25;13
25;24
25;66
25;133
25;498
26;4
26;17
26;30
26;60
26;119
26;168
27;9
27;13
27;30
27;60
27;99
27;179
28;8
28;12
28;24
28;50
28;80
28;180
29;8
29;10
29;33
29;59
29;89
29;211
30;8
30;16
30;33
30;66
30;147
30;197
31;8
31;12
31;20
31;53
31;123
31;168
32;6
32;10
32;30
32;59
32;80
32;176
33;3
33;12
33;30
33;50
33;100
33;177
34;8
34;12
34;33
34;58
34;102
34;197
35;7
35;17
35;26
35;64
35;149
35;180
36;8
36;10
36;33
36;62
36;98
36;198
37;9
37;10
37;30
37;50
37;120
37;176
38;8
38;13
38;30
38;60
38;125
38;239
39;6
39;11
39;20
39;50
39;106
39;462
40;4
40;17
40;33
40;75
40;105
40;239
41;4
41;17
41;33
41;59
41;91
41;207
42;9
42;10
42;29
42;41
42;119
42;169
43;8
43;12
43;30
43;60
43;119
43;180
44;8
44;13
44;30
44;58
44;84
44;211
45;8
45;10
45;33
45;60
45;89
45;180
46;7
46;10
46;30
46;40
46;119
46;179
47;4
47;13
47;30
47;40
47;148
47;178
48;4
48;11
48;24
48;50
48;80
48;180
49;8
49;17
49;34
49;65
49;121
49;166
50;8
50;10
50;30
50;60
50;125
50;179
51;8
51;13
51;30
51;50
51;126
51;181
52;8
52;11
52;33
52;50
52;84
52;197
53;9
53;10
53;23
53;52
53;123
53;161
54;4
54;13
54;21
54;66
54;133
54;395
55;4
55;10
55;30
55;60
55;119
55;179
56;8
56;13
56;30
56;59
56;150
56;239
57;8
57;11
57;33
57;50
57;151
57;198
58;8
58;17
58;33
58;60
58;134
58;211
59;7
59;16
59;33
59;66
59;147
59;197
60;9
60;10
60;20
60;79
60;123
60;168
61;5
61;10
61;30
61;60
61;99
61;179
62;4
62;12
62;30
62;50
62;80
62;180
63;7
63;12
63;33
63;58
63;89
63;180
64;7
64;17
64;25
64;64
64;148
64;180
65;8
65;12
65;36
65;62
65;98
65;168
66;9
66;10
66;30
66;60
66;120
66;176
67;8
67;10
67;30
67;60
67;125
67;239
68;6
68;13
68;23
68;50
68;106
68;488
69;3
69;17
69;33
69;75
69;105
69;239
70;4
70;17
70;33
70;58
70;91
70;198
71;8
71;10
71;29
71;58
71;119
71;169
72;8
72;12
72;30
72;60
72;119
72;180
73;8
73;13
73;33
73;59
73;84
73;197
74;8
74;10
74;33
74;60
74;89
74;239
75;6
75;10
75;30
75;40
75;119
75;179
76;4
76;12
76;30
76;40
76;100
76;177
77;3
77;12
77;25
77;50
77;80
77;180
78;8
78;12
78;30
78;40
78;123
78;169
79;9
79;12
79;30
79;60
79;98
79;179
80;8
80;17
80;30
80;59
80;89
80;180
81;8
81;10
81;33
81;60
81;91
81;169
82;8
82;10
82;22
82;43
82;122
82;202
83;4
83;13
83;34
83;66
83;132
83;395
84;8
84;10
84;30
84;60
84;120
84;179
85;8
85;12
85;30
85;59
85;150
85;239
86;8
86;11
86;24
86;50
86;151
86;197
87;8
87;17
87;33
87;65
87;134
87;180
88;6
88;13
88;33
88;66
88;89
88;198
89;9
89;10
89;20
89;79
89;123
89;168
90;5
90;13
90;30
90;60
90;99
90;179
91;4
91;17
91;30
91;50
91;126
91;180
92;7
92;17
92;33
92;58
92;89
92;180
93;7
93;17
93;25
93;64
93;112
93;170
94;8
94;18
94;20
94;58
94;104
94;168
95;8
95;10
95;30
95;60
95;119
95;179
96;8
96;10
96;20
96;60
96;126
96;203
97;5
97;13
97;21
97;50
97;105
97;396
98;4
98;17
98;33
98;62
98;104
98;207
99;4
99;17
99;30
99;57
99;91
99;198
100;8
100;11
100;30
100;59
100;119
100;201
101;8
101;12
101;30
101;59
101;119
101;180
102;8
102;12
102;33
102;59
102;151
102;197
103;8
103;10
103;33
103;54
103;125
103;168
104;6
104;10
104;30
104;40
104;119
104;179
105;3
105;12
105;30
105;40
105;80
105;176
106;3
106;12
106;29
106;40
106;89
106;180
107;9
107;14
107;30
107;40
107;128
107;169
108;8
108;13
108;30
108;60
108;99
108;179
109;8
109;17
109;33
109;59
109;89
109;211
110;8
110;13
110;33
110;60
110;126
110;164
111;6
111;13
111;26
111;53
111;121
111;397
112;4
112;12
112;32
112;76
112;140
112;168
113;8
113;12
113;30
113;50
113;100
113;179
114;8
114;13
114;30
114;50
114;89
114;177
115;8
115;11
115;33
115;50
115;84
115;197
116;9
116;10
116;33
116;69
116;135
116;207
117;8
117;10
117;39
117;70
117;141
117;211
118;7
118;10
118;30
118;60
118;119
118;176
119;4
119;13
119;25
119;79
119;80
119;178
120;4
120;12
120;33
120;72
120;146
120;219
121;3
121;12
121;33
121;73
121;141
121;220
122;4
122;12
122;39
122;74
122;148
122;223
123;9
123;10
123;25
123;59
123;149
123;191
124;8
124;13
124;30
124;60
124;98
124;239
125;8
125;19
125;21
125;48
125;81
125;222
126;8
126;12
126;27
126;78
126;90
126;164
127;8
127;18
127;30
127;59
127;117
127;267
128;8
128;12
128;30
128;49
128;139
128;167
129;8
129;15
129;34
129;68
129;102
129;273
130;8
130;13
130;32
130;67
130;99
130;265
131;8
131;16
131;24
131;67
131;101
131;272
132;6
132;11
132;24
132;51
132;125
132;168
133;4
133;10
133;31
133;69
133;120
133;179
134;4
134;13
134;34
134;69
134;119
134;403
135;4
135;10
135;38
135;76
135;151
135;264
136;4
136;13
136;37
136;76
136;150
136;188
137;4
137;12
137;38
137;76
137;113
137;189
138;7
138;10
138;37
138;44
138;131
138;225
139;4
139;10
139;33
139;56
139;112
139;202
140;6
140;13
140;26
140;65
140;101
140;196
141;4
141;13
141;28
141;53
141;98
141;351
142;4
142;10
142;37
142;55
142;102
142;205
143;9
143;10
143;30
143;50
143;148
143;177
144;5
144;10
144;38
144;75
144;120
144;301
145;9
145;10
145;37
145;50
145;150
145;358
146;9
146;10
146;38
146;51
146;155
146;168
147;6
147;10
147;20
147;60
147;90
147;210
148;3
148;19
148;32
148;50
148;151
148;196
149;3
149;11
149;38
149;56
149;119
149;180
150;4
150;19
150;24
150;50
150;159
150;160
151;4
151;17
151;30
151;76
151;151
151;178
152;8
152;10
152;25
152;60
152;151
152;239
153;4
153;15
153;22
153;75
153;120
153;179
154;7
154;13
154;30
154;59
154;89
154;179
155;4
155;12
155;25
155;60
155;159
155;179
156;4
156;12
156;32
156;60
156;159
156;213
157;8
157;10
157;20
157;67
157;143
157;160
158;6
158;10
158;33
158;66
158;99
158;263
159;6
159;19
159;34
159;68
159;99
159;197
160;6
160;16
160;30
160;60
160;120
160;180
161;9
161;10
161;30
161;75
161;93
161;203
162;4
162;10
162;20
162;67
162;151
162;201
163;4
163;10
163;38
163;68
163;135
163;170
164;6
164;19
164;38
164;76
164;114
164;189
165;7
165;10
165;30
165;60
165;89
165;225
166;5
166;10
166;37
166;75
166;112
166;224
167;9
167;10
167;33
167;56
167;112
167;168
168;9
168;10
168;29
168;67
168;100
168;193
169;4
169;13
169;29
169;58
169;85
169;356
170;4
170;10
170;39
170;43
170;84
170;198
171;8
171;11
171;38
171;52
171;89
171;189
172;9
172;13
172;30
172;60
172;120
172;179
173;8
173;12
173;25
173;59
173;100
173;201
174;8
174;10
174;25
174;60
174;149
174;184
175;9
175;10
175;25
175;54
175;156
175;248
176;5
176;10
176;29
176;59
176;89
176;263
177;4
177;11
177;29
177;59
177;148
177;197
178;4
178;17
178;30
178;61
178;89
178;180
179;4
179;17
179;25
179;50
179;149
179;182
180;6
180;19
180;25
180;50
180;99
180;198
181;7
181;11
181;30
181;59
181;159
181;179
182;9
182;13
182;21
182;69
182;112
182;179
183;6
183;13
183;29
183;61
183;90
183;181
184;4
184;13
184;31
184;62
184;89
184;192
185;6
185;12
185;20
185;60
185;159
185;180
186;6
186;11
186;33
186;66
186;159
186;160
187;6
187;13
187;33
187;67
187;135
187;166
188;8
188;13
188;34
188;66
188;132
188;199
189;8
189;10
189;33
189;67
189;90
189;179
190;6
190;10
190;38
190;67
190;100
190;298
191;5
191;10
191;30
191;68
191;112
191;276
192;4
192;11
192;37
192;75
192;112
192;302
193;4
193;11
193;38
193;76
193;115
193;304
194;5
194;10
194;38
194;74
194;113
194;296
195;8
195;10
195;23
195;45
195;117
195;313
196;9
196;10
196;28
196;56
196;113
196;189
197;7
197;13
197;26
197;68
197;100
197;182
198;4
198;13
198;30
198;59
198;114
198;263
199;4
199;18
199;36
199;58
199;94
199;268
200;7
200;13
200;29
200;50
200;138
200;177
201;4
201;13
201;30
201;59
201;101
201;239
202;9
202;10
202;25
202;60
202;119
202;238
203;8
203;19
203;23
203;48
203;150
203;190
204;8
204;10
204;30
204;59
204;150
204;176
205;4
205;10
205;30
205;58
205;117
205;267
206;4
206;12
206;30
206;60
206;119
206;197
207;7
207;15
207;22
207;51
207;119
207;181
208;7
208;11
208;30
208;75
208;100
208;181
209;9
209;11
209;29
209;75
209;151
209;180
210;7
210;10
210;25
210;60
210;159
210;180
211;9
211;13
211;20
211;60
211;91
211;239
212;4
212;17
212;30
212;60
212;91
212;179
213;4
213;11
213;30
213;75
213;159
213;161
214;6
214;12
214;25
214;60
214;159
214;179
215;7
215;12
215;20
215;68
215;135
215;166
216;6
216;19
216;20
216;69
216;135
216;179
217;8
217;12
217;20
217;68
217;151
217;181
218;8
218;10
218;24
218;79
218;121
218;180
219;5
219;10
219;38
219;67
219;134
219;226
220;4
220;10
220;35
220;75
220;136
220;300
221;9
221;10
221;37
221;75
221;150
221;302
222;9
222;10
222;25
222;76
222;151
222;301
223;9
223;10
223;37
223;76
223;150
223;188
224;8
224;11
224;33
224;67
224;113
224;188
225;9
225;10
225;28
225;75
225;135
225;185
226;6
226;13
226;24
226;75
226;150
226;237
227;4
227;17
227;29
227;58
227;102
227;357
228;8
228;10
228;33
228;57
228;109
228;432
229;8
229;12
229;29
229;60
229;118
229;160
230;4
230;18
230;30
230;50
230;106
230;239
231;8
231;10
231;33
231;66
231;99
231;160
232;9
232;16
232;34
232;67
232;133
232;202
233;6
233;10
233;20
233;60
233;119
233;199
234;4
234;12
234;33
234;67
234;118
234;300
235;9
235;11
235;26
235;60
235;119
235;181
236;9
236;11
236;20
236;75
236;118
236;177
237;6
237;15
237;30
237;60
237;120
237;188
238;6
238;12
238;23
238;60
238;89
238;178
239;4
239;18
239;30
239;66
239;112
239;179
240;7
240;13
240;20
240;75
240;127
240;165
241;4
241;16
241;30
241;59
241;119
241;179
242;4
242;11
242;30
242;60
242;159
242;200
243;6
243;12
243;23
243;41
243;149
243;199
244;7
244;11
244;33
244;66
244;109
244;200
245;6
245;12
245;34
245;70
245;102
245;210
246;8
246;12
246;24
246;60
246;159
246;179
247;7
247;11
247;31
247;65
247;117
247;161
248;4
248;10
248;30
248;67
248;150
248;168
249;4
249;13
249;39
249;69
249;99
249;171
250;4
250;13
250;38
250;74
250;150
250;187
251;4
251;13
251;38
251;76
251;113
251;189
252;4
252;10
252;38
252;75
252;113
252;262
253;9
253;10
253;28
253;56
253;134
253;168
254;4
254;10
254;32
254;67
254;101
254;183
255;5
255;13
255;29
255;57
255;87
255;357
256;4
256;16
256;24
256;50
256;96
256;345
257;4
257;11
257;36
257;75
257;85
257;320
258;9
258;10
258;30
258;75
258;149
258;300
259;5
259;10
259;38
259;75
259;151
259;200
260;9
260;10
260;38
260;75
260;152
260;419
261;9
261;10
261;30
261;61
261;158
261;162
262;5
262;10
262;30
262;60
262;89
262;206
263;4
263;19
263;30
263;50
263;149
263;197
264;4
264;14
264;29
264;75
264;150
264;371
265;4
265;19
265;25
265;52
265;99
265;173
266;4
266;19
266;26
266;51
266;152
266;177
267;7
267;11
267;25
267;60
267;159
267;239
268;4
268;19
268;26
268;55
268;153
268;183
269;6
269;13
269;30
269;60
269;90
269;211
270;4
270;13
270;32
270;60
270;159
270;160
271;5
271;12
271;32
271;50
271;159
271;224
272;8
272;10
272;21
272;68
272;99
272;270
273;5
273;19
273;33
273;66
273;99
273;179
274;6
274;17
274;31
274;63
274;99
274;197
275;9
275;16
275;30
275;60
275;134
275;180
276;6
276;10
276;20
276;67
276;100
276;187
277;5
277;10
277;20
277;67
277;135
277;201
278;4
278;11
278;37
278;70
278;136
278;175
279;6
279;10
279;38
279;76
279;152
279;190
280;7
280;10
280;37
280;75
280;119
280;187
281;9
281;10
281;38
281;56
281;134
281;187
282;9
282;10
282;33
282;67
282;112
282;169
283;7
283;10
283;35
283;69
283;104
283;224
284;4
284;13
284;27
284;52
284;84
284;347
285;4
285;17
285;39
285;48
285;87
285;264
286;7
286;11
286;25
286;52
286;122
286;169
287;4
287;13
287;25
287;60
287;151
287;175
288;4
288;12
288;25
288;50
288;100
288;179
289;4
289;18
289;20
289;50
289;89
289;360
290;8
290;10
290;23
290;60
290;92
290;177
291;4
291;10
291;29
291;59
291;89
291;268
292;4
292;11
292;30
292;59
292;149
292;176
293;6
293;19
293;30
293;59
293;149
293;269
294;5
294;19
294;25
294;60
294;152
294;187
295;6
295;19
295;25
295;50
295;151
295;226
296;7
296;11
296;30
296;60
296;159
296;179
297;9
297;13
297;20
297;42
297;126
297;496
298;5
298;13
298;29
298;58
298;150
298;294
299;4
299;19
299;30
299;59
299;149
299;202
300;6
300;12
300;27
300;60
300;159
300;180
301;7
301;11
301;30
301;59
301;89
301;198
302;6
302;13
302;30
302;68
302;100
302;160
303;8
303;13
303;33
303;67
303;101
303;199
304;9
304;10
304;34
304;59
304;102
304;180
305;5
305;10
305;20
305;68
305;100
305;179
306;5
306;10
306;37
306;76
306;112
306;187
307;6
307;10
307;37
307;75
307;112
307;262
308;4
308;10
308;38
308;76
308;115
308;305
309;9
309;10
309;37
309;75
309;111
309;187
310;7
310;10
310;22
310;45
310;133
310;193
311;9
311;10
311;38
311;75
311;113
311;187
312;6
312;13
312;26
312;61
312;90
312;164
313;4
313;14
313;23
313;56
313;100
313;197
314;8
314;18
314;36
314;56
314;113
314;262
315;7
315;13
315;29
315;51
315;119
315;198
316;4
316;13
316;30
316;40
316;120
316;188
317;8
317;10
317;30
317;75
317;119
317;189
318;8
318;10
318;30
318;75
318;133
318;187
319;7
319;10
319;30
319;58
319;90
319;271
320;4
320;10
320;29
320;59
320;148
320;196
321;4
321;19
321;30
321;60
321;120
321;211
322;5
322;19
322;21
322;51
322;150
322;210
323;6
323;19
323;25
323;75
323;151
323;181
324;9
324;10
324;29
324;61
324;120
324;181
325;3
325;15
325;25
325;60
325;159
325;179
326;7
326;13
326;20
326;59
326;89
326;239
327;4
327;11
327;31
327;60
327;152
327;179
328;4
328;11
328;30
328;75
328;159
328;161
329;6
329;12
329;34
329;65
329;137
329;179
330;6
330;19
330;20
330;66
330;133
330;163
331;6
331;12
331;20
331;60
331;89
331;209
332;8
332;10
332;20
332;65
332;151
332;210
333;9
333;10
333;20
333;60
333;101
333;184
334;5
334;10
334;38
334;75
334;135
334;272
335;4
335;10
335;30
335;76
335;115
335;304
336;7
336;11
336;37
336;75
336;112
336;336
337;9
337;10
337;30
337;78
337;116
337;179
338;9
338;10
338;38
338;76
338;113
338;301
339;5
339;10
339;20
339;56
339;133
339;168
340;8
340;10
340;27
340;68
340;123
340;183
341;5
341;13
341;33
341;65
341;131
341;265
342;4
342;19
342;25
342;58
342;115
342;190
343;6
343;12
343;29
343;68
343;95
343;433
344;8
344;12
344;30
344;60
344;100
344;180
345;8
345;12
345;30
345;75
345;149
345;240
346;8
346;10
346;33
346;67
346;135
346;168
347;8
347;10
347;34
347;67
347;133
347;202
348;6
348;10
348;20
348;60
348;81
348;175
349;4
349;13
349;32
349;66
349;118
349;165
350;4
350;19
350;30
350;60
350;120
350;180
351;7
351;18
351;30
351;59
351;118
351;189
352;8
352;15
352;30
352;60
352;120
352;181
353;8
353;10
353;30
353;59
353;119
353;180
354;3
354;18
354;33
354;67
354;134
354;179
355;9
355;12
355;27
355;68
355;159
355;178
356;8
356;17
356;30
356;66
356;148
356;179
357;6
357;12
357;30
357;56
357;159
357;160
358;6
358;11
358;30
358;40
358;159
358;199
359;7
359;12
359;29
359;75
359;89
359;178
360;7
360;10
360;31
360;55
360;89
360;211
361;8
361;19
361;38
361;56
361;90
361;238
362;7
362;10
362;37
362;67
362;117
362;235
363;4
363;15
363;25
363;75
363;119
363;300
364;4
364;19
364;39
364;40
364;80
364;220
365;4
365;17
365;20
365;45
365;149
365;196
366;4
366;17
366;22
366;67
366;157
366;180
367;4
367;10
367;22
367;45
367;156
367;201
368;4
368;19
368;26
368;45
368;102
368;229
369;8
369;10
369;26
369;44
369;151
369;185
370;5
370;13
370;20
370;78
370;148
370;239
371;4
371;12
371;20
371;60
371;149
371;198
372;4
372;11
372;38
372;67
372;156
372;212
373;4
373;14
373;32
373;60
373;120
373;181
374;4
374;12
374;37
374;60
374;90
374;181
375;7
375;19
375;38
375;76
375;150
375;244
376;9
376;10
376;20
376;57
376;133
376;302
377;5
377;19
377;20
377;74
377;131
377;388
378;4
378;19
378;20
378;60
378;80
378;160
379;8
379;19
379;20
379;40
379;132
379;160
380;8
380;11
380;23
380;44
380;88
380;177
381;8
381;17
381;23
381;45
381;90
381;181
382;7
382;19
382;23
382;44
382;90
382;204
383;9
383;13
383;25
383;74
383;126
383;186
384;5
384;13
384;26
384;44
384;118
384;341
385;4
385;13
385;23
385;44
385;151
385;197
386;5
386;19
386;25
386;77
386;151
386;273
387;7
387;10
387;22
387;61
387;145
387;181
388;5
388;19
388;38
388;60
388;151
388;189
389;7
389;11
389;37
389;56
389;93
389;335
390;5
390;19
390;38
390;56
390;94
390;265
391;6
391;19
391;38
391;56
391;113
391;320
392;4
392;19
392;39
392;59
392;99
392;272
393;6
393;19
393;20
393;40
393;80
393;182
394;7
394;10
394;23
394;45
394;159
394;160
395;8
395;17
395;22
395;44
395;111
395;246
396;8
396;10
396;22
396;67
396;88
396;198
397;9
397;18
397;20
397;61
397;156
397;165
398;6
398;14
398;30
398;44
398;117
398;403
399;4
399;15
399;30
399;45
399;121
399;240
400;4
400;14
400;27
400;43
400;146
400;283
401;4
401;16
401;32
401;61
401;138
401;306
402;7
402;15
402;30
402;60
402;120
402;181
403;8
403;10
403;36
403;56
403;151
403;184
404;3
404;19
404;38
404;57
404;151
404;181
405;7
405;10
405;37
405;76
405;133
405;182
406;4
406;12
406;37
406;56
406;155
406;252
407;8
407;19
407;39
407;40
407;119
407;160
408;8
408;10
408;29
408;40
408;156
408;172
409;9
409;17
409;22
409;67
409;156
409;179
410;8
410;17
410;22
410;45
410;135
410;180
411;7
411;19
411;23
411;44
411;118
411;198
412;8
412;14
412;20
412;44
412;127
412;246
413;4
413;13
413;26
413;56
413;149
413;496
414;4
414;11
414;39
414;77
414;150
414;198
415;5
415;13
415;24
415;76
415;153
415;303
416;6
416;11
416;25
416;65
416;89
416;168
417;4
417;19
417;20
417;60
417;120
417;181
418;7
418;11
418;37
418;56
418;93
418;164
419;9
419;10
419;38
419;57
419;132
419;322
420;5
420;19
420;20
420;60
420;132
420;188
421;4
421;18
421;20
421;60
421;140
421;162
422;8
422;12
422;25
422;60
422;159
422;401
423;8
423;11
423;22
423;45
423;156
423;178
424;8
424;17
424;25
424;67
424;155
424;267
425;7
425;19
425;20
425;45
425;134
425;196
426;9
426;13
426;27
426;62
426;112
426;160
427;5
427;13
427;26
427;66
427;106
427;497
428;4
428;19
428;22
428;45
428;147
428;198
429;5
429;10
429;20
429;76
429;82
429;198
430;4
430;14
430;22
430;60
430;80
430;302
431;6
431;18
431;24
431;60
431;121
431;181
432;7
432;10
432;36
432;56
432;148
432;166
433;4
433;19
433;38
433;57
433;152
433;342
434;6
434;19
434;37
434;75
434;113
434;301
435;3
435;19
435;20
435;60
435;138
435;246
436;4
436;19
436;20
436;60
436;80
436;160
437;9
437;17
437;21
437;44
437;87
437;172
438;8
438;17
438;25
438;67
438;90
438;180
439;8
439;10
439;21
439;45
439;90
439;197
440;9
440;18
440;37
440;68
440;112
440;401
441;7
441;13
441;20
441;45
441;81
441;414
442;5
442;17
442;21
442;67
442;149
442;197
443;4
443;19
443;22
443;68
443;80
443;197
444;5
444;10
444;22
444;62
444;159
444;273
445;6
445;19
445;24
445;60
445;90
445;189
446;9
446;10
446;20
446;60
446;80
446;160
447;4
447;19
447;37
447;57
447;113
447;169
448;8
448;10
448;22
448;75
448;150
448;170
449;4
449;19
449;37
449;75
449;149
449;280
450;4
450;11
450;39
450;60
450;80
450;160
451;6
451;11
451;30
451;49
451;80
451;180
452;9
452;10
452;25
452;67
452;89
452;178
453;8
453;17
453;22
453;66
453;88
453;177
454;7
454;12
454;26
454;76
454;88
454;267
455;8
455;14
455;20
455;62
455;112
455;183
456;5
456;13
456;26
456;61
456;89
456;371
457;4
457;12
457;26
457;60
457;88
457;198
458;5
458;10
458;22
458;66
458;90
458;210
459;4
459;15
459;22
459;60
459;120
459;181
460;8
460;13
460;31
460;60
460;120
460;181
461;7
461;17
461;34
461;50
461;101
461;184
462;8
462;19
462;20
462;51
462;98
462;199
463;5
463;19
463;37
463;57
463;150
463;300
464;9
464;10
464;25
464;40
464;82
464;276
465;8
465;12
465;32
465;77
465;81
465;429
466;9
466;10
466;30
466;59
466;89
466;279
467;8
467;15
467;30
467;60
467;89
467;182
468;9
468;10
468;25
468;40
468;80
468;405
469;9
469;13
469;21
469;70
469;108
469;183
470;6
470;13
470;25
470;76
470;86
470;166
471;4
471;12
471;21
471;73
471;135
471;167
472;9
472;11
472;20
472;58
472;101
472;167
473;9
473;11
473;20
473;45
473;139
473;170
474;6
474;16
474;37
474;76
474;93
474;165
475;9
475;10
475;26
475;45
475;90
475;193
476;4
476;13
476;36
476;64
476;125
476;168
477;5
477;10
477;25
477;60
477;117
477;199
478;4
478;16
478;25
478;50
478;119
478;178
479;4
479;13
479;33
479;50
479;90
479;180
480;4
480;16
480;33
480;50
480;148
480;161
481;4
481;17
481;33
481;79
481;119
481;239
482;4
482;13
482;34
482;74
482;91
482;179
483;4
483;12
483;38
483;66
483;123
483;166
484;7
484;10
484;26
484;45
484;159
484;278
485;5
485;17
485;22
485;79
485;100
485;200
486;4
486;18
486;37
486;55
486;146
486;165
487;4
487;19
487;38
487;57
487;153
487;267
488;4
488;19
488;38
488;56
488;113
488;168
489;9
489;10
489;35
489;67
489;135
489;216
490;4
490;10
490;30
490;76
490;151
490;181
491;8
491;10
491;38
491;53
491;113
491;189
492;4
492;19
492;37
492;75
492;149
492;187
493;4
493;18
493;34
493;53
493;149
493;178
494;6
494;12
494;35
494;60
494;150
494;179
495;9
495;19
495;38
495;57
495;150
495;187
496;8
496;18
496;35
496;55
496;149
496;338
497;7
497;17
497;33
497;50
497;149
497;180
498;9
498;13
498;36
498;57
498;127
498;282
499;4
499;17
499;37
499;75
499;113
499;338
500;4
500;17
500;35
500;51
500;151
500;198
501;7
501;17
501;33
501;50
501;134
501;168
502;7
502;17
502;33
502;60
502;151
502;181
503;5
503;14
503;32
503;60
503;120
503;189
504;7
504;18
504;36
504;75
504;152
504;227
505;9
505;10
505;37
505;51
505;126
505;223
506;5
506;15
506;29
506;44
506;150
506;181
507;4
507;14
507;37
507;75
507;149
507;339
508;6
508;12
508;38
508;57
508;113
508;188
509;8
509;11
509;25
509;56
509;110
509;187
510;8
510;17
510;25
510;57
510;149
510;323
511;8
511;19
511;37
511;61
511;93
511;187
512;9
512;19
512;29
512;56
512;124
512;262
513;6
513;13
513;37
513;74
513;117
513;511
514;4
514;19
514;21
514;40
514;149
514;287
515;5
515;19
515;37
515;56
515;150
515;187
516;4
516;19
516;37
516;57
516;113
516;190
517;7
517;18
517;20
517;60
517;121
517;181
518;8
518;10
518;37
518;75
518;112
518;356
519;4
519;18
519;37
519;75
519;120
519;223
520;6
520;10
520;20
520;50
520;150
520;224
521;4
521;15
521;20
521;75
521;149
521;239
522;4
522;11
522;37
522;75
522;150
522;338
523;9
523;11
523;37
523;55
523;151
523;261
524;8
524;17
524;25
524;75
524;150
524;434
525;8
525;18
525;38
525;40
525;151
525;197
526;7
526;14
526;34
526;68
526;120
526;180
527;7
527;13
527;37
527;57
527;113
527;170
528;4
528;12
528;35
528;75
528;151
528;299
529;4
529;17
529;34
529;66
529;150
529;336
530;4
530;17
530;33
530;50
530;101
530;168
531;6
531;17
531;34
531;67
531;151
531;181
532;9
532;17
532;22
532;60
532;84
532;187
533;7
533;19
533;33
533;75
533;120
533;181
534;8
534;10
534;36
534;69
534;103
534;304
535;4
535;18
535;38
535;75
535;113
535;340
536;4
536;19
536;20
536;56
536;113
536;180
537;3
537;16
537;26
537;68
537;121
537;349
538;9
538;10
538;30
538;68
538;113
538;239
539;8
539;13
539;29
539;56
539;113
539;337
540;8
540;17
540;33
540;50
540;149
540;197
541;9
541;11
541;36
541;52
541;123
541;375
542;5
542;13
542;38
542;51
542;112
542;262
543;8
543;19
543;37
543;60
543;119
543;200
544;8
544;12
544;30
544;59
544;150
544;179
545;8
545;18
545;33
545;67
545;150
545;170
546;3
546;13
546;25
546;59
546;133
546;265
547;8
547;18
547;38
547;40
547;133
547;263
548;9
548;10
548;37
548;55
548;124
548;188
549;5
549;15
549;30
549;59
549;99
549;179
550;4
550;17
550;39
550;54
550;80
550;177
551;7
551;17
551;37
551;74
551;149
551;187
552;7
552;16
552;37
552;74
552;150
552;188
553;5
553;16
553;34
553;66
553;135
553;187
554;9
554;10
554;30
554;50
554;120
554;181
555;8
555;13
555;38
555;60
555;119
555;178
556;6
556;13
556;38
556;75
556;149
556;336
557;4
557;18
557;20
557;65
557;113
557;297
558;4
558;17
558;33
558;66
558;112
558;168
559;8
559;10
559;33
559;58
559;119
559;169
560;8
560;17
560;30
560;60
560;119
560;239
561;8
561;16
561;33
561;67
561;135
561;252
562;8
562;17
562;33
562;66
562;125
562;208
563;7
563;10
563;38
563;76
563;113
563;340
564;4
564;18
564;37
564;76
564;115
564;177
565;3
565;12
565;25
565;50
565;105
565;277
566;6
566;11
566;39
566;40
566;129
566;188
567;8
567;19
567;38
567;60
567;112
567;239
568;8
568;13
568;34
568;75
568;89
568;180
569;7
569;12
569;33
569;60
569;96
569;197
570;7
570;10
570;38
570;76
570;133
570;265
571;4
571;19
571;37
571;56
571;151
571;262
572;8
572;10
572;30
572;40
572;120
572;179
573;8
573;16
573;37
573;50
573;119
573;181
574;8
574;18
574;37
574;75
574;112
574;197
575;4
575;17
575;34
575;70
575;100
575;264
576;9
576;15
576;33
576;50
576;101
576;233
577;8
577;10
577;36
577;58
577;128
577;184
578;4
578;19
578;37
578;55
578;99
578;179
579;4
579;12
579;36
579;75
579;119
579;263
580;3
580;17
580;35
580;67
580;101
580;168
581;4
581;17
581;33
581;50
581;134
581;167
582;9
582;17
582;32
582;51
582;149
582;186
583;6
583;16
583;25
583;60
583;120
583;179
584;8
584;19
584;21
584;42
584;80
584;225
585;4
585;17
585;29
585;77
585;89
585;178
586;8
586;18
586;30
586;60
586;147
586;271
587;8
587;16
587;34
587;49
587;138
587;162
588;8
588;16
588;34
588;68
588;103
588;271
589;8
589;19
589;33
589;66
589;99
589;264
590;8
590;17
590;34
590;48
590;101
590;271
591;6
591;12
591;22
591;51
591;123
591;169
592;5
592;10
592;30
592;69
592;101
592;179
593;4
593;12
593;39
593;68
593;100
593;168
594;4
594;10
594;38
594;74
594;151
594;264
595;4
595;10
595;37
595;75
595;112
595;188
596;4
596;13
596;38
596;75
596;113
596;189
597;8
597;11
597;37
597;56
597;131
597;227
598;4
598;10
598;33
598;56
598;101
598;201
599;6
599;13
599;36
599;66
599;102
599;196
600;5
600;12
600;28
600;54
600;101
600;347
601;4
601;10
601;39
601;56
601;100
601;206
602;9
602;10
602;30
602;50
602;149
602;236
603;5
603;10
603;30
603;75
603;120
603;301
604;5
604;10
604;37
604;75
604;151
604;189
605;9
605;10
605;38
605;75
605;120
605;171
606;7
606;10
606;30
606;60
606;150
606;241
607;4
607;12
607;31
607;62
607;153
607;239
608;4
608;12
608;30
608;59
608;150
608;180
609;4
609;19
609;22
609;49
609;157
609;212
610;4
610;18
610;30
610;75
610;100
610;178
611;8
611;10
611;25
611;60
611;150
611;179
612;4
612;16
612;25
612;60
612;120
612;179
613;7
613;13
613;30
613;60
613;84
613;178
614;4
614;14
614;25
614;59
614;120
614;179
615;4
615;11
615;33
615;60
615;159
615;263
616;6
616;12
616;25
616;60
616;159
616;179
617;6
617;10
617;34
617;67
617;135
617;269
618;4
618;19
618;34
618;68
618;89
618;209
619;7
619;19
619;22
619;67
619;138
619;240
620;9
620;10
620;27
620;60
620;113
620;184
621;5
621;10
621;20
621;67
621;134
621;205
622;4
622;10
622;30
622;67
622;102
622;170
623;5
623;11
623;38
623;76
623;151
623;188
624;8
624;10
624;30
624;75
624;100
624;189
625;5
625;10
625;37
625;75
625;112
625;186
626;5
626;10
626;33
626;45
626;111
626;168
627;9
627;10
627;30
627;56
627;111
627;184
628;5
628;13
628;31
628;59
628;99
628;355
629;4
629;10
629;39
629;48
629;87
629;196
630;8
630;17
630;32
630;52
630;89
630;188
631;7
631;12
631;30
631;60
631;120
631;179
632;8
632;13
632;25
632;60
632;150
632;239
633;8
633;10
633;33
633;50
633;100
633;178
634;9
634;16
634;25
634;49
634;89
634;306
635;6
635;10
635;30
635;60
635;89
635;272
636;4
636;11
636;29
636;59
636;146
636;269
637;4
637;19
637;30
637;57
637;87
637;180
638;4
638;18
638;25
638;50
638;153
638;190
639;6
639;19
639;25
639;50
639;120
639;248
640;8
640;10
640;23
640;48
640;119
640;180
641;4
641;19
641;21
641;60
641;110
641;179
642;6
642;13
642;30
642;59
642;150
642;179
643;4
643;17
643;31
643;61
643;89
643;186
644;4
644;11
644;23
644;60
644;159
644;200
645;6
645;11
645;33
645;65
645;132
645;165
646;7
646;12
646;33
646;67
646;133
646;166
647;8
647;10
647;34
647;70
647;134
647;211
648;8
648;13
648;33
648;67
648;101
648;271
649;7
649;10
649;34
649;67
649;100
649;298
650;5
650;10
650;20
650;50
650;101
650;269
651;4
651;11
651;37
651;76
651;113
651;302
652;4
652;11
652;38
652;75
652;115
652;268
653;9
653;10
653;37
653;74
653;111
653;297
654;9
654;13
654;39
654;75
654;118
654;314
655;9
655;10
655;28
655;56
655;112
655;266
656;8
656;13
656;22
656;73
656;112
656;185
657;4
657;13
657;32
657;60
657;113
657;262
658;4
658;10
658;38
658;58
658;94
658;366
659;7
659;12
659;28
659;74
659;112
659;183
660;4
660;12
660;30
660;50
660;119
660;200
661;9
661;10
661;25
661;60
661;100
661;160
662;8
662;19
662;22
662;49
662;119
662;359
663;9
663;10
663;30
663;60
663;156
663;175
664;5
664;10
664;30
664;59
664;120
664;267
665;4
665;13
665;30
665;60
665;121
665;196
666;7
666;19
666;22
666;60
666;120
666;181
667;4
667;14
667;30
667;75
667;150
667;250
668;7
668;19
668;29
668;73
668;151
668;179
669;7
669;11
669;25
669;60
669;159
669;179
670;9
670;13
670;20
670;61
670;116
670;239
671;5
671;13
671;30
671;59
671;89
671;179
672;4
672;10
672;30
672;75
672;158
672;161
673;6
673;12
673;25
673;60
673;159
673;179
674;7
674;19
674;20
674;68
674;137
674;170
675;6
675;19
675;20
675;68
675;136
675;169
676;8
676;10
676;20
676;61
676;152
676;181
677;8
677;10
677;24
677;79
677;119
677;209
678;6
678;10
678;38
678;67
678;135
678;177
679;5
679;10
679;34
679;69
679;136
679;276
680;9
680;10
680;37
680;76
680;152
680;304
681;9
681;10
681;25
681;75
681;151
681;301
682;9
682;10
682;37
682;75
682;112
682;188
683;8
683;11
683;33
683;75
683;157
683;188
684;9
684;10
684;28
684;74
684;134
684;186
685;6
685;13
685;25
685;76
685;150
685;417
686;4
686;10
686;30
686;60
686;100
686;200
687;4
687;10
687;30
687;56
687;113
687;299
688;8
688;12
688;29
688;48
688;141
688;160
689;4
689;19
689;30
689;59
689;106
689;239
690;8
690;10
690;29
690;43
690;120
690;200
691;8
691;17
691;34
691;71
691;118
691;202
692;7
692;10
692;22
692;59
692;119
692;199
693;4
693;11
693;33
693;67
693;80
693;168
694;4
694;11
694;30
694;59
694;120
694;180
695;5
695;19
695;30
695;60
695;118
695;162
696;8
696;18
696;30
696;60
696;120
696;189
697;9
697;10
697;23
697;60
697;118
697;177
698;4
698;10
698;30
698;66
698;134
698;179
699;8
699;13
699;22
699;67
699;138
699;188
700;4
700;10
700;29
700;59
700;116
700;179
701;4
701;11
701;30
701;77
701;100
701;199
702;6
702;12
702;24
702;60
702;90
702;200
703;7
703;10
703;34
703;67
703;102
703;199
704;6
704;16
704;35
704;68
704;101
704;210
705;8
705;11
705;26
705;60
705;159
705;199
706;5
706;11
706;20
706;64
706;122
706;167
707;4
707;10
707;30
707;68
707;100
707;169
708;4
708;13
708;30
708;68
708;101
708;170
709;4
709;13
709;38
709;75
709;80
709;188
710;4
710;13
710;38
710;76
710;151
710;188
711;4
711;10
711;37
711;75
711;112
711;262
712;8
712;10
712;38
712;56
712;112
712;167
713;4
713;10
713;34
713;57
713;135
713;201
714;6
714;13
714;28
714;60
714;99
714;353
715;4
715;17
715;25
715;50
715;98
715;344
716;4
716;10
716;36
716;52
716;88
716;320
717;9
717;10
717;30
717;75
717;113
717;177
718;5
718;10
718;38
718;75
718;112
718;301
719;9
719;10
719;38
719;50
719;101
719;419
720;9
720;10
720;20
720;75
720;153
720;180
721;6
721;10
721;21
721;60
721;89
721;206
722;3
722;11
722;29
722;50
722;89
722;197
723;3
723;16
723;37
723;60
723;119
723;180
724;4
724;19
724;21
724;50
724;151
724;160
725;4
725;10
725;26
725;51
725;102
725;177
726;8
726;10
726;25
726;60
726;159
726;239
727;4
727;17
727;21
727;75
727;130
727;179
728;6
728;13
728;30
728;59
728;159
728;211
729;4
729;12
729;27
729;76
729;159
729;210
730;4
730;12
730;33
730;60
730;159
730;227
731;9
731;10
731;21
731;57
731;99
731;275
732;6
732;10
732;33
732;66
732;99
732;179
733;6
733;19
733;34
733;67
733;89
733;197
734;6
734;17
734;30
734;59
734;150
734;240
735;9
735;10
735;20
735;66
735;96
735;184
736;5
736;10
736;20
736;67
736;135
736;201
737;4
737;10
737;38
737;68
737;102
737;171
738;5
738;10
738;38
738;76
738;152
738;189
739;7
739;10
739;30
739;75
739;113
739;188
740;5
740;10
740;37
740;76
740;150
740;188
741;9
741;10
741;33
741;67
741;112
741;169
742;9
742;10
742;29
742;66
742;105
742;193
743;4
743;13
743;30
743;56
743;85
743;346
744;4
744;10
744;22
744;43
744;84
744;198
745;8
745;11
745;31
745;52
745;87
745;189
746;4
746;10
746;25
746;60
746;119
746;179
747;4
747;17
747;25
747;60
747;100
747;240
748;4
748;18
748;20
748;50
748;119
748;239
749;9
749;10
749;22
749;58
749;92
749;174
750;5
750;10
750;30
750;59
750;89
750;179
751;4
751;11
751;30
751;60
751;99
751;270
752;6
752;19
752;30
752;59
752;120
752;180
753;4
753;19
753;25
753;60
753;152
753;190
754;6
754;19
754;25
754;51
754;90
754;188
755;7
755;11
755;23
755;59
755;159
755;179
756;9
756;12
756;29
756;60
756;150
756;179
757;6
757;13
757;29
757;59
757;90
757;294
758;4
758;17
758;29
758;61
758;149
758;181
759;6
759;12
759;27
759;60
759;159
759;200
760;6
760;11
760;29
760;62
760;89
760;199
761;6
761;13
761;30
761;62
761;90
761;179
762;8
762;13
762;34
762;68
762;101
762;199
763;8
763;10
763;34
763;67
763;101
763;179
764;6
764;10
764;38
764;68
764;102
764;238
765;5
765;10
765;37
765;75
765;103
765;269
766;4
766;11
766;38
766;75
766;113
766;263
767;4
767;10
767;38
767;75
767;115
767;267
768;9
768;11
768;37
768;74
768;148
768;185
769;8
769;10
769;23
769;57
769;152
769;193
770;9
770;10
770;38
770;45
770;113
770;168
771;7
771;11
771;22
771;68
771;131
771;164
772;4
772;13
772;28
772;53
772;102
772;196
773;4
773;18
773;37
773;56
773;113
773;266
774;7
774;13
774;29
774;50
774;138
774;201
775;4
775;13
775;30
775;50
775;120
775;299
776;9
776;10
776;30
776;50
776;119
776;210
777;8
777;10
777;30
777;65
777;131
777;223
778;8
778;10
778;22
778;59
778;120
778;160
779;4
779;10
779;29
779;60
779;148
779;268
780;4
780;17
780;30
780;60
780;120
780;270
781;5
781;19
781;21
781;65
781;110
781;181
782;5
782;18
782;25
782;74
782;150
782;181
783;9
783;10
783;20
783;49
783;106
783;179
784;7
784;10
784;25
784;60
784;105
784;179
785;9
785;10
785;20
785;63
785;127
785;178
786;4
786;13
786;30
786;61
786;90
786;179
787;4
787;11
787;26
787;75
787;105
787;161
788;6
788;12
788;26
788;60
788;159
788;179
789;7
789;12
789;20
789;70
789;133
789;166
790;6
790;19
790;20
790;66
790;89
790;273
791;9
791;10
791;20
791;75
791;151
791;180
792;9
792;10
792;20
792;60
792;154
792;184
793;5
793;10
793;38
793;68
793;135
793;272
794;4
794;10
794;30
794;76
794;112
794;300
795;9
795;10
795;37
795;75
795;112
795;336
796;4
796;10
796;30
796;78
796;116
796;311
797;9
797;10
797;38
797;75
797;149
797;301
798;7
798;10
798;20
798;56
798;112
798;186
799;5
799;10
799;37
799;75
799;112
799;189
800;6
800;13
800;25
800;66
800;132
800;169
801;4
801;14
801;29
801;58
801;115
801;267
802;6
802;12
802;37
802;65
802;118
802;469
803;8
803;13
803;30
803;60
803;118
803;160
804;8
804;12
804;30
804;75
804;149
804;188
805;8
805;13
805;25
805;60
805;120
805;319
806;8
806;10
806;34
806;67
806;133
806;203
807;6
807;10
807;20
807;59
807;81
807;199
808;4
808;12
808;33
808;67
808;80
808;165
809;9
809;11
809;26
809;60
809;120
809;181
810;7
810;11
810;20
810;60
810;118
810;177
811;6
811;15
811;30
811;60
811;120
811;180
812;7
812;11
812;23
812;59
812;119
812;224
813;3
813;14
813;30
813;59
813;120
813;179
814;7
814;13
814;26
814;78
814;139
814;178
815;4
815;16
815;30
815;74
815;89
815;179
816;4
816;11
816;30
816;60
816;159
816;160
817;6
817;12
817;21
817;63
817;159
817;161
818;7
818;16
818;29
818;75
818;89
818;200
819;6
819;12
819;25
819;74
819;89
819;238
820;8
820;19
820;38
820;60
820;159
820;211
821;7
821;19
821;21
821;50
821;100
821;169
822;4
822;17
822;25
822;60
822;119
822;239
823;4
823;19
823;39
823;40
823;99
823;162
824;4
824;19
824;20
824;40
824;91
824;161
825;4
825;17
825;22
825;67
825;155
825;248
826;4
826;17
826;22
826;67
826;89
826;268
827;4
827;19
827;25
827;53
827;125
827;340
828;4
828;10
828;26
828;67
828;155
828;164
829;4
829;17
829;25
829;45
829;119
829;239
830;4
830;10
830;39
830;60
830;80
830;200
831;4
831;17
831;22
831;75
831;157
831;177
832;4
832;11
832;31
832;60
832;110
832;277
833;4
833;10
833;37
833;60
833;121
833;181
834;7
834;19
834;37
834;40
834;150
834;224
835;4
835;19
835;38
835;40
835;120
835;225
836;4
836;18
836;37
836;76
836;93
836;204
837;6
837;19
837;20
837;59
837;138
837;275
838;8
838;13
838;20
838;60
838;120
838;299
839;8
839;11
839;22
839;45
839;155
839;274
840;8
840;17
840;22
840;45
840;134
840;382
841;7
841;19
841;21
841;45
841;136
841;197
842;8
842;15
842;22
842;69
842;150
842;163
843;6
843;13
843;20
843;79
843;94
843;230
844;4
844;14
844;37
844;70
844;121
844;177
845;5
845;18
845;37
845;50
845;121
845;165
846;8
846;10
846;22
846;60
846;106
846;177
847;5
847;18
847;25
847;60
847;151
847;242
848;8
848;10
848;23
848;60
848;100
848;257
849;4
849;19
849;20
849;40
849;134
849;237
850;6
850;10
850;38
850;76
850;114
850;418
851;4
851;18
851;20
851;61
851;100
851;378
852;4
852;19
852;39
852;40
852;158
852;166
853;6
853;12
853;23
853;44
853;151
853;169
854;8
854;17
854;22
854;44
854;147
854;269
855;8
855;19
855;22
855;79
855;96
855;268
856;7
856;19
856;22
856;50
856;117
856;397
857;7
857;10
857;30
857;61
857;153
857;173
858;4
858;15
858;30
858;60
858;118
858;266
859;4
859;15
859;30
859;60
859;124
859;297
860;4
860;15
860;30
860;60
860;99
860;162
861;5
861;16
861;31
861;50
861;151
861;277
862;9
862;10
862;20
862;50
862;100
862;171
863;4
863;19
863;38
863;75
863;94
863;171
864;8
864;10
864;20
864;56
864;150
864;173
865;4
865;13
865;20
865;75
865;151
865;437
866;4
866;13
866;22
866;60
866;135
866;220
867;8
867;12
867;29
867;60
867;157
867;169
868;9
868;11
868;22
868;45
868;133
868;356
869;8
869;17
869;22
869;66
869;134
869;267
870;6
870;19
870;26
870;66
870;122
870;300
871;9
871;14
871;20
871;56
871;127
871;226
872;5
872;13
872;22
872;44
872;145
872;342
873;4
873;15
873;25
873;59
873;118
873;200
874;8
874;10
874;22
874;66
874;106
874;178
875;7
875;10
875;22
875;66
875;142
875;181
876;5
876;19
876;22
876;60
876;151
876;188
877;7
877;10
877;20
877;77
877;94
877;186
878;9
878;11
878;37
878;75
878;94
878;188
879;6
879;19
879;20
879;77
879;153
879;172
880;4
880;19
880;39
880;59
880;158
880;175
881;8
881;17
881;38
881;40
881;80
881;161
882;8
882;10
882;22
882;43
882;155
882;223
883;8
883;17
883;22
883;45
883;133
883;222
884;8
884;19
884;22
884;44
884;96
884;408
885;8
885;16
885;27
885;61
885;112
885;183
886;6
886;13
886;20
886;57
886;155
886;504
887;4
887;14
887;22
887;77
887;146
887;276
888;4
888;11
888;22
888;76
888;158
888;161
889;5
889;16
889;33
889;61
889;147
889;160
890;8
890;13
890;38
890;60
890;120
890;189
891;8
891;10
891;20
891;40
891;120
891;316
892;4
892;19
892;37
892;56
892;93
892;336
893;7
893;10
893;20
893;55
893;94
893;392
894;4
894;19
894;20
894;41
894;113
894;398
895;4
895;19
895;39
895;40
895;100
895;260
896;9
896;10
896;23
896;68
896;111
896;171
897;8
897;17
897;22
897;68
897;90
897;180
898;8
898;10
898;22
898;67
898;88
898;199
899;7
899;19
899;22
899;68
899;90
899;233
900;7
900;14
900;20
900;45
900;127
900;207
901;4
901;14
901;20
901;66
901;90
901;362
902;4
902;18
902;22
902;61
902;88
902;197
903;6
903;17
903;33
903;48
903;157
903;164
904;6
904;15
904;30
904;66
904;90
904;188
905;9
905;10
905;20
905;60
905;151
905;188
906;6
906;18
906;37
906;76
906;101
906;238
907;9
907;10
907;38
907;76
907;98
907;231
908;4
908;18
908;37
908;75
908;148
908;261
909;4
909;19
909;39
909;40
909;102
909;240
910;6
910;12
910;39
910;79
910;80
910;353
911;9
911;11
911;22
911;60
911;150
911;176
912;8
912;17
912;22
912;61
912;156
912;179
913;7
913;19
913;34
913;68
913;135
913;168
914;9
914;13
914;20
914;61
914;156
914;184
915;5
915;13
915;27
915;45
915;130
915;507
916;4
916;11
916;22
916;61
916;153
916;197
917;6
917;18
917;22
917;68
917;143
917;201
918;4
918;19
918;22
918;60
918;120
918;181
919;6
919;19
919;20
919;60
919;90
919;384
920;7
920;11
920;35
920;51
920;147
920;195
921;9
921;16
921;33
921;60
921;120
921;265
922;6
922;18
922;38
922;40
922;94
922;208
923;4
923;18
923;36
923;68
923;102
923;236
924;8
924;16
924;32
924;67
924;133
924;265
925;7
925;10
925;29
925;60
925;151
925;301
926;8
926;15
926;30
926;60
926;149
926;186
927;8
927;15
927;30
927;75
927;151
927;262
928;8
928;15
928;36
928;73
928;135
928;183
929;6
929;13
929;20
929;75
929;90
929;165
930;4
930;17
930;29
930;72
930;88
930;265
931;4
931;17
931;30
931;79
931;91
931;270
932;8
932;19
932;20
932;42
932;88
932;177
933;6
933;15
933;22
933;67
933;136
933;169
934;9
934;10
934;26
934;50
934;115
934;185
935;4
935;10
935;20
935;50
935;99
935;279
936;7
936;10
936;20
936;74
936;147
936;352
937;4
937;17
937;25
937;75
937;100
937;160
938;4
938;12
938;39
938;79
938;153
938;175
939;4
939;12
939;27
939;76
939;92
939;164
940;4
940;17
940;25
940;54
940;98
940;167
941;4
941;17
941;24
941;76
941;96
941;276
942;4
942;13
942;28
942;77
942;100
942;171
943;4
943;11
943;22
943;71
943;149
943;199
944;4
944;18
944;31
944;60
944;120
944;197
945;4
945;19
945;31
945;61
945;119
945;250
946;4
946;19
946;20
946;40
946;144
946;204
947;4
947;19
947;38
947;76
947;159
947;160
948;4
948;18
948;29
948;54
948;152
948;167
949;4
949;16
949;30
949;51
949;148
949;482
950;9
950;10
950;20
950;75
950;113
950;182
951;5
951;19
951;38
951;56
951;151
951;338
952;4
952;19
952;37
952;56
952;149
952;278
953;6
953;12
953;32
953;60
953;120
953;179
954;9
954;11
954;37
954;76
954;151
954;339
955;8
955;19
955;25
955;57
955;149
955;337
956;8
956;17
956;34
956;66
956;100
956;180
957;9
957;13
957;36
957;42
957;101
957;189
958;5
958;13
958;38
958;56
958;138
958;187
959;4
959;13
959;36
959;49
959;96
959;495
960;5
960;17
960;34
960;46
960;139
960;238
961;7
961;16
961;22
961;61
961;149
961;209
962;5
962;15
962;30
962;60
962;101
962;162
963;7
963;10
963;36
963;41
963;90
963;190
964;9
964;13
964;38
964;76
964;89
964;224
965;6
965;16
965;21
965;45
965;125
965;300
966;4
966;14
966;30
966;75
966;103
966;299
967;5
967;19
967;38
967;76
967;150
967;190
968;9
968;10
968;37
968;55
968;149
968;189
969;8
969;19
969;36
969;56
969;107
969;409
970;8
970;15
970;36
970;75
970;146
970;189
971;6
971;18
971;38
971;76
971;150
971;300
972;6
972;13
972;38
972;55
972;118
972;189
973;4
973;18
973;21
973;75
973;150
973;301
974;4
974;19
974;38
974;77
974;150
974;233
975;5
975;18
975;37
975;60
975;151
975;263
976;7
976;14
976;31
976;60
976;121
976;182
977;8
977;10
977;35
977;40
977;147
977;294
978;3
978;19
978;37
978;75
978;149
978;187
979;7
979;10
979;22
979;53
979;151
979;189
980;4
980;15
980;29
980;50
980;150
980;500
981;4
981;18
981;38
981;40
981;152
981;190
982;6
982;12
982;38
982;75
982;150
982;261
983;9
983;17
983;25
983;74
983;150
983;501
984;8
984;18
984;24
984;66
984;98
984;434
985;7
985;16
985;33
985;60
985;120
985;211
986;8
986;13
986;20
986;40
986;151
986;191
987;4
987;19
987;38
987;40
987;142
987;224
988;4
988;17
988;33
988;52
988;152
988;252
989;5
989;17
989;33
989;43
989;149
989;180
990;6
990;17
990;25
990;60
990;120
990;181
991;5
991;13
991;29
991;60
991;151
991;181
992;7
992;11
992;30
992;76
992;120
992;345
993;9
993;10
993;39
993;53
993;152
993;160
994;5
994;19
994;30
994;76
994;151
994;303
995;4
995;18
995;37
995;75
995;151
995;183
996;7
996;16
996;33
996;65
996;89
996;404
997;9
997;10
997;30
997;75
997;151
997;187
998;8
998;13
998;37
998;50
998;150
998;188
999;8
999;11
999;38
999;67
999;134
999;166
1000;9
1000;13
1000;38
1000;68
1000;135
1000;170
1001;5
1001;13
1001;38
1001;76
1001;150
1001;299
1002;4
1002;12
1002;30
1002;75
1002;151
1002;188
1003;8
1003;13
1003;30
1003;60
1003;99
1003;179
1004;8
1004;17
1004;33
1004;75
1004;80
1004;170
1005;4
1005;12
1005;33
1005;59
1005;106
1005;497
1006;7
1006;19
1006;39
1006;58
1006;115
1006;396
1007;8
1007;19
1007;37
1007;74
1007;149
1007;186
1008;6
1008;10
1008;30
1008;60
1008;150
1008;179
1009;3
1009;12
1009;30
1009;76
1009;100
1009;177
1010;8
1010;19
1010;33
1010;75
1010;150
1010;299
1011;7
1011;19
1011;20
1011;56
1011;113
1011;303
1012;8
1012;19
1012;36
1012;73
1012;111
1012;366
1013;9
1013;10
1013;30
1013;51
1013;120
1013;176
1014;8
1014;13
1014;30
1014;60
1014;119
1014;239
1015;6
1015;13
1015;37
1015;67
1015;100
1015;262
1016;4
1016;17
1016;37
1016;69
1016;101
1016;223
1017;4
1017;17
1017;33
1017;75
1017;113
1017;187
1018;9
1018;10
1018;33
1018;76
1018;113
1018;169
1019;8
1019;12
1019;30
1019;40
1019;80
1019;180
1020;8
1020;17
1020;39
1020;79
1020;119
1020;276
1021;8
1021;18
1021;21
1021;79
1021;80
1021;278
1022;7
1022;10
1022;30
1022;79
1022;80
1022;179
1023;4
1023;18
1023;30
1023;75
1023;149
1023;266
1024;4
1024;17
1024;34
1024;75
1024;147
1024;181
1025;6
1025;18
1025;33
1025;75
1025;134
1025;167
1026;6
1026;13
1026;30
1026;75
1026;125
1026;224
1027;8
1027;13
1027;30
1027;75
1027;113
1027;187
1028;7
1028;17
1028;33
1028;75
1028;113
1028;264
1029;9
1029;10
1029;20
1029;49
1029;153
1029;341
1030;4
1030;19
1030;20
1030;56
1030;148
1030;244
1031;4
1031;10
1031;30
1031;75
1031;119
1031;179
1032;8
1032;12
1032;30
1032;50
1032;89
1032;178
1033;8
1033;12
1033;39
1033;40
1033;159
1033;318
1034;9
1034;13
1034;35
1034;75
1034;159
1034;162
1035;6
1035;19
1035;37
1035;50
1035;158
1035;198
1036;9
1036;10
1036;20
1036;41
1036;120
1036;197
1037;5
1037;19
1037;38
1037;50
1037;159
1037;188
1038;4
1038;18
1038;37
1038;73
1038;137
1038;274
1039;7
1039;19
1039;30
1039;67
1039;132
1039;203
1040;4
1040;13
1040;30
1040;76
1040;102
1040;209
1041;6
1041;10
1041;30
1041;71
1041;148
1041;208
1042;8
1042;15
1042;30
1042;70
1042;86
1042;281
1043;4
1043;19
1043;20
1043;42
1043;113
1043;225
1044;5
1044;11
1044;26
1044;77
1044;89
1044;169
1045;0
1045;18
1045;30
1045;79
1045;90
1045;281
1046;6
1046;19
1046;39
1046;79
1046;120
1046;318
1047;8
1047;18
1047;37
1047;77
1047;117
1047;311
1048;8
1048;18
1048;33
1048;66
1048;98
1048;264
1049;8
1049;18
1049;34
1049;67
1049;121
1049;258
1050;9
1050;13
1050;21
1050;54
1050;120
1050;170
1051;6
1051;10
1051;32
1051;69
1051;100
1051;239
1052;4
1052;13
1052;20
1052;68
1052;119
1052;167
1053;4
1053;10
1053;38
1053;67
1053;151
1053;302
1054;4
1054;13
1054;37
1054;75
1054;112
1054;188
1055;4
1055;13
1055;37
1055;75
1055;113
1055;189
1056;8
1056;13
1056;34
1056;56
1056;113
1056;227
1057;4
1057;10
1057;33
1057;45
1057;113
1057;201
1058;7
1058;13
1058;37
1058;67
1058;111
1058;349
1059;5
1059;13
1059;26
1059;56
1059;98
1059;353
1060;4
1060;11
1060;39
1060;56
1060;100
1060;351
1061;9
1061;10
1061;20
1061;51
1061;116
1061;166
1062;5
1062;10
1062;30
1062;75
1062;119
1062;226
1063;5
1063;10
1063;37
1063;76
1063;151
1063;179
1064;9
1064;10
1064;38
1064;50
1064;120
1064;350
1065;8
1065;10
1065;28
1065;60
1065;149
1065;211
1066;4
1066;10
1066;31
1066;62
1066;90
1066;211
1067;4
1067;10
1067;30
1067;61
1067;119
1067;197
1068;4
1068;19
1068;22
1068;48
1068;118
1068;180
1069;4
1069;18
1069;30
1069;75
1069;100
1069;178
1070;9
1070;11
1070;25
1070;50
1070;150
1070;180
1071;7
1071;10
1071;25
1071;60
1071;120
1071;179
1072;9
1072;13
1072;24
1072;56
1072;82
1072;177
1073;4
1073;13
1073;30
1073;59
1073;89
1073;204
1074;4
1074;11
1074;33
1074;59
1074;159
1074;202
1075;6
1075;12
1075;25
1075;60
1075;159
1075;160
1076;7
1076;11
1076;34
1076;68
1076;135
1076;240
1077;5
1077;19
1077;33
1077;67
1077;99
1077;209
1078;6
1078;19
1078;22
1078;60
1078;151
1078;181
1079;9
1079;10
1079;27
1079;60
1079;92
1079;181
1080;5
1080;10
1080;20
1080;67
1080;100
1080;202
1081;4
1081;10
1081;38
1081;68
1081;102
1081;167
1082;9
1082;10
1082;38
1082;75
1082;150
1082;188
1083;8
1083;10
1083;30
1083;60
1083;148
1083;189
1084;9
1084;10
1084;37
1084;75
1084;120
1084;224
1085;7
1085;10
1085;22
1085;56
1085;134
1085;167
1086;9
1086;10
1086;33
1086;57
1086;134
1086;168
1087;6
1087;13
1087;25
1087;66
1087;99
1087;355
1088;4
1088;10
1088;25
1088;49
1088;87
1088;342
1089;4
1089;17
1089;36
1089;53
1089;88
1089;180
1090;7
1090;12
1090;30
1090;61
1090;118
1090;166
1091;8
1091;10
1091;25
1091;59
1091;140
1091;238
1092;8
1092;10
1092;25
1092;50
1092;100
1092;200
1093;8
1093;17
1093;20
1093;75
1093;89
1093;164
1094;6
1094;10
1094;20
1094;60
1094;90
1094;179
1095;4
1095;10
1095;28
1095;58
1095;142
1095;267
1096;4
1096;10
1096;30
1096;62
1096;150
1096;181
1097;4
1097;19
1097;26
1097;50
1097;153
1097;209
1098;8
1098;19
1098;25
1098;50
1098;152
1098;203
1099;8
1099;10
1099;25
1099;49
1099;151
1099;181
1100;3
1100;15
1100;30
1100;60
1100;118
1100;179
1101;7
1101;13
1101;30
1101;60
1101;120
1101;168
1102;4
1102;17
1102;30
1102;60
1102;89
1102;189
1103;4
1103;11
1103;24
1103;75
1103;151
1103;188
1104;6
1104;11
1104;33
1104;76
1104;154
1104;199
1105;7
1105;12
1105;33
1105;67
1105;150
1105;167
1106;6
1106;12
1106;36
1106;70
1106;150
1106;188
1107;8
1107;12
1107;34
1107;67
1107;112
1107;263
1108;9
1108;10
1108;34
1108;67
1108;101
1108;207
1109;4
1109;10
1109;38
1109;75
1109;101
1109;300
1110;4
1110;10
1110;20
1110;75
1110;114
1110;265
1111;9
1111;10
1111;38
1111;76
1111;115
1111;300
1112;4
1112;10
1112;37
1112;76
1112;112
1112;297
1113;8
1113;13
1113;39
1113;76
1113;118
1113;263
1114;9
1114;10
1114;28
1114;45
1114;112
1114;167
1115;9
1115;14
1115;26
1115;73
1115;134
1115;185
1116;4
1116;13
1116;33
1116;73
1116;142
1116;181
1117;4
1117;12
1117;33
1117;59
1117;133
1117;268
1118;9
1118;10
1118;33
1118;66
1118;101
1118;267
1119;4
1119;12
1119;30
1119;59
1119;89
1119;239
1120;4
1120;13
1120;29
1120;59
1120;149
1120;265
1121;8
1121;10
1121;22
1121;60
1121;91
1121;272
1122;9
1122;10
1122;24
1122;59
1122;119
1122;161
1123;5
1123;10
1123;30
1123;59
1123;90
1123;267
1124;4
1124;19
1124;30
1124;60
1124;120
1124;196
1125;4
1125;19
1125;24
1125;59
1125;88
1125;352
1126;4
1126;19
1126;27
1126;51
1126;101
1126;252
1127;8
1127;19
1127;21
1127;51
1127;100
1127;188
1128;7
1128;11
1128;25
1128;60
1128;159
1128;239
1129;6
1129;13
1129;25
1129;57
1129;118
1129;162
1130;6
1130;13
1130;25
1130;59
1130;89
1130;181
1131;4
1131;13
1131;30
1131;61
1131;158
1131;179
1132;6
1132;12
1132;25
1132;60
1132;159
1132;179
1133;6
1133;19
1133;20
1133;68
1133;104
1133;170
1134;6
1134;13
1134;20
1134;68
1134;137
1134;168
1135;9
1135;13
1135;20
1135;61
1135;90
1135;181
1136;8
1136;12
1136;23
1136;60
1136;151
1136;210
1137;6
1137;10
1137;33
1137;67
1137;134
1137;188
1138;5
1138;10
1138;25
1138;75
1138;101
1138;300
1139;4
1139;10
1139;38
1139;76
1139;114
1139;305
1140;8
1140;10
1140;38
1140;76
1140;150
1140;298
1141;6
1141;10
1141;25
1141;75
1141;150
1141;299
1142;4
1142;11
1142;33
1142;75
1142;111
1142;188
1143;9
1143;10
1143;28
1143;74
1143;134
1143;186
1144;7
1144;10
1144;21
1144;76
1144;150
1144;183
1145;4
1145;12
1145;30
1145;60
1145;118
1145;260
1146;4
1146;11
1146;25
1146;56
1146;120
1146;299
1147;8
1147;13
1147;28
1147;64
1147;112
1147;248
1148;4
1148;12
1148;30
1148;60
1148;132
1148;238
1149;9
1149;10
1149;29
1149;43
1149;120
1149;160
1150;7
1150;17
1150;34
1150;47
1150;134
1150;169
1151;8
1151;10
1151;20
1151;58
1151;155
1151;199
1152;4
1152;10
1152;30
1152;68
1152;80
1152;267
1153;4
1153;11
1153;31
1153;59
1153;119
1153;197
1154;8
1154;13
1154;30
1154;60
1154;119
1154;179
1155;4
1155;18
1155;30
1155;79
1155;80
1155;179
1156;9
1156;11
1156;30
1156;65
1156;120
1156;179
1157;7
1157;10
1157;30
1157;50
1157;134
1157;179
1158;9
1158;13
1158;34
1158;44
1158;140
1158;179
1159;5
1159;13
1159;29
1159;79
1159;116
1159;179
1160;4
1160;11
1160;31
1160;77
1160;100
1160;179
1161;6
1161;12
1161;25
1161;50
1161;159
1161;179
1162;7
1162;10
1162;34
1162;68
1162;102
1162;160
1163;6
1163;12
1163;35
1163;69
1163;101
1163;199
1164;8
1164;13
1164;29
1164;79
1164;159
1164;160
1165;8
1165;13
1165;23
1165;53
1165;124
1165;169
1166;5
1166;10
1166;20
1166;68
1166;101
1166;170
1167;4
1167;12
1167;29
1167;68
1167;100
1167;170
1168;4
1168;13
1168;38
1168;76
1168;150
1168;186
1169;4
1169;10
1169;38
1169;75
1169;150
1169;189
1170;4
1170;12
1170;37
1170;75
1170;113
1170;225
1171;8
1171;11
1171;22
1171;57
1171;131
1171;264
1172;4
1172;10
1172;33
1172;56
1172;113
1172;210
1173;6
1173;13
1173;26
1173;61
1173;98
1173;333
1174;5
1174;13
1174;25
1174;51
1174;100
1174;347
1175;4
1175;10
1175;39
1175;52
1175;87
1175;207
1176;9
1176;10
1176;30
1176;75
1176;147
1176;236
1177;5
1177;10
1177;38
1177;75
1177;120
1177;300
1178;5
1178;10
1178;38
1178;50
1178;119
1178;237
1179;9
1179;10
1179;30
1179;75
1179;119
1179;300
1180;7
1180;10
1180;30
1180;60
1180;89
1180;209
1181;4
1181;16
1181;30
1181;60
1181;119
1181;235
1182;4
1182;11
1182;38
1182;59
1182;119
1182;400
1183;4
1183;19
1183;21
1183;50
1183;148
1183;173
1184;4
1184;11
1184;26
1184;75
1184;100
1184;176
1185;9
1185;10
1185;29
1185;50
1185;120
1185;239
1186;4
1186;16
1186;30
1186;75
1186;159
1186;179
1187;7
1187;13
1187;29
1187;59
1187;159
1187;239
1188;4
1188;11
1188;30
1188;60
1188;120
1188;180
1189;4
1189;11
1189;33
1189;60
1189;159
1189;200
1190;5
1190;12
1190;29
1190;75
1190;143
1190;199
1191;6
1191;10
1191;34
1191;60
1191;134
1191;179
1192;7
1192;19
1192;37
1192;75
1192;113
1192;375
1193;8
1193;17
1193;20
1193;60
1193;103
1193;181
1194;9
1194;10
1194;29
1194;64
1194;120
1194;160
1195;5
1195;10
1195;20
1195;68
1195;135
1195;167
1196;4
1196;10
1196;33
1196;68
1196;136
1196;235
1197;6
1197;10
1197;38
1197;75
1197;152
1197;189
1198;8
1198;10
1198;30
1198;75
1198;113
1198;188
1199;5
1199;10
1199;37
1199;59
1199;118
1199;186
1200;5
1200;10
1200;33
1200;56
1200;134
1200;168
1201;9
1201;10
1201;30
1201;66
1201;123
1201;181
1202;5
1202;13
1202;27
1202;63
1202;97
1202;509
1203;4
1203;10
1203;39
1203;49
1203;87
1203;200
1204;8
1204;18
1204;36
1204;49
1204;89
1204;189
1205;8
1205;10
1205;25
1205;60
1205;119
1205;190
1206;4
1206;19
1206;25
1206;50
1206;119
1206;358
1207;4
1207;12
1207;20
1207;50
1207;119
1207;198
1208;9
1208;19
1208;22
1208;58
1208;119
1208;170
1209;6
1209;10
1209;30
1209;59
1209;89
1209;297
1210;4
1210;11
1210;30
1210;60
1210;120
1210;211
1211;4
1211;19
1211;30
1211;59
1211;120
1211;239
1212;4
1212;19
1212;25
1212;61
1212;156
1212;188
1213;7
1213;19
1213;23
1213;60
1213;119
1213;188
1214;7
1214;10
1214;24
1214;52
1214;151
1214;179
1215;4
1215;19
1215;30
1215;60
1215;153
1215;327
1216;6
1216;13
1216;30
1216;61
1216;150
1216;181
1217;4
1217;17
1217;30
1217;61
1217;122
1217;179
1218;4
1218;12
1218;26
1218;67
1218;159
1218;200
1219;6
1219;11
1219;29
1219;59
1219;90
1219;200
1220;7
1220;12
1220;30
1220;62
1220;121
1220;179
1221;8
1221;10
1221;34
1221;68
1221;101
1221;211
1222;8
1222;13
1222;34
1222;67
1222;101
1222;179
1223;7
1223;10
1223;38
1223;75
1223;103
1223;239
1224;5
1224;10
1224;20
1224;75
1224;102
1224;269
1225;4
1225;11
1225;38
1225;75
1225;113
1225;264
1226;4
1226;11
1226;37
1226;75
1226;112
1226;298
1227;9
1227;10
1227;37
1227;74
1227;151
1227;258
1228;9
1228;10
1228;23
1228;76
1228;115
1228;193
1229;9
1229;10
1229;28
1229;45
1229;112
1229;224
1230;7
1230;10
1230;26
1230;68
1230;119
1230;183
1231;4
1231;13
1231;25
1231;56
1231;101
1231;196
1232;4
1232;19
1232;37
1232;56
1232;112
1232;197
1233;6
1233;12
1233;28
1233;64
1233;102
1233;183
1234;4
1234;13
1234;30
1234;50
1234;100
1234;299
1235;9
1235;10
1235;39
1235;50
1235;100
1235;238
1236;8
1236;17
1236;30
1236;59
1236;105
1236;239
1237;9
1237;10
1237;26
1237;60
1237;89
1237;160
1238;5
1238;13
1238;29
1238;59
1238;148
1238;266
1239;4
1239;17
1239;30
1239;60
1239;150
1239;183
1240;6
1240;18
1240;24
1240;61
1240;104
1240;180
1241;4
1241;18
1241;30
1241;73
1241;150
1241;266
1242;7
1242;19
1242;25
1242;49
1242;119
1242;179
1243;7
1243;11
1243;25
1243;60
1243;159
1243;179
1244;9
1244;13
1244;25
1244;60
1244;115
1244;239
1245;5
1245;13
1245;30
1245;62
1245;90
1245;180
1246;4
1246;10
1246;25
1246;75
1246;158
1246;161
1247;6
1247;12
1247;27
1247;60
1247;159
1247;179
1248;7
1248;18
1248;20
1248;70
1248;135
1248;170
1249;6
1249;19
1249;20
1249;67
1249;102
1249;273
1250;8
1250;10
1250;20
1250;61
1250;90
1250;181
1251;8
1251;10
1251;25
1251;79
1251;119
1251;208
1252;6
1252;10
1252;30
1252;68
1252;101
1252;272
1253;5
1253;10
1253;30
1253;74
1253;112
1253;300
1254;9
1254;10
1254;38
1254;75
1254;113
1254;302
1255;5
1255;10
1255;20
1255;79
1255;116
1255;306
1256;9
1256;10
1256;38
1256;75
1256;149
1256;189
1257;9
1257;10
1257;22
1257;76
1257;112
1257;186
1258;9
1258;10
1258;20
1258;56
1258;134
1258;186
1259;6
1259;13
1259;22
1259;67
1259;137
1259;166
1260;4
1260;13
1260;29
1260;58
1260;116
1260;267
1261;4
1261;12
1261;39
1261;64
1261;119
1261;490
1262;7
1262;13
1262;22
1262;76
1262;119
1262;160
1263;9
1263;13
1263;30
1263;40
1263;149
1263;239
1264;8
1264;17
1264;25
1264;60
1264;120
1264;201
1265;8
1265;11
1265;34
1265;67
1265;133
1265;202
1266;7
1266;10
1266;21
1266;59
1266;119
1266;199
1267;4
1267;16
1267;33
1267;67
1267;80
1267;168
1268;9
1268;11
1268;25
1268;60
1268;120
1268;180
1269;9
1269;19
1269;22
1269;58
1269;118
1269;220
1270;7
1270;15
1270;30
1270;62
1270;120
1270;179
1271;7
1271;12
1271;22
1271;68
1271;119
1271;179
1272;4
1272;11
1272;30
1272;66
1272;89
1272;179
1273;8
1273;13
1273;21
1273;59
1273;144
1273;181
1274;4
1274;13
1274;30
1274;60
1274;120
1274;179
1275;9
1275;12
1275;25
1275;60
1275;120
1275;160
1276;6
1276;12
1276;27
1276;60
1276;119
1276;179
1277;8
1277;11
1277;30
1277;50
1277;89
1277;200
1278;6
1278;12
1278;22
1278;45
1278;89
1278;238
1279;8
1279;13
1279;24
1279;60
1279;159
1279;181
1280;7
1280;12
1280;22
1280;40
1280;118
1280;180
1281;4
1281;10
1281;30
1281;60
1281;119
1281;239
1282;4
1282;12
1282;20
1282;60
1282;150
1282;160
1283;4
1283;12
1283;33
1283;60
1283;119
1283;167
1284;4
1284;17
1284;25
1284;59
1284;118
1284;166
1285;4
1285;17
1285;25
1285;68
1285;119
1285;239
1286;4
1286;12
1286;32
1286;44
1286;137
1286;178
1287;4
1287;12
1287;20
1287;51
1287;101
1287;195
1288;5
1288;13
1288;24
1288;60
1288;120
1288;198
1289;4
1289;13
1289;24
1289;60
1289;119
1289;197
1290;4
1290;10
1290;35
1290;59
1290;119
1290;185
1291;4
1291;10
1291;21
1291;59
1291;81
1291;161
1292;4
1292;17
1292;23
1292;45
1292;90
1292;316
1293;9
1293;10
1293;25
1293;51
1293;101
1293;177
1294;7
1294;11
1294;25
1294;50
1294;100
1294;168
1295;6
1295;10
1295;20
1295;60
1295;84
1295;198
1296;4
1296;12
1296;39
1296;60
1296;119
1296;197
1297;7
1297;10
1297;25
1297;59
1297;118
1297;177
1298;7
1298;10
1298;39
1298;40
1298;119
1298;165
1299;8
1299;17
1299;39
1299;40
1299;80
1299;160
1300;8
1300;16
1300;22
1300;45
1300;89
1300;177
1301;4
1301;13
1301;22
1301;45
1301;89
1301;162
1302;7
1302;13
1302;25
1302;45
1302;89
1302;196
1303;4
1303;15
1303;22
1303;45
1303;90
1303;197
1304;4
1304;10
1304;22
1304;45
1304;89
1304;160
1305;8
1305;10
1305;22
1305;45
1305;89
1305;296
1306;6
1306;17
1306;25
1306;50
1306;127
1306;169
1307;4
1307;14
1307;26
1307;45
1307;89
1307;178
1308;7
1308;10
1308;30
1308;45
1308;89
1308;173
1309;8
1309;10
1309;20
1309;50
1309;83
1309;166
1310;4
1310;10
1310;39
1310;60
1310;119
1310;312
1311;4
1311;12
1311;24
1311;60
1311;123
1311;185
1312;6
1312;12
1312;23
1312;60
1312;125
1312;185
1313;8
1313;17
1313;25
1313;50
1313;119
1313;181
1314;8
1314;16
1314;24
1314;68
1314;135
1314;215
1315;5
1315;12
1315;25
1315;54
1315;123
1315;191
1316;9
1316;10
1316;32
1316;43
1316;126
1316;236
1317;5
1317;13
1317;25
1317;60
1317;88
1317;178
1318;4
1318;10
1318;32
1318;60
1318;120
1318;191
1319;8
1319;12
1319;29
1319;60
1319;119
1319;187
1320;4
1320;19
1320;20
1320;40
1320;80
1320;160
1321;6
1321;19
1321;22
1321;44
1321;81
1321;389
1322;7
1322;10
1322;22
1322;44
1322;89
1322;160
1323;9
1323;10
1323;22
1323;44
1323;85
1323;391
1324;5
1324;19
1324;37
1324;45
1324;150
1324;188
1325;4
1325;12
1325;37
1325;60
1325;90
1325;187
1326;6
1326;12
1326;23
1326;41
1326;119
1326;181
1327;8
1327;16
1327;25
1327;67
1327;100
1327;167
1328;8
1328;16
1328;25
1328;67
1328;101
1328;169
1329;7
1329;19
1329;37
1329;75
1329;112
1329;187
1330;9
1330;13
1330;37
1330;74
1330;80
1330;180
1331;6
1331;13
1331;33
1331;67
1331;134
1331;167
1332;4
1332;17
1332;34
1332;67
1332;118
1332;168
1333;4
1333;17
1333;33
1333;67
1333;80
1333;166
1334;8
1334;17
1334;34
1334;60
1334;89
1334;385
1335;5
1335;17
1335;33
1335;60
1335;119
1335;170
1336;9
1336;10
1336;32
1336;51
1336;89
1336;169
1337;7
1337;11
1337;38
1337;59
1337;89
1337;183
1338;6
1338;10
1338;20
1338;67
1338;119
1338;193
1339;4
1339;10
1339;34
1339;66
1339;119
1339;174
1340;4
1340;12
1340;33
1340;60
1340;132
1340;172
1341;7
1341;17
1341;25
1341;74
1341;85
1341;160
1342;8
1342;17
1342;25
1342;50
1342;83
1342;170
1343;8
1343;16
1343;32
1343;77
1343;80
1343;165
1344;5
1344;12
1344;34
1344;66
1344;81
1344;173
1345;7
1345;10
1345;32
1345;43
1345;80
1345;194
1346;4
1346;12
1346;35
1346;60
1346;89
1346;185
1347;4
1347;10
1347;33
1347;60
1347;90
1347;161
1348;9
1348;14
1348;30
1348;44
1348;90
1348;179
1349;7
1349;15
1349;33
1349;59
1349;100
1349;165
1350;7
1350;17
1350;36
1350;59
1350;89
1350;177
1351;7
1351;10
1351;20
1351;59
1351;90
1351;160
1352;8
1352;10
1352;20
1352;72
1352;101
1352;182
1353;4
1353;12
1353;37
1353;76
1353;113
1353;189
1354;4
1354;11
1354;35
1354;75
1354;150
1354;188
1355;7
1355;11
1355;37
1355;75
1355;150
1355;187
1356;8
1356;17
1356;25
1356;72
1356;100
1356;366
1357;8
1357;16
1357;24
1357;74
1357;149
1357;213
1358;8
1358;14
1358;38
1358;75
1358;117
1358;225
1359;9
1359;13
1359;20
1359;45
1359;121
1359;228
1360;5
1360;13
1360;20
1360;43
1360;98
1360;180
1361;4
1361;10
1361;32
1361;78
1361;99
1361;188
1362;8
1362;11
1362;29
1362;75
1362;90
1362;214
1363;7
1363;15
1363;30
1363;45
1363;119
1363;180
1364;5
1364;18
1364;34
1364;59
1364;119
1364;179
1365;7
1365;10
1365;22
1365;59
1365;150
1365;263
1366;8
1366;10
1366;20
1366;51
1366;125
1366;161
1367;6
1367;18
1367;34
1367;67
1367;101
1367;201
1368;4
1368;12
1368;30
1368;75
1368;150
1368;262
1369;7
1369;11
1369;21
1369;75
1369;150
1369;226
1370;7
1370;17
1370;25
1370;75
1370;130
1370;261
1371;8
1371;17
1371;25
1371;75
1371;131
1371;338
1372;7
1372;12
1372;38
1372;75
1372;113
1372;338
1373;9
1373;13
1373;20
1373;61
1373;156
1373;263
1374;6
1374;13
1374;24
1374;48
1374;100
1374;229
1375;4
1375;13
1375;26
1375;48
1375;99
1375;190
1376;4
1376;10
1376;37
1376;49
1376;150
1376;300
1377;4
1377;16
1377;33
1377;45
1377;109
1377;180
1378;6
1378;17
1378;38
1378;64
1378;106
1378;212
1379;9
1379;10
1379;23
1379;44
1379;119
1379;300
1380;7
1380;10
1380;29
1380;70
1380;117
1380;165
1381;7
1381;10
1381;20
1381;75
1381;150
1381;188
1382;4
1382;11
1382;37
1382;72
1382;150
1382;263
1383;4
1383;10
1383;37
1383;70
1383;118
1383;300
1384;7
1384;17
1384;26
1384;78
1384;81
1384;160
1385;8
1385;17
1385;25
1385;74
1385;134
1385;335
1386;8
1386;16
1386;24
1386;76
1386;149
1386;202
1387;5
1387;13
1387;38
1387;69
1387;140
1387;293
1388;7
1388;13
1388;26
1388;79
1388;150
1388;188
1389;8
1389;17
1389;24
1389;75
1389;128
1389;262
1390;7
1390;14
1390;21
1390;69
1390;107
1390;188
1391;6
1391;12
1391;23
1391;68
1391;101
1391;199
1392;5
1392;10
1392;20
1392;67
1392;134
1392;201
1393;4
1393;17
1393;25
1393;67
1393;135
1393;203
1394;7
1394;10
1394;30
1394;59
1394;101
1394;168
1395;8
1395;13
1395;26
1395;77
1395;118
1395;407
1396;4
1396;10
1396;20
1396;59
1396;120
1396;408
1397;4
1397;12
1397;25
1397;79
1397;80
1397;419
1398;4
1398;12
1398;24
1398;59
1398;89
1398;339
1399;4
1399;17
1399;25
1399;50
1399;83
1399;403
1400;4
1400;16
1400;24
1400;56
1400;145
1400;338
1401;4
1401;12
1401;33
1401;51
1401;117
1401;394
1402;9
1402;13
1402;26
1402;61
1402;123
1402;226
1403;5
1403;13
1403;20
1403;76
1403;157
1403;394
1404;4
1404;11
1404;23
1404;77
1404;99
1404;194
1405;4
1405;12
1405;29
1405;60
1405;90
1405;394
1406;4
1406;17
1406;22
1406;45
1406;89
1406;180
1407;4
1407;17
1407;23
1407;45
1407;119
1407;179
1408;8
1408;10
1408;25
1408;50
1408;101
1408;201
1409;8
1409;11
1409;24
1409;50
1409;159
1409;163
1410;5
1410;12
1410;38
1410;49
1410;126
1410;187
1411;4
1411;12
1411;37
1411;51
1411;86
1411;338
1412;7
1412;10
1412;21
1412;50
1412;84
1412;302
1413;7
1413;17
1413;39
1413;40
1413;80
1413;160
1414;8
1414;17
1414;25
1414;40
1414;99
1414;279
1415;7
1415;10
1415;22
1415;44
1415;100
1415;202
1416;5
1416;13
1416;23
1416;45
1416;116
1416;161
1417;6
1417;13
1417;20
1417;45
1417;112
1417;397
1418;3
1418;13
1418;22
1418;45
1418;89
1418;332
1419;4
1419;10
1419;22
1419;45
1419;90
1419;404
1420;8
1420;10
1420;22
1420;45
1420;119
1420;180
1421;6
1421;16
1421;25
1421;50
1421;119
1421;201
1422;9
1422;11
1422;30
1422;47
1422;119
1422;187
1423;7
1423;10
1423;30
1423;59
1423;90
1423;178
1424;7
1424;10
1424;22
1424;79
1424;80
1424;199
1425;4
1425;11
1425;39
1425;79
1425;150
1425;199
1426;4
1426;12
1426;24
1426;79
1426;159
1426;199
1427;6
1427;12
1427;26
1427;59
1427;148
1427;178
1428;8
1428;17
1428;25
1428;58
1428;83
1428;390
1429;8
1429;16
1429;24
1429;56
1429;148
1429;195
1430;5
1430;12
1430;38
1430;75
1430;133
1430;163
1431;7
1431;13
1431;21
1431;66
1431;100
1431;375
1432;4
1432;14
1432;29
1432;45
1432;136
1432;181
1433;4
1433;10
1433;39
1433;78
1433;118
1433;196
1434;6
1434;15
1434;39
1434;60
1434;149
1434;174
1435;4
1435;19
1435;20
1435;79
1435;80
1435;160
1436;8
1436;16
1436;22
1436;45
1436;90
1436;179
1437;7
1437;10
1437;39
1437;79
1437;80
1437;160
1438;8
1438;10
1438;20
1438;43
1438;157
1438;165
1439;4
1439;19
1439;37
1439;46
1439;150
1439;199
1440;4
1440;12
1440;24
1440;79
1440;80
1440;200
1441;6
1441;12
1441;23
1441;41
1441;89
1441;412
1442;8
1442;17
1442;25
1442;50
1442;100
1442;166
1443;8
1443;16
1443;38
1443;75
1443;102
1443;207
1444;8
1444;19
1444;37
1444;75
1444;94
1444;262
1445;9
1445;13
1445;20
1445;75
1445;127
1445;224
1446;5
1446;13
1446;33
1446;61
1446;102
1446;396
1447;4
1447;17
1447;33
1447;59
1447;91
1447;194
1448;8
1448;11
1448;33
1448;66
1448;90
1448;178
1449;7
1449;18
1449;38
1449;60
1449;119
1449;180
1450;5
1450;17
1450;38
1450;68
1450;119
1450;179
1451;8
1451;10
1451;22
1451;68
1451;150
1451;179
1452;7
1452;11
1452;20
1452;65
1452;111
1452;167
1453;5
1453;12
1453;25
1453;59
1453;118
1453;175
1454;8
1454;13
1454;39
1454;63
1454;119
1454;176
1455;8
1455;12
1455;33
1455;75
1455;89
1455;176
1456;9
1456;10
1456;34
1456;60
1456;119
1456;165
1457;6
1457;13
1457;34
1457;40
1457;148
1457;162
1458;4
1458;12
1458;30
1458;40
1458;119
1458;201
1459;4
1459;12
1459;20
1459;64
1459;131
1459;210
1460;6
1460;10
1460;22
1460;67
1460;106
1460;211
1461;4
1461;12
1461;37
1461;64
1461;149
1461;168
1462;7
1462;13
1462;30
1462;40
1462;99
1462;201
1463;8
1463;13
1463;30
1463;45
1463;100
1463;180
1464;4
1464;15
1464;30
1464;67
1464;90
1464;180
1465;3
1465;16
1465;32
1465;69
1465;103
1465;202
1466;5
1466;12
1466;30
1466;67
1466;134
1466;209
1467;6
1467;10
1467;30
1467;50
1467;119
1467;239
1468;4
1468;13
1468;33
1468;71
1468;114
1468;238
1469;4
1469;12
1469;37
1469;65
1469;150
1469;263
1470;4
1470;19
1470;38
1470;64
1470;113
1470;266
1471;9
1471;19
1471;37
1471;75
1471;113
1471;337
1472;9
1472;10
1472;30
1472;60
1472;149
1472;338
1473;6
1473;13
1473;20
1473;79
1473;99
1473;263
1474;8
1474;10
1474;24
1474;46
1474;99
1474;272
1475;4
1475;13
1475;26
1475;66
1475;135
1475;164
1476;4
1476;12
1476;25
1476;65
1476;112
1476;170
1477;9
1477;12
1477;20
1477;65
1477;148
1477;170
1478;7
1478;10
1478;29
1478;40
1478;118
1478;177
1479;8
1479;12
1479;39
1479;40
1479;100
1479;161
1480;4
1480;12
1480;30
1480;40
1480;151
1480;161
1481;9
1481;10
1481;20
1481;60
1481;119
1481;181
1482;4
1482;16
1482;25
1482;67
1482;100
1482;177
1483;9
1483;10
1483;25
1483;40
1483;150
1483;263
1484;7
1484;11
1484;37
1484;60
1484;89
1484;187
1485;6
1485;11
1485;39
1485;75
1485;119
1485;338
1486;9
1486;13
1486;30
1486;75
1486;132
1486;375
1487;8
1487;13
1487;25
1487;75
1487;113
1487;339
1488;8
1488;19
1488;22
1488;40
1488;86
1488;173
1489;5
1489;15
1489;22
1489;65
1489;88
1489;162
1490;8
1490;12
1490;21
1490;75
1490;122
1490;167
1491;8
1491;13
1491;30
1491;40
1491;99
1491;179
1492;8
1492;11
1492;20
1492;40
1492;118
1492;161
1493;4
1493;16
1493;25
1493;69
1493;89
1493;206
1494;9
1494;10
1494;25
1494;40
1494;87
1494;209
1495;9
1495;19
1495;22
1495;79
1495;80
1495;168
1496;6
1496;10
1496;20
1496;53
1496;118
1496;176
1497;4
1497;12
1497;20
1497;56
1497;90
1497;216
1498;4
1498;11
1498;30
1498;60
1498;88
1498;293
1499;9
1499;11
1499;20
1499;60
1499;89
1499;299
1500;6
1500;16
1500;30
1500;60
1500;90
1500;297
1501;8
1501;12
1501;27
1501;65
1501;119
1501;198
1502;8
1502;17
1502;37
1502;60
1502;124
1502;176
1503;9
1503;15
1503;26
1503;77
1503;110
1503;190
1504;0
1504;19
1504;30
1504;61
1504;89
1504;181
1505;2
1505;19
1505;21
1505;67
1505;134
1505;202
1506;2
1506;18
1506;28
1506;68
1506;136
1506;341
1507;9
1507;19
1507;33
1507;66
1507;133
1507;264
1508;3
1508;16
1508;35
1508;65
1508;120
1508;281
1509;2
1509;17
1509;32
1509;68
1509;134
1509;167
1510;7
1510;10
1510;20
1510;67
1510;117
1510;176
1511;4
1511;12
1511;20
1511;68
1511;120
1511;180
1512;4
1512;13
1512;33
1512;75
1512;119
1512;178
1513;4
1513;13
1513;37
1513;75
1513;120
1513;180
1514;4
1514;13
1514;38
1514;60
1514;120
1514;189
1515;9
1515;13
1515;34
1515;56
1515;113
1515;226
1516;4
1516;10
1516;33
1516;45
1516;133
1516;179
1517;8
1517;10
1517;26
1517;56
1517;108
1517;275
1518;4
1518;12
1518;29
1518;59
1518;89
1518;240
1519;4
1519;12
1519;39
1519;60
1519;91
1519;228
1520;4
1520;10
1520;30
1520;59
1520;100
1520;250
1521;5
1521;10
1521;30
1521;60
1521;150
1521;178
1522;5
1522;10
1522;37
1522;51
1522;133
1522;300
1523;9
1523;10
1523;38
1523;45
1523;90
1523;395
1524;9
1524;10
1524;28
1524;45
1524;121
1524;164
1525;4
1525;16
1525;30
1525;44
1525;134
1525;180
1526;4
1526;10
1526;30
1526;45
1526;135
1526;197
1527;4
1527;19
1527;21
1527;44
1527;88
1527;179
1528;4
1528;18
1528;30
1528;75
1528;91
1528;174
1529;4
1529;19
1529;26
1529;50
1529;152
1529;179
1530;7
1530;11
1530;25
1530;60
1530;119
1530;179
1531;9
1531;13
1531;28
1531;55
1531;125
1531;206
1532;5
1532;13
1532;30
1532;61
1532;90
1532;239
1533;4
1533;12
1533;33
1533;66
1533;101
1533;203
1534;6
1534;12
1534;25
1534;49
1534;159
1534;179
1535;7
1535;10
1535;34
1535;68
1535;135
1535;179
1536;4
1536;19
1536;33
1536;67
1536;100
1536;167
1537;6
1537;18
1537;23
1537;67
1537;119
1537;181
1538;9
1538;10
1538;35
1538;60
1538;109
1538;181
1539;6
1539;10
1539;30
1539;67
1539;100
1539;178
1540;5
1540;10
1540;30
1540;66
1540;119
1540;203
1541;5
1541;10
1541;38
1541;72
1541;108
1541;188
1542;9
1542;14
1542;38
1542;60
1542;148
1542;189
1543;9
1543;10
1543;37
1543;75
1543;119
1543;224
1544;7
1544;10
1544;37
1544;45
1544;134
1544;187
1545;5
1545;10
1545;20
1545;57
1545;134
1545;169
1546;6
1546;13
1546;25
1546;66
1546;104
1546;330
1547;4
1547;12
1547;25
1547;51
1547;96
1547;187
1548;4
1548;18
1548;36
1548;48
1548;89
1548;189
1549;6
1549;12
1549;30
1549;61
1549;118
1549;253
1550;4
1550;10
1550;25
1550;59
1550;159
1550;179
1551;4
1551;12
1551;30
1551;60
1551;89
1551;199
1552;9
1552;17
1552;21
1552;40
1552;119
1552;180
1553;7
1553;10
1553;20
1553;60
1553;89
1553;238
1554;4
1554;13
1554;28
1554;58
1554;87
1554;205
1555;4
1555;11
1555;29
1555;59
1555;87
1555;197
1556;4
1556;19
1556;27
1556;61
1556;150
1556;404
1557;8
1557;17
1557;25
1557;50
1557;152
1557;204
1558;9
1558;10
1558;25
1558;75
1558;100
1558;277
1559;4
1559;10
1559;30
1559;60
1559;159
1559;179
1560;8
1560;10
1560;21
1560;54
1560;159
1560;181
1561;4
1561;12
1561;28
1561;59
1561;89
1561;404
1562;4
1562;11
1562;32
1562;60
1562;89
1562;198
1563;6
1563;12
1563;20
1563;60
1563;89
1563;179
1564;7
1564;13
1564;33
1564;67
1564;89
1564;167
1565;6
1565;12
1565;36
1565;71
1565;142
1565;249
1566;8
1566;12
1566;34
1566;67
1566;100
1566;199
1567;9
1567;10
1567;34
1567;67
1567;101
1567;268
1568;5
1568;10
1568;38
1568;69
1568;101
1568;267
1569;4
1569;10
1569;20
1569;75
1569;113
1569;303
1570;6
1570;19
1570;38
1570;75
1570;113
1570;297
1571;4
1571;10
1571;38
1571;74
1571;112
1571;301
1572;7
1572;12
1572;39
1572;77
1572;118
1572;188
1573;5
1573;14
1573;28
1573;45
1573;151
1573;188
1574;9
1574;14
1574;28
1574;74
1574;134
1574;186
1575;5
1575;13
1575;33
1575;65
1575;147
1575;261
1576;4
1576;12
1576;22
1576;66
1576;133
1576;266
1577;8
1577;18
1577;34
1577;66
1577;133
1577;266
1578;7
1578;10
1578;30
1578;59
1578;118
1578;178
1579;4
1579;17
1579;30
1579;60
1579;100
1579;239
1580;8
1580;10
1580;24
1580;48
1580;119
1580;237
1581;9
1581;13
1581;23
1581;59
1581;117
1581;181
1582;6
1582;10
1582;30
1582;61
1582;121
1582;181
1583;4
1583;19
1583;30
1583;58
1583;120
1583;197
1584;4
1584;19
1584;25
1584;61
1584;122
1584;181
1585;4
1585;19
1585;26
1585;51
1585;118
1585;252
1586;6
1586;19
1586;25
1586;51
1586;149
1586;250
1587;8
1587;10
1587;25
1587;60
1587;120
1587;239
1588;3
1588;19
1588;25
1588;75
1588;115
1588;239
1589;6
1589;10
1589;25
1589;60
1589;151
1589;179
1590;4
1590;12
1590;30
1590;61
1590;159
1590;179
1591;4
1591;11
1591;30
1591;59
1591;159
1591;200
1592;6
1592;19
1592;32
1592;68
1592;159
1592;163
1593;7
1593;19
1593;20
1593;68
1593;131
1593;165
1594;6
1594;12
1594;20
1594;61
1594;89
1594;269
1595;8
1595;19
1595;25
1595;68
1595;119
1595;179
1596;7
1596;10
1596;31
1596;67
1596;101
1596;177
1597;5
1597;10
1597;38
1597;75
1597;134
1597;168
1598;4
1598;10
1598;30
1598;76
1598;113
1598;305
1599;9
1599;10
1599;38
1599;75
1599;150
1599;301
1600;6
1600;10
1600;25
1600;75
1600;112
1600;188
1601;9
1601;10
1601;38
1601;75
1601;113
1601;188
1602;9
1602;10
1602;28
1602;74
1602;133
1602;187
1603;8
1603;10
1603;26
1603;76
1603;113
1603;185
1604;4
1604;12
1604;33
1604;64
1604;100
1604;261
1605;4
1605;11
1605;26
1605;56
1605;120
1605;300
1606;6
1606;12
1606;36
1606;64
1606;150
1606;300
1607;8
1607;13
1607;30
1607;60
1607;107
1607;249
1608;8
1608;10
1608;30
1608;67
1608;150
1608;239
1609;8
1609;10
1609;33
1609;58
1609;134
1609;168
1610;9
1610;10
1610;29
1610;49
1610;155
1610;199
1611;5
1611;10
1611;30
1611;61
1611;81
1611;161
1612;4
1612;11
1612;31
1612;59
1612;119
1612;197
1613;7
1613;13
1613;30
1613;60
1613;120
1613;180
1614;4
1614;18
1614;30
1614;59
1614;119
1614;179
1615;8
1615;19
1615;30
1615;60
1615;119
1615;179
1616;7
1616;11
1616;30
1616;59
1616;119
1616;179
1617;9
1617;11
1617;39
1617;40
1617;118
1617;179
1618;6
1618;13
1618;25
1618;59
1618;116
1618;179
1619;4
1619;16
1619;31
1619;60
1619;120
1619;194
1620;6
1620;12
1620;25
1620;62
1620;89
1620;179
1621;9
1621;11
1621;34
1621;67
1621;135
1621;160
1622;6
1622;19
1622;35
1622;67
1622;101
1622;179
1623;9
1623;12
1623;26
1623;40
1623;159
1623;199
1624;8
1624;11
1624;20
1624;66
1624;90
1624;271
1625;6
1625;10
1625;31
1625;68
1625;118
1625;177
1626;4
1626;13
1626;25
1626;67
1626;120
1626;180
1627;4
1627;10
1627;39
1627;76
1627;120
1627;181
1628;4
1628;13
1628;37
1628;60
1628;120
1628;190
1629;4
1629;13
1629;37
1629;58
1629;119
1629;187
1630;8
1630;13
1630;22
1630;57
1630;87
1630;264
1631;4
1631;10
1631;28
1631;56
1631;141
1631;179
1632;6
1632;10
1632;26
1632;62
1632;90
1632;336
1633;5
1633;12
1633;27
1633;53
1633;89
1633;223
1634;4
1634;10
1634;39
1634;51
1634;101
1634;207
1635;8
1635;10
1635;30
1635;50
1635;101
1635;236
1636;5
1636;10
1636;38
1636;45
1636;90
1636;201
1637;5
1637;10
1637;38
1637;44
1637;89
1637;300
1638;9
1638;10
1638;38
1638;45
1638;91
1638;404
1639;8
1639;10
1639;29
1639;62
1639;149
1639;209
1640;4
1640;10
1640;30
1640;45
1640;89
1640;178
1641;4
1641;11
1641;37
1641;47
1641;95
1641;197
1642;4
1642;19
1642;23
1642;46
1642;92
1642;180
1643;4
1643;19
1643;26
1643;75
1643;120
1643;174
1644;9
1644;11
1644;29
1644;51
1644;150
1644;180
1645;6
1645;10
1645;20
1645;60
1645;159
1645;179
1646;9
1646;10
1646;27
1646;58
1646;127
1646;178
1647;4
1647;12
1647;31
1647;60
1647;119
1647;204
1648;4
1648;12
1648;34
1648;66
1648;159
1648;233
1649;6
1649;12
1649;38
1649;51
1649;159
1649;180
1650;7
1650;11
1650;33
1650;74
1650;135
1650;179
1651;5
1651;19
1651;34
1651;68
1651;120
1651;282
1652;6
1652;19
1652;20
1652;77
1652;118
1652;181
1653;9
1653;10
1653;30
1653;76
1653;107
1653;184
1654;5
1654;10
1654;30
1654;67
1654;135
1654;177
1655;4
1655;10
1655;37
1655;67
1655;102
1655;170
1656;6
1656;11
1656;38
1656;75
1656;113
1656;189
1657;8
1657;10
1657;38
1657;72
1657;148
1657;189
1658;9
1658;10
1658;37
1658;59
1658;120
1658;224
1659;7
1659;10
1659;34
1659;45
1659;134
1659;167
1660;5
1660;14
1660;20
1660;57
1660;134
1660;169
1661;6
1661;13
1661;26
1661;60
1661;98
1661;331
1662;4
1662;10
1662;30
1662;60
1662;98
1662;356
1663;4
1663;18
1663;29
1663;59
1663;117
1663;263
1664;4
1664;12
1664;25
1664;60
1664;120
1664;164
1665;4
1665;19
1665;25
1665;57
1665;119
1665;179
1666;4
1666;10
1666;25
1666;50
1666;100
1666;323
1667;9
1667;19
1667;20
1667;40
1667;119
1667;180
1668;6
1668;10
1668;30
1668;59
1668;89
1668;178
1669;3
1669;10
1669;30
1669;60
1669;119
1669;211
1670;4
1670;17
1670;30
1670;60
1670;119
1670;176
1671;4
1671;15
1671;25
1671;60
1671;119
1671;273
1672;7
1672;19
1672;23
1672;60
1672;119
1672;188
1673;8
1673;10
1673;26
1673;50
1673;133
1673;180
1674;3
1674;18
1674;30
1674;59
1674;159
1674;179
1675;7
1675;10
1675;30
1675;60
1675;149
1675;181
1676;4
1676;12
1676;31
1676;60
1676;150
1676;179
1677;4
1677;19
1677;26
1677;67
1677;159
1677;160
1678;6
1678;11
1678;30
1678;57
1678;90
1678;199
1679;7
1679;12
1679;30
1679;62
1679;121
1679;200
1680;6
1680;12
1680;34
1680;68
1680;101
1680;269
1681;8
1681;12
1681;33
1681;66
1681;101
1681;199
1682;9
1682;10
1682;20
1682;68
1682;103
1682;206
1683;4
1683;10
1683;20
1683;67
1683;100
1683;180
1684;4
1684;10
1684;38
1684;75
1684;113
1684;264
1685;6
1685;19
1685;37
1685;75
1685;112
1685;297
1686;9
1686;10
1686;38
1686;75
1686;151
1686;303
1687;8
1687;13
1687;23
1687;76
1687;151
1687;192
1688;4
1688;14
1688;28
1688;45
1688;84
1688;259
1689;9
1689;11
1689;26
1689;69
1689;156
1689;183
1690;4
1690;13
1690;28
1690;56
1690;101
1690;196
1691;4
1691;19
1691;38
1691;56
1691;112
1691;197
1692;8
1692;19
1692;20
1692;64
1692;111
1692;207
1693;4
1693;12
1693;30
1693;61
1693;100
1693;163
1694;4
1694;10
1694;39
1694;60
1694;119
1694;175
1695;8
1695;10
1695;30
1695;59
1695;105
1695;195
1696;9
1696;10
1696;22
1696;60
1696;158
1696;186
1697;5
1697;17
1697;30
1697;60
1697;90
1697;271
1698;4
1698;17
1698;30
1698;60
1698;90
1698;181
1699;5
1699;19
1699;29
1699;58
1699;104
1699;269
1700;4
1700;18
1700;26
1700;52
1700;97
1700;210
1701;7
1701;19
1701;20
1701;76
1701;126
1701;179
1702;7
1702;10
1702;25
1702;60
1702;159
1702;179
1703;9
1703;15
1703;25
1703;60
1703;126
1703;207
1704;6
1704;13
1704;25
1704;59
1704;89
1704;266
1705;4
1705;12
1705;25
1705;56
1705;158
1705;160
1706;5
1706;12
1706;25
1706;60
1706;159
1706;179
1707;6
1707;19
1707;34
1707;69
1707;137
1707;170
1708;6
1708;12
1708;20
1708;67
1708;136
1708;164
1709;8
1709;10
1709;20
1709;61
1709;89
1709;181
1710;8
1710;10
1710;20
1710;75
1710;119
1710;240
1711;6
1711;10
1711;30
1711;68
1711;103
1711;274
1712;5
1712;10
1712;36
1712;74
1712;113
1712;296
1713;4
1713;11
1713;38
1713;76
1713;152
1713;304
1714;5
1714;10
1714;29
1714;75
1714;115
1714;299
1715;5
1715;10
1715;38
1715;50
1715;149
1715;297
1716;9
1716;10
1716;38
1716;75
1716;151
1716;187
1717;9
1717;10
1717;20
1717;56
1717;133
1717;188
1718;7
1718;10
1718;26
1718;67
1718;111
1718;166
1719;4
1719;12
1719;31
1719;63
1719;117
1719;186
1720;4
1720;11
1720;25
1720;64
1720;96
1720;490
1721;6
1721;12
1721;38
1721;76
1721;120
1721;217
1722;8
1722;13
1722;39
1722;60
1722;101
1722;306
1723;8
1723;10
1723;30
1723;60
1723;120
1723;319
1724;8
1724;10
1724;34
1724;67
1724;101
1724;169
1725;8
1725;19
1725;20
1725;76
1725;151
1725;187
1726;4
1726;16
1726;37
1726;68
1726;80
1726;266
1727;9
1727;10
1727;25
1727;59
1727;119
1727;197
1728;3
1728;15
1728;27
1728;58
1728;120
1728;220
1729;8
1729;10
1729;30
1729;62
1729;134
1729;200
1730;7
1730;13
1730;30
1730;68
1730;135
1730;168
1731;6
1731;11
1731;30
1731;59
1731;135
1731;179
1732;9
1732;12
1732;22
1732;70
1732;151
1732;187
1733;5
1733;17
1733;33
1733;60
1733;151
1733;227
1734;7
1734;15
1734;22
1734;60
1734;120
1734;187
1735;6
1735;12
1735;24
1735;60
1735;119
1735;179
1736;8
1736;10
1736;20
1736;60
1736;133
1736;198
1737;6
1737;10
1737;32
1737;45
1737;135
1737;202
1738;9
1738;10
1738;26
1738;43
1738;89
1738;199
1739;8
1739;12
1739;20
1739;52
1739;124
1739;178
1740;5
1740;10
1740;30
1740;60
1740;101
1740;179
1741;4
1741;13
1741;39
1741;60
1741;100
1741;463
1742;4
1742;13
1742;33
1742;59
1742;118
1742;301
1743;4
1743;13
1743;22
1743;67
1743;133
1743;222
1744;4
1744;13
1744;22
1744;67
1744;134
1744;402
1745;8
1745;10
1745;24
1745;44
1745;112
1745;168
1746;4
1746;10
1746;33
1746;45
1746;134
1746;179
1747;6
1747;13
1747;30
1747;59
1747;89
1747;196
1748;5
1748;12
1748;29
1748;59
1748;119
1748;170
1749;4
1749;10
1749;25
1749;59
1749;119
1749;178
1750;9
1750;10
1750;30
1750;44
1750;123
1750;282
1751;5
1751;10
1751;38
1751;46
1751;92
1751;301
1752;5
1752;10
1752;37
1752;51
1752;102
1752;199
1753;9
1753;10
1753;38
1753;49
1753;150
1753;194
1754;7
1754;10
1754;29
1754;59
1754;150
1754;165
1755;4
1755;11
1755;39
1755;40
1755;119
1755;200
1756;3
1756;10
1756;29
1756;59
1756;151
1756;180
1757;4
1757;19
1757;25
1757;60
1757;89
1757;181
1758;4
1758;12
1758;30
1758;75
1758;81
1758;202
1759;9
1759;10
1759;25
1759;43
1759;86
1759;211
1760;3
1760;10
1760;25
1760;45
1760;89
1760;179
1761;7
1761;13
1761;37
1761;45
1761;90
1761;226
1762;4
1762;12
1762;30
1762;45
1762;90
1762;180
1763;4
1763;12
1763;30
1763;46
1763;91
1763;199
1764;6
1764;12
1764;26
1764;44
1764;132
1764;180
1765;5
1765;10
1765;30
1765;50
1765;81
1765;179
1766;5
1766;19
1766;30
1766;44
1766;89
1766;175
1767;6
1767;10
1767;30
1767;51
1767;89
1767;180
1768;9
1768;10
1768;20
1768;75
1768;118
1768;184
1769;4
1769;10
1769;20
1769;75
1769;119
1769;225
1770;4
1770;10
1770;38
1770;75
1770;119
1770;178
1771;6
1771;19
1771;38
1771;60
1771;132
1771;201
1772;7
1772;10
1772;30
1772;44
1772;100
1772;178
1773;9
1773;10
1773;38
1773;75
1773;112
1773;167
1774;7
1774;10
1774;33
1774;56
1774;113
1774;168
1775;9
1775;11
1775;20
1775;57
1775;123
1775;194
1776;5
1776;13
1776;30
1776;61
1776;119
1776;178
1777;4
1777;10
1777;30
1777;60
1777;102
1777;197
1778;8
1778;10
1778;38
1778;60
1778;98
1778;196
1779;6
1779;10
1779;39
1779;40
1779;81
1779;189
1780;4
1780;13
1780;25
1780;60
1780;86
1780;179
1781;4
1781;13
1781;24
1781;50
1781;90
1781;174
1782;9
1782;12
1782;20
1782;43
1782;86
1782;208
1783;6
1783;10
1783;37
1783;75
1783;149
1783;188
1784;4
1784;11
1784;37
1784;76
1784;151
1784;198
1785;4
1785;14
1785;37
1785;74
1785;150
1785;300
1786;4
1786;15
1786;29
1786;68
1786;134
1786;178
1787;7
1787;11
1787;30
1787;68
1787;135
1787;168
1788;7
1788;10
1788;38
1788;76
1788;114
1788;179
1789;4
1789;19
1789;37
1789;74
1789;112
1789;179
1790;6
1790;13
1790;34
1790;67
1790;152
1790;190
1791;4
1791;12
1791;34
1791;67
1791;150
1791;224
1792;4
1792;12
1792;34
1792;67
1792;159
1792;160
1793;5
1793;11
1793;35
1793;70
1793;135
1793;199
1794;7
1794;12
1794;34
1794;67
1794;134
1794;201
1795;7
1795;10
1795;35
1795;68
1795;134
1795;235
1796;8
1796;13
1796;37
1796;75
1796;90
1796;179
1797;7
1797;10
1797;20
1797;60
1797;100
1797;199
1798;5
1798;10
1798;20
1798;50
1798;100
1798;174
1799;4
1799;11
1799;34
1799;60
1799;101
1799;169
1800;4
1800;10
1800;36
1800;66
1800;88
1800;200
1801;8
1801;10
1801;23
1801;45
1801;135
1801;171
1802;9
1802;13
1802;23
1802;45
1802;91
1802;179
1803;5
1803;14
1803;28
1803;56
1803;112
1803;201
1804;7
1804;11
1804;26
1804;60
1804;118
1804;195
1805;4
1805;12
1805;30
1805;60
1805;89
1805;257
1806;4
1806;11
1806;30
1806;51
1806;149
1806;197
1807;6
1807;10
1807;30
1807;56
1807;137
1807;173
1808;4
1808;12
1808;30
1808;67
1808;101
1808;239
1809;8
1809;10
1809;35
1809;60
1809;104
1809;238
1810;8
1810;11
1810;25
1810;51
1810;150
1810;173
1811;9
1811;10
1811;28
1811;71
1811;106
1811;178
1812;4
1812;10
1812;30
1812;73
1812;148
1812;186
1813;4
1813;12
1813;30
1813;75
1813;151
1813;189
1814;7
1814;19
1814;37
1814;74
1814;149
1814;410
1815;4
1815;11
1815;29
1815;59
1815;150
1815;415
1816;6
1816;12
1816;29
1816;74
1816;149
1816;411
1817;7
1817;11
1817;37
1817;75
1817;150
1817;188
1818;9
1818;13
1818;20
1818;43
1818;90
1818;231
1819;5
1819;12
1819;25
1819;43
1819;150
1819;180
1820;4
1820;12
1820;30
1820;74
1820;158
1820;161
1821;6
1821;12
1821;25
1821;60
1821;159
1821;179
1822;6
1822;18
1822;30
1822;61
1822;150
1822;179
1823;6
1823;19
1823;20
1823;40
1823;140
1823;179
1824;8
1824;10
1824;29
1824;61
1824;107
1824;181
1825;9
1825;10
1825;35
1825;69
1825;104
1825;240
1826;6
1826;10
1826;20
1826;75
1826;135
1826;177
1827;5
1827;10
1827;37
1827;75
1827;152
1827;189
1828;4
1828;10
1828;37
1828;75
1828;150
1828;187
1829;4
1829;10
1829;38
1829;45
1829;151
1829;188
1830;9
1830;10
1830;25
1830;75
1830;150
1830;376
1831;9
1831;10
1831;20
1831;75
1831;101
1831;189
1832;9
1832;10
1832;28
1832;56
1832;134
1832;339
1833;6
1833;11
1833;30
1833;48
1833;135
1833;264
1834;4
1834;12
1834;30
1834;53
1834;100
1834;200
1835;4
1835;11
1835;30
1835;52
1835;150
1835;299
1836;7
1836;13
1836;22
1836;45
1836;88
1836;160
1837;8
1837;12
1837;30
1837;75
1837;106
1837;180
1838;8
1838;17
1838;26
1838;50
1838;125
1838;250
1839;8
1839;10
1839;37
1839;70
1839;117
1839;238
1840;7
1840;10
1840;30
1840;67
1840;151
1840;188
1841;4
1841;15
1841;30
1841;61
1841;148
1841;263
1842;4
1842;16
1842;30
1842;64
1842;151
1842;300
1843;4
1843;19
1843;29
1843;75
1843;81
1843;172
1844;0
1844;12
1844;30
1844;72
1844;134
1844;201
1845;9
1845;10
1845;31
1845;71
1845;120
1845;319
1846;4
1846;10
1846;30
1846;61
1846;101
1846;169
1847;8
1847;13
1847;30
1847;63
1847;150
1847;188
1848;4
1848;12
1848;37
1848;67
1848;100
1848;188
1849;4
1849;12
1849;34
1849;68
1849;101
1849;160
1850;6
1850;12
1850;34
1850;68
1850;119
1850;179
1851;7
1851;11
1851;34
1851;67
1851;134
1851;200
1852;6
1852;12
1852;35
1852;48
1852;119
1852;202
1853;8
1853;12
1853;30
1853;60
1853;120
1853;181
1854;7
1854;12
1854;20
1854;67
1854;92
1854;199
1855;4
1855;10
1855;33
1855;60
1855;101
1855;179
1856;4
1856;13
1856;33
1856;61
1856;119
1856;203
1857;4
1857;19
1857;21
1857;50
1857;120
1857;232
1858;4
1858;15
1858;37
1858;67
1858;134
1858;178
1859;4
1859;10
1859;22
1859;60
1859;120
1859;189
1860;7
1860;10
1860;33
1860;57
1860;112
1860;166
1861;4
1861;10
1861;32
1861;57
1861;117
1861;295
1862;6
1862;13
1862;30
1862;60
1862;138
1862;163
1863;4
1863;11
1863;29
1863;60
1863;129
1863;162
1864;4
1864;11
1864;30
1864;66
1864;87
1864;200
1865;9
1865;10
1865;30
1865;44
1865;88
1865;236
1866;5
1866;10
1866;38
1866;45
1866;120
1866;301
1867;4
1867;10
1867;38
1867;50
1867;150
1867;201
1868;4
1868;11
1868;20
1868;48
1868;92
1868;189
1869;6
1869;10
1869;30
1869;59
1869;90
1869;179
1870;3
1870;19
1870;37
1870;50
1870;119
1870;197
1871;4
1871;12
1871;30
1871;59
1871;150
1871;490
1872;4
1872;19
1872;39
1872;40
1872;80
1872;160
1873;4
1873;19
1873;39
1873;79
1873;80
1873;240
1874;8
1874;10
1874;29
1874;43
1874;85
1874;239
1875;4
1875;19
1875;25
1875;45
1875;91
1875;179
1876;6
1876;13
1876;25
1876;45
1876;89
1876;179
1877;4
1877;12
1877;30
1877;45
1877;91
1877;179
1878;5
1878;12
1878;30
1878;45
1878;90
1878;199
1879;9
1879;12
1879;26
1879;45
1879;90
1879;179
1880;4
1880;19
1880;30
1880;50
1880;99
1880;179
1881;6
1881;17
1881;30
1881;45
1881;158
1881;200
1882;8
1882;12
1882;30
1882;59
1882;90
1882;180
1883;7
1883;10
1883;38
1883;75
1883;118
1883;184
1884;5
1884;10
1884;20
1884;75
1884;120
1884;224
1885;4
1885;10
1885;38
1885;60
1885;119
1885;179
1886;8
1886;19
1886;38
1886;44
1886;113
1886;179
1887;7
1887;10
1887;30
1887;76
1887;113
1887;238
1888;7
1888;10
1888;38
1888;45
1888;124
1888;166
1889;4
1889;10
1889;33
1889;45
1889;113
1889;169
1890;9
1890;10
1890;30
1890;60
1890;90
1890;296
1891;4
1891;12
1891;30
1891;60
1891;159
1891;171
1892;4
1892;10
1892;38
1892;58
1892;100
1892;198
1893;7
1893;10
1893;39
1893;60
1893;120
1893;176
1894;7
1894;13
1894;25
1894;40
1894;81
1894;162
1895;4
1895;19
1895;25
1895;44
1895;88
1895;179
1896;4
1896;10
1896;25
1896;79
1896;80
1896;199
1897;9
1897;10
1897;39
1897;42
1897;80
1897;207
1898;5
1898;10
1898;37
1898;60
1898;149
1898;222
1899;4
1899;12
1899;31
1899;59
1899;150
1899;197
1900;7
1900;13
1900;37
1900;74
1900;83
1900;180
1901;4
1901;18
1901;30
1901;68
1901;101
1901;166
1902;8
1902;11
1902;36
1902;70
1902;134
1902;168
1903;7
1903;11
1903;38
1903;75
1903;113
1903;179
1904;9
1904;13
1904;35
1904;71
1904;126
1904;179
1905;5
1905;13
1905;33
1905;67
1905;151
1905;191
1906;4
1906;12
1906;34
1906;68
1906;89
1906;224
1907;6
1907;12
1907;34
1907;67
1907;149
1907;160
1908;9
1908;11
1908;37
1908;67
1908;133
1908;199
1909;6
1909;13
1909;38
1909;75
1909;134
1909;201
1910;8
1910;10
1910;33
1910;68
1910;134
1910;201
1911;8
1911;12
1911;33
1911;66
1911;90
1911;180
1912;6
1912;10
1912;38
1912;50
1912;120
1912;168
1913;5
1913;10
1913;37
1913;50
1913;100
1913;179
1914;4
1914;11
1914;38
1914;66
1914;100
1914;201
1915;4
1915;19
1915;22
1915;45
1915;82
1915;222
1916;9
1916;15
1916;23
1916;67
1916;89
1916;162
1917;9
1917;14
1917;24
1917;45
1917;149
1917;169
1918;5
1918;14
1918;28
1918;45
1918;134
1918;170
1919;6
1919;13
1919;29
1919;60
1919;89
1919;177
1920;4
1920;12
1920;25
1920;67
1920;119
1920;216
1921;4
1921;10
1921;29
1921;66
1921;98
1921;197
1922;7
1922;10
1922;30
1922;50
1922;134
1922;160
1923;4
1923;16
1923;30
1923;50
1923;152
1923;299
1924;8
1924;10
1924;31
1924;50
1924;126
1924;202
1925;8
1925;10
1925;25
1925;76
1925;100
1925;209
1926;7
1926;10
1926;33
1926;67
1926;102
1926;178
1927;4
1927;10
1927;34
1927;70
1927;146
1927;299
1928;4
1928;13
1928;38
1928;75
1928;151
1928;189
1929;5
1929;19
1929;37
1929;75
1929;149
1929;411
1930;4
1930;11
1930;37
1930;75
1930;150
1930;338
1931;9
1931;11
1931;38
1931;75
1931;150
1931;338
1932;6
1932;10
1932;30
1932;75
1932;150
1932;188
1933;9
1933;10
1933;20
1933;46
1933;91
1933;239
1934;4
1934;12
1934;30
1934;72
1934;108
1934;180
1935;4
1935;12
1935;30
1935;62
1935;159
1935;161
1936;6
1936;12
1936;25
1936;60
1936;159
1936;179
1937;7
1937;19
1937;30
1937;61
1937;89
1937;168
1938;6
1938;19
1938;20
1938;75
1938;89
1938;209
1939;8
1939;12
1939;20
1939;68
1939;120
1939;180
1940;9
1940;10
1940;20
1940;68
1940;101
1940;207
1941;5
1941;10
1941;38
1941;68
1941;135
1941;179
1942;4
1942;10
1942;37
1942;75
1942;151
1942;190
1943;5
1943;10
1943;37
1943;75
1943;149
1943;186
1944;5
1944;10
1944;30
1944;45
1944;150
1944;413
1945;9
1945;10
1945;38
1945;75
1945;150
1945;337
1946;7
1946;10
1946;20
1946;75
1946;112
1946;168
1947;5
1947;10
1947;29
1947;44
1947;134
1947;268
1948;6
1948;13
1948;38
1948;44
1948;89
1948;511
1949;4
1949;12
1949;29
1949;63
1949;149
1949;179
1950;6
1950;12
1950;30
1950;76
1950;150
1950;187
1951;8
1951;13
1951;29
1951;67
1951;88
1951;236
1952;8
1952;12
1952;39
1952;75
1952;120
1952;240
1953;8
1953;17
1953;24
1953;50
1953;125
1953;175
1954;8
1954;10
1954;25
1954;50
1954;119
1954;239
1955;6
1955;10
1955;30
1955;60
1955;118
1955;215
1956;3
1956;12
1956;30
1956;72
1956;90
1956;198
1957;9
1957;11
1957;30
1957;76
1957;94
1957;181
1958;9
1958;11
1958;20
1958;59
1958;88
1958;265
1959;6
1959;15
1959;23
1959;65
1959;149
1959;239
1960;7
1960;11
1960;23
1960;62
1960;120
1960;319
1961;4
1961;10
1961;30
1961;47
1961;101
1961;168
1962;7
1962;13
1962;33
1962;60
1962;123
1962;199
1963;4
1963;12
1963;37
1963;60
1963;119
1963;238
1964;9
1964;11
1964;26
1964;59
1964;120
1964;160
1965;6
1965;12
1965;20
1965;59
1965;119
1965;199
1966;7
1966;12
1966;29
1966;60
1966;120
1966;200
1967;6
1967;12
1967;22
1967;45
1967;119
1967;199
1968;8
1968;12
1968;31
1968;60
1968;159
1968;238
1969;8
1969;11
1969;23
1969;60
1969;134
1969;282
1970;3
1970;10
1970;26
1970;66
1970;91
1970;207
1971;3
1971;12
1971;33
1971;59
1971;119
1971;187
1972;2
1972;17
1972;30
1972;75
1972;119
1972;161
1973;4
1973;12
1973;22
1973;59
1973;120
1973;168
1974;3
1974;13
1974;30
1974;60
1974;119
1974;178
1975;3
1975;16
1975;30
1975;60
1975;149
1975;269
1976;3
1976;10
1976;34
1976;67
1976;134
1976;201
1977;9
1977;16
1977;27
1977;79
1977;156
1977;206
1978;9
1978;16
1978;34
1978;45
1978;119
1978;179
1979;6
1979;16
1979;30
1979;76
1979;120
1979;168
1980;9
1980;14
1980;38
1980;59
1980;119
1980;168
1981;8
1981;18
1981;39
1981;60
1981;120
1981;180
1982;8
1982;11
1982;38
1982;60
1982;90
1982;165
1983;9
1983;15
1983;33
1983;67
1983;134
1983;202
1984;9
1984;10
1984;27
1984;72
1984;92
1984;307
1985;9
1985;10
1985;26
1985;66
1985;104
1985;185
1986;9
1986;10
1986;38
1986;64
1986;120
1986;185
1987;9
1987;10
1987;29
1987;60
1987;92
1987;167
1988;8
1988;10
1988;38
1988;60
1988;120
1988;171
1989;9
1989;10
1989;29
1989;59
1989;119
1989;187
1990;9
1990;16
1990;38
1990;67
1990;92
1990;166
1991;0
1991;16
1991;30
1991;59
1991;103
1991;180
1992;0
1992;10
1992;29
1992;66
1992;94
1992;182
1993;9
1993;13
1993;34
1993;45
1993;83
1993;171
1994;0
1994;14
1994;33
1994;60
1994;109
1994;194
1995;0
1995;15
1995;39
1995;60
1995;94
1995;169
1996;0
1996;16
1996;29
1996;60
1996;110
1996;181
1997;0
1997;16
1997;32
1997;59
1997;110
1997;176
1998;0
1998;10
1998;28
1998;72
1998;103
1998;166
1999;0
1999;17
1999;31
1999;45
1999;151
1999;169
2000;0
2000;16
2000;31
2000;44
2000;111
2000;335
2001;0
2001;10
2001;20
2001;40
2001;80
2001;160
