1;4
1;13
1;39
1;50
1;105
1;189
2;9
2;17
2;27
2;54
2;80
2;184
3;6
3;17
3;20
3;52
3;80
3;162
4;8
4;18
4;24
4;42
4;80
4;165
5;7
5;18
5;28
5;53
5;81
5;163
6;9
6;18
6;26
6;53
6;81
6;176
7;9
7;18
7;27
7;42
7;81
7;177
8;0
8;18
8;26
8;43
8;81
8;164
9;9
9;18
9;28
9;43
9;82
9;167
10;6
10;18
10;27
10;43
10;81
10;160
11;9
11;18
11;27
11;43
11;81
11;163
12;8
12;18
12;21
12;54
12;82
12;171
13;8
13;18
13;28
13;43
13;80
13;165
14;7
14;14
14;27
14;42
14;80
14;164
15;1
15;18
15;21
15;53
15;80
15;160
16;6
16;19
16;21
16;42
16;80
16;166
17;3
17;17
17;21
17;45
17;81
17;164
18;4
18;19
18;38
18;44
18;80
18;178
19;2
19;19
19;38
19;45
19;80
19;160
20;2
20;19
20;32
20;53
20;80
20;161
21;7
21;19
21;20
21;54
21;80
21;215
22;1
22;15
22;37
22;53
22;80
22;180
23;8
23;16
23;23
23;54
23;81
23;160
24;9
24;16
24;31
24;44
24;80
24;170
25;9
25;19
25;20
25;40
25;82
25;204
26;8
26;16
26;23
26;55
26;81
26;186
27;5
27;16
27;31
27;47
27;96
27;160
28;8
28;16
28;32
28;40
28;96
28;160
29;9
29;16
29;20
29;47
29;95
29;176
30;8
30;19
30;20
30;41
30;81
30;163
31;6
31;19
31;20
31;48
31;81
31;168
32;5
32;17
32;28
32;57
32;80
32;166
33;0
33;18
33;31
33;59
33;88
33;182
34;2
34;19
34;28
34;61
34;92
34;179
35;4
35;18
35;31
35;44
35;92
35;172
36;9
36;18
36;27
36;53
36;81
36;164
37;7
37;18
37;31
37;58
37;81
37;163
38;7
38;18
38;32
38;57
38;81
38;172
39;6
39;19
39;29
39;58
39;82
39;169
40;0
40;19
40;27
40;57
40;80
40;168
41;1
41;13
41;29
41;54
41;82
41;174
42;1
42;19
42;26
42;56
42;82
42;165
43;8
43;17
43;21
43;62
43;81
43;175
44;5
44;18
44;24
44;42
44;80
44;165
45;8
45;18
45;31
45;53
45;81
45;161
46;0
46;19
46;27
46;54
46;81
46;163
47;0
47;18
47;27
47;54
47;81
47;166
48;6
48;18
48;26
48;43
48;81
48;161
49;4
49;18
49;27
49;43
49;82
49;165
50;9
50;18
50;27
50;43
50;81
50;162
51;1
51;18
51;26
51;42
51;81
51;163
52;0
52;19
52;21
52;54
52;80
52;169
53;8
53;18
53;21
53;43
53;80
53;165
54;8
54;14
54;26
54;42
54;80
54;162
55;2
55;18
55;21
55;41
55;80
55;162
56;7
56;19
56;21
56;42
56;80
56;165
57;7
57;19
57;21
57;40
57;84
57;160
58;2
58;19
58;22
58;44
58;81
58;162
59;5
59;19
59;38
59;45
59;80
59;173
60;1
60;18
60;26
60;47
60;80
60;163
61;1
61;19
61;20
61;53
61;80
61;206
62;6
62;16
62;38
62;53
62;80
62;161
63;0
63;16
63;23
63;53
63;81
63;161
64;6
64;16
64;31
64;44
64;80
64;161
65;4
65;18
65;20
65;40
65;80
65;161
66;5
66;16
66;23
66;46
66;81
66;186
67;9
67;16
67;27
67;41
67;81
67;160
68;8
68;16
68;20
68;40
68;96
68;169
69;5
69;19
69;20
69;40
69;95
69;164
70;0
70;19
70;20
70;48
70;82
70;170
71;9
71;16
71;32
71;41
71;97
71;162
72;0
72;16
72;32
72;48
72;80
72;167
73;7
73;16
73;32
73;40
73;88
73;161
74;3
74;16
74;32
74;48
74;95
74;160
75;1
75;16
75;32
75;40
75;93
75;175
76;1
76;16
76;20
76;47
76;81
76;180
77;7
77;19
77;20
77;47
77;93
77;161
78;9
78;19
78;39
78;47
78;95
78;163
79;9
79;19
79;20
79;47
79;80
79;176
80;9
80;16
80;39
80;40
80;81
80;176
81;7
81;17
81;39
81;47
81;81
81;171
82;5
82;18
82;29
82;41
82;80
82;166
83;9
83;17
83;21
83;62
83;80
83;166
84;4
84;18
84;24
84;42
84;80
84;172
85;4
85;18
85;31
85;53
85;80
85;168
86;2
86;18
86;27
86;54
86;80
86;165
87;2
87;18
87;21
87;54
87;80
87;168
88;0
88;18
88;26
88;42
88;80
88;173
89;8
89;18
89;27
89;43
89;81
89;161
90;9
90;18
90;28
90;43
90;81
90;170
91;0
91;18
91;26
91;53
91;80
91;166
92;1
92;18
92;21
92;42
92;81
92;170
93;3
93;18
93;21
93;54
93;81
93;172
94;9
94;14
94;26
94;50
94;80
94;163
95;1
95;18
95;21
95;54
95;80
95;168
96;1
96;19
96;22
96;41
96;80
96;166
97;8
97;19
97;21
97;58
97;81
97;182
98;0
98;19
98;22
98;45
98;81
98;163
99;6
99;19
99;38
99;46
99;81
99;172
100;8
100;18
100;32
100;47
100;81
100;168
101;3
101;19
101;20
101;54
101;80
101;206
102;3
102;16
102;38
102;54
102;80
102;199
103;7
103;18
103;23
103;53
103;81
103;160
104;1
104;17
104;31
104;45
104;80
104;164
105;9
105;19
105;20
105;45
105;82
105;162
106;6
106;19
106;39
106;56
106;82
106;191
107;4
107;19
107;23
107;40
107;86
107;162
108;8
108;16
108;24
108;48
108;81
108;187
109;1
109;16
109;20
109;48
109;80
109;163
110;8
110;16
110;20
110;41
110;80
110;162
111;0
111;16
111;24
111;40
111;81
111;160
112;9
112;16
112;20
112;40
112;81
112;165
113;0
113;19
113;32
113;56
113;88
113;177
114;3
114;19
114;32
114;44
114;92
114;174
115;3
115;18
115;26
115;44
115;80
115;163
116;1
116;18
116;27
116;53
116;81
116;169
117;7
117;19
117;31
117;58
117;81
117;162
118;0
118;18
118;22
118;63
118;81
118;166
119;3
119;19
119;22
119;57
119;81
119;166
120;0
120;19
120;29
120;56
120;83
120;172
121;9
121;13
121;29
121;57
121;82
121;184
122;0
122;18
122;28
122;56
122;81
122;187
123;2
123;17
123;26
123;53
123;80
123;167
124;2
124;17
124;24
124;42
124;80
124;176
125;1
125;18
125;24
125;42
125;80
125;165
126;5
126;18
126;27
126;53
126;80
126;163
127;8
127;18
127;21
127;54
127;81
127;162
128;0
128;17
128;27
128;43
128;80
128;180
129;1
129;19
129;26
129;43
129;81
129;173
130;0
130;18
130;36
130;43
130;82
130;169
131;1
131;18
131;27
131;54
131;80
131;171
132;9
132;14
132;21
132;43
132;80
132;161
133;9
133;18
133;21
133;54
133;82
133;192
134;3
134;14
134;27
134;50
134;81
134;162
135;0
135;18
135;21
135;42
135;80
135;168
136;5
136;19
136;22
136;53
136;81
136;165
137;7
137;18
137;21
137;59
137;81
137;161
138;3
138;19
138;22
138;44
138;80
138;162
139;4
139;19
139;38
139;54
139;81
139;175
140;2
140;19
140;32
140;53
140;81
140;160
141;2
141;19
141;32
141;53
141;81
141;179
142;0
142;19
142;38
142;54
142;81
142;182
143;6
143;18
143;20
143;53
143;80
143;164
144;8
144;17
144;26
144;44
144;80
144;167
145;7
145;15
145;20
145;40
145;80
145;196
146;1
146;18
146;39
146;53
146;83
146;202
147;0
147;16
147;24
147;40
147;81
147;163
148;7
148;16
148;20
148;48
148;81
148;193
149;4
149;19
149;20
149;41
149;80
149;163
150;4
150;19
150;24
150;60
150;80
150;170
151;9
151;16
151;20
151;40
151;80
151;161
152;9
152;16
152;24
152;48
152;96
152;160
153;9
153;18
153;25
153;47
153;80
153;208
154;0
154;13
154;26
154;46
154;111
154;178
155;0
155;13
155;25
155;73
155;91
155;191
156;4
156;13
156;21
156;59
156;141
156;223
157;0
157;12
157;25
157;47
157;100
157;258
158;0
158;17
158;26
158;43
158;159
158;160
159;8
159;19
159;37
159;45
159;82
159;170
160;9
160;18
160;39
160;60
160;149
160;327
161;7
161;12
161;34
161;75
161;99
161;251
162;9
162;18
162;24
162;48
162;141
162;166
163;5
163;16
163;24
163;72
163;96
163;264
164;4
164;17
164;26
164;79
164;80
164;160
165;8
165;18
165;22
165;78
165;157
165;209
166;0
166;18
166;23
166;47
166;92
166;207
167;2
167;18
167;23
167;45
167;81
167;180
168;3
168;18
168;24
168;49
168;101
168;197
169;2
169;19
169;27
169;79
169;80
169;185
170;5
170;18
170;28
170;43
170;82
170;160
171;9
171;18
171;23
171;46
171;95
171;162
172;6
172;14
172;21
172;43
172;158
172;212
173;4
173;18
173;24
173;73
173;140
173;221
174;8
174;19
174;26
174;79
174;80
174;265
175;2
175;18
175;27
175;79
175;80
175;160
176;2
176;19
176;21
176;48
176;132
176;198
177;2
177;18
177;21
177;47
177;95
177;237
178;6
178;16
178;23
178;46
178;80
178;183
179;4
179;19
179;26
179;77
179;103
179;258
180;0
180;19
180;27
180;79
180;80
180;160
181;5
181;19
181;24
181;47
181;94
181;213
182;0
182;19
182;24
182;54
182;80
182;211
183;9
183;19
183;25
183;53
183;151
183;226
184;0
184;16
184;27
184;54
184;81
184;161
185;0
185;15
185;27
185;78
185;158
185;183
186;9
186;18
186;23
186;42
186;80
186;160
187;0
187;16
187;23
187;47
187;93
187;232
188;6
188;10
188;21
188;44
188;83
188;212
189;4
189;16
189;21
189;41
189;103
189;185
190;8
190;16
190;20
190;47
190;159
190;289
191;6
191;16
191;24
191;40
191;80
191;488
192;6
192;18
192;35
192;53
192;88
192;193
193;9
193;18
193;32
193;44
193;155
193;210
194;7
194;18
194;31
194;60
194;88
194;358
195;0
195;19
195;27
195;62
195;80
195;221
196;8
196;19
196;31
196;54
196;81
196;187
197;0
197;18
197;27
197;53
197;80
197;213
198;5
198;19
198;21
198;57
198;86
198;212
199;1
199;19
199;24
199;47
199;95
199;212
200;2
200;19
200;26
200;51
200;104
200;259
201;2
201;18
201;27
201;54
201;81
201;241
202;4
202;18
202;26
202;55
202;81
202;161
203;6
203;10
203;26
203;54
203;80
203;187
204;4
204;17
204;26
204;53
204;80
204;186
205;1
205;18
205;24
205;42
205;80
205;245
206;3
206;18
206;21
206;49
206;81
206;190
207;0
207;18
207;24
207;47
207;95
207;263
208;4
208;18
208;21
208;42
208;87
208;186
209;0
209;19
209;27
209;53
209;80
209;266
210;5
210;18
210;27
210;53
210;80
210;186
211;9
211;10
211;26
211;48
211;81
211;165
212;4
212;17
212;21
212;42
212;80
212;462
213;8
213;18
213;21
213;54
213;155
213;210
214;3
214;19
214;26
214;53
214;80
214;186
215;0
215;18
215;27
215;53
215;80
215;186
216;6
216;19
216;21
216;47
216;95
216;190
217;0
217;18
217;21
217;48
217;144
217;168
218;6
218;10
218;25
218;40
218;82
218;175
219;4
219;19
219;26
219;53
219;131
219;262
220;2
220;19
220;26
220;53
220;80
220;160
221;5
221;19
221;24
221;48
221;144
221;168
222;6
222;19
222;24
222;54
222;118
222;212
223;1
223;15
223;25
223;53
223;80
223;264
224;0
224;16
224;27
224;53
224;80
224;214
225;8
225;15
225;23
225;44
225;150
225;369
226;9
226;18
226;27
226;52
226;156
226;476
227;7
227;19
227;24
227;47
227;159
227;511
228;7
228;10
228;26
228;54
228;84
228;162
229;4
229;16
229;20
229;64
229;96
229;161
230;0
230;16
230;24
230;40
230;96
230;446
231;1
231;19
231;20
231;47
231;96
231;404
232;1
232;16
232;27
232;53
232;80
232;293
233;5
233;16
233;27
233;53
233;80
233;185
234;7
234;16
234;27
234;40
234;87
234;182
235;5
235;16
235;32
235;40
235;88
235;168
236;3
236;19
236;22
236;45
236;88
236;224
237;1
237;16
237;20
237;48
237;80
237;393
238;6
238;16
238;39
238;40
238;136
238;400
239;3
239;19
239;24
239;48
239;95
239;216
240;0
240;19
240;26
240;53
240;80
240;240
241;9
241;11
241;27
241;47
241;80
241;237
242;4
242;17
242;24
242;46
242;97
242;184
243;7
243;10
243;24
243;51
243;92
243;170
244;4
244;17
244;26
244;78
244;103
244;362
245;9
245;18
245;27
245;53
245;80
245;398
246;9
246;18
246;21
246;42
246;94
246;160
247;0
247;18
247;24
247;71
247;144
247;239
248;4
248;18
248;23
248;47
248;142
248;166
249;5
249;18
249;27
249;53
249;80
249;213
250;1
250;18
250;26
250;53
250;80
250;186
251;0
251;18
251;24
251;48
251;96
251;168
252;2
252;19
252;23
252;42
252;94
252;165
253;8
253;18
253;21
253;54
253;155
253;210
254;2
254;18
254;27
254;53
254;80
254;187
255;1
255;14
255;26
255;53
255;80
255;239
256;3
256;18
256;21
256;47
256;103
256;189
257;0
257;19
257;21
257;47
257;94
257;214
258;7
258;10
258;21
258;43
258;86
258;177
259;4
259;17
259;26
259;78
259;105
259;281
260;3
260;19
260;26
260;79
260;80
260;161
261;8
261;19
261;26
261;47
261;105
261;250
262;7
262;19
262;24
262;48
262;95
262;190
263;0
263;16
263;23
263;46
263;117
263;210
264;1
264;16
264;25
264;77
264;156
264;166
265;1
265;16
265;26
265;79
265;105
265;264
266;5
266;19
266;21
266;45
266;157
266;232
267;6
267;19
267;23
267;47
267;94
267;234
268;8
268;10
268;25
268;47
268;92
268;178
269;4
269;17
269;21
269;64
269;85
269;169
270;0
270;16
270;21
270;40
270;85
270;168
271;9
271;19
271;20
271;47
271;131
271;164
272;6
272;18
272;35
272;71
272;89
272;195
273;5
273;18
273;28
273;60
273;150
273;193
274;2
274;18
274;31
274;59
274;90
274;447
275;9
275;19
275;28
275;61
275;93
275;365
276;5
276;18
276;32
276;44
276;93
276;213
277;8
277;18
277;27
277;53
277;81
277;170
278;6
278;18
278;31
278;56
278;118
278;166
279;0
279;18
279;24
279;47
279;94
279;165
280;0
280;19
280;26
280;53
280;159
280;160
281;9
281;19
281;27
281;56
281;134
281;401
282;0
282;13
282;27
282;54
282;82
282;303
283;9
283;10
283;27
283;79
283;80
283;160
284;4
284;17
284;27
284;53
284;80
284;317
285;2
285;18
285;27
285;53
285;80
285;292
286;6
286;18
286;31
286;53
286;81
286;160
287;1
287;18
287;24
287;48
287;95
287;381
288;3
288;18
288;24
288;72
288;81
288;383
289;6
289;18
289;24
289;48
289;147
289;174
290;3
290;18
290;26
290;53
290;80
290;289
291;9
291;17
291;25
291;53
291;81
291;186
292;5
292;14
292;23
292;48
292;142
292;358
293;2
293;18
293;21
293;53
293;150
293;185
294;0
294;18
294;26
294;54
294;81
294;191
295;1
295;14
295;26
295;52
295;105
295;236
296;9
296;19
296;21
296;53
296;104
296;215
297;9
297;19
297;22
297;47
297;80
297;261
298;9
298;10
298;21
298;41
298;89
298;401
299;4
299;17
299;26
299;54
299;80
299;216
300;3
300;19
300;24
300;48
300;95
300;191
301;4
301;19
301;32
301;54
301;81
301;245
302;6
302;19
302;22
302;45
302;91
302;206
303;8
303;16
303;24
303;48
303;96
303;192
304;0
304;16
304;26
304;54
304;80
304;199
305;8
305;17
305;26
305;53
305;157
305;183
306;2
306;18
306;23
306;47
306;139
306;163
307;0
307;16
307;27
307;53
307;133
307;267
308;1
308;16
308;27
308;53
308;134
308;161
309;0
309;16
309;28
309;57
309;85
309;280
310;7
310;19
310;32
310;64
310;96
310;222
311;5
311;19
311;20
311;48
311;82
311;233
312;8
312;16
312;27
312;40
312;81
312;213
313;0
313;16
313;27
313;53
313;80
313;213
314;1
314;16
314;26
314;53
314;80
314;211
315;4
315;16
315;27
315;54
315;81
315;211
316;2
316;16
316;27
316;53
316;80
316;212
317;9
317;16
317;22
317;44
317;159
317;168
318;3
318;19
318;24
318;72
318;119
318;167
319;2
319;19
319;23
319;70
319;117
319;210
320;0
320;19
320;24
320;48
320;141
320;167
321;2
321;19
321;26
321;53
321;80
321;321
322;2
322;16
322;26
322;53
322;158
322;160
323;9
323;11
323;24
323;53
323;80
323;184
324;4
324;11
324;21
324;54
324;80
324;188
325;4
325;11
325;26
325;53
325;80
325;185
326;4
326;11
326;24
326;52
326;130
326;185
327;4
327;11
327;24
327;53
327;159
327;288
328;4
328;11
328;28
328;54
328;133
328;160
329;4
329;11
329;27
329;43
329;80
329;160
330;4
330;11
330;27
330;53
330;80
330;160
331;4
331;11
331;28
331;54
331;80
331;160
332;4
332;11
332;27
332;79
332;80
332;160
333;4
333;11
333;21
333;42
333;80
333;192
334;4
334;11
334;27
334;79
334;124
334;170
335;4
335;11
335;27
335;53
335;80
335;160
336;4
336;11
336;21
336;79
336;80
336;160
337;4
337;19
337;23
337;46
337;80
337;160
338;4
338;12
338;24
338;48
338;80
338;160
339;5
339;17
339;26
339;79
339;80
339;160
340;4
340;19
340;27
340;54
340;81
340;218
341;4
341;19
341;27
341;47
341;111
341;160
342;3
342;18
342;24
342;47
342;141
342;373
343;8
343;18
343;26
343;54
343;80
343;266
344;9
344;18
344;27
344;53
344;80
344;369
345;5
345;17
345;26
345;53
345;80
345;400
346;8
346;19
346;20
346;45
346;107
346;160
347;7
347;19
347;23
347;47
347;141
347;165
348;9
348;12
348;24
348;71
348;141
348;165
349;5
349;10
349;21
349;42
349;83
349;166
350;3
350;10
350;20
350;40
350;81
350;165
351;3
351;18
351;20
351;40
351;80
351;164
352;3
352;18
352;36
352;53
352;108
352;215
353;3
353;17
353;35
353;47
353;156
353;193
354;3
354;19
354;20
354;64
354;135
354;182
355;3
355;18
355;32
355;44
355;130
355;160
356;3
356;18
356;26
356;44
356;80
356;160
357;3
357;19
357;28
357;53
357;82
357;161
358;3
358;18
358;31
358;57
358;133
358;205
359;3
359;18
359;22
359;46
359;140
359;223
360;3
360;19
360;24
360;47
360;94
360;285
361;3
361;19
361;26
361;79
361;105
361;206
362;3
362;13
362;27
362;55
362;119
362;186
363;3
363;15
363;26
363;52
363;80
363;184
364;5
364;18
364;22
364;67
364;88
364;328
365;4
365;11
365;27
365;55
365;82
365;357
366;4
366;11
366;26
366;79
366;80
366;342
367;4
367;11
367;23
367;53
367;116
367;168
368;4
368;11
368;24
368;47
368;143
368;190
369;4
369;11
369;23
369;44
369;110
369;237
370;4
370;11
370;26
370;53
370;80
370;368
371;4
371;11
371;27
371;54
371;80
371;268
372;7
372;10
372;27
372;47
372;135
372;165
373;3
373;11
373;24
373;42
373;119
373;192
374;4
374;11
374;25
374;73
374;126
374;181
375;4
375;11
375;27
375;79
375;80
375;160
376;4
376;11
376;27
376;79
376;80
376;160
377;4
377;19
377;21
377;47
377;139
377;162
378;4
378;17
378;21
378;45
378;133
378;160
379;5
379;17
379;26
379;53
379;158
379;185
380;4
380;11
380;27
380;54
380;81
380;270
381;4
381;11
381;32
381;47
381;133
381;260
382;4
382;11
382;22
382;45
382;159
382;184
383;4
383;11
383;24
383;54
383;118
383;237
384;4
384;11
384;26
384;79
384;80
384;345
385;4
385;11
385;27
385;54
385;81
385;352
386;4
386;11
386;27
386;79
386;80
386;343
387;4
387;11
387;26
387;53
387;80
387;161
388;4
388;11
388;26
388;53
388;80
388;161
389;5
389;14
389;27
389;54
389;81
389;161
390;4
390;12
390;34
390;67
390;102
390;313
391;4
391;12
391;26
391;52
391;155
391;359
392;4
392;12
392;27
392;54
392;80
392;214
393;4
393;12
393;27
393;53
393;80
393;213
394;4
394;12
394;27
394;40
394;134
394;175
395;4
395;12
395;29
395;58
395;86
395;214
396;4
396;12
396;31
396;40
396;139
396;174
397;4
397;12
397;22
397;45
397;152
397;162
398;4
398;12
398;23
398;46
398;107
398;361
399;4
399;12
399;20
399;40
399;135
399;438
400;4
400;12
400;24
400;48
400;143
400;215
401;4
401;12
401;26
401;52
401;80
401;181
402;7
402;10
402;27
402;40
402;91
402;193
403;4
403;18
403;29
403;40
403;80
403;388
404;6
404;16
404;25
404;52
404;101
404;288
405;4
405;11
405;27
405;54
405;80
405;267
406;4
406;11
406;25
406;52
406;132
406;184
407;4
407;11
407;24
407;71
407;94
407;164
408;4
408;11
408;24
408;70
408;94
408;165
409;4
409;11
409;27
409;73
409;97
409;170
410;4
410;11
410;27
410;53
410;80
410;186
411;4
411;11
411;27
411;53
411;80
411;264
412;4
412;11
412;24
412;48
412;95
412;381
413;4
413;11
413;26
413;47
413;116
413;380
414;4
414;11
414;29
414;75
414;126
414;170
415;4
415;11
415;26
415;53
415;80
415;160
416;4
416;11
416;21
416;53
416;80
416;161
417;4
417;19
417;21
417;62
417;87
417;220
418;4
418;18
418;21
418;56
418;85
418;223
419;6
419;10
419;25
419;71
419;81
419;162
420;4
420;19
420;27
420;79
420;80
420;372
421;4
421;19
421;26
421;79
421;132
421;264
422;0
422;19
422;24
422;47
422;80
422;212
423;9
423;19
423;22
423;54
423;133
423;283
424;4
424;19
424;38
424;53
424;132
424;423
425;7
425;16
425;24
425;73
425;158
425;160
426;6
426;15
426;27
426;79
426;157
426;160
427;1
427;18
427;25
427;48
427;157
427;280
428;0
428;16
428;24
428;48
428;96
428;192
429;6
429;10
429;25
429;47
429;82
429;214
430;3
430;10
430;21
430;42
430;145
430;249
431;3
431;10
431;20
431;41
431;103
431;268
432;3
432;16
432;24
432;40
432;104
432;265
433;3
433;18
433;36
433;54
433;90
433;253
434;3
434;17
434;28
434;44
434;155
434;257
435;3
435;10
435;31
435;60
435;131
435;170
436;3
436;19
436;27
436;61
436;80
436;223
437;3
437;19
437;31
437;54
437;157
437;177
438;3
438;18
438;27
438;53
438;89
438;295
439;3
439;18
439;22
439;45
439;80
439;204
440;3
440;18
440;24
440;48
440;95
440;189
441;3
441;19
441;27
441;53
441;80
441;186
442;3
442;18
442;22
442;51
442;145
442;223
443;3
443;13
443;22
443;53
443;81
443;187
444;7
444;10
444;21
444;54
444;91
444;428
445;4
445;11
445;26
445;79
445;80
445;183
446;4
446;11
446;26
446;79
446;80
446;160
447;4
447;11
447;26
447;79
447;80
447;160
448;4
448;11
448;23
448;47
448;142
448;164
449;4
449;11
449;23
449;42
449;80
449;487
450;4
450;11
450;26
450;53
450;159
450;264
451;4
451;11
451;25
451;43
451;159
451;420
452;4
452;10
452;27
452;46
452;106
452;505
453;4
453;17
453;23
453;47
453;93
453;164
454;3
454;10
454;29
454;62
454;124
454;196
455;4
455;11
455;26
455;79
455;157
455;183
456;4
456;11
456;27
456;79
456;80
456;161
457;4
457;18
457;21
457;42
457;104
457;281
458;4
458;19
458;21
458;48
458;142
458;166
459;7
459;10
459;24
459;47
459;80
459;167
460;4
460;11
460;26
460;53
460;80
460;291
461;4
461;11
461;26
461;53
461;80
461;213
462;4
462;11
462;24
462;47
462;94
462;187
463;4
463;11
463;20
463;54
463;104
463;436
464;4
464;11
464;25
464;53
464;80
464;425
465;4
465;11
465;27
465;53
465;154
465;161
466;4
466;11
466;22
466;44
466;154
466;165
467;4
467;11
467;20
467;51
467;102
467;274
468;4
468;11
468;26
468;53
468;80
468;160
469;7
469;10
469;21
469;53
469;80
469;161
470;4
470;13
470;32
470;63
470;96
470;161
471;4
471;12
471;20
471;40
471;96
471;160
472;4
472;12
472;26
472;47
472;102
472;279
473;4
473;12
473;27
473;54
473;81
473;216
474;4
474;12
474;28
474;54
474;80
474;213
475;4
475;12
475;26
475;79
475;80
475;185
476;4
476;12
476;27
476;79
476;81
476;186
477;4
477;12
477;35
477;42
477;81
477;174
478;4
478;12
478;24
478;47
478;94
478;213
479;4
479;12
479;23
479;46
479;116
479;424
480;4
480;12
480;24
480;48
480;143
480;163
481;4
481;12
481;25
481;77
481;96
481;311
482;4
482;12
482;26
482;79
482;131
482;314
483;4
483;12
483;28
483;56
483;84
483;168
484;8
484;10
484;27
484;53
484;80
484;213
485;4
485;11
485;24
485;48
485;96
485;191
486;4
486;11
486;24
486;53
486;80
486;188
487;4
487;11
487;26
487;53
487;80
487;185
488;4
488;11
488;27
488;51
488;84
488;160
489;4
489;11
489;24
489;54
489;96
489;160
490;4
490;11
490;26
490;43
490;159
490;160
491;4
491;11
491;28
491;43
491;159
491;160
492;4
492;11
492;27
492;43
492;159
492;160
493;4
493;11
493;26
493;42
493;159
493;160
494;4
494;11
494;29
494;76
494;155
494;197
495;4
495;11
495;21
495;53
495;159
495;160
496;4
496;11
496;26
496;54
496;159
496;161
497;4
497;18
497;21
497;53
497;159
497;160
498;4
498;19
498;21
498;53
498;159
498;160
499;9
499;10
499;28
499;48
499;159
499;160
500;4
500;17
500;34
500;51
500;159
500;160
501;4
501;19
501;38
501;53
501;159
501;160
502;4
502;19
502;26
502;53
502;159
502;160
503;0
503;19
503;38
503;40
503;159
503;210
504;9
504;19
504;20
504;40
504;115
504;490
505;8
505;15
505;21
505;42
505;149
505;163
506;1
506;16
506;31
506;44
506;140
506;160
507;4
507;18
507;20
507;53
507;159
507;160
508;9
508;19
508;23
508;51
508;149
508;160
509;9
509;10
509;25
509;41
509;86
509;481
510;5
510;19
510;38
510;48
510;159
510;230
511;3
511;16
511;33
511;47
511;159
511;160
512;3
512;10
512;20
512;41
512;159
512;160
513;3
513;18
513;35
513;52
513;139
513;174
514;3
514;19
514;28
514;64
514;155
514;193
515;3
515;10
515;32
515;47
515;116
515;352
516;3
516;10
516;27
516;62
516;105
516;340
517;3
517;18
517;27
517;44
517;107
517;350
518;3
518;18
518;27
518;53
518;117
518;160
519;3
519;18
519;32
519;45
519;145
519;483
520;3
520;18
520;27
520;54
520;81
520;269
521;3
521;19
521;28
521;79
521;81
521;206
522;3
522;19
522;27
522;79
522;81
522;273
523;3
523;13
523;26
523;53
523;132
523;160
524;9
524;11
524;28
524;46
524;86
524;162
525;4
525;11
525;24
525;48
525;96
525;360
526;4
526;11
526;26
526;53
526;158
526;315
527;4
527;11
527;27
527;53
527;81
527;400
528;4
528;11
528;27
528;53
528;105
528;368
529;4
529;11
529;27
529;53
529;80
529;423
530;4
530;11
530;27
530;53
530;80
530;161
531;4
531;11
531;26
531;53
531;80
531;290
532;4
532;11
532;26
532;52
532;80
532;292
533;5
533;16
533;26
533;79
533;130
533;366
534;4
534;11
534;28
534;43
534;156
534;201
535;4
535;11
535;27
535;53
535;80
535;185
536;4
536;11
536;26
536;52
536;80
536;240
537;4
537;11
537;21
537;54
537;153
537;167
538;4
538;19
538;21
538;47
538;119
538;237
539;9
539;10
539;21
539;43
539;83
539;481
540;4
540;11
540;24
540;72
540;144
540;168
541;4
541;11
541;23
541;69
541;93
541;161
542;4
542;11
542;24
542;70
542;140
542;167
543;4
543;11
543;21
543;41
543;147
543;445
544;4
544;11
544;21
544;54
544;85
544;400
545;4
545;11
545;23
545;46
545;92
545;321
546;4
546;11
546;26
546;79
546;158
546;160
547;4
547;11
547;26
547;52
547;154
547;370
548;4
548;11
548;26
548;49
548;133
548;401
549;4
549;11
549;22
549;41
549;87
549;261
550;4
550;13
550;26
550;78
550;132
550;316
551;4
551;12
551;27
551;53
551;80
551;160
552;4
552;12
552;27
552;53
552;80
552;160
553;4
553;12
553;28
553;57
553;85
553;341
554;4
554;12
554;27
554;49
554;151
554;193
555;4
555;12
555;26
555;53
555;80
555;216
556;4
556;12
556;20
556;48
556;130
556;193
557;4
557;12
557;31
557;40
557;143
557;192
558;4
558;12
558;20
558;44
558;154
558;193
559;4
559;12
559;20
559;47
559;147
559;490
560;4
560;12
560;23
560;70
560;93
560;163
561;4
561;12
561;23
561;70
561;93
561;256
562;4
562;12
562;23
562;69
562;137
562;160
563;6
563;18
563;25
563;47
563;85
563;277
564;4
564;19
564;20
564;40
564;80
564;162
565;4
565;12
565;26
565;52
565;156
565;466
566;4
566;11
566;27
566;53
566;159
566;160
567;4
567;11
567;26
567;53
567;80
567;466
568;4
568;11
568;23
568;45
568;154
568;175
569;4
569;11
569;23
569;47
569;118
569;166
570;4
570;11
570;26
570;53
570;80
570;160
571;4
571;11
571;27
571;54
571;81
571;324
572;4
572;11
572;26
572;53
572;80
572;370
573;4
573;11
573;24
573;48
573;95
573;466
574;4
574;11
574;23
574;43
574;155
574;193
575;4
575;11
575;24
575;48
575;143
575;166
576;4
576;11
576;26
576;79
576;80
576;160
577;4
577;11
577;21
577;79
577;80
577;265
578;4
578;19
578;21
578;48
578;143
578;167
579;4
579;18
579;21
579;47
579;80
579;165
580;5
580;14
580;24
580;50
580;156
580;167
581;4
581;19
581;26
581;53
581;80
581;185
582;4
582;19
582;27
582;54
582;80
582;188
583;4
583;19
583;26
583;52
583;81
583;208
584;9
584;15
584;26
584;53
584;84
584;184
585;0
585;18
585;24
585;72
585;142
585;168
586;0
586;17
586;27
586;79
586;80
586;320
587;6
587;18
587;27
587;79
587;80
587;293
588;0
588;19
588;24
588;47
588;141
588;258
589;9
589;15
589;23
589;47
589;118
589;465
590;5
590;13
590;21
590;43
590;86
590;361
591;3
591;10
591;21
591;42
591;84
591;425
592;3
592;10
592;20
592;41
592;81
592;231
593;3
593;18
593;36
593;54
593;145
593;162
594;3
594;17
594;35
594;53
594;158
594;160
595;3
595;18
595;32
595;71
595;155
595;180
596;3
596;19
596;31
596;44
596;131
596;219
597;3
597;19
597;20
597;79
597;86
597;187
598;3
598;19
598;31
598;53
598;86
598;169
599;3
599;18
599;31
599;57
599;92
599;474
600;3
600;18
600;24
600;48
600;159
600;212
601;3
601;19
601;25
601;52
601;80
601;195
602;3
602;19
602;27
602;53
602;159
602;160
603;3
603;18
603;29
603;55
603;158
603;476
604;3
604;14
604;28
604;56
604;81
604;161
605;5
605;17
605;21
605;79
605;80
605;263
606;4
606;11
606;24
606;79
606;80
606;160
607;4
607;11
607;26
607;53
607;80
607;214
608;4
608;11
608;24
608;48
608;80
608;215
609;4
609;11
609;24
609;48
609;119
609;161
610;4
610;11
610;24
610;53
610;81
610;174
611;4
611;11
611;26
611;79
611;80
611;288
612;4
612;11
612;25
612;43
612;80
612;288
613;7
613;10
613;24
613;46
613;157
613;160
614;3
614;11
614;21
614;42
614;80
614;187
615;4
615;11
615;26
615;79
615;80
615;161
616;4
616;11
616;27
616;79
616;80
616;160
617;4
617;11
617;21
617;79
617;80
617;160
618;4
618;19
618;21
618;48
618;141
618;165
619;4
619;18
619;21
619;47
619;97
619;240
620;5
620;18
620;23
620;50
620;141
620;201
621;4
621;11
621;27
621;53
621;80
621;267
622;4
622;11
622;27
622;53
622;80
622;267
623;4
623;11
623;24
623;47
623;142
623;167
624;4
624;11
624;24
624;54
624;80
624;184
625;4
625;11
625;24
625;53
625;80
625;316
626;4
626;11
626;26
626;53
626;81
626;234
627;4
627;11
627;26
627;53
627;105
627;340
628;4
628;11
628;27
628;54
628;80
628;217
629;4
629;11
629;27
629;53
629;80
629;266
630;6
630;10
630;25
630;42
630;80
630;266
631;4
631;12
631;31
631;63
631;126
631;423
632;4
632;12
632;32
632;63
632;95
632;379
633;4
633;12
633;27
633;55
633;137
633;161
634;4
634;12
634;26
634;53
634;159
634;160
635;4
635;12
635;28
635;53
635;80
635;266
636;4
636;12
636;27
636;53
636;80
636;211
637;4
637;12
637;27
637;53
637;81
637;215
638;4
638;12
638;20
638;53
638;125
638;225
639;4
639;12
639;20
639;48
639;80
639;160
640;4
640;12
640;24
640;46
640;159
640;258
641;4
641;12
641;24
641;47
641;94
641;213
642;4
642;12
642;27
642;55
642;82
642;221
643;4
643;12
643;27
643;54
643;81
643;217
644;4
644;19
644;24
644;40
644;80
644;289
645;4
645;19
645;20
645;49
645;148
645;179
646;4
646;19
646;27
646;54
646;81
646;189
647;4
647;19
647;26
647;53
647;80
647;185
648;3
648;19
648;27
648;53
648;80
648;186
649;6
649;17
649;26
649;53
649;80
649;293
650;9
650;18
650;23
650;47
650;94
650;215
651;9
651;19
651;24
651;54
651;85
651;189
652;5
652;19
652;21
652;53
652;80
652;185
653;5
653;19
653;21
653;53
653;80
653;186
654;5
654;19
654;21
654;53
654;85
654;186
655;5
655;19
655;21
655;53
655;85
655;168
656;5
656;19
656;21
656;54
656;84
656;168
657;5
657;19
657;21
657;63
657;85
657;167
658;5
658;19
658;21
658;53
658;84
658;186
659;5
659;19
659;21
659;53
659;85
659;169
660;9
660;19
660;21
660;63
660;85
660;170
661;6
661;19
661;21
661;63
661;84
661;168
662;8
662;19
662;21
662;64
662;85
662;170
663;5
663;19
663;21
663;63
663;85
663;169
664;7
664;16
664;23
664;46
664;85
664;204
665;9
665;19
665;24
665;63
665;84
665;213
666;6
666;16
666;23
666;63
666;85
666;170
667;5
667;19
667;24
667;63
667;86
667;185
668;5
668;15
668;24
668;53
668;85
668;185
669;5
669;15
669;24
669;63
669;84
669;191
670;5
670;15
670;24
670;63
670;84
670;203
671;5
671;15
671;24
671;63
671;84
671;171
672;5
672;15
672;24
672;63
672;84
672;168
673;9
673;18
673;22
673;64
673;85
673;163
674;9
674;18
674;24
674;63
674;92
674;160
675;7
675;18
675;28
675;57
675;143
675;172
676;8
676;14
676;28
676;56
676;85
676;169
677;1
677;15
677;32
677;63
677;95
677;190
678;5
678;15
678;33
678;66
678;159
678;160
679;8
679;18
679;31
679;63
679;159
679;220
680;9
680;18
680;31
680;63
680;96
680;221
681;6
681;17
681;31
681;63
681;95
681;282
682;9
682;15
682;28
682;57
682;159
682;160
683;7
683;13
683;28
683;63
683;159
683;171
684;7
684;16
684;26
684;79
684;80
684;169
685;7
685;10
685;21
685;53
685;80
685;160
686;4
686;11
686;27
686;54
686;80
686;161
687;4
687;11
687;24
687;53
687;134
687;187
688;4
688;11
688;28
688;57
688;85
688;198
689;4
689;11
689;28
689;56
689;85
689;197
690;4
690;11
690;27
690;53
690;80
690;185
691;4
691;11
691;27
691;53
691;80
691;186
692;4
692;11
692;27
692;53
692;80
692;187
693;4
693;10
693;24
693;48
693;134
693;218
694;4
694;12
694;23
694;42
694;107
694;162
695;4
695;11
695;21
695;53
695;155
695;184
696;4
696;11
696;27
696;53
696;134
696;160
697;4
697;11
697;26
697;53
697;134
697;187
698;4
698;18
698;21
698;57
698;80
698;198
699;4
699;19
699;21
699;56
699;80
699;197
700;7
700;10
700;21
700;63
700;85
700;466
701;4
701;11
701;21
701;63
701;84
701;168
702;4
702;11
702;21
702;63
702;85
702;169
703;4
703;11
703;22
703;43
703;108
703;160
704;4
704;11
704;23
704;47
704;94
704;165
705;4
705;11
705;24
705;47
705;94
705;165
706;4
706;11
706;24
706;47
706;94
706;165
707;4
707;11
707;24
707;47
707;85
707;187
708;4
708;11
708;25
708;40
708;98
708;160
709;4
709;11
709;32
709;48
709;98
709;167
710;7
710;10
710;27
710;46
710;87
710;425
711;4
711;13
711;20
711;40
711;84
711;168
712;4
712;12
712;21
712;40
712;85
712;169
713;4
713;12
713;26
713;48
713;130
713;160
714;4
714;12
714;20
714;41
714;94
714;165
715;4
715;12
715;32
715;41
715;155
715;169
716;4
716;12
716;21
716;43
716;85
716;171
717;4
717;12
717;23
717;46
717;93
717;185
718;4
718;12
718;23
718;47
718;94
718;236
719;4
719;12
719;24
719;48
719;95
719;238
720;4
720;12
720;24
720;47
720;153
720;237
721;4
721;12
721;24
721;47
721;138
721;236
722;4
722;12
722;25
722;47
722;103
722;206
723;4
723;11
723;26
723;51
723;159
723;176
724;5
724;14
724;26
724;52
724;80
724;238
725;8
725;10
725;25
725;53
725;80
725;483
726;4
726;11
726;26
726;53
726;80
726;466
727;4
727;11
727;24
727;53
727;80
727;186
728;4
728;11
728;26
728;53
728;80
728;186
729;4
729;11
729;26
729;53
729;80
729;212
730;4
730;11
730;24
730;47
730;80
730;423
731;4
731;11
731;24
731;53
731;80
731;255
732;4
732;11
732;27
732;53
732;119
732;166
733;4
733;11
733;24
733;53
733;83
733;166
734;4
734;11
734;26
734;54
734;133
734;212
735;4
735;11
735;21
735;54
735;155
735;182
736;4
736;11
736;24
736;72
736;119
736;191
737;4
737;11
737;26
737;53
737;80
737;212
738;4
738;18
738;21
738;53
738;111
738;166
739;4
739;19
739;21
739;42
739;133
739;292
740;9
740;10
740;25
740;49
740;141
740;169
741;4
741;17
741;21
741;64
741;85
741;160
742;4
742;19
742;21
742;63
742;84
742;168
743;4
743;19
743;21
743;63
743;85
743;169
744;0
744;19
744;24
744;54
744;96
744;183
745;5
745;16
745;24
745;54
745;84
745;226
746;0
746;16
746;23
746;53
746;85
746;162
747;8
747;17
747;31
747;45
747;84
747;169
748;2
748;18
748;20
748;63
748;85
748;160
749;2
749;19
749;39
749;56
749;98
749;171
750;9
750;11
750;25
750;48
750;85
750;481
751;5
751;10
751;27
751;41
751;85
751;170
752;3
752;10
752;20
752;47
752;84
752;424
753;3
753;10
753;20
753;41
753;85
753;169
754;3
754;10
754;24
754;48
754;84
754;191
755;3
755;10
755;32
755;59
755;149
755;192
756;3
756;10
756;32
756;57
756;85
756;170
757;3
757;10
757;32
757;56
757;84
757;169
758;3
758;18
758;26
758;56
758;159
758;197
759;3
759;18
759;31
759;63
759;159
759;252
760;3
760;19
760;32
760;64
760;97
760;162
761;3
761;19
761;32
761;63
761;158
761;214
762;3
762;19
762;28
762;57
762;159
762;160
763;3
763;19
763;27
763;55
763;127
763;193
764;3
764;16
764;27
764;54
764;80
764;169
765;9
765;11
765;26
765;79
765;80
765;169
766;4
766;17
766;27
766;53
766;133
766;170
767;4
767;11
767;26
767;79
767;80
767;160
768;4
768;11
768;27
768;54
768;80
768;160
769;4
769;11
769;27
769;56
769;85
769;170
770;4
770;11
770;28
770;55
770;107
770;163
771;4
771;11
771;26
771;53
771;80
771;185
772;4
772;11
772;27
772;53
772;80
772;266
773;4
773;11
773;27
773;53
773;80
773;186
774;5
774;16
774;24
774;47
774;133
774;169
775;3
775;11
775;24
775;47
775;133
775;184
776;4
776;11
776;24
776;53
776;133
776;202
777;4
777;11
777;27
777;53
777;133
777;160
778;4
778;11
778;21
778;53
778;80
778;187
779;4
779;19
779;22
779;53
779;80
779;161
780;4
780;11
780;20
780;49
780;81
780;168
781;4
781;12
781;21
781;44
781;80
781;185
782;4
782;11
782;38
782;53
782;80
782;447
783;4
783;11
783;32
783;53
783;133
783;445
784;4
784;11
784;25
784;53
784;134
784;420
785;4
785;11
785;27
785;54
785;84
785;241
786;4
786;11
786;20
786;53
786;159
786;418
787;4
787;11
787;31
787;44
787;80
787;161
788;4
788;11
788;20
788;53
788;80
788;161
789;4
789;11
789;38
789;53
789;98
789;172
790;4
790;11
790;21
790;48
790;95
790;479
791;5
791;14
791;22
791;47
791;114
791;449
792;4
792;12
792;20
792;41
792;118
792;425
793;4
793;12
793;24
793;48
793;107
793;471
794;4
794;12
794;20
794;40
794;134
794;354
795;4
795;12
795;32
795;48
795;151
795;194
796;4
796;12
796;39
796;47
796;89
796;235
797;4
797;12
797;20
797;47
797;148
797;412
798;4
798;12
798;31
798;40
798;159
798;160
799;4
799;12
799;20
799;47
799;107
799;409
800;4
800;19
800;20
800;48
800;94
800;160
801;4
801;12
801;26
801;52
801;105
801;205
802;4
802;12
802;27
802;53
802;80
802;214
803;4
803;12
803;24
803;49
803;104
803;192
804;4
804;12
804;24
804;47
804;95
804;285
805;4
805;16
805;21
805;43
805;86
805;171
806;4
806;19
806;25
806;73
806;101
806;169
807;4
807;19
807;26
807;79
807;106
807;317
808;4
808;19
808;22
808;77
808;80
808;160
809;9
809;19
809;23
809;46
809;158
809;184
810;9
810;17
810;23
810;46
810;159
810;190
811;9
811;19
811;26
811;79
811;80
811;182
812;9
812;19
812;26
812;79
812;80
812;184
813;8
813;18
813;24
813;49
813;80
813;169
814;6
814;19
814;23
814;47
814;95
814;166
815;8
815;19
815;20
815;42
815;148
815;171
816;9
816;15
816;25
816;51
816;149
816;208
817;0
817;18
817;26
817;53
817;80
817;266
818;8
818;19
818;38
818;42
818;81
818;259
819;9
819;19
819;23
819;47
819;117
819;232
820;7
820;18
820;24
820;71
820;118
820;213
821;7
821;19
821;26
821;52
821;106
821;160
822;9
822;17
822;26
822;53
822;106
822;160
823;8
823;18
823;26
823;52
823;104
823;392
824;9
824;19
824;24
824;48
824;95
824;333
825;7
825;19
825;23
825;45
825;157
825;164
826;9
826;19
826;25
826;53
826;80
826;168
827;8
827;18
827;27
827;53
827;80
827;218
828;8
828;19
828;23
828;51
828;104
828;234
829;9
829;18
829;24
829;48
829;96
829;282
830;7
830;19
830;20
830;48
830;80
830;345
831;8
831;19
831;21
831;43
831;84
831;168
832;5
832;19
832;21
832;42
832;84
832;274
833;6
833;19
833;21
833;42
833;148
833;168
834;9
834;17
834;35
834;52
834;87
834;191
835;0
835;18
835;35
835;53
835;152
835;174
836;9
836;19
836;32
836;64
836;155
836;210
837;9
837;19
837;32
837;44
837;84
837;201
838;2
838;19
838;26
838;62
838;80
838;326
839;1
839;19
839;31
839;53
839;82
839;185
840;1
840;18
840;31
840;44
840;80
840;184
841;1
841;19
841;20
841;46
841;83
841;197
842;2
842;19
842;25
842;48
842;80
842;193
843;0
843;19
843;26
843;51
843;103
843;179
844;2
844;18
844;27
844;54
844;80
844;160
845;2
845;19
845;23
845;56
845;81
845;309
846;5
846;10
846;22
846;48
846;156
846;167
847;5
847;17
847;26
847;78
847;105
847;263
848;3
848;18
848;27
848;79
848;80
848;160
849;0
849;18
849;24
849;47
849;80
849;255
850;6
850;18
850;24
850;47
850;118
850;213
851;8
851;18
851;25
851;53
851;80
851;175
852;3
852;19
852;27
852;54
852;80
852;378
853;0
853;19
853;21
853;43
853;80
853;160
854;7
854;10
854;23
854;45
854;94
854;269
855;4
855;19
855;26
855;42
855;94
855;267
856;9
856;18
856;24
856;52
856;150
856;210
857;0
857;19
857;27
857;53
857;80
857;187
858;2
858;18
858;26
858;52
858;80
858;184
859;2
859;19
859;21
859;48
859;143
859;167
860;7
860;19
860;21
860;48
860;80
860;167
861;6
861;16
861;25
861;52
861;130
861;361
862;4
862;19
862;26
862;53
862;132
862;367
863;0
863;16
863;26
863;53
863;80
863;162
864;1
864;19
864;24
864;48
864;119
864;215
865;8
865;19
865;23
865;54
865;80
865;233
866;1
866;19
866;26
866;53
866;158
866;260
867;7
867;16
867;27
867;51
867;80
867;205
868;7
868;19
868;21
868;40
868;80
868;261
869;8
869;18
869;26
869;52
869;104
869;182
870;9
870;19
870;20
870;48
870;152
870;181
871;6
871;10
871;25
871;53
871;81
871;172
872;4
872;16
872;33
872;64
872;158
872;160
873;8
873;16
873;24
873;40
873;117
873;358
874;2
874;16
874;20
874;47
874;86
874;504
875;2
875;16
875;27
875;53
875;80
875;187
876;3
876;16
876;26
876;53
876;80
876;210
877;9
877;16
877;27
877;53
877;80
877;184
878;5
878;16
878;31
878;40
878;89
878;164
879;9
879;16
879;32
879;51
879;148
879;201
880;2
880;16
880;24
880;47
880;142
880;167
881;2
881;19
881;24
881;49
881;145
881;169
882;0
882;19
882;27
882;53
882;80
882;189
883;2
883;19
883;39
883;46
883;82
883;186
884;9
884;10
884;25
884;47
884;90
884;197
885;4
885;17
885;23
885;46
885;118
885;187
886;6
886;10
886;24
886;51
886;82
886;455
887;4
887;17
887;27
887;79
887;132
887;160
888;0
888;18
888;27
888;54
888;80
888;454
889;9
889;18
889;24
889;47
889;140
889;380
890;2
890;19
890;20
890;53
890;132
890;380
891;9
891;18
891;24
891;48
891;119
891;454
892;1
892;19
892;26
892;53
892;80
892;372
893;4
893;18
893;27
893;53
893;80
893;457
894;9
894;18
894;24
894;48
894;97
894;194
895;4
895;14
895;24
895;47
895;106
895;381
896;9
896;19
896;30
896;52
896;126
896;169
897;0
897;19
897;26
897;52
897;129
897;261
898;0
898;14
898;27
898;54
898;108
898;273
899;1
899;18
899;21
899;53
899;81
899;364
900;0
900;19
900;21
900;52
900;132
900;160
901;7
901;10
901;25
901;53
901;82
901;160
902;4
902;19
902;27
902;53
902;159
902;160
903;1
903;19
903;26
903;52
903;80
903;185
904;9
904;19
904;24
904;47
904;95
904;214
905;9
905;19
905;23
905;54
905;108
905;288
906;8
906;19
906;25
906;53
906;149
906;171
907;0
907;16
907;27
907;54
907;81
907;162
908;0
908;16
908;27
908;53
908;80
908;214
909;9
909;19
909;21
909;46
909;115
909;402
910;1
910;19
910;23
910;47
910;95
910;264
911;7
911;10
911;25
911;41
911;118
911;355
912;4
912;16
912;21
912;63
912;126
912;272
913;1
913;19
913;21
913;42
913;126
913;380
914;1
914;16
914;34
914;41
914;147
914;161
915;2
915;18
915;35
915;71
915;159
915;230
916;5
916;19
916;32
916;59
916;150
916;210
917;8
917;18
917;31
917;59
917;81
917;179
918;5
918;19
918;27
918;61
918;92
918;382
919;3
919;18
919;31
919;54
919;93
919;358
920;6
920;18
920;27
920;53
920;80
920;195
921;9
921;19
921;20
921;62
921;91
921;184
922;2
922;18
922;23
922;47
922;94
922;212
923;0
923;19
923;27
923;53
923;80
923;267
924;0
924;19
924;27
924;53
924;80
924;239
925;0
925;13
925;26
925;54
925;106
925;369
926;7
926;10
926;25
926;42
926;80
926;214
927;4
927;17
927;27
927;53
927;80
927;208
928;0
928;18
928;24
928;42
928;80
928;213
929;8
929;18
929;21
929;53
929;81
929;191
930;7
930;18
930;27
930;47
930;93
930;304
931;2
931;19
931;21
931;42
931;87
931;232
932;0
932;18
932;26
932;52
932;80
932;185
933;2
933;18
933;26
933;53
933;80
933;186
934;9
934;18
934;25
934;48
934;92
934;163
935;5
935;13
935;27
935;46
935;95
935;164
936;2
936;15
936;29
936;54
936;136
936;202
937;1
937;18
937;26
937;52
937;103
937;364
938;0
938;14
938;27
938;54
938;82
938;439
939;9
939;19
939;21
939;46
939;131
939;284
940;0
940;19
940;21
940;47
940;95
940;380
941;8
941;10
941;24
941;47
941;119
941;332
942;4
942;18
942;27
942;79
942;132
942;319
943;3
943;19
943;26
943;79
943;105
943;367
944;1
944;19
944;24
944;48
944;94
944;354
945;1
945;19
945;24
945;47
945;94
945;352
946;3
946;16
946;23
946;48
946;90
946;360
947;0
947;16
947;26
947;51
947;102
947;379
948;6
948;16
948;21
948;55
948;84
948;310
949;0
949;19
949;20
949;40
949;133
949;165
950;3
950;16
950;26
950;53
950;158
950;185
951;5
951;16
951;27
951;40
951;80
951;214
952;5
952;16
952;34
952;62
952;141
952;187
953;5
953;17
953;20
953;40
953;108
953;179
954;5
954;19
954;20
954;48
954;102
954;185
955;5
955;16
955;27
955;53
955;80
955;187
956;9
956;17
956;27
956;53
956;80
956;186
957;9
957;18
957;26
957;53
957;80
957;212
958;9
958;19
958;27
958;54
958;82
958;192
959;0
959;14
959;27
959;53
959;108
959;440
960;9
960;19
960;24
960;47
960;95
960;359
961;1
961;18
961;24
961;47
961;118
961;235
962;9
962;18
962;24
962;48
962;142
962;165
963;3
963;17
963;24
963;72
963;96
963;167
964;8
964;19
964;26
964;79
964;80
964;160
965;4
965;16
965;27
965;79
965;80
965;160
966;9
966;10
966;26
966;79
966;80
966;160
967;4
967;11
967;26
967;78
967;80
967;182
968;4
968;11
968;24
968;48
968;143
968;193
969;4
969;11
969;27
969;54
969;80
969;186
970;4
970;11
970;27
970;79
970;80
970;185
971;4
971;11
971;24
971;53
971;81
971;480
972;4
972;11
972;23
972;43
972;82
972;183
973;4
973;11
973;27
973;43
973;81
973;192
974;4
974;11
974;27
974;43
974;158
974;185
975;4
975;11
975;27
975;53
975;157
975;185
976;4
976;10
976;21
976;54
976;156
976;197
977;4
977;11
977;21
977;54
977;81
977;160
978;4
978;11
978;26
978;50
978;157
978;192
979;4
979;11
979;21
979;79
979;80
979;185
980;4
980;19
980;21
980;52
980;80
980;345
981;9
981;10
981;25
981;41
981;93
981;470
982;4
982;18
982;35
982;71
982;159
982;160
983;4
983;17
983;34
983;66
983;148
983;160
984;4
984;17
984;35
984;51
984;86
984;207
985;1
985;18
985;36
985;54
985;91
985;218
986;9
986;16
986;34
986;53
986;85
986;480
987;5
987;18
987;24
987;47
987;142
987;216
988;4
988;17
988;27
988;54
988;80
988;270
989;1
989;19
989;27
989;54
989;134
989;269
990;2
990;19
990;27
990;53
990;80
990;290
991;9
991;10
991;26
991;77
991;154
991;162
992;5
992;10
992;31
992;63
992;95
992;160
993;3
993;10
993;26
993;79
993;80
993;291
994;3
994;10
994;26
994;79
994;80
994;371
995;3
995;10
995;28
995;57
995;142
995;170
996;3
996;16
996;28
996;55
996;156
996;193
997;3
997;10
997;32
997;55
997;82
997;193
998;3
998;10
998;26
998;53
998;131
998;213
999;3
999;18
999;26
999;63
999;133
999;225
1000;3
1000;18
1000;23
1000;53
1000;82
1000;215
1001;3
1001;18
1001;31
1001;58
1001;145
1001;480
1002;3
1002;18
1002;22
1002;63
1002;139
1002;358
1003;3
1003;19
1003;23
1003;71
1003;94
1003;166
1004;3
1004;19
1004;23
1004;71
1004;95
1004;206
1005;3
1005;13
1005;28
1005;69
1005;137
1005;160
1006;3
1006;13
1006;23
1006;70
1006;93
1006;164
1007;4
1007;11
1007;24
1007;48
1007;118
1007;182
1008;4
1008;11
1008;25
1008;53
1008;97
1008;479
1009;4
1009;11
1009;25
1009;53
1009;106
1009;406
1010;4
1010;11
1010;28
1010;54
1010;137
1010;447
1011;4
1011;11
1011;28
1011;54
1011;80
1011;481
1012;4
1012;11
1012;26
1012;53
1012;133
1012;292
1013;4
1013;11
1013;26
1013;76
1013;80
1013;469
1014;4
1014;11
1014;27
1014;53
1014;80
1014;160
1015;6
1015;16
1015;26
1015;47
1015;133
1015;234
1016;3
1016;10
1016;39
1016;43
1016;152
1016;245
1017;4
1017;11
1017;24
1017;47
1017;156
1017;233
1018;4
1018;11
1018;27
1018;53
1018;80
1018;211
1019;4
1019;11
1019;21
1019;54
1019;158
1019;167
1020;4
1020;19
1020;26
1020;52
1020;156
1020;209
1021;4
1021;18
1021;26
1021;53
1021;80
1021;211
1022;5
1022;12
1022;27
1022;53
1022;80
1022;266
1023;4
1023;11
1023;27
1023;53
1023;80
1023;265
1024;4
1024;11
1024;28
1024;58
1024;86
1024;203
1025;4
1025;11
1025;24
1025;54
1025;155
1025;266
1026;4
1026;11
1026;38
1026;54
1026;84
1026;243
1027;4
1027;11
1027;24
1027;48
1027;95
1027;189
1028;4
1028;11
1028;27
1028;53
1028;80
1028;160
1029;4
1029;11
1029;27
1029;53
1029;80
1029;293
1030;4
1030;11
1030;26
1030;53
1030;80
1030;292
1031;3
1031;11
1031;24
1031;40
1031;97
1031;476
1032;5
1032;14
1032;27
1032;53
1032;80
1032;292
1033;4
1033;12
1033;20
1033;41
1033;80
1033;423
1034;4
1034;12
1034;20
1034;40
1034;117
1034;459
1035;4
1035;12
1035;28
1035;57
1035;85
1035;169
1036;4
1036;12
1036;28
1036;57
1036;114
1036;171
1037;4
1037;12
1037;26
1037;78
1037;157
1037;339
1038;4
1038;12
1038;26
1038;79
1038;80
1038;161
1039;4
1039;12
1039;31
1039;40
1039;132
1039;348
1040;4
1040;12
1040;24
1040;47
1040;143
1040;167
1041;4
1041;12
1041;24
1041;47
1041;118
1041;165
1042;4
1042;12
1042;24
1042;47
1042;93
1042;163
1043;4
1043;12
1043;23
1043;70
1043;93
1043;163
1044;4
1044;12
1044;23
1044;71
1044;95
1044;162
1045;6
1045;10
1045;24
1045;48
1045;97
1045;168
1046;4
1046;17
1046;26
1046;52
1046;104
1046;270
1047;5
1047;17
1047;21
1047;47
1047;140
1047;466
1048;4
1048;11
1048;24
1048;49
1048;96
1048;466
1049;4
1049;11
1049;27
1049;53
1049;80
1049;240
1050;4
1050;11
1050;26
1050;52
1050;136
1050;476
1051;4
1051;11
1051;26
1051;52
1051;105
1051;466
1052;4
1052;11
1052;27
1052;55
1052;83
1052;384
1053;4
1053;11
1053;31
1053;62
1053;93
1053;187
1054;4
1054;11
1054;28
1054;43
1054;93
1054;244
1055;4
1055;11
1055;32
1055;64
1055;158
1055;160
1056;4
1056;11
1056;31
1056;62
1056;93
1056;187
1057;4
1057;11
1057;26
1057;54
1057;81
1057;186
1058;4
1058;11
1058;26
1058;79
1058;80
1058;185
1059;4
1059;11
1059;27
1059;79
1059;80
1059;160
1060;4
1060;19
1060;21
1060;71
1060;94
1060;164
1061;4
1061;17
1061;21
1061;70
1061;94
1061;166
1062;5
1062;16
1062;26
1062;79
1062;80
1062;192
1063;4
1063;19
1063;27
1063;54
1063;81
1063;378
1064;4
1064;19
1064;21
1064;54
1064;106
1064;160
1065;2
1065;19
1065;24
1065;47
1065;94
1065;282
1066;9
1066;16
1066;23
1066;47
1066;94
1066;287
1067;0
1067;19
1067;28
1067;56
1067;83
1067;165
1068;8
1068;17
1068;24
1068;54
1068;80
1068;165
1069;9
1069;15
1069;27
1069;48
1069;80
1069;160
1070;5
1070;19
1070;39
1070;50
1070;81
1070;165
1071;9
1071;18
1071;37
1071;54
1071;130
1071;161
1072;6
1072;13
1072;20
1072;52
1072;80
1072;265
1073;3
1073;10
1073;26
1073;53
1073;106
1073;291
1074;3
1074;10
1074;27
1074;53
1074;80
1074;430
1075;3
1075;10
1075;28
1075;56
1075;142
1075;172
1076;3
1076;10
1076;28
1076;55
1076;111
1076;193
1077;3
1077;15
1077;28
1077;53
1077;159
1077;212
1078;3
1078;10
1078;26
1078;52
1078;105
1078;292
1079;3
1079;18
1079;26
1079;61
1079;80
1079;223
1080;3
1080;18
1080;31
1080;54
1080;80
1080;504
1081;3
1081;18
1081;31
1081;53
1081;106
1081;492
1082;3
1082;18
1082;32
1082;48
1082;145
1082;165
1083;3
1083;19
1083;24
1083;71
1083;94
1083;165
1084;3
1084;19
1084;24
1084;73
1084;97
1084;170
1085;3
1085;18
1085;24
1085;71
1085;94
1085;164
1086;3
1086;19
1086;24
1086;71
1086;83
1086;220
1087;6
1087;18
1087;21
1087;48
1087;86
1087;166
1088;4
1088;11
1088;24
1088;72
1088;97
1088;167
1089;4
1089;11
1089;25
1089;79
1089;80
1089;160
1090;4
1090;11
1090;27
1090;53
1090;80
1090;161
1091;4
1091;11
1091;26
1091;54
1091;159
1091;160
1092;4
1092;11
1092;26
1092;54
1092;133
1092;347
1093;4
1093;11
1093;26
1093;52
1093;106
1093;344
1094;4
1094;11
1094;27
1094;43
1094;106
1094;346
1095;8
1095;10
1095;27
1095;48
1095;80
1095;240
1096;3
1096;11
1096;27
1096;53
1096;106
1096;399
1097;4
1097;11
1097;27
1097;54
1097;80
1097;186
1098;4
1098;11
1098;26
1098;79
1098;159
1098;160
1099;4
1099;11
1099;21
1099;53
1099;80
1099;295
1100;4
1100;19
1100;21
1100;48
1100;94
1100;167
1101;4
1101;19
1101;21
1101;48
1101;159
1101;242
1102;6
1102;10
1102;25
1102;53
1102;107
1102;208
1103;4
1103;11
1103;27
1103;79
1103;80
1103;160
1104;4
1104;11
1104;26
1104;52
1104;157
1104;160
1105;4
1105;11
1105;23
1105;47
1105;156
1105;182
1106;4
1106;11
1106;21
1106;48
1106;159
1106;162
1107;4
1107;11
1107;27
1107;53
1107;159
1107;196
1108;4
1108;11
1108;27
1108;79
1108;80
1108;160
1109;4
1109;11
1109;27
1109;52
1109;104
1109;161
1110;4
1110;11
1110;21
1110;47
1110;134
1110;160
1111;4
1111;11
1111;24
1111;47
1111;94
1111;165
1112;6
1112;10
1112;28
1112;46
1112;89
1112;160
1113;4
1113;12
1113;27
1113;53
1113;80
1113;187
1114;4
1114;12
1114;21
1114;54
1114;159
1114;161
1115;4
1115;12
1115;24
1115;47
1115;95
1115;217
1116;4
1116;12
1116;22
1116;48
1116;158
1116;165
1117;4
1117;12
1117;28
1117;51
1117;155
1117;196
1118;4
1118;12
1118;26
1118;53
1118;80
1118;186
1119;4
1119;12
1119;25
1119;53
1119;159
1119;160
1120;4
1120;12
1120;22
1120;44
1120;140
1120;185
1121;4
1121;12
1121;20
1121;48
1121;80
1121;165
1122;4
1122;12
1122;27
1122;48
1122;159
1122;489
1123;4
1123;12
1123;23
1123;46
1123;94
1123;164
1124;4
1124;12
1124;24
1124;73
1124;96
1124;165
1125;4
1125;12
1125;26
1125;79
1125;105
1125;160
1126;4
1126;12
1126;27
1126;79
1126;80
1126;294
1127;4
1127;19
1127;26
1127;54
1127;82
1127;357
1128;4
1128;19
1128;27
1128;53
1128;158
1128;185
1129;4
1129;19
1129;27
1129;54
1129;80
1129;187
1130;3
1130;18
1130;26
1130;53
1130;158
1130;185
1131;9
1131;18
1131;27
1131;53
1131;81
1131;188
1132;7
1132;17
1132;24
1132;71
1132;83
1132;161
1133;7
1133;19
1133;23
1133;54
1133;94
1133;185
1134;7
1134;19
1134;21
1134;54
1134;84
1134;187
1135;8
1135;19
1135;21
1135;79
1135;106
1135;185
1136;0
1136;19
1136;36
1136;53
1136;85
1136;188
1137;9
1137;19
1137;21
1137;63
1137;85
1137;168
1138;8
1138;19
1138;21
1138;63
1138;85
1138;185
1139;8
1139;19
1139;21
1139;63
1139;85
1139;167
1140;8
1140;19
1140;21
1140;64
1140;84
1140;185
1141;9
1141;19
1141;21
1141;53
1141;84
1141;168
1142;9
1142;19
1142;24
1142;63
1142;84
1142;166
1143;9
1143;19
1143;21
1143;72
1143;91
1143;162
1144;1
1144;19
1144;21
1144;63
1144;84
1144;168
1145;9
1145;19
1145;21
1145;64
1145;85
1145;170
1146;9
1146;19
1146;21
1146;63
1146;85
1146;171
1147;9
1147;15
1147;25
1147;63
1147;84
1147;202
1148;9
1148;18
1148;25
1148;63
1148;84
1148;212
1149;7
1149;18
1149;21
1149;64
1149;85
1149;170
1150;2
1150;19
1150;24
1150;63
1150;84
1150;170
1151;2
1151;19
1151;25
1151;63
1151;105
1151;170
1152;0
1152;19
1152;24
1152;63
1152;85
1152;168
1153;9
1153;19
1153;21
1153;63
1153;84
1153;170
1154;0
1154;18
1154;22
1154;63
1154;85
1154;168
1155;9
1155;18
1155;25
1155;63
1155;85
1155;168
1156;9
1156;17
1156;23
1156;62
1156;85
1156;161
1157;7
1157;18
1157;28
1157;57
1157;144
1157;170
1158;6
1158;15
1158;28
1158;56
1158;85
1158;169
1159;4
1159;15
1159;32
1159;63
1159;95
1159;190
1160;7
1160;16
1160;32
1160;65
1160;99
1160;197
1161;9
1161;18
1161;31
1161;63
1161;94
1161;220
1162;9
1162;18
1162;32
1162;63
1162;95
1162;221
1163;9
1163;18
1163;31
1163;62
1163;127
1163;282
1164;6
1164;15
1164;29
1164;57
1164;127
1164;190
1165;6
1165;15
1165;27
1165;63
1165;127
1165;191
1166;7
1166;15
1166;26
1166;53
1166;80
1166;169
1167;8
1167;10
1167;21
1167;53
1167;80
1167;170
1168;4
1168;11
1168;27
1168;54
1168;80
1168;161
1169;4
1169;11
1169;24
1169;53
1169;80
1169;160
1170;4
1170;11
1170;28
1170;57
1170;85
1170;198
1171;4
1171;11
1171;27
1171;56
1171;111
1171;197
1172;4
1172;11
1172;27
1172;53
1172;134
1172;185
1173;4
1173;11
1173;27
1173;53
1173;80
1173;186
1174;4
1174;11
1174;27
1174;53
1174;80
1174;187
1175;4
1175;10
1175;24
1175;48
1175;134
1175;161
1176;4
1176;16
1176;24
1176;56
1176;133
1176;160
1177;4
1177;11
1177;21
1177;54
1177;152
1177;185
1178;4
1178;11
1178;27
1178;54
1178;134
1178;185
1179;4
1179;11
1179;26
1179;53
1179;133
1179;186
1180;4
1180;11
1180;21
1180;53
1180;107
1180;169
1181;4
1181;19
1181;21
1181;56
1181;133
1181;197
1182;9
1182;10
1182;22
1182;46
1182;84
1182;481
1183;4
1183;11
1183;20
1183;53
1183;108
1183;186
1184;4
1184;11
1184;38
1184;54
1184;80
1184;186
1185;4
1185;11
1185;32
1185;49
1185;108
1185;445
1186;4
1186;11
1186;25
1186;53
1186;134
1186;417
1187;4
1187;11
1187;25
1187;54
1187;84
1187;481
1188;4
1188;11
1188;23
1188;54
1188;159
1188;416
1189;4
1189;11
1189;31
1189;44
1189;80
1189;187
1190;4
1190;11
1190;20
1190;40
1190;98
1190;168
1191;4
1191;11
1191;32
1191;56
1191;127
1191;191
1192;8
1192;11
1192;25
1192;48
1192;93
1192;428
1193;4
1193;13
1193;20
1193;41
1193;82
1193;163
1194;4
1194;12
1194;21
1194;41
1194;84
1194;163
1195;4
1195;12
1195;21
1195;41
1195;81
1195;168
1196;4
1196;12
1196;20
1196;40
1196;83
1196;387
1197;4
1197;12
1197;29
1197;48
1197;156
1197;200
1198;4
1198;12
1198;22
1198;43
1198;87
1198;173
1199;4
1199;12
1199;21
1199;63
1199;84
1199;190
1200;4
1200;12
1200;21
1200;42
1200;85
1200;213
1201;4
1201;12
1201;23
1201;47
1201;85
1201;235
1202;4
1202;12
1202;24
1202;47
1202;85
1202;260
1203;4
1203;12
1203;24
1203;48
1203;86
1203;238
1204;4
1204;12
1204;23
1204;45
1204;85
1204;171
1205;4
1205;19
1205;21
1205;41
1205;85
1205;213
1206;5
1206;19
1206;21
1206;42
1206;148
1206;236
1207;9
1207;10
1207;25
1207;42
1207;85
1207;483
1208;4
1208;17
1208;33
1208;50
1208;98
1208;466
1209;4
1209;18
1209;35
1209;53
1209;85
1209;466
1210;4
1210;11
1210;35
1210;53
1210;106
1210;212
1211;4
1211;11
1211;27
1211;53
1211;107
1211;466
1212;4
1212;11
1212;21
1212;42
1212;107
1212;481
1213;4
1213;11
1213;27
1213;43
1213;80
1213;267
1214;4
1214;11
1214;26
1214;43
1214;133
1214;267
1215;4
1215;11
1215;21
1215;43
1215;159
1215;285
1216;4
1216;11
1216;27
1216;54
1216;133
1216;267
1217;4
1217;11
1217;21
1217;54
1217;155
1217;196
1218;4
1218;11
1218;21
1218;71
1218;88
1218;169
1219;4
1219;11
1219;27
1219;42
1219;108
1219;162
1220;4
1220;11
1220;21
1220;71
1220;142
1220;213
1221;4
1221;19
1221;22
1221;41
1221;142
1221;285
1222;3
1222;10
1222;21
1222;71
1222;107
1222;261
1223;5
1223;17
1223;33
1223;41
1223;111
1223;219
1224;4
1224;19
1224;20
1224;60
1224;80
1224;260
1225;4
1225;18
1225;21
1225;62
1225;83
1225;166
1226;1
1226;19
1226;39
1226;59
1226;156
1226;176
1227;8
1227;19
1227;20
1227;60
1227;80
1227;161
1228;1
1228;19
1228;20
1228;60
1228;80
1228;160
1229;0
1229;17
1229;22
1229;44
1229;80
1229;180
1230;9
1230;19
1230;20
1230;62
1230;98
1230;172
1231;8
1231;19
1231;39
1231;60
1231;156
1231;215
1232;9
1232;11
1232;25
1232;47
1232;100
1232;161
1233;5
1233;10
1233;24
1233;60
1233;159
1233;160
1234;3
1234;10
1234;20
1234;60
1234;80
1234;424
1235;3
1235;10
1235;20
1235;62
1235;83
1235;166
1236;3
1236;10
1236;24
1236;60
1236;156
1236;160
1237;3
1237;10
1237;27
1237;60
1237;157
1237;161
1238;3
1238;10
1238;32
1238;48
1238;89
1238;179
1239;3
1239;19
1239;20
1239;60
1239;80
1239;179
1240;3
1240;19
1240;39
1240;59
1240;158
1240;178
1241;3
1241;18
1241;22
1241;43
1241;81
1241;220
1242;3
1242;18
1242;21
1242;42
1242;83
1242;271
1243;3
1243;18
1243;22
1243;43
1243;86
1243;260
1244;3
1244;19
1244;21
1244;42
1244;82
1244;228
1245;3
1245;18
1245;20
1245;56
1245;158
1245;178
1246;3
1246;16
1246;29
1246;57
1246;156
1246;444
1247;3
1247;16
1247;28
1247;56
1247;94
1247;444
1248;5
1248;15
1248;21
1248;47
1248;80
1248;175
1249;4
1249;11
1249;24
1249;47
1249;80
1249;180
1250;4
1250;11
1250;24
1250;47
1250;95
1250;284
1251;4
1251;11
1251;27
1251;53
1251;80
1251;241
1252;4
1252;17
1252;35
1252;54
1252;81
1252;265
1253;4
1253;19
1253;20
1253;43
1253;107
1253;249
1254;4
1254;11
1254;27
1254;43
1254;82
1254;469
1255;4
1255;11
1255;36
1255;43
1255;81
1255;160
1256;6
1256;16
1256;22
1256;47
1256;86
1256;466
1257;3
1257;11
1257;21
1257;43
1257;157
1257;193
1258;4
1258;11
1258;21
1258;78
1258;159
1258;163
1259;4
1259;11
1259;27
1259;50
1259;104
1259;205
1260;4
1260;11
1260;21
1260;47
1260;95
1260;191
1261;4
1261;19
1261;21
1261;41
1261;126
1261;169
1262;4
1262;14
1262;21
1262;42
1262;127
1262;212
1263;5
1263;17
1263;21
1263;44
1263;81
1263;284
1264;4
1264;11
1264;38
1264;46
1264;111
1264;177
1265;4
1265;11
1265;32
1265;53
1265;159
1265;190
1266;4
1266;11
1266;32
1266;53
1266;158
1266;162
1267;4
1267;11
1267;26
1267;54
1267;134
1267;267
1268;4
1268;11
1268;24
1268;53
1268;119
1268;166
1269;4
1269;11
1269;26
1269;71
1269;119
1269;166
1270;4
1270;11
1270;24
1270;75
1270;100
1270;171
1271;4
1271;11
1271;35
1271;71
1271;119
1271;191
1272;4
1272;11
1272;24
1272;40
1272;126
1272;169
1273;5
1273;14
1273;21
1273;40
1273;159
1273;412
1274;4
1274;18
1274;20
1274;40
1274;159
1274;266
1275;4
1275;12
1275;24
1275;71
1275;127
1275;162
1276;4
1276;12
1276;20
1276;40
1276;108
1276;165
1277;4
1277;18
1277;24
1277;48
1277;126
1277;162
1278;4
1278;18
1278;31
1278;47
1278;99
1278;203
1279;4
1279;12
1279;32
1279;48
1279;158
1279;205
1280;4
1280;12
1280;31
1280;65
1280;130
1280;162
1281;4
1281;12
1281;20
1281;40
1281;159
1281;408
1282;4
1282;12
1282;31
1282;48
1282;112
1282;166
1283;4
1283;12
1283;26
1283;54
1283;159
1283;160
1284;4
1284;12
1284;24
1284;40
1284;156
1284;216
1285;4
1285;12
1285;24
1285;40
1285;155
1285;262
1286;4
1286;12
1286;24
1286;47
1286;133
1286;444
1287;4
1287;17
1287;21
1287;54
1287;86
1287;444
1288;8
1288;10
1288;21
1288;47
1288;95
1288;160
1289;4
1289;17
1289;24
1289;42
1289;94
1289;166
1290;4
1290;18
1290;27
1290;42
1290;80
1290;317
1291;6
1291;18
1291;27
1291;53
1291;80
1291;162
1292;5
1292;17
1292;26
1292;71
1292;106
1292;320
1293;5
1293;18
1293;36
1293;71
1293;80
1293;319
1294;5
1294;17
1294;35
1294;43
1294;80
1294;353
1295;5
1295;18
1295;35
1295;54
1295;80
1295;213
1296;5
1296;18
1296;35
1296;53
1296;107
1296;354
1297;5
1297;18
1297;35
1297;53
1297;106
1297;390
1298;6
1298;17
1298;25
1298;53
1298;105
1298;397
1299;5
1299;18
1299;24
1299;48
1299;106
1299;167
1300;5
1300;18
1300;21
1300;48
1300;80
1300;162
1301;5
1301;19
1301;21
1301;41
1301;106
1301;189
1302;5
1302;18
1302;21
1302;48
1302;80
1302;170
1303;4
1303;17
1303;23
1303;46
1303;147
1303;163
1304;5
1304;18
1304;24
1304;48
1304;95
1304;189
1305;5
1305;18
1305;27
1305;52
1305;81
1305;262
1306;5
1306;19
1306;24
1306;47
1306;82
1306;166
1307;5
1307;19
1307;24
1307;54
1307;80
1307;193
1308;9
1308;10
1308;24
1308;53
1308;133
1308;162
1309;3
1309;17
1309;23
1309;53
1309;80
1309;266
1310;9
1310;15
1310;26
1310;79
1310;106
1310;212
1311;5
1311;18
1311;24
1311;47
1311;141
1311;164
1312;5
1312;19
1312;23
1312;47
1312;132
1312;168
1313;5
1313;16
1313;26
1313;52
1313;155
1313;168
1314;5
1314;16
1314;26
1314;52
1314;159
1314;160
1315;5
1315;16
1315;26
1315;51
1315;107
1315;160
1316;8
1316;16
1316;24
1316;40
1316;80
1316;165
1317;6
1317;19
1317;20
1317;71
1317;80
1317;165
1318;7
1318;18
1318;20
1318;44
1318;80
1318;168
1319;6
1319;10
1319;32
1319;53
1319;80
1319;160
1320;7
1320;19
1320;27
1320;77
1320;134
1320;160
1321;7
1321;19
1321;24
1321;71
1321;143
1321;161
1322;5
1322;19
1322;31
1322;63
1322;94
1322;165
1323;9
1323;17
1323;22
1323;57
1323;159
1323;167
1324;7
1324;17
1324;23
1324;71
1324;80
1324;165
1325;8
1325;19
1325;24
1325;71
1325;94
1325;161
1326;7
1326;13
1326;24
1326;71
1326;142
1326;166
1327;9
1327;10
1327;23
1327;71
1327;95
1327;164
1328;9
1328;10
1328;27
1328;53
1328;80
1328;167
1329;7
1329;10
1329;25
1329;48
1329;80
1329;166
1330;9
1330;10
1330;24
1330;71
1330;142
1330;165
1331;9
1331;14
1331;27
1331;53
1331;80
1331;161
1332;8
1332;16
1332;27
1332;53
1332;80
1332;166
1333;9
1333;18
1333;27
1333;42
1333;107
1333;165
1334;9
1334;19
1334;27
1334;63
1334;84
1334;168
1335;5
1335;18
1335;26
1335;43
1335;83
1335;166
1336;5
1336;18
1336;26
1336;79
1336;80
1336;160
1337;5
1337;14
1337;27
1337;42
1337;106
1337;165
1338;8
1338;18
1338;20
1338;53
1338;82
1338;166
1339;5
1339;16
1339;25
1339;43
1339;106
1339;161
1340;5
1340;18
1340;24
1340;48
1340;157
1340;166
1341;5
1341;18
1341;21
1341;53
1341;107
1341;160
1342;5
1342;18
1342;21
1342;62
1342;80
1342;166
1343;5
1343;16
1343;21
1343;44
1343;80
1343;169
1344;5
1344;19
1344;22
1344;54
1344;106
1344;163
1345;5
1345;18
1345;23
1345;47
1345;157
1345;166
1346;5
1346;16
1346;24
1346;48
1346;159
1346;162
1347;5
1347;19
1347;24
1347;47
1347;83
1347;332
1348;9
1348;10
1348;24
1348;41
1348;80
1348;358
1349;6
1349;10
1349;23
1349;47
1349;94
1349;160
1350;9
1350;16
1350;26
1350;78
1350;105
1350;340
1351;9
1351;18
1351;27
1351;54
1351;80
1351;214
1352;5
1352;16
1352;26
1352;53
1352;80
1352;160
1353;5
1353;16
1353;26
1353;53
1353;80
1353;211
1354;5
1354;16
1354;26
1354;78
1354;130
1354;364
1355;5
1355;16
1355;26
1355;79
1355;130
1355;339
1356;9
1356;14
1356;24
1356;48
1356;80
1356;160
1357;7
1357;16
1357;24
1357;49
1357;80
1357;160
1358;9
1358;19
1358;32
1358;54
1358;90
1358;166
1359;6
1359;16
1359;31
1359;62
1359;125
1359;406
1360;7
1360;16
1360;32
1360;63
1360;80
1360;191
1361;9
1361;16
1361;27
1361;54
1361;81
1361;163
1362;9
1362;19
1362;31
1362;63
1362;159
1362;160
1363;9
1363;13
1363;26
1363;53
1363;159
1363;160
1364;9
1364;10
1364;27
1364;54
1364;80
1364;160
1365;6
1365;19
1365;26
1365;79
1365;80
1365;160
1366;8
1366;13
1366;26
1366;79
1366;80
1366;264
1367;6
1367;17
1367;23
1367;70
1367;93
1367;162
1368;9
1368;10
1368;24
1368;71
1368;143
1368;166
1369;7
1369;17
1369;24
1369;72
1369;95
1369;168
1370;9
1370;18
1370;26
1370;53
1370;142
1370;167
1371;5
1371;18
1371;24
1371;56
1371;105
1371;242
1372;9
1372;10
1372;27
1372;54
1372;107
1372;169
1373;5
1373;18
1373;26
1373;53
1373;80
1373;165
1374;5
1374;18
1374;27
1374;53
1374;106
1374;168
1375;5
1375;18
1375;27
1375;53
1375;106
1375;160
1376;5
1376;18
1376;27
1376;53
1376;80
1376;163
1377;5
1377;18
1377;27
1377;53
1377;106
1377;162
1378;9
1378;18
1378;20
1378;53
1378;115
1378;163
1379;5
1379;18
1379;24
1379;42
1379;80
1379;169
1380;5
1380;18
1380;24
1380;53
1380;107
1380;167
1381;5
1381;18
1381;21
1381;53
1381;107
1381;162
1382;5
1382;19
1382;21
1382;53
1382;107
1382;170
1383;5
1383;19
1383;35
1383;41
1383;143
1383;169
1384;5
1384;19
1384;24
1384;47
1384;138
1384;166
1385;5
1385;19
1385;24
1385;48
1385;83
1385;167
1386;5
1386;19
1386;20
1386;40
1386;98
1386;321
1387;5
1387;19
1387;20
1387;41
1387;80
1387;162
1388;9
1388;18
1388;24
1388;44
1388;86
1388;243
1389;6
1389;10
1389;24
1389;48
1389;95
1389;334
1390;9
1390;16
1390;26
1390;52
1390;104
1390;207
1391;9
1391;15
1391;27
1391;53
1391;134
1391;161
1392;5
1392;19
1392;27
1392;53
1392;80
1392;267
1393;6
1393;19
1393;27
1393;53
1393;80
1393;266
1394;5
1394;16
1394;27
1394;53
1394;80
1394;267
1395;5
1395;16
1395;26
1395;53
1395;80
1395;291
1396;9
1396;16
1396;27
1396;57
1396;93
1396;167
1397;9
1397;19
1397;28
1397;56
1397;84
1397;310
1398;8
1398;17
1398;25
1398;45
1398;154
1398;450
1399;7
1399;19
1399;31
1399;53
1399;158
1399;240
1400;7
1400;19
1400;26
1400;53
1400;80
1400;160
1401;9
1401;18
1401;24
1401;47
1401;81
1401;237
1402;9
1402;18
1402;27
1402;52
1402;80
1402;160
1403;5
1403;18
1403;30
1403;52
1403;157
1403;506
1404;8
1404;18
1404;23
1404;71
1404;95
1404;165
1405;8
1405;19
1405;23
1405;70
1405;93
1405;160
1406;9
1406;14
1406;23
1406;61
1406;82
1406;168
1407;6
1407;18
1407;28
1407;71
1407;159
1407;160
1408;8
1408;18
1408;23
1408;56
1408;82
1408;164
1409;8
1409;10
1409;24
1409;47
1409;158
1409;162
1410;9
1410;18
1410;24
1410;42
1410;97
1410;160
1411;9
1411;14
1411;27
1411;53
1411;80
1411;160
1412;6
1412;17
1412;27
1412;71
1412;107
1412;320
1413;5
1413;18
1413;26
1413;71
1413;80
1413;164
1414;6
1414;18
1414;27
1414;43
1414;80
1414;399
1415;5
1415;18
1415;26
1415;53
1415;80
1415;160
1416;5
1416;18
1416;27
1416;53
1416;106
1416;160
1417;5
1417;18
1417;26
1417;53
1417;106
1417;160
1418;5
1418;19
1418;27
1418;53
1418;80
1418;164
1419;6
1419;17
1419;24
1419;47
1419;96
1419;402
1420;5
1420;18
1420;26
1420;41
1420;83
1420;160
1421;5
1421;19
1421;21
1421;42
1421;106
1421;160
1422;5
1422;19
1422;21
1422;79
1422;80
1422;160
1423;5
1423;19
1423;21
1423;41
1423;106
1423;451
1424;5
1424;18
1424;23
1424;47
1424;94
1424;167
1425;5
1425;19
1425;24
1425;47
1425;105
1425;432
1426;5
1426;19
1426;24
1426;53
1426;80
1426;366
1427;5
1427;19
1427;24
1427;48
1427;82
1427;358
1428;9
1428;12
1428;24
1428;47
1428;108
1428;185
1429;6
1429;10
1429;24
1429;49
1429;120
1429;389
1430;8
1430;17
1430;27
1430;55
1430;109
1430;380
1431;5
1431;19
1431;27
1431;54
1431;136
1431;271
1432;5
1432;19
1432;27
1432;53
1432;159
1432;160
1433;5
1433;16
1433;26
1433;53
1433;157
1433;287
1434;5
1434;16
1434;27
1434;53
1434;132
1434;267
1435;5
1435;19
1435;27
1435;53
1435;107
1435;401
1436;9
1436;13
1436;20
1436;54
1436;141
1436;167
1437;9
1437;16
1437;28
1437;56
1437;84
1437;166
1438;9
1438;17
1438;26
1438;52
1438;88
1438;166
1439;8
1439;14
1439;21
1439;53
1439;80
1439;237
1440;6
1440;19
1440;26
1440;79
1440;105
1440;211
1441;9
1441;13
1441;23
1441;47
1441;140
1441;163
1442;9
1442;14
1442;24
1442;47
1442;143
1442;215
1443;6
1443;13
1443;23
1443;46
1443;139
1443;161
1444;9
1444;16
1444;24
1444;71
1444;95
1444;191
1445;9
1445;18
1445;24
1445;71
1445;95
1445;166
1446;9
1446;18
1446;24
1446;71
1446;95
1446;166
1447;7
1447;18
1447;24
1447;71
1447;95
1447;168
1448;9
1448;14
1448;28
1448;46
1448;149
1448;170
1449;4
1449;17
1449;25
1449;52
1449;80
1449;268
1450;4
1450;11
1450;27
1450;54
1450;89
1450;161
1451;4
1451;11
1451;27
1451;71
1451;89
1451;266
1452;4
1452;11
1452;27
1452;53
1452;131
1452;380
1453;4
1453;11
1453;27
1453;53
1453;109
1453;269
1454;4
1454;18
1454;26
1454;53
1454;89
1454;266
1455;4
1455;11
1455;27
1455;75
1455;113
1455;208
1456;4
1456;11
1456;27
1456;53
1456;80
1456;194
1457;4
1457;11
1457;27
1457;53
1457;80
1457;380
1458;4
1458;11
1458;25
1458;53
1458;106
1458;161
1459;4
1459;11
1459;24
1459;43
1459;89
1459;191
1460;4
1460;11
1460;27
1460;53
1460;111
1460;178
1461;4
1461;11
1461;21
1461;79
1461;89
1461;381
1462;4
1462;19
1462;22
1462;41
1462;112
1462;454
1463;4
1463;17
1463;21
1463;46
1463;149
1463;163
1464;5
1464;17
1464;24
1464;47
1464;155
1464;170
1465;4
1465;18
1465;24
1465;56
1465;86
1465;201
1466;4
1466;17
1466;32
1466;65
1466;97
1466;228
1467;8
1467;19
1467;23
1467;47
1467;111
1467;253
1468;3
1468;18
1468;25
1468;54
1468;116
1468;183
1469;0
1469;19
1469;29
1469;58
1469;145
1469;231
1470;6
1470;15
1470;32
1470;63
1470;94
1470;283
1471;9
1471;19
1471;31
1471;63
1471;95
1471;171
1472;0
1472;18
1472;27
1472;54
1472;80
1472;160
1473;9
1473;18
1473;24
1473;40
1473;89
1473;162
1474;5
1474;11
1474;27
1474;53
1474;132
1474;264
1475;3
1475;10
1475;28
1475;55
1475;111
1475;257
1476;3
1476;10
1476;28
1476;56
1476;127
1476;160
1477;3
1477;10
1477;27
1477;63
1477;95
1477;161
1478;3
1478;10
1478;26
1478;55
1478;158
1478;440
1479;3
1479;19
1479;27
1479;56
1479;84
1479;166
1480;3
1480;10
1480;27
1480;54
1480;80
1480;161
1481;3
1481;18
1481;26
1481;70
1481;141
1481;164
1482;3
1482;19
1482;28
1482;53
1482;81
1482;160
1483;3
1483;19
1483;31
1483;63
1483;81
1483;494
1484;3
1484;18
1484;24
1484;47
1484;141
1484;162
1485;3
1485;19
1485;23
1485;71
1485;94
1485;165
1486;3
1486;19
1486;24
1486;71
1486;95
1486;166
1487;3
1487;13
1487;24
1487;71
1487;95
1487;168
1488;3
1488;13
1488;26
1488;52
1488;157
1488;235
1489;5
1489;18
1489;24
1489;48
1489;119
1489;215
1490;4
1490;11
1490;23
1490;47
1490;142
1490;167
1491;4
1491;11
1491;27
1491;53
1491;106
1491;267
1492;4
1492;11
1492;26
1492;53
1492;106
1492;285
1493;4
1493;11
1493;27
1493;53
1493;106
1493;189
1494;4
1494;11
1494;26
1494;53
1494;106
1494;160
1495;4
1495;11
1495;36
1495;43
1495;128
1495;170
1496;4
1496;11
1496;27
1496;43
1496;128
1496;171
1497;7
1497;10
1497;27
1497;49
1497;143
1497;191
1498;3
1498;11
1498;26
1498;71
1498;105
1498;170
1499;4
1499;11
1499;24
1499;78
1499;109
1499;164
1500;4
1500;11
1500;24
1500;43
1500;80
1500;177
1501;4
1501;18
1501;21
1501;42
1501;142
1501;177
1502;4
1502;19
1502;21
1502;53
1502;142
1502;177
1503;4
1503;18
1503;21
1503;43
1503;146
1503;256
1504;5
1504;16
1504;23
1504;47
1504;142
1504;176
1505;4
1505;11
1505;24
1505;47
1505;158
1505;161
1506;4
1506;11
1506;23
1506;54
1506;133
1506;267
1507;4
1507;11
1507;24
1507;48
1507;134
1507;408
1508;4
1508;11
1508;24
1508;54
1508;80
1508;347
1509;4
1509;11
1509;24
1509;50
1509;151
1509;163
1510;4
1510;11
1510;27
1510;56
1510;85
1510;401
1511;4
1511;11
1511;31
1511;63
1511;125
1511;160
1512;4
1512;11
1512;27
1512;53
1512;86
1512;172
1513;4
1513;11
1513;26
1513;53
1513;133
1513;221
1514;5
1514;14
1514;25
1514;79
1514;132
1514;320
1515;4
1515;12
1515;27
1515;79
1515;80
1515;319
1516;4
1516;12
1516;24
1516;57
1516;141
1516;256
1517;4
1517;12
1517;26
1517;53
1517;80
1517;160
1518;4
1518;12
1518;20
1518;79
1518;80
1518;264
1519;4
1519;12
1519;31
1519;79
1519;122
1519;160
1520;4
1520;12
1520;31
1520;63
1520;133
1520;190
1521;4
1521;12
1521;30
1521;61
1521;83
1521;214
1522;4
1522;12
1522;27
1522;54
1522;158
1522;217
1523;4
1523;12
1523;27
1523;53
1523;80
1523;178
1524;4
1524;12
1524;25
1524;50
1524;83
1524;166
1525;4
1525;12
1525;27
1525;79
1525;80
1525;160
1526;4
1526;12
1526;27
1526;79
1526;80
1526;238
1527;7
1527;10
1527;25
1527;78
1527;84
1527;166
1528;5
1528;17
1528;24
1528;71
1528;84
1528;165
1529;6
1529;18
1529;21
1529;71
1529;142
1529;167
1530;4
1530;11
1530;24
1530;71
1530;95
1530;466
1531;4
1531;11
1531;27
1531;53
1531;80
1531;466
1532;4
1532;11
1532;24
1532;53
1532;108
1532;160
1533;4
1533;11
1533;27
1533;53
1533;107
1533;160
1534;4
1534;11
1534;27
1534;43
1534;159
1534;190
1535;4
1535;11
1535;27
1535;53
1535;80
1535;166
1536;4
1536;11
1536;35
1536;53
1536;80
1536;261
1537;4
1537;11
1537;27
1537;53
1537;85
1537;211
1538;4
1538;10
1538;24
1538;72
1538;106
1538;169
1539;4
1539;11
1539;24
1539;53
1539;135
1539;235
1540;4
1540;11
1540;27
1540;53
1540;142
1540;379
1541;4
1541;11
1541;21
1541;53
1541;145
1541;290
1542;4
1542;19
1542;21
1542;49
1542;147
1542;294
1543;4
1543;18
1543;21
1543;42
1543;151
1543;201
1544;6
1544;10
1544;24
1544;47
1544;153
1544;204
1545;4
1545;19
1545;24
1545;47
1545;103
1545;206
1546;4
1546;16
1546;24
1546;47
1546;107
1546;161
1547;9
1547;19
1547;23
1547;42
1547;83
1547;163
1548;6
1548;19
1548;24
1548;41
1548;80
1548;163
1549;9
1549;19
1549;22
1549;44
1549;88
1549;424
1550;7
1550;16
1550;26
1550;78
1550;80
1550;163
1551;2
1551;15
1551;26
1551;79
1551;132
1551;316
1552;2
1552;18
1552;27
1552;53
1552;103
1552;214
1553;3
1553;16
1553;27
1553;53
1553;109
1553;240
1554;6
1554;11
1554;27
1554;53
1554;80
1554;240
1555;4
1555;10
1555;26
1555;53
1555;80
1555;211
1556;3
1556;10
1556;27
1556;53
1556;81
1556;160
1557;3
1557;10
1557;27
1557;55
1557;136
1557;163
1558;3
1558;10
1558;27
1558;48
1558;142
1558;339
1559;3
1559;12
1559;26
1559;53
1559;98
1559;244
1560;3
1560;10
1560;31
1560;57
1560;85
1560;254
1561;3
1561;19
1561;28
1561;61
1561;108
1561;217
1562;3
1562;18
1562;27
1562;54
1562;80
1562;161
1563;3
1563;18
1563;27
1563;44
1563;143
1563;225
1564;3
1564;18
1564;28
1564;53
1564;158
1564;160
1565;3
1565;19
1565;26
1565;78
1565;80
1565;160
1566;3
1566;19
1566;27
1566;54
1566;80
1566;160
1567;3
1567;18
1567;27
1567;79
1567;81
1567;162
1568;3
1568;19
1568;29
1568;79
1568;80
1568;186
1569;7
1569;10
1569;25
1569;47
1569;92
1569;283
1570;4
1570;11
1570;24
1570;47
1570;128
1570;191
1571;4
1571;11
1571;24
1571;54
1571;80
1571;166
1572;4
1572;11
1572;27
1572;54
1572;95
1572;162
1573;4
1573;11
1573;27
1573;79
1573;134
1573;160
1574;4
1574;11
1574;26
1574;53
1574;80
1574;267
1575;4
1575;11
1575;27
1575;53
1575;80
1575;167
1576;4
1576;11
1576;21
1576;53
1576;106
1576;190
1577;4
1577;10
1577;27
1577;50
1577;106
1577;169
1578;4
1578;17
1578;26
1578;79
1578;107
1578;266
1579;4
1579;17
1579;26
1579;53
1579;107
1579;160
1580;4
1580;16
1580;24
1580;53
1580;133
1580;164
1581;4
1581;18
1581;23
1581;53
1581;89
1581;213
1582;4
1582;18
1582;21
1582;79
1582;124
1582;196
1583;4
1583;18
1583;21
1583;42
1583;128
1583;234
1584;7
1584;10
1584;21
1584;46
1584;106
1584;163
1585;4
1585;11
1585;24
1585;47
1585;107
1585;161
1586;4
1586;11
1586;24
1586;48
1586;111
1586;206
1587;4
1587;11
1587;23
1587;46
1587;80
1587;164
1588;4
1588;11
1588;24
1588;48
1588;89
1588;203
1589;4
1589;11
1589;24
1589;53
1589;81
1589;166
1590;4
1590;19
1590;20
1590;40
1590;80
1590;200
1591;4
1591;11
1591;20
1591;40
1591;80
1591;200
1592;4
1592;11
1592;20
1592;40
1592;98
1592;160
1593;4
1593;11
1593;39
1593;40
1593;80
1593;161
1594;7
1594;10
1594;22
1594;44
1594;100
1594;165
1595;4
1595;13
1595;39
1595;40
1595;119
1595;266
1596;4
1596;12
1596;39
1596;40
1596;111
1596;270
1597;4
1597;12
1597;35
1597;79
1597;158
1597;191
1598;4
1598;17
1598;27
1598;40
1598;80
1598;161
1599;4
1599;12
1599;28
1599;79
1599;123
1599;168
1600;4
1600;12
1600;39
1600;59
1600;118
1600;261
1601;4
1601;12
1601;21
1601;41
1601;123
1601;304
1602;4
1602;12
1602;20
1602;40
1602;140
1602;199
1603;4
1603;19
1603;38
1603;54
1603;111
1603;162
1604;4
1604;18
1604;35
1604;40
1604;131
1604;164
1605;4
1605;12
1605;39
1605;62
1605;146
1605;190
1606;4
1606;12
1606;21
1606;63
1606;148
1606;253
1607;4
1607;12
1607;21
1607;63
1607;147
1607;169
1608;4
1608;17
1608;21
1608;63
1608;84
1608;171
1609;4
1609;19
1609;20
1609;63
1609;148
1609;169
1610;4
1610;17
1610;21
1610;63
1610;84
1610;168
1611;4
1611;19
1611;20
1611;63
1611;83
1611;168
1612;5
1612;18
1612;31
1612;63
1612;127
1612;213
1613;4
1613;18
1613;27
1613;63
1613;84
1613;168
1614;3
1614;18
1614;27
1614;63
1614;147
1614;170
1615;0
1615;18
1615;21
1615;63
1615;147
1615;169
1616;9
1616;18
1616;28
1616;43
1616;148
1616;168
1617;4
1617;18
1617;27
1617;63
1617;147
1617;169
1618;9
1618;17
1618;26
1618;63
1618;84
1618;252
1619;9
1619;18
1619;21
1619;54
1619;148
1619;169
1620;6
1620;18
1620;21
1620;63
1620;84
1620;168
1621;1
1621;18
1621;26
1621;63
1621;106
1621;168
1622;9
1622;18
1622;21
1622;63
1622;147
1622;169
1623;0
1623;19
1623;21
1623;63
1623;80
1623;169
1624;9
1624;19
1624;21
1624;40
1624;84
1624;170
1625;9
1625;18
1625;22
1625;44
1625;106
1625;168
1626;9
1626;18
1626;38
1626;45
1626;148
1626;170
1627;9
1627;19
1627;26
1627;47
1627;147
1627;169
1628;0
1628;19
1628;20
1628;54
1628;85
1628;170
1629;9
1629;16
1629;38
1629;54
1629;148
1629;169
1630;2
1630;16
1630;23
1630;54
1630;84
1630;168
1631;7
1631;16
1631;31
1631;45
1631;84
1631;168
1632;3
1632;18
1632;22
1632;41
1632;85
1632;176
1633;6
1633;19
1633;39
1633;56
1633;88
1633;168
1634;8
1634;16
1634;23
1634;48
1634;106
1634;169
1635;0
1635;16
1635;32
1635;41
1635;84
1635;169
1636;8
1636;16
1636;20
1636;48
1636;106
1636;168
1637;0
1637;19
1637;20
1637;41
1637;147
1637;170
1638;6
1638;19
1638;24
1638;49
1638;84
1638;164
1639;4
1639;17
1639;28
1639;57
1639;85
1639;169
1640;0
1640;19
1640;32
1640;62
1640;93
1640;284
1641;4
1641;19
1641;32
1641;62
1641;93
1641;185
1642;0
1642;18
1642;31
1642;63
1642;95
1642;220
1643;1
1643;18
1643;32
1643;63
1643;95
1643;226
1644;8
1644;18
1644;31
1644;61
1644;95
1644;243
1645;9
1645;18
1645;32
1645;64
1645;92
1645;225
1646;9
1646;19
1646;28
1646;55
1646;92
1646;225
1647;1
1647;19
1647;27
1647;54
1647;133
1647;160
1648;0
1648;13
1648;26
1648;79
1648;80
1648;344
1649;1
1649;19
1649;26
1649;53
1649;80
1649;160
1650;1
1650;17
1650;26
1650;53
1650;132
1650;290
1651;2
1651;18
1651;27
1651;53
1651;80
1651;160
1652;3
1652;18
1652;26
1652;52
1652;157
1652;183
1653;2
1653;19
1653;24
1653;47
1653;105
1653;212
1654;0
1654;18
1654;24
1654;47
1654;105
1654;237
1655;5
1655;18
1655;26
1655;43
1655;133
1655;264
1656;4
1656;18
1656;24
1656;43
1656;105
1656;246
1657;3
1657;18
1657;24
1657;47
1657;81
1657;236
1658;4
1658;18
1658;24
1658;47
1658;80
1658;237
1659;0
1659;18
1659;21
1659;43
1659;81
1659;239
1660;8
1660;18
1660;21
1660;54
1660;133
1660;224
1661;3
1661;19
1661;21
1661;42
1661;105
1661;231
1662;8
1662;19
1662;21
1662;40
1662;80
1662;241
1663;7
1663;19
1663;22
1663;43
1663;80
1663;255
1664;9
1664;19
1664;21
1664;41
1664;84
1664;249
1665;1
1665;19
1665;20
1665;40
1665;81
1665;239
1666;0
1666;19
1666;23
1666;45
1666;81
1666;241
1667;9
1667;19
1667;24
1667;48
1667;81
1667;235
1668;3
1668;19
1668;26
1668;53
1668;105
1668;262
1669;1
1669;16
1669;25
1669;54
1669;80
1669;261
1670;6
1670;18
1670;23
1670;53
1670;82
1670;236
1671;0
1671;17
1671;20
1671;41
1671;82
1671;247
1672;4
1672;17
1672;35
1672;41
1672;105
1672;228
1673;6
1673;16
1673;23
1673;49
1673;82
1673;237
1674;7
1674;16
1674;32
1674;40
1674;81
1674;237
1675;7
1675;16
1675;20
1675;48
1675;96
1675;212
1676;8
1676;19
1676;20
1676;41
1676;81
1676;262
1677;6
1677;19
1677;24
1677;48
1677;81
1677;233
1678;9
1678;16
1678;20
1678;40
1678;96
1678;216
1679;8
1679;16
1679;32
1679;48
1679;95
1679;264
1680;0
1680;16
1680;39
1680;40
1680;92
1680;264
1681;0
1681;16
1681;32
1681;47
1681;94
1681;264
1682;0
1682;16
1682;31
1682;40
1682;93
1682;264
1683;0
1683;16
1683;31
1683;47
1683;94
1683;238
1684;1
1684;19
1684;20
1684;47
1684;92
1684;212
1685;7
1685;19
1685;39
1685;47
1685;94
1685;235
1686;0
1686;19
1686;38
1686;47
1686;80
1686;238
1687;3
1687;19
1687;39
1687;40
1687;81
1687;234
1688;7
1688;16
1688;39
1688;47
1688;81
1688;232
1689;3
1689;18
1689;30
1689;41
1689;80
1689;160
1690;7
1690;17
1690;27
1690;54
1690;80
1690;257
1691;5
1691;18
1691;24
1691;42
1691;80
1691;235
1692;7
1692;18
1692;24
1692;42
1692;80
1692;160
1693;0
1693;18
1693;27
1693;53
1693;82
1693;166
1694;3
1694;18
1694;28
1694;55
1694;81
1694;169
1695;6
1695;18
1695;27
1695;43
1695;81
1695;162
1696;9
1696;18
1696;27
1696;43
1696;81
1696;211
1697;0
1697;18
1697;36
1697;43
1697;82
1697;164
1698;2
1698;18
1698;27
1698;54
1698;82
1698;192
1699;8
1699;18
1699;21
1699;43
1699;81
1699;161
1700;9
1700;18
1700;21
1700;54
1700;82
1700;167
1701;0
1701;14
1701;27
1701;50
1701;81
1701;162
1702;6
1702;18
1702;21
1702;54
1702;80
1702;168
1703;1
1703;19
1703;22
1703;41
1703;80
1703;186
1704;7
1704;18
1704;21
1704;59
1704;81
1704;183
1705;5
1705;19
1705;22
1705;44
1705;80
1705;164
1706;0
1706;19
1706;38
1706;46
1706;81
1706;172
1707;7
1707;18
1707;32
1707;53
1707;81
1707;160
1708;0
1708;19
1708;31
1708;53
1708;105
1708;161
1709;9
1709;19
1709;38
1709;54
1709;80
1709;172
1710;6
1710;18
1710;20
1710;53
1710;80
1710;177
1711;2
1711;17
1711;26
1711;44
1711;80
1711;169
1712;0
1712;15
1712;20
1712;40
1712;80
1712;195
1713;7
1713;19
1713;39
1713;51
1713;82
1713;168
1714;2
1714;19
1714;23
1714;47
1714;80
1714;178
1715;8
1715;16
1715;24
1715;48
1715;80
1715;168
1716;7
1716;16
1716;24
1716;48
1716;81
1716;169
1717;5
1717;16
1717;20
1717;40
1717;81
1717;161
1718;9
1718;16
1718;24
1718;40
1718;80
1718;202
1719;2
1719;19
1719;20
1719;47
1719;80
1719;165
1720;1
1720;18
1720;32
1720;64
1720;81
1720;161
1721;2
1721;19
1721;32
1721;44
1721;89
1721;160
1722;9
1722;19
1722;26
1722;62
1722;80
1722;178
1723;4
1723;19
1723;28
1723;53
1723;81
1723;166
1724;2
1724;19
1724;31
1724;57
1724;96
1724;160
1725;1
1725;18
1725;22
1725;57
1725;82
1725;160
1726;2
1726;19
1726;22
1726;58
1726;82
1726;162
1727;2
1727;19
1727;29
1727;56
1727;83
1727;165
1728;3
1728;13
1728;29
1728;56
1728;83
1728;190
1729;1
1729;19
1729;28
1729;56
1729;81
1729;161
1730;8
1730;17
1730;26
1730;53
1730;80
1730;213
1731;8
1731;17
1731;24
1731;42
1731;81
1731;170
1732;0
1732;18
1732;24
1732;42
1732;81
1732;181
1733;4
1733;18
1733;27
1733;53
1733;81
1733;163
1734;1
1734;18
1734;28
1734;54
1734;81
1734;161
1735;0
1735;18
1735;27
1735;43
1735;82
1735;160
1736;8
1736;19
1736;26
1736;43
1736;81
1736;160
1737;6
1737;18
1737;28
1737;43
1737;81
1737;171
1738;4
1738;18
1738;27
1738;54
1738;82
1738;160
1739;8
1739;14
1739;21
1739;42
1739;80
1739;168
1740;0
1740;18
1740;21
1740;54
1740;81
1740;191
1741;2
1741;19
1741;27
1741;43
1741;81
1741;190
1742;7
1742;18
1742;21
1742;53
1742;80
1742;185
1743;1
1743;19
1743;21
1743;53
1743;80
1743;184
1744;9
1744;18
1744;21
1744;59
1744;81
1744;166
1745;4
1745;19
1745;22
1745;44
1745;81
1745;171
1746;2
1746;19
1746;38
1746;47
1746;80
1746;193
1747;1
1747;19
1747;32
1747;53
1747;81
1747;162
1748;1
1748;19
1748;32
1748;53
1748;80
1748;166
1749;2
1749;19
1749;38
1749;54
1749;81
1749;163
1750;4
1750;19
1750;20
1750;53
1750;80
1750;186
1751;1
1751;16
1751;23
1751;54
1751;80
1751;171
1752;6
1752;15
1752;20
1752;40
1752;80
1752;207
1753;0
1753;18
1753;21
1753;40
1753;83
1753;187
1754;0
1754;16
1754;24
1754;48
1754;81
1754;249
1755;0
1755;16
1755;24
1755;48
1755;81
1755;226
1756;2
1756;16
1756;20
1756;40
1756;81
1756;162
1757;5
1757;16
1757;24
1757;40
1757;81
1757;171
1758;8
1758;16
1758;20
1758;47
1758;80
1758;192
1759;0
1759;16
1759;24
1759;49
1759;96
1759;173
1760;0
1760;16
1760;32
1760;47
1760;93
1760;222
1761;4
1761;16
1761;32
1761;48
1761;93
1761;174
1762;3
1762;16
1762;31
1762;40
1762;93
1762;189
1763;6
1763;16
1763;32
1763;48
1763;80
1763;170
1764;9
1764;16
1764;20
1764;47
1764;93
1764;256
1765;8
1765;19
1765;20
1765;40
1765;94
1765;312
1766;5
1766;19
1766;39
1766;40
1766;81
1766;164
1767;0
1767;19
1767;39
1767;46
1767;94
1767;165
1768;6
1768;16
1768;39
1768;47
1768;81
1768;340
1769;4
1769;17
1769;39
1769;40
1769;80
1769;238
1770;0
1770;13
1770;30
1770;49
1770;114
1770;353
1771;0
1771;13
1771;34
1771;64
1771;150
1771;162
1772;0
1772;13
1772;30
1772;58
1772;108
1772;392
1773;0
1773;13
1773;30
1773;41
1773;87
1773;270
1774;0
1774;13
1774;36
1774;54
1774;134
1774;162
1775;0
1775;13
1775;30
1775;52
1775;102
1775;165
1776;4
1776;13
1776;27
1776;51
1776;157
1776;426
1777;0
1777;13
1777;34
1777;65
1777;91
1777;160
1778;0
1778;13
1778;34
1778;51
1778;109
1778;384
1779;4
1779;17
1779;26
1779;51
1779;139
1779;170
1780;0
1780;13
1780;28
1780;53
1780;112
1780;179
1781;4
1781;13
1781;31
1781;47
1781;143
1781;417
1782;0
1782;12
1782;34
1782;56
1782;132
1782;287
1783;0
1783;13
1783;35
1783;47
1783;89
1783;275
1784;0
1784;13
1784;30
1784;51
1784;141
1784;247
1785;0
1785;13
1785;26
1785;72
1785;102
1785;450
1786;0
1786;13
1786;26
1786;47
1786;131
1786;300
1787;0
1787;13
1787;34
1787;55
1787;136
1787;177
1788;0
1788;13
1788;31
1788;51
1788;98
1788;213
1789;0
1789;13
1789;26
1789;64
1789;130
1789;180
1790;0
1790;13
1790;29
1790;72
1790;159
1790;203
1791;0
1791;13
1791;20
1791;52
1791;99
1791;314
1792;4
1792;13
1792;26
1792;42
1792;93
1792;188
1793;0
1793;17
1793;25
1793;46
1793;107
1793;176
1794;0
1794;13
1794;39
1794;64
1794;147
1794;489
1795;0
1795;13
1795;21
1795;47
1795;154
1795;342
1796;4
1796;12
1796;34
1796;60
1796;142
1796;322
1797;0
1797;13
1797;31
1797;78
1797;110
1797;184
1798;0
1798;15
1798;31
1798;55
1798;102
1798;461
1799;0
1799;13
1799;25
1799;47
1799;145
1799;347
1800;0
1800;13
1800;39
1800;53
1800;81
1800;425
1801;0
1801;13
1801;26
1801;58
1801;94
1801;190
1802;0
1802;17
1802;34
1802;64
1802;96
1802;434
1803;4
1803;13
1803;27
1803;59
1803;133
1803;317
1804;0
1804;13
1804;33
1804;43
1804;146
1804;254
1805;4
1805;13
1805;25
1805;77
1805;103
1805;200
1806;0
1806;13
1806;38
1806;73
1806;141
1806;191
