0;8
0;16
0;32
0;40
0;98
0;226
1;8
1;16
1;20
1;40
1;90
1;169
2;8
2;16
2;32
2;40
2;111
2;208
3;8
3;16
3;32
3;40
3;81
3;269
4;8
4;16
4;32
4;61
4;81
4;216
5;8
5;16
5;32
5;72
5;96
5;220
6;8
6;16
6;32
6;72
6;96
6;170
7;8
7;16
7;32
7;61
7;81
7;280
8;8
8;16
8;32
8;61
8;81
8;187
9;8
9;16
9;36
9;61
9;80
9;178
10;8
10;16
10;36
10;40
10;81
10;173
11;8
11;16
11;36
11;40
11;80
11;227
12;8
12;16
12;30
12;72
12;122
12;270
13;8
13;16
13;30
13;41
13;81
13;179
14;8
14;15
14;36
14;40
14;100
14;169
15;8
15;16
15;30
15;48
15;130
15;161
16;8
16;16
16;31
16;48
16;87
16;169
17;8
17;16
17;30
17;72
17;103
17;181
18;8
18;19
18;30
18;61
18;104
18;235
19;8
19;16
19;39
19;61
19;98
19;239
20;8
20;19
20;36
20;72
20;102
20;167
21;8
21;16
21;31
21;61
21;133
21;176
22;8
22;16
22;23
22;72
22;81
22;241
23;8
23;16
23;26
23;72
23;82
23;240
24;8
24;16
24;26
24;48
24;98
24;216
25;8
25;16
25;39
25;40
25;111
25;181
26;8
26;16
26;36
26;48
26;95
26;273
27;8
27;16
27;36
27;48
27;81
27;168
28;8
28;16
28;39
28;40
28;81
28;160
29;8
29;16
29;20
29;40
29;115
29;192
30;8
30;16
30;32
30;40
30;115
30;420
31;8
31;16
31;32
31;40
31;81
31;160
32;8
32;16
32;32
32;61
32;81
32;178
33;8
33;16
33;32
33;72
33;96
33;235
34;8
34;16
34;36
34;72
34;96
34;185
35;8
35;16
35;32
35;61
35;81
35;255
36;8
36;16
36;32
36;61
36;81
36;188
37;8
37;16
37;32
37;61
37;80
37;161
38;8
38;16
38;36
38;40
38;81
38;162
39;8
39;16
39;36
39;40
39;84
39;162
40;8
40;16
40;30
40;72
40;138
40;162
41;8
41;16
41;36
41;48
41;146
41;164
42;8
42;16
42;36
42;48
42;136
42;342
43;8
43;16
43;36
43;72
43;97
43;283
44;8
44;16
44;30
44;72
44;97
44;204
45;8
45;16
45;32
45;72
45;96
45;292
46;8
46;19
46;30
46;61
46;152
46;370
47;8
47;16
47;36
47;61
47;91
47;185
48;8
48;16
48;30
48;61
48;93
48;186
49;8
49;16
49;32
49;40
49;92
49;185
50;8
50;16
50;20
50;40
50;113
50;308
51;8
51;16
51;32
51;40
51;80
51;167
52;8
52;16
52;32
52;40
52;81
52;167
53;8
53;16
53;32
53;61
53;81
53;216
54;8
54;16
54;32
54;72
54;96
54;212
55;8
55;16
55;32
55;72
55;96
55;186
56;8
56;16
56;32
56;61
56;81
56;174
57;9
57;18
57;22
57;45
57;80
57;161
58;9
58;18
58;36
58;45
58;81
58;188
59;9
59;18
59;36
59;45
59;91
59;162
60;9
60;18
60;36
60;68
60;81
60;162
61;9
61;18
61;36
61;68
61;81
61;161
62;9
62;18
62;36
62;68
62;81
62;161
63;9
63;18
63;36
63;68
63;81
63;336
64;9
64;18
64;36
64;68
64;81
64;173
65;9
65;18
65;34
65;45
65;81
65;238
66;9
66;18
66;34
66;54
66;81
66;164
67;9
67;18
67;34
67;54
67;81
67;220
68;9
68;18
68;34
68;54
68;81
68;271
69;9
69;18
69;34
69;54
69;81
69;204
70;9
70;18
70;36
70;54
70;81
70;257
71;9
71;18
71;34
71;54
71;81
71;167
72;9
72;10
72;34
72;68
72;81
72;168
73;9
73;10
73;28
73;68
73;80
73;161
74;9
74;10
74;27
74;68
74;81
74;165
75;9
75;10
75;34
75;68
75;139
75;176
76;9
76;10
76;34
76;68
76;81
76;294
77;9
77;10
77;23
77;68
77;81
77;319
78;9
78;10
78;23
78;45
78;81
78;164
79;9
79;18
79;23
79;54
79;81
79;189
80;9
80;18
80;25
80;54
80;80
80;209
81;9
81;10
81;38
81;50
81;81
81;175
82;9
82;19
82;20
82;68
82;83
82;169
83;9
83;18
83;36
83;68
83;93
83;326
84;9
84;18
84;33
84;68
84;89
84;192
85;6
85;13
85;34
85;40
85;100
85;165
86;7
86;13
86;34
86;40
86;86
86;160
87;7
87;13
87;27
87;60
87;90
87;186
88;7
88;13
88;27
88;40
88;139
88;162
89;7
89;13
89;27
89;51
89;80
89;362
90;7
90;13
90;27
90;61
90;117
90;371
91;7
91;14
91;30
91;61
91;117
91;346
92;7
92;14
92;27
92;51
92;81
92;186
93;7
93;13
93;27
93;51
93;82
93;185
94;7
94;13
94;27
94;51
94;81
94;209
95;7
95;13
95;34
95;51
95;89
95;250
96;7
96;13
96;34
96;51
96;83
96;189
97;7
97;13
97;34
97;40
97;81
97;163
98;7
98;14
98;26
98;40
98;86
98;164
99;7
99;13
99;26
99;60
99;81
99;163
100;7
100;17
100;34
100;61
100;81
100;163
101;7
101;14
101;34
101;40
101;113
101;163
102;7
102;13
102;30
102;60
102;86
102;162
103;7
103;13
103;26
103;40
103;140
103;164
104;7
104;17
104;30
104;61
104;121
104;192
105;7
105;18
105;35
105;51
105;82
105;166
106;7
106;19
106;26
106;51
106;81
106;197
107;7
107;16
107;25
107;51
107;81
107;166
108;7
108;14
108;26
108;51
108;84
108;187
109;7
109;17
109;30
109;51
109;86
109;215
110;7
110;14
110;34
110;61
110;85
110;199
111;7
111;14
111;34
111;40
111;80
111;180
112;7
112;14
112;30
112;61
112;122
112;169
113;8
113;10
113;39
113;40
113;94
113;192
114;7
114;16
114;20
114;40
114;94
114;171
115;6
115;16
115;32
115;40
115;80
115;166
116;6
116;10
116;32
116;72
116;115
116;200
117;8
117;16
117;32
117;61
117;129
117;194
118;7
118;16
118;36
118;72
118;131
118;165
119;8
119;16
119;32
119;63
119;119
119;160
120;6
120;16
120;32
120;61
120;145
120;161
121;6
121;16
121;32
121;61
121;157
121;201
122;6
122;16
122;36
122;61
122;153
122;170
123;8
123;16
123;30
123;48
123;94
123;171
124;6
124;16
124;30
124;72
124;142
124;225
125;8
125;17
125;31
125;60
125;148
125;176
126;8
126;15
126;36
126;62
126;118
126;182
127;9
127;10
127;37
127;72
127;94
127;177
128;7
128;14
128;37
128;48
128;156
128;171
129;6
129;11
129;36
129;72
129;143
129;165
130;8
130;12
130;24
130;72
130;127
130;195
131;6
131;13
131;31
131;61
131;143
131;215
132;5
132;16
132;31
132;60
132;131
132;250
133;7
133;13
133;32
133;61
133;119
133;160
134;8
134;16
134;20
134;64
134;144
134;183
135;6
135;13
135;22
135;72
135;109
135;170
136;6
136;17
136;26
136;72
136;113
136;165
137;9
137;13
137;20
137;53
137;83
137;176
138;6
138;11
138;37
138;58
138;142
138;194
139;5
139;14
139;34
139;64
139;121
139;242
140;7
140;10
140;32
140;62
140;86
140;194
141;9
141;10
141;32
141;40
141;140
141;161
142;7
142;16
142;20
142;40
142;138
142;171
143;6
143;16
143;32
143;40
143;81
143;172
144;6
144;17
144;32
144;69
144;149
144;170
145;7
145;16
145;32
145;72
145;139
145;194
146;8
146;16
146;36
146;55
146;131
146;165
147;8
147;16
147;32
147;72
147;119
147;160
148;8
148;16
148;32
148;61
148;145
148;218
149;6
149;16
149;32
149;61
149;157
149;197
150;6
150;16
150;36
150;61
150;114
150;170
151;7
151;16
151;30
151;40
151;120
151;171
152;6
152;16
152;30
152;72
152;142
152;189
153;8
153;17
153;30
153;55
153;121
153;186
154;8
154;17
154;36
154;61
154;118
154;203
155;9
155;10
155;21
155;72
155;94
155;176
156;6
156;17
156;36
156;48
156;138
156;191
157;6
157;17
157;30
157;48
157;127
157;195
158;8
158;18
158;25
158;51
158;111
158;163
159;8
159;16
159;37
159;62
159;143
159;215
160;5
160;16
160;31
160;60
160;125
160;242
161;7
161;14
161;32
161;61
161;136
161;161
162;8
162;13
162;32
162;40
162;150
162;165
163;6
163;16
163;31
163;40
163;155
163;169
164;6
164;16
164;32
164;40
164;140
164;170
165;8
165;15
165;32
165;49
165;128
165;168
166;8
166;16
166;32
166;60
166;95
166;168
167;5
167;16
167;32
167;72
167;121
167;242
168;8
168;16
168;32
168;72
168;86
168;194
169;9
169;10
169;36
169;45
169;140
169;173
170;6
170;18
170;36
170;45
170;127
170;172
171;6
171;18
171;36
171;45
171;90
171;171
172;9
172;10
172;36
172;41
172;149
172;168
173;7
173;18
173;36
173;68
173;81
173;167
174;9
174;18
174;36
174;68
174;81
174;165
175;9
175;18
175;36
175;68
175;81
175;182
176;7
176;19
176;36
176;68
176;81
176;188
177;6
177;18
177;34
177;45
177;158
177;202
178;6
178;18
178;34
178;40
178;81
178;165
179;6
179;17
179;34
179;54
179;128
179;179
180;6
180;15
180;34
180;58
180;128
180;189
181;5
181;17
181;36
181;55
181;80
181;165
182;9
182;17
182;32
182;54
182;81
182;204
183;9
183;10
183;21
183;54
183;94
183;176
184;6
184;17
184;35
184;54
184;81
184;162
185;6
185;10
185;39
185;68
185;81
185;217
186;7
186;18
186;26
186;68
186;81
186;195
187;9
187;16
187;37
187;63
187;81
187;215
188;6
188;12
188;31
188;64
188;124
188;242
189;7
189;10
189;32
189;58
189;86
189;169
190;9
190;19
190;20
190;64
190;144
190;165
191;6
191;13
191;32
191;45
191;157
191;177
192;6
192;10
192;26
192;54
192;81
192;189
193;6
193;17
193;27
193;54
193;144
193;178
194;8
194;10
194;37
194;63
194;109
194;194
195;5
195;18
195;31
195;64
195;151
195;173
196;7
196;16
196;32
196;54
196;86
196;173
197;7
197;13
197;33
197;63
197;150
197;165
198;7
198;13
198;34
198;40
198;157
198;167
199;7
199;13
199;27
199;40
199;112
199;177
200;7
200;13
200;27
200;68
200;129
200;178
201;7
201;17
201;27
201;40
201;81
201;183
202;7
202;13
202;27
202;51
202;151
202;169
203;7
203;13
203;30
203;61
203;122
203;169
204;7
204;14
204;27
204;51
204;144
204;165
205;7
205;13
205;27
205;51
205;157
205;182
206;7
206;13
206;27
206;51
206;112
206;177
207;7
207;13
207;26
207;51
207;130
207;179
208;7
208;13
208;34
208;51
208;144
208;183
209;7
209;13
209;30
209;51
209;151
209;167
210;7
210;14
210;34
210;40
210;122
210;169
211;7
211;14
211;25
211;40
211;150
211;165
212;7
212;14
212;26
212;61
212;131
212;218
213;7
213;14
213;34
213;61
213;156
213;177
214;7
214;14
214;34
214;40
214;129
214;168
215;7
215;13
215;34
215;60
215;144
215;183
216;7
216;13
216;26
216;51
216;145
216;167
217;6
217;13
217;26
217;63
217;119
217;194
218;7
218;11
218;25
218;74
218;115
218;359
219;7
219;19
219;38
219;54
219;129
219;203
220;7
220;19
220;20
220;40
220;121
220;222
221;7
221;19
221;22
221;44
221;133
221;396
222;7
222;13
222;24
222;48
222;95
222;237
223;7
223;14
223;24
223;47
223;94
223;236
224;7
224;13
224;34
224;47
224;94
224;402
225;8
225;11
225;20
225;40
225;121
225;173
226;6
226;12
226;20
226;48
226;88
226;301
227;4
227;12
227;32
227;48
227;112
227;501
228;4
228;12
228;32
228;75
228;106
228;355
229;4
229;12
229;32
229;61
229;110
229;488
230;8
230;12
230;20
230;72
230;96
230;306
231;8
231;12
231;20
231;72
231;94
231;166
232;8
232;17
232;39
232;40
232;146
232;225
233;6
233;12
233;20
233;60
233;99
233;479
234;4
234;19
234;20
234;79
234;80
234;237
235;4
235;18
235;36
235;40
235;106
235;177
236;4
236;12
236;35
236;53
236;88
236;477
237;4
237;12
237;36
237;71
237;89
237;498
238;4
238;12
238;35
238;71
238;88
238;496
239;4
239;14
239;36
239;71
239;90
239;498
240;4
240;18
240;35
240;53
240;124
240;478
241;4
241;12
241;35
241;53
241;124
241;195
242;4
242;12
242;35
242;53
242;124
242;213
243;8
243;10
243;39
243;40
243;142
243;404
244;4
244;18
244;27
244;61
244;135
244;490
245;4
245;12
245;36
245;61
245;114
245;250
246;4
246;18
246;38
246;56
246;93
246;196
247;4
247;12
247;20
247;53
247;125
247;491
248;6
248;18
248;35
248;53
248;143
248;160
249;4
249;12
249;20
249;41
249;128
249;199
250;9
250;10
250;39
250;40
250;119
250;397
251;4
251;12
251;39
251;40
251;99
251;506
252;5
252;14
252;39
252;40
252;80
252;488
253;4
253;11
253;20
253;74
253;121
253;306
254;6
254;12
254;20
254;40
254;87
254;301
255;4
255;16
255;32
255;40
255;100
255;212
256;8
256;12
256;32
256;40
256;81
256;228
257;4
257;12
257;32
257;40
257;119
257;397
258;4
258;12
258;20
258;72
258;99
258;259
259;4
259;12
259;20
259;60
259;99
259;278
260;4
260;12
260;32
260;72
260;126
260;395
261;4
261;19
261;20
261;61
261;155
261;188
262;4
262;12
262;20
262;40
262;143
262;175
263;4
263;12
263;36
263;40
263;126
263;173
264;4
264;11
264;20
264;48
264;119
264;198
265;4
265;12
265;20
265;72
265;99
265;259
266;4
266;12
266;20
266;40
266;99
266;189
267;8
267;12
267;20
267;53
267;94
267;259
268;6
268;10
268;20
268;72
268;111
268;301
269;8
269;12
269;20
269;48
269;94
269;300
270;4
270;12
270;20
270;72
270;134
270;165
271;4
271;10
271;39
271;44
271;150
271;212
272;7
272;18
272;36
272;61
272;125
272;397
273;4
273;19
273;20
273;40
273;115
273;250
274;4
274;19
274;20
274;41
274;119
274;160
275;4
275;12
275;20
275;79
275;119
275;507
276;4
276;12
276;20
276;60
276;119
276;378
277;7
277;19
277;20
277;40
277;120
277;382
278;9
278;10
278;32
278;46
278;118
278;498
279;4
279;16
279;32
279;47
279;95
279;285
280;4
280;16
280;32
280;46
280;93
280;398
281;4
281;12
281;37
281;72
281;121
281;306
282;4
282;19
282;27
282;45
282;119
282;301
283;7
283;11
283;36
283;45
283;94
283;416
284;4
284;13
284;36
284;53
284;106
284;399
285;4
285;18
285;36
285;53
285;103
285;370
286;4
286;19
286;20
286;40
286;81
286;378
287;4
287;19
287;20
287;68
287;81
287;375
288;4
288;11
288;20
288;40
288;119
288;219
289;4
289;19
289;39
289;40
289;120
289;200
290;4
290;19
290;34
290;45
290;81
290;300
291;4
291;11
291;34
291;54
291;81
291;486
292;4
292;11
292;36
292;68
292;124
292;195
293;3
293;11
293;34
293;45
293;81
293;494
294;4
294;11
294;20
294;54
294;81
294;189
295;4
295;11
295;36
295;54
295;80
295;495
296;4
296;18
296;36
296;53
296;88
296;301
297;4
297;18
297;36
297;53
297;90
297;497
298;4
298;18
298;35
298;53
298;125
298;481
299;4
299;10
299;20
299;40
299;141
299;398
300;4
300;11
300;39
300;40
300;159
300;488
301;4
301;11
301;20
301;45
301;81
301;250
302;4
302;18
302;26
302;72
302;128
302;160
303;4
303;18
303;36
303;45
303;80
303;338
304;4
304;18
304;36
304;54
304;81
304;169
305;4
305;18
305;20
305;56
305;111
305;382
306;9
306;10
306;39
306;40
306;119
306;496
307;4
307;11
307;39
307;40
307;140
307;219
308;4
308;19
308;20
308;40
308;159
308;219
309;4
309;19
309;20
309;40
309;121
309;200
310;5
310;10
310;22
310;67
310;88
310;301
311;5
311;10
311;25
311;40
311;89
311;368
312;5
312;10
312;27
312;40
312;119
312;228
313;4
313;10
313;27
313;40
313;119
313;369
314;5
314;10
314;27
314;51
314;140
314;219
315;5
315;10
315;27
315;61
315;115
315;168
316;5
316;10
316;30
316;51
316;90
316;165
317;6
317;10
317;35
317;61
317;116
317;181
318;6
318;10
318;27
318;51
318;139
318;168
319;5
319;10
319;27
319;51
319;80
319;168
320;5
320;10
320;25
320;51
320;119
320;176
321;5
321;10
321;25
321;51
321;140
321;219
322;5
322;10
322;34
322;40
322;115
322;239
323;5
323;10
323;25
323;40
323;115
323;188
324;5
324;10
324;20
324;60
324;94
324;301
325;5
325;10
325;30
325;40
325;159
325;300
326;4
326;10
326;34
326;41
326;119
326;228
327;5
327;10
327;22
327;60
327;119
327;398
328;5
328;10
328;21
328;61
328;140
328;304
329;4
329;10
329;25
329;57
329;113
329;250
330;5
330;10
330;26
330;51
330;115
330;355
331;7
331;10
331;23
331;67
331;116
331;361
332;6
332;10
332;24
332;48
332;119
332;380
333;9
333;10
333;23
333;45
333;111
333;380
334;7
334;10
334;22
334;45
334;111
334;223
335;9
335;10
335;22
335;45
335;89
335;401
336;9
336;10
336;22
336;45
336;89
336;400
337;6
337;10
337;22
337;45
337;89
337;402
338;4
338;12
338;20
338;45
338;90
338;404
339;4
339;12
339;23
339;45
339;89
339;401
340;4
340;12
340;32
340;44
340;88
340;398
341;4
341;12
341;32
341;46
341;92
341;369
342;8
342;12
342;20
342;67
342;112
342;489
343;8
343;12
343;20
343;47
343;118
343;377
344;8
344;12
344;20
344;44
344;135
344;179
345;8
345;12
345;20
345;45
345;110
345;357
346;4
346;12
346;22
346;45
346;89
346;290
347;4
347;12
347;20
347;44
347;90
347;488
348;4
348;12
348;22
348;45
348;111
348;170
349;6
349;12
349;20
349;48
349;95
349;405
350;4
350;12
350;20
350;46
350;92
350;497
351;4
351;12
351;20
351;45
351;91
351;338
352;8
352;10
352;22
352;44
352;111
352;220
353;4
353;19
353;20
353;45
353;133
353;490
354;4
354;12
354;20
354;44
354;134
354;511
355;4
355;11
355;20
355;44
355;134
355;406
356;8
356;12
356;24
356;47
356;142
356;403
357;4
357;16
357;22
357;47
357;89
357;458
358;4
358;12
358;21
358;40
358;112
358;367
359;4
359;12
359;20
359;41
359;82
359;499
360;6
360;11
360;39
360;40
360;120
360;497
361;6
361;12
361;39
361;40
361;159
361;160
362;6
362;14
362;24
362;49
362;81
362;176
363;6
363;10
363;20
363;48
363;118
363;333
364;5
364;12
364;20
364;47
364;94
364;378
365;4
365;10
365;24
365;47
365;94
365;353
366;8
366;10
366;20
366;44
366;88
366;378
367;4
367;12
367;20
367;40
367;82
367;301
368;8
368;16
368;32
368;42
368;81
368;393
369;4
369;12
369;32
369;47
369;92
369;370
370;4
370;12
370;32
370;72
370;118
370;334
371;4
371;12
371;20
371;71
371;94
371;378
372;4
372;12
372;20
372;72
372;94
372;235
373;4
373;12
373;32
373;61
373;88
373;379
374;4
374;12
374;20
374;61
374;158
374;300
375;4
375;12
375;32
375;61
375;95
375;300
376;4
376;13
376;30
376;48
376;128
376;170
377;4
377;12
377;20
377;48
377;118
377;333
378;4
378;12
378;20
378;71
378;94
378;331
379;4
379;12
379;20
379;48
379;94
379;282
380;9
380;10
380;20
380;72
380;88
380;302
381;7
381;12
381;20
381;48
381;95
381;301
382;6
382;12
382;27
382;72
382;150
382;204
383;4
383;12
383;25
383;45
383;146
383;203
384;4
384;18
384;36
384;54
384;108
384;377
385;4
385;19
385;20
385;40
385;119
385;378
386;4
386;19
386;20
386;40
386;119
386;378
387;4
387;12
387;24
387;60
387;120
387;379
388;4
388;12
388;39
388;40
388;120
388;221
389;4
389;16
389;23
389;45
389;113
389;383
390;6
390;14
390;32
390;50
390;122
390;338
391;6
391;11
391;32
391;54
391;107
391;323
392;4
392;16
392;30
392;60
392;90
392;422
393;6
393;12
393;29
393;59
393;88
393;500
394;4
394;11
394;27
394;53
394;80
394;506
395;4
395;11
395;26
395;79
395;80
395;499
396;4
396;11
396;27
396;79
396;80
396;504
397;4
397;12
397;26
397;79
397;80
397;495
398;4
398;18
398;26
398;53
398;106
398;371
399;4
399;19
399;26
399;54
399;81
399;349
400;4
400;11
400;26
400;68
400;81
400;229
401;4
401;19
401;27
401;53
401;106
401;344
402;4
402;19
402;26
402;52
402;132
402;234
403;4
403;19
403;34
403;40
403;80
403;300
404;4
404;11
404;26
404;54
404;120
404;504
405;4
405;11
405;24
405;47
405;118
405;332
406;4
406;11
406;26
406;54
406;81
406;445
407;4
407;11
407;20
407;54
407;81
407;222
408;4
408;10
408;22
408;45
408;88
408;489
409;4
409;11
409;22
409;45
409;90
409;487
410;4
410;11
410;22
410;45
410;134
410;200
411;4
411;11
411;23
411;45
411;112
411;335
412;4
412;11
412;23
412;47
412;141
412;504
413;4
413;11
413;26
413;45
413;81
413;500
414;4
414;11
414;26
414;40
414;113
414;465
415;4
415;18
415;36
415;58
415;115
415;196
416;4
416;19
416;20
416;40
416;109
416;218
417;4
417;19
417;20
417;40
417;80
417;359
418;4
418;18
418;39
418;40
418;119
418;199
419;6
419;11
419;39
419;40
419;139
419;160
420;4
420;19
420;20
420;59
420;159
420;299
421;4
421;19
421;20
421;40
421;102
421;201
422;4
422;10
422;25
422;68
422;89
422;217
423;5
423;10
423;33
423;54
423;117
423;301
424;5
424;10
424;27
424;40
424;119
424;359
425;4
425;10
425;27
425;40
425;119
425;199
426;5
426;10
426;27
426;60
426;139
426;199
427;5
427;10
427;27
427;51
427;159
427;299
428;5
428;10
428;30
428;61
428;94
428;205
429;5
429;10
429;30
429;60
429;101
429;188
430;6
430;10
430;27
430;51
430;145
430;300
431;6
431;10
431;27
431;51
431;113
431;170
432;7
432;10
432;27
432;51
432;128
432;168
433;5
433;10
433;25
433;51
433;139
433;199
434;5
434;10
434;30
434;51
434;159
434;299
435;5
435;10
435;34
435;40
435;115
435;269
436;5
436;10
436;20
436;40
436;94
436;339
437;5
437;10
437;25
437;61
437;95
437;301
438;5
438;10
438;25
438;68
438;119
438;213
439;5
439;10
439;34
439;57
439;139
439;423
440;5
440;10
440;34
440;40
440;139
440;404
441;6
441;10
441;34
441;61
441;149
441;367
442;9
442;10
442;39
442;42
442;110
442;250
443;6
443;19
443;20
443;40
443;120
443;200
444;5
444;19
444;39
444;40
444;100
444;199
445;5
445;19
445;39
445;40
445;100
445;198
446;5
446;19
446;20
446;40
446;99
446;418
447;4
447;19
447;39
447;40
447;119
447;258
448;9
448;19
448;38
448;40
448;120
448;218
449;9
449;10
449;39
449;40
449;139
449;199
450;9
450;11
450;39
450;40
450;141
450;201
451;6
451;11
451;39
451;53
451;107
451;161
452;4
452;12
452;20
452;40
452;100
452;412
453;4
453;19
453;32
453;40
453;139
453;463
454;4
454;19
454;39
454;54
454;106
454;246
455;8
455;12
455;20
455;72
455;106
455;453
456;8
456;12
456;20
456;72
456;99
456;178
457;8
457;12
457;32
457;61
457;100
457;160
458;6
458;12
458;32
458;61
458;109
458;197
459;7
459;12
459;38
459;61
459;98
459;389
460;8
460;12
460;36
460;40
460;118
460;417
461;7
461;12
461;20
461;40
461;99
461;199
462;4
462;12
462;20
462;72
462;99
462;201
463;4
463;12
463;20
463;61
463;139
463;269
464;8
464;10
464;38
464;41
464;94
464;204
465;6
465;12
465;39
465;40
465;99
465;197
466;8
466;12
466;20
466;54
466;108
466;251
467;8
467;12
467;20
467;77
467;125
467;283
468;8
468;10
468;28
468;60
468;123
468;404
469;4
469;12
469;20
469;61
469;99
469;408
470;8
470;12
470;20
470;61
470;100
470;250
471;4
471;12
471;21
471;42
471;115
471;178
472;4
472;12
472;39
472;40
472;138
472;197
473;4
473;19
473;20
473;40
473;99
473;217
474;4
474;12
474;20
474;40
474;100
474;218
475;9
475;10
475;39
475;59
475;119
475;178
476;4
476;19
476;20
476;41
476;99
476;178
477;4
477;19
477;20
477;78
477;98
477;453
478;3
478;19
478;20
478;40
478;141
478;161
479;4
479;19
479;20
479;40
479;159
479;160
480;4
480;12
480;32
480;40
480;99
480;204
481;4
481;12
481;32
481;40
481;119
481;283
482;4
482;12
482;36
482;71
482;118
482;370
483;4
483;12
483;35
483;72
483;89
483;195
484;4
484;19
484;36
484;68
484;120
484;160
485;4
485;19
485;32
485;72
485;99
485;305
486;4
486;12
486;39
486;61
486;138
486;198
487;4
487;12
487;39
487;40
487;99
487;319
488;4
488;12
488;39
488;40
488;80
488;301
489;4
489;12
489;20
489;40
489;119
489;182
490;4
490;12
490;20
490;72
490;98
490;218
491;4
491;12
491;39
491;40
491;99
491;270
492;4
492;13
492;35
492;40
492;80
492;261
493;4
493;11
493;39
493;40
493;99
493;301
494;4
494;12
494;20
494;40
494;119
494;494
495;4
495;12
495;39
495;60
495;99
495;220
496;4
496;10
496;20
496;60
496;80
496;403
497;4
497;19
497;20
497;40
497;145
497;359
498;4
498;12
498;20
498;40
498;80
498;181
499;4
499;19
499;20
499;40
499;115
499;199
500;6
500;19
500;20
500;40
500;123
500;379
501;8
501;12
501;20
501;41
501;144
501;163
502;4
502;12
502;32
502;72
502;100
502;449
503;4
503;10
503;20
503;40
503;99
503;160
504;4
504;15
504;32
504;72
504;101
504;436
505;4
505;12
505;20
505;40
505;100
505;178
506;4
506;13
506;20
506;40
506;122
506;377
507;6
507;19
507;39
507;40
507;159
507;160
508;4
508;19
508;36
508;45
508;80
508;436
509;4
509;19
509;36
509;45
509;91
509;426
510;4
510;11
510;22
510;45
510;132
510;370
511;4
511;19
511;23
511;46
511;117
511;160
512;4
512;11
512;24
512;68
512;81
512;166
513;4
513;11
513;30
513;68
513;81
513;179
514;6
514;11
514;36
514;68
514;81
514;181
515;7
515;11
515;34
515;45
515;81
515;163
516;6
516;18
516;27
516;40
516;81
516;201
517;6
517;11
517;36
517;41
517;89
517;245
518;5
518;11
518;39
518;40
518;81
518;200
519;4
519;11
519;37
519;40
519;80
519;245
520;4
520;11
520;27
520;54
520;80
520;408
521;6
521;11
521;26
521;48
521;81
521;291
522;7
522;11
522;34
522;48
522;81
522;291
523;6
523;10
523;26
523;68
523;81
523;291
524;9
524;10
524;28
524;42
524;85
524;398
525;4
525;19
525;20
525;60
525;80
525;180
526;4
526;11
526;39
526;79
526;119
526;178
527;4
527;19
527;20
527;60
527;80
527;201
528;4
528;12
528;39
528;59
528;138
528;237
529;4
529;11
529;39
529;48
529;118
529;291
530;6
530;18
530;26
530;49
530;81
530;291
531;9
531;10
531;20
531;42
531;157
531;168
532;4
532;12
532;22
532;41
532;81
532;245
533;4
533;11
533;27
533;45
533;156
533;356
534;4
534;11
534;26
534;45
534;157
534;403
535;5
535;10
535;34
535;45
535;156
535;402
536;5
536;10
536;25
536;47
536;141
536;165
537;5
537;10
537;27
537;47
537;142
537;166
538;4
538;10
538;27
538;47
538;141
538;398
539;5
539;10
539;24
539;48
539;143
539;245
540;5
540;10
540;24
540;61
540;142
540;245
541;5
541;10
541;25
541;51
541;113
541;165
542;5
542;10
542;25
542;51
542;114
542;427
543;5
543;10
543;27
543;51
543;118
543;497
544;5
544;10
544;27
544;51
544;141
544;446
545;5
545;10
545;36
545;45
545;159
545;162
546;5
546;10
546;39
546;40
546;159
546;160
547;5
547;10
547;39
547;47
547;158
547;218
548;5
548;10
548;39
548;40
548;159
548;398
549;5
549;10
549;21
549;48
549;99
549;244
550;5
550;10
550;25
550;41
550;124
550;408
551;6
551;10
551;25
551;41
551;110
551;408
552;9
552;10
552;34
552;60
552;127
552;398
553;7
553;10
553;25
553;61
553;150
553;509
554;9
554;10
554;35
554;61
554;90
554;218
555;5
555;10
555;26
555;72
555;119
555;160
556;6
556;10
556;25
556;51
556;150
556;245
557;5
557;10
557;25
557;41
557;114
557;408
558;5
558;10
558;26
558;51
558;141
558;408
559;9
559;10
559;20
559;51
559;111
559;170
560;5
560;10
560;25
560;40
560;109
560;163
561;5
561;10
561;25
561;51
561;136
561;163
562;4
562;10
562;21
562;50
562;81
562;163
563;4
563;10
563;20
563;40
563;94
563;301
564;8
564;12
564;20
564;40
564;109
564;272
565;4
565;12
565;20
565;40
565;80
565;163
566;4
566;18
566;34
566;78
566;82
566;370
567;4
567;19
567;20
567;71
567;113
567;272
568;8
568;12
568;24
568;47
568;118
568;481
569;8
569;12
569;23
569;47
569;118
569;163
570;8
570;12
570;30
570;71
570;120
570;166
571;8
571;12
571;23
571;46
571;140
571;163
572;6
572;12
572;20
572;40
572;114
572;300
573;4
573;12
573;20
573;71
573;94
573;170
574;6
574;12
574;20
574;48
574;118
574;460
575;4
575;12
575;20
575;48
575;117
575;434
576;4
576;12
576;36
576;40
576;118
576;507
577;8
577;10
577;22
577;47
577;95
577;286
578;8
578;12
578;20
578;47
578;93
578;283
579;6
579;12
579;20
579;47
579;94
579;283
580;8
580;12
580;22
580;44
580;89
580;398
581;8
581;12
581;20
581;40
581;118
581;304
582;4
582;12
582;20
582;72
582;95
582;250
583;8
583;12
583;20
583;41
583;118
583;163
584;4
584;12
584;33
584;50
584;95
584;207
585;4
585;17
585;34
585;51
585;143
585;160
586;4
586;18
586;36
586;54
586;143
586;161
587;4
587;13
587;20
587;40
587;121
587;178
588;6
588;12
588;20
588;71
588;118
588;449
589;4
589;12
589;23
589;41
589;135
589;489
590;3
590;12
590;22
590;44
590;133
590;358
591;8
591;10
591;20
591;40
591;94
591;302
592;4
592;12
592;20
592;40
592;143
592;160
593;4
593;12
593;22
593;45
593;141
593;313
594;8
594;12
594;22
594;44
594;112
594;290
595;4
595;12
595;22
595;72
595;111
595;200
596;4
596;12
596;20
596;55
596;130
596;450
597;4
597;12
597;22
597;45
597;111
597;222
598;4
598;12
598;20
598;45
598;90
598;269
599;4
599;12
599;22
599;45
599;90
599;269
600;4
600;12
600;36
600;67
600;89
600;201
601;4
601;12
601;20
601;40
601;80
601;170
602;4
602;12
602;20
602;40
602;80
602;509
603;4
603;19
603;36
603;71
603;90
603;509
604;4
604;12
604;22
604;46
604;112
604;290
605;4
605;10
605;22
605;44
605;110
605;288
606;4
606;12
606;23
606;45
606;91
606;272
607;4
607;12
607;24
607;47
607;118
607;408
608;4
608;12
608;24
608;47
608;118
608;307
609;4
609;12
609;24
609;47
609;95
609;304
610;4
610;12
610;23
610;47
610;95
610;363
611;4
611;19
611;20
611;61
611;112
611;498
612;8
612;18
612;35
612;40
612;112
612;448
613;8
613;18
613;35
613;53
613;95
613;449
614;4
614;18
614;36
614;40
614;118
614;449
615;4
615;12
615;32
615;41
615;80
615;504
616;4
616;11
616;39
616;40
616;100
616;498
617;4
617;12
617;39
617;40
617;99
617;488
618;4
618;12
618;39
618;40
618;99
618;489
619;8
619;10
619;39
619;40
619;80
619;219
620;4
620;11
620;39
620;40
620;80
620;219
621;4
621;19
621;39
621;40
621;80
621;360
622;4
622;12
622;39
622;40
622;80
622;370
623;7
623;19
623;20
623;40
623;80
623;397
624;4
624;19
624;20
624;68
624;80
624;506
625;4
625;11
625;20
625;68
625;81
625;179
626;7
626;11
626;20
626;68
626;81
626;197
627;6
627;11
627;34
627;45
627;99
627;387
628;6
628;11
628;34
628;40
628;95
628;392
629;7
629;11
629;34
629;54
629;128
629;408
630;6
630;11
630;34
630;54
630;100
630;408
631;4
631;11
631;30
631;41
631;80
631;245
632;7
632;11
632;26
632;41
632;80
632;245
633;9
633;10
633;21
633;48
633;82
633;290
634;4
634;12
634;34
634;49
634;80
634;291
635;5
635;19
635;20
635;49
635;100
635;291
636;4
636;16
636;20
636;49
636;81
636;246
637;4
637;10
637;21
637;41
637;100
637;304
638;4
638;11
638;34
638;41
638;99
638;245
639;4
639;11
639;35
639;49
639;99
639;245
640;4
640;12
640;39
640;42
640;148
640;207
641;4
641;17
641;35
641;53
641;119
641;291
642;4
642;18
642;35
642;71
642;80
642;392
643;6
643;18
643;37
643;40
643;136
643;169
644;8
644;19
644;20
644;60
644;80
644;453
645;4
645;19
645;39
645;40
645;119
645;453
646;4
646;11
646;39
646;40
646;119
646;453
647;3
647;19
647;39
647;40
647;119
647;358
648;9
648;19
648;20
648;40
648;80
648;378
649;9
649;19
649;20
649;40
649;80
649;358
650;8
650;19
650;20
650;40
650;80
650;367
651;5
651;19
651;20
651;40
651;80
651;357
652;7
652;19
652;20
652;40
652;119
652;358
653;6
653;19
653;20
653;40
653;119
653;291
654;7
654;19
654;20
654;60
654;119
654;160
655;8
655;18
655;20
655;40
655;119
655;394
656;7
656;19
656;30
656;60
656;89
656;408
657;5
657;19
657;30
657;40
657;89
657;415
658;5
658;19
658;30
658;60
658;120
658;357
659;7
659;19
659;30
659;60
659;119
659;358
660;7
660;19
660;30
660;60
660;119
660;298
661;4
661;18
661;30
661;60
661;119
661;298
662;7
662;19
662;30
662;60
662;119
662;299
663;4
663;19
663;20
663;60
663;119
663;298
664;7
664;10
664;39
664;40
664;89
664;181
665;8
665;19
665;39
665;60
665;120
665;298
666;6
666;18
666;39
666;40
666;119
666;358
667;7
667;18
667;30
667;40
667;119
667;298
668;7
668;19
668;20
668;40
668;119
668;298
669;9
669;19
669;30
669;40
669;119
669;299
670;6
670;19
670;20
670;40
670;89
670;298
671;9
671;18
671;20
671;60
671;89
671;185
672;8
672;18
672;20
672;40
672;120
672;298
673;7
673;18
673;20
673;60
673;119
673;358
674;7
674;14
674;29
674;60
674;119
674;298
675;8
675;11
675;24
675;49
675;119
675;173
676;6
676;16
676;24
676;43
676;117
676;301
677;8
677;19
677;20
677;54
677;97
677;165
678;4
678;12
678;31
678;50
678;82
678;163
679;6
679;17
679;37
679;64
679;114
679;370
680;5
680;13
680;35
680;64
680;129
680;242
681;6
681;16
681;32
681;54
681;86
681;227
682;6
682;19
682;20
682;71
682;125
682;173
683;6
683;12
683;32
683;63
683;145
683;300
684;8
684;12
684;24
684;55
684;153
684;284
685;6
685;10
685;31
685;63
685;128
685;165
686;6
686;10
686;21
686;64
686;93
686;176
687;5
687;10
687;32
687;64
687;129
687;242
688;4
688;16
688;27
688;55
688;137
688;188
689;4
689;12
689;20
689;63
689;94
689;220
690;6
690;11
690;35
690;52
690;94
690;301
691;4
691;16
691;23
691;55
691;110
691;160
692;6
692;10
692;35
692;63
692;129
692;195
693;8
693;10
693;24
693;64
693;127
693;404
694;4
694;16
694;31
694;64
694;129
694;367
695;4
695;12
695;23
695;46
695;86
695;250
696;4
696;19
696;20
696;57
696;115
696;196
697;6
697;12
697;35
697;79
697;110
697;220
698;6
698;10
698;26
698;55
698;124
698;178
699;6
699;17
699;25
699;49
699;121
699;169
700;4
700;10
700;24
700;63
700;94
700;176
701;4
701;12
701;24
701;64
701;129
701;165
702;4
702;14
702;31
702;61
702;86
702;227
703;4
703;16
703;31
703;54
703;121
703;172
704;4
704;16
704;35
704;47
704;125
704;301
705;4
705;12
705;31
705;43
705;133
705;171
706;4
706;12
706;39
706;70
706;122
706;194
707;6
707;16
707;31
707;64
707;115
707;370
708;5
708;18
708;36
708;64
708;129
708;195
709;6
709;16
709;28
709;68
709;86
709;226
710;7
710;18
710;20
710;57
710;112
710;395
711;4
711;19
711;31
711;54
711;87
711;188
712;4
712;16
712;31
712;63
712;143
712;162
713;4
713;16
713;27
713;40
713;117
713;213
714;6
714;10
714;21
714;64
714;157
714;176
715;5
715;12
715;36
715;64
715;129
715;195
716;4
716;16
716;20
716;54
716;139
716;239
717;4
717;12
717;32
717;56
717;82
717;259
718;6
718;11
718;35
718;52
718;111
718;301
719;5
719;15
719;24
719;63
719;86
719;299
720;4
720;10
720;25
720;48
720;125
720;190
721;4
721;10
721;20
721;51
721;127
721;404
722;4
722;16
722;24
722;64
722;129
722;335
723;4
723;12
723;24
723;46
723;86
723;250
724;4
724;19
724;20
724;62
724;88
724;178
725;6
725;10
725;23
725;79
725;110
725;245
726;6
726;14
726;27
726;56
726;84
726;180
727;6
727;18
727;26
727;64
727;100
727;179
728;4
728;10
728;20
728;67
728;94
728;176
729;4
729;12
729;20
729;64
729;129
729;195
730;4
730;12
730;20
730;55
730;131
730;213
731;4
731;11
731;26
731;53
731;129
731;306
732;6
732;18
732;33
732;55
732;144
732;301
733;4
733;15
733;22
733;40
733;81
733;288
734;4
734;15
734;22
734;44
734;84
734;179
735;4
735;15
735;31
735;63
735;115
735;370
736;4
736;10
736;37
736;64
736;129
736;194
737;6
737;16
737;31
737;61
737;86
737;226
738;6
738;19
738;20
738;62
738;126
738;180
739;4
739;15
739;30
739;55
739;81
739;172
740;4
740;15
740;30
740;40
740;98
740;300
741;6
741;19
741;31
741;63
741;106
741;167
742;6
742;14
742;21
742;68
742;94
742;176
743;5
743;13
743;37
743;64
743;129
743;227
744;4
744;11
744;22
744;52
744;111
744;239
745;4
745;11
745;22
745;53
745;82
745;272
746;6
746;11
746;34
746;51
746;112
746;301
747;4
747;15
747;30
747;49
747;97
747;171
748;6
748;13
748;39
748;63
748;122
748;190
749;7
749;10
749;33
749;51
749;104
749;398
750;4
750;11
750;33
750;63
750;129
750;335
751;7
751;11
751;22
751;56
751;86
751;250
752;3
752;19
752;25
752;62
752;119
752;160
753;6
753;16
753;23
753;46
753;110
753;245
754;7
754;10
754;27
754;69
754;109
754;167
755;6
755;18
755;26
755;59
755;113
755;165
756;8
756;10
756;22
756;58
756;121
756;176
757;7
757;11
757;37
757;64
757;129
757;194
758;4
758;11
758;30
758;59
758;86
758;214
759;4
759;12
759;30
759;63
759;129
759;306
760;5
760;15
760;30
760;40
760;139
760;301
761;5
761;10
761;20
761;49
761;93
761;216
762;5
762;10
762;20
762;40
762;83
762;167
763;5
763;10
763;31
763;52
763;115
763;369
764;7
764;10
764;37
764;64
764;129
764;227
765;6
765;15
765;37
765;59
765;131
765;169
766;6
766;19
766;30
766;60
766;119
766;165
767;5
767;10
767;29
767;40
767;103
767;165
768;5
768;10
768;20
768;44
768;98
768;300
769;5
769;10
769;25
769;64
769;89
769;176
770;4
770;14
770;33
770;68
770;94
770;176
771;5
771;14
771;37
771;58
771;129
771;194
772;5
772;10
772;20
772;56
772;122
772;163
773;5
773;10
773;20
773;62
773;119
773;269
774;6
774;10
774;22
774;51
774;111
774;301
775;4
775;14
775;39
775;40
775;88
775;300
776;5
776;15
776;29
776;54
776;84
776;289
777;4
777;14
777;21
777;50
777;127
777;398
778;6
778;10
778;20
778;58
778;129
778;304
779;5
779;10
779;20
779;59
779;131
779;250
780;4
780;10
780;20
780;62
780;119
780;162
781;6
781;10
781;20
781;79
781;150
781;245
782;7
782;10
782;27
782;57
782;114
782;167
783;6
783;18
783;26
783;55
783;116
783;167
784;5
784;10
784;20
784;59
784;94
784;168
785;6
785;10
785;20
785;58
785;94
785;194
786;5
786;10
786;20
786;59
786;131
786;241
787;4
787;11
787;27
787;63
787;129
787;195
788;8
788;10
788;23
788;47
788;94
788;301
789;8
789;16
789;24
789;55
789;98
789;171
790;7
790;12
790;31
790;51
790;90
790;172
791;4
791;10
791;32
791;70
791;115
791;370
792;7
792;10
792;37
792;72
792;129
792;194
793;6
793;17
793;34
793;59
793;131
793;165
794;7
794;14
794;33
794;62
794;119
794;180
795;8
795;16
795;39
795;40
795;114
795;188
796;8
796;12
796;23
796;47
796;98
796;300
797;8
797;12
797;23
797;63
797;82
797;170
798;5
798;13
798;34
798;68
798;94
798;171
799;6
799;14
799;37
799;58
799;129
799;194
800;4
800;10
800;27
800;64
800;86
800;163
801;4
801;15
801;27
801;62
801;116
801;178
802;4
802;10
802;22
802;63
802;108
802;302
803;4
803;14
803;32
803;55
803;135
803;301
804;6
804;12
804;39
804;40
804;86
804;196
805;4
805;11
805;24
805;49
805;88
805;398
806;4
806;15
806;23
806;62
806;129
806;304
807;4
807;12
807;31
807;59
807;131
807;367
808;4
808;12
808;23
808;62
808;128
808;367
809;6
809;16
809;20
809;64
809;144
809;245
810;6
810;13
810;22
810;56
810;109
810;167
811;6
811;18
811;26
811;45
811;112
811;165
812;6
812;12
812;23
812;48
812;122
812;168
813;4
813;11
813;24
813;62
813;94
813;194
814;4
814;12
814;24
814;64
814;86
814;165
815;3
815;10
815;32
815;62
815;86
815;195
816;4
816;10
816;20
816;68
816;82
816;302
817;4
817;12
817;22
817;43
817;129
817;301
818;4
818;12
818;20
818;40
818;102
818;209
819;6
819;16
819;32
819;69
819;115
819;370
820;7
820;18
820;37
820;64
820;143
820;194
821;6
821;11
821;36
821;72
821;86
821;165
822;7
822;14
822;33
822;62
822;119
822;160
823;4
823;19
823;35
823;63
823;114
823;215
824;4
824;16
824;20
824;63
824;94
824;300
825;4
825;16
825;31
825;47
825;122
825;170
826;4
826;14
826;34
826;51
826;120
826;171
827;6
827;14
827;37
827;58
827;128
827;194
828;4
828;17
828;23
828;55
828;151
828;242
829;4
829;16
829;20
829;62
829;86
829;214
830;4
830;10
830;21
830;63
830;94
830;302
831;4
831;14
831;32
831;59
831;126
831;301
832;4
832;16
832;24
832;47
832;102
832;194
833;4
833;14
833;25
833;51
833;110
833;422
834;4
834;16
834;20
834;62
834;143
834;304
835;4
835;16
835;24
835;64
835;121
835;367
836;4
836;12
836;24
836;61
836;110
836;161
837;4
837;16
837;20
837;64
837;150
837;240
838;6
838;13
838;27
838;69
838;155
838;169
839;6
839;10
839;26
839;45
839;113
839;170
840;6
840;14
840;26
840;53
840;116
840;176
841;4
841;19
841;20
841;63
841;143
841;168
842;4
842;12
842;20
842;64
842;86
842;165
843;4
843;16
843;20
843;62
843;86
843;194
844;3
844;10
844;22
844;68
844;146
844;302
845;4
845;11
845;22
845;59
845;129
845;301
846;4
846;15
846;22
846;62
846;85
846;165
847;4
847;15
847;22
847;70
847;115
847;370
848;7
848;18
848;37
848;58
848;110
848;397
849;6
849;13
849;34
849;64
849;121
849;165
850;5
850;15
850;32
850;62
850;125
850;239
851;4
851;19
851;22
851;72
851;127
851;197
852;4
852;15
852;22
852;63
852;108
852;300
853;4
853;15
853;32
853;44
853;99
853;170
854;6
854;13
854;34
854;51
854;128
854;171
855;6
855;15
855;37
855;63
855;128
855;183
856;4
856;12
856;30
856;55
856;130
856;242
857;4
857;11
857;22
857;62
857;118
857;214
858;9
858;10
858;21
858;63
858;94
858;302
859;6
859;17
859;32
859;62
859;138
859;301
860;4
860;11
860;37
860;40
860;107
860;164
861;4
861;14
861;26
861;51
861;115
861;210
862;7
862;12
862;37
862;63
862;96
862;304
863;7
863;11
863;22
863;64
863;85
863;367
864;8
864;11
864;23
864;61
864;86
864;250
865;4
865;19
865;20
865;64
865;150
865;240
866;6
866;13
866;23
866;79
866;110
866;209
867;6
867;19
867;26
867;45
867;112
867;189
868;6
868;17
868;25
868;49
868;81
868;169
869;4
869;11
869;37
869;63
869;81
869;193
870;4
870;11
870;30
870;64
870;129
870;165
871;4
871;11
871;30
871;61
871;86
871;194
872;5
872;10
872;20
872;63
872;98
872;173
873;5
873;10
873;20
873;49
873;147
873;301
874;5
874;10
874;20
874;40
874;103
874;162
875;5
875;10
875;20
875;44
875;88
875;369
876;6
876;17
876;37
876;63
876;109
876;397
877;6
877;13
877;31
877;64
877;129
877;165
878;6
878;15
878;32
878;61
878;86
878;168
879;5
879;10
879;20
879;64
879;125
879;187
880;5
880;10
880;20
880;40
880;114
880;197
881;5
881;10
881;20
881;49
881;133
881;170
882;5
882;10
882;25
882;49
882;128
882;168
883;6
883;15
883;21
883;63
883;128
883;192
884;5
884;10
884;30
884;64
884;130
884;165
885;5
885;10
885;20
885;55
885;86
885;172
886;5
886;11
886;20
886;63
886;94
886;176
887;6
887;11
887;30
887;65
887;139
887;301
888;4
888;15
888;30
888;40
888;98
888;299
889;4
889;12
889;25
889;49
889;112
889;195
890;9
890;15
890;20
890;63
890;128
890;404
891;4
891;10
891;20
891;64
891;129
891;165
892;4
892;10
892;20
892;40
892;86
892;250
893;4
893;19
893;20
893;57
893;115
893;241
894;6
894;13
894;23
894;68
894;110
894;208
895;6
895;14
895;26
895;64
895;127
895;169
896;6
896;18
896;27
896;49
896;144
896;169
897;8
897;10
897;20
897;64
897;123
897;213
898;5
898;10
898;20
898;64
898;129
898;165
899;4
899;10
899;20
899;54
899;86
899;226
900;6
900;11
900;24
900;58
900;135
900;173
901;6
901;16
901;35
901;72
901;89
901;301
902;8
902;16
902;20
902;79
902;80
902;492
903;4
903;12
903;32
903;79
903;81
903;317
904;6
904;19
904;32
904;79
904;80
904;396
905;5
905;16
905;20
905;72
905;80
905;317
906;7
906;16
906;32
906;61
906;121
906;324
907;8
907;19
907;20
907;61
907;125
907;179
908;6
908;12
908;37
908;56
908;111
908;174
909;8
909;12
909;37
909;40
909;81
909;326
910;6
910;10
910;39
910;41
910;121
910;322
911;6
911;15
911;31
911;60
911;80
911;176
912;5
912;10
912;39
912;79
912;80
912;165
913;4
913;16
913;36
913;61
913;119
913;188
914;4
914;11
914;30
914;79
914;118
914;219
915;6
915;11
915;30
915;79
915;80
915;301
916;4
916;11
916;23
916;55
916;120
916;165
917;6
917;10
917;30
917;72
917;80
917;317
918;8
918;10
918;24
918;64
918;80
918;404
919;4
919;16
919;21
919;64
919;129
919;367
920;4
920;12
920;23
920;61
920;119
920;250
921;4
921;19
921;20
921;57
921;115
921;301
922;6
922;12
922;34
922;50
922;121
922;330
923;6
923;18
923;36
923;72
923;127
923;327
924;7
924;18
924;39
924;40
924;120
924;321
925;4
925;10
925;23
925;68
925;113
925;176
926;4
926;12
926;24
926;74
926;120
926;242
927;4
927;10
927;27
927;53
927;80
927;226
928;4
928;16
928;31
928;54
928;80
928;306
929;4
929;16
929;20
929;48
929;94
929;301
930;4
930;16
930;24
930;47
930;95
930;477
931;4
931;12
931;32
931;48
931;95
931;460
932;6
932;18
932;32
932;71
932;94
932;273
933;5
933;16
933;24
933;72
933;95
933;498
934;6
934;16
934;36
934;71
934;118
934;381
935;7
935;18
935;32
935;70
935;118
935;395
936;4
936;16
936;23
936;44
936;113
936;181
937;4
937;16
937;23
937;45
937;118
937;162
938;4
938;16
938;23
938;47
938;118
938;458
939;6
939;10
939;22
939;71
939;117
939;376
940;5
940;13
940;31
940;67
940;91
940;195
941;4
941;17
941;20
941;45
941;113
941;271
942;4
942;12
942;31
942;67
942;134
942;350
943;6
943;11
943;34
943;67
943;133
943;301
944;5
944;15
944;24
944;67
944;112
944;508
945;4
945;10
945;31
945;45
945;113
945;482
946;4
946;10
946;20
946;47
946;93
946;404
947;4
947;16
947;24
947;68
947;129
947;334
948;4
948;12
948;24
948;72
948;119
948;250
949;4
949;19
949;31
949;70
949;118
949;186
950;6
950;19
950;20
950;47
950;94
950;480
951;6
951;16
951;24
951;47
951;118
951;167
952;6
952;16
952;24
952;48
952;118
952;179
953;4
953;10
953;32
953;70
953;93
953;177
954;4
954;12
954;20
954;68
954;112
954;194
955;4
955;19
955;23
955;45
955;89
955;511
956;4
956;11
956;37
956;67
956;89
956;355
957;4
957;18
957;23
957;67
957;112
957;301
958;4
958;15
958;24
958;67
958;111
958;379
959;4
959;15
959;36
959;67
959;89
959;335
960;4
960;10
960;36
960;67
960;112
960;370
961;4
961;18
961;22
961;67
961;81
961;398
962;6
962;18
962;36
962;68
962;81
962;492
963;6
963;19
963;20
963;68
963;81
963;179
964;4
964;15
964;22
964;67
964;133
964;173
965;4
965;15
965;30
965;45
965;89
965;300
966;6
966;18
966;23
966;67
966;111
966;375
967;6
967;14
967;22
967;68
967;80
967;176
968;5
968;13
968;34
968;64
968;129
968;194
969;4
969;11
969;22
969;45
969;111
969;188
970;4
970;11
970;22
970;54
970;82
970;275
971;6
971;11
971;34
971;45
971;81
971;301
972;4
972;15
972;30
972;44
972;81
972;171
973;6
973;16
973;33
973;68
973;81
973;335
974;7
974;10
974;33
974;68
974;81
974;398
975;4
975;11
975;33
975;63
975;129
975;335
976;7
976;11
976;22
976;45
976;81
976;250
977;3
977;19
977;25
977;62
977;89
977;160
978;6
978;17
978;23
978;46
978;111
978;245
979;7
979;10
979;27
979;45
979;81
979;169
980;6
980;12
980;26
980;45
980;111
980;169
981;8
981;10
981;26
981;60
981;122
981;302
982;7
982;11
982;37
982;67
982;134
982;335
983;4
983;11
983;30
983;66
983;133
983;332
984;4
984;12
984;30
984;53
984;129
984;316
985;5
985;15
985;34
985;46
985;88
985;301
986;5
986;10
986;20
986;40
986;93
986;171
987;5
987;10
987;20
987;40
987;134
987;206
988;5
988;10
988;27
988;60
988;120
988;273
989;7
989;10
989;27
989;67
989;134
989;335
990;6
990;13
990;27
990;60
990;133
990;332
991;4
991;14
991;30
991;52
991;119
991;165
992;5
992;10
992;30
992;61
992;103
992;165
993;5
993;10
993;27
993;51
993;103
993;300
994;5
994;10
994;25
994;51
994;89
994;185
995;4
995;14
995;25
995;51
995;94
995;302
996;5
996;14
996;34
996;67
996;134
996;335
997;5
997;10
997;34
997;40
997;122
997;331
998;5
998;10
998;20
998;62
998;119
998;294
999;6
999;10
999;35
999;51
999;107
999;301
1000;4
1000;14
1000;30
1000;58
1000;117
1000;300
1001;5
1001;15
1001;34
1001;40
1001;128
1001;194
1002;4
1002;14
1002;21
1002;50
1002;127
1002;398
1003;6
1003;10
1003;34
1003;59
1003;134
1003;268
1004;5
1004;10
1004;20
1004;61
1004;129
1004;250
1005;4
1005;10
1005;20
1005;62
1005;119
1005;160
1006;6
1006;10
1006;29
1006;79
1006;112
1006;167
1007;7
1007;13
1007;27
1007;51
1007;114
1007;167
1008;6
1008;15
1008;26
1008;51
1008;114
1008;182
1009;5
1009;11
1009;34
1009;59
1009;118
1009;168
1010;6
1010;10
1010;20
1010;58
1010;134
1010;335
1011;5
1011;10
1011;20
1011;59
1011;129
1011;266
1012;4
1012;11
1012;39
1012;63
1012;123
1012;295
1013;8
1013;10
1013;23
1013;73
1013;127
1013;301
1014;8
1014;18
1014;24
1014;78
1014;137
1014;491
1015;7
1015;16
1015;20
1015;79
1015;80
1015;447
1016;4
1016;16
1016;32
1016;79
1016;80
1016;370
1017;7
1017;16
1017;32
1017;78
1017;80
1017;335
1018;6
1018;16
1018;36
1018;72
1018;81
1018;479
1019;7
1019;16
1019;32
1019;72
1019;118
1019;162
1020;8
1020;16
1020;39
1020;61
1020;125
1020;197
1021;8
1021;12
1021;36
1021;61
1021;98
1021;300
1022;8
1022;12
1022;39
1022;40
1022;81
1022;331
1023;5
1023;13
1023;20
1023;60
1023;81
1023;375
1024;6
1024;14
1024;39
1024;60
1024;100
1024;194
1025;4
1025;17
1025;27
1025;59
1025;80
1025;163
1026;4
1026;11
1026;20
1026;79
1026;119
1026;214
1027;4
1027;10
1027;39
1027;79
1027;118
1027;304
1028;4
1028;14
1028;32
1028;40
1028;120
1028;301
1029;6
1029;12
1029;39
1029;40
1029;119
1029;183
1030;4
1030;11
1030;24
1030;40
1030;99
1030;398
1031;4
1031;15
1031;23
1031;61
1031;100
1031;304
1032;4
1032;16
1032;31
1032;60
1032;80
1032;367
1033;4
1033;12
1033;23
1033;61
1033;119
1033;367
1034;6
1034;16
1034;32
1034;50
1034;114
1034;199
1035;6
1035;13
1035;36
1035;79
1035;126
1035;337
1036;6
1036;18
1036;37
1036;72
1036;80
1036;333
1037;6
1037;12
1037;23
1037;41
1037;113
1037;327
1038;4
1038;12
1038;24
1038;71
1038;121
1038;194
1039;4
1039;12
1039;27
1039;79
1039;80
1039;165
1040;3
1040;10
1040;27
1040;54
1040;80
1040;195
1041;4
1041;10
1041;27
1041;52
1041;80
1041;369
1042;4
1042;12
1042;24
1042;47
1042;119
1042;380
1043;4
1043;16
1043;32
1043;40
1043;118
1043;377
1044;6
1044;16
1044;32
1044;48
1044;94
1044;377
1045;7
1045;16
1045;32
1045;72
1045;118
1045;377
1046;6
1046;16
1046;36
1046;71
1046;119
1046;380
1047;7
1047;16
1047;32
1047;71
1047;118
1047;166
1048;4
1048;16
1048;32
1048;45
1048;92
1048;304
1049;4
1049;11
1049;31
1049;46
1049;95
1049;485
1050;4
1050;16
1050;32
1050;45
1050;118
1050;496
1051;4
1051;14
1051;23
1051;48
1051;118
1051;171
1052;6
1052;17
1052;24
1052;70
1052;112
1052;507
1053;4
1053;17
1053;28
1053;45
1053;90
1053;179
1054;4
1054;12
1054;20
1054;67
1054;89
1054;470
1055;4
1055;10
1055;23
1055;67
1055;111
1055;302
1056;4
1056;15
1056;23
1056;67
1056;133
1056;467
1057;4
1057;16
1057;23
1057;67
1057;90
1057;486
1058;4
1058;14
1058;22
1058;46
1058;115
1058;250
1059;4
1059;15
1059;23
1059;45
1059;89
1059;304
1060;4
1060;16
1060;24
1060;71
1060;119
1060;165
1061;4
1061;12
1061;39
1061;47
1061;95
1061;367
1062;4
1062;16
1062;32
1062;70
1062;117
1062;464
1063;6
1063;16
1063;23
1063;47
1063;95
1063;169
1064;6
1064;16
1064;24
1064;47
1064;119
1064;285
1065;6
1065;14
1065;32
1065;48
1065;118
1065;176
1066;4
1066;12
1066;20
1066;69
1066;115
1066;194
1067;4
1067;12
1067;20
1067;67
1067;112
1067;381
1068;4
1068;12
1068;20
1068;45
1068;89
1068;382
1069;3
1069;10
1069;23
1069;67
1069;89
1069;355
1070;4
1070;11
1070;33
1070;67
1070;111
1070;334
1071;4
1071;15
1071;36
1071;67
1071;111
1071;334
1072;4
1072;15
1072;36
1072;45
1072;112
1072;380
1073;7
1073;18
1073;36
1073;67
1073;81
1073;397
1074;6
1074;18
1074;36
1074;68
1074;81
1074;468
1075;9
1075;18
1075;36
1075;67
1075;81
1075;229
1076;4
1076;19
1076;22
1076;67
1076;112
1076;197
1077;4
1077;15
1077;22
1077;67
1077;89
1077;300
1078;4
1078;15
1078;32
1078;67
1078;111
1078;388
1079;6
1079;17
1079;34
1079;54
1079;128
1079;170
1080;6
1080;15
1080;34
1080;63
1080;111
1080;194
1081;4
1081;12
1081;30
1081;55
1081;83
1081;242
1082;4
1082;11
1082;22
1082;54
1082;81
1082;222
1083;9
1083;10
1083;21
1083;54
1083;82
1083;302
1084;6
1084;17
1084;35
1084;54
1084;81
1084;301
1085;4
1085;11
1085;26
1085;68
1085;89
1085;297
1086;4
1086;18
1086;26
1086;68
1086;89
1086;251
1087;7
1087;12
1087;37
1087;63
1087;81
1087;304
1088;7
1088;11
1088;22
1088;64
1088;81
1088;367
1089;8
1089;11
1089;22
1089;61
1089;86
1089;250
1090;4
1090;19
1090;20
1090;64
1090;115
1090;240
1091;6
1091;13
1091;23
1091;45
1091;81
1091;209
1092;6
1092;18
1092;26
1092;45
1092;81
1092;165
1093;6
1093;17
1093;25
1093;54
1093;83
1093;169
1094;4
1094;11
1094;37
1094;63
1094;81
1094;216
1095;4
1095;11
1095;30
1095;64
1095;129
1095;242
1096;4
1096;11
1096;30
1096;61
1096;86
1096;178
1097;5
1097;14
1097;34
1097;64
1097;119
1097;197
1098;5
1098;10
1098;20
1098;40
1098;80
1098;176
1099;5
1099;10
1099;20
1099;40
1099;98
1099;221
1100;5
1100;10
1100;27
1100;44
1100;113
1100;216
1101;7
1101;17
1101;27
1101;63
1101;128
1101;189
1102;7
1102;13
1102;27
1102;51
1102;129
1102;165
1103;7
1103;13
1103;31
1103;61
1103;86
1103;189
1104;5
1104;10
1104;20
1104;61
1104;134
1104;171
1105;5
1105;10
1105;30
1105;51
1105;80
1105;162
1106;5
1106;10
1106;25
1106;51
1106;133
1106;218
1107;5
1107;10
1107;27
1107;51
1107;85
1107;223
1108;7
1108;13
1108;34
1108;63
1108;128
1108;213
1109;7
1109;14
1109;30
1109;64
1109;129
1109;242
1110;5
1110;10
1110;34
1110;54
1110;86
1110;177
1111;5
1111;10
1111;20
1111;40
1111;98
1111;197
1112;7
1112;14
1112;34
1112;61
1112;139
1112;176
1113;5
1113;15
1113;30
1113;40
1113;98
1113;171
1114;4
1114;14
1114;34
1114;40
1114;129
1114;195
1115;5
1115;15
1115;34
1115;40
1115;128
1115;216
1116;5
1116;10
1116;20
1116;64
1116;129
1116;242
1117;9
1117;10
1117;20
1117;62
1117;119
1117;194
1118;7
1118;10
1118;35
1118;74
1118;115
1118;359
1119;7
1119;19
1119;20
1119;54
1119;128
1119;202
1120;7
1120;19
1120;20
1120;40
1120;121
1120;221
1121;7
1121;19
1121;22
1121;45
1121;131
1121;397
1122;5
1122;15
1122;20
1122;50
1122;99
1122;471
1123;5
1123;10
1123;24
1123;47
1123;94
1123;233
1124;5
1124;10
1124;20
1124;47
1124;93
1124;236
1125;8
1125;11
1125;20
1125;68
1125;125
1125;173
1126;6
1126;12
1126;24
1126;47
1126;88
1126;301
1127;4
1127;12
1127;20
1127;63
1127;105
1127;392
1128;4
1128;12
1128;32
1128;75
1128;110
1128;355
1129;4
1129;12
1129;32
1129;73
1129;110
1129;369
1130;8
1130;12
1130;20
1130;72
1130;96
1130;172
1131;8
1131;12
1131;20
1131;72
1131;94
1131;213
1132;8
1132;19
1132;39
1132;40
1132;133
1132;226
1133;6
1133;12
1133;39
1133;40
1133;99
1133;478
1134;4
1134;19
1134;20
1134;79
1134;80
1134;237
1135;4
1135;18
1135;36
1135;40
1135;106
1135;178
1136;4
1136;12
1136;35
1136;53
1136;88
1136;494
1137;4
1137;12
1137;36
1137;71
1137;89
1137;497
1138;4
1138;12
1138;35
1138;71
1138;88
1138;510
1139;4
1139;14
1139;36
1139;71
1139;91
1139;193
1140;4
1140;19
1140;35
1140;53
1140;124
1140;511
1141;4
1141;18
1141;35
1141;53
1141;142
1141;195
1142;4
1142;12
1142;35
1142;53
1142;124
1142;498
1143;8
1143;10
1143;39
1143;40
1143;142
1143;486
1144;4
1144;18
1144;27
1144;61
1144;135
1144;415
1145;4
1145;12
1145;36
1145;61
1145;107
1145;250
1146;4
1146;18
1146;38
1146;56
1146;93
1146;196
1147;4
1147;17
1147;36
1147;53
1147;125
1147;196
1148;6
1148;18
1148;34
1148;53
1148;159
1148;160
1149;4
1149;12
1149;20
1149;48
1149;128
1149;199
1150;9
1150;10
1150;39
1150;40
1150;118
1150;501
1151;4
1151;18
1151;39
1151;40
1151;99
1151;505
1152;5
1152;14
1152;39
1152;40
1152;99
1152;476
1153;4
1153;11
1153;20
1153;52
1153;120
1153;303
1154;6
1154;12
1154;20
1154;40
1154;113
1154;301
1155;4
1155;13
1155;23
1155;46
1155;94
1155;213
1156;8
1156;12
1156;32
1156;45
1156;89
1156;224
1157;4
1157;12
1157;32
1157;44
1157;90
1157;370
1158;4
1158;12
1158;20
1158;72
1158;100
1158;355
1159;4
1159;12
1159;20
1159;79
1159;80
1159;498
1160;4
1160;12
1160;32
1160;79
1160;80
1160;179
1161;4
1161;12
1161;20
1161;79
1161;80
1161;199
1162;4
1162;12
1162;20
1162;44
1162;111
1162;221
1163;4
1163;12
1163;36
1163;45
1163;134
1163;511
1164;4
1164;10
1164;20
1164;67
1164;134
1164;486
1165;4
1165;12
1165;20
1165;45
1165;134
1165;223
1166;4
1166;16
1166;23
1166;48
1166;115
1166;214
1167;8
1167;12
1167;28
1167;53
1167;82
1167;496
1168;6
1168;10
1168;20
1168;48
1168;111
1168;301
1169;8
1169;12
1169;20
1169;43
1169;113
1169;267
1170;4
1170;12
1170;23
1170;45
1170;136
1170;201
1171;4
1171;10
1171;32
1171;44
1171;80
1171;211
1172;7
1172;18
1172;36
1172;61
1172;125
1172;397
1173;4
1173;19
1173;20
1173;40
1173;99
1173;250
1174;4
1174;17
1174;39
1174;42
1174;120
1174;378
1175;4
1175;12
1175;39
1175;60
1175;119
1175;507
1176;4
1176;12
1176;39
1176;40
1176;119
1176;507
1177;7
1177;19
1177;20
1177;40
1177;120
1177;381
1178;8
1178;10
1178;32
1178;47
1178;118
1178;475
1179;4
1179;16
1179;32
1179;47
1179;95
1179;284
1180;4
1180;16
1180;39
1180;46
1180;92
1180;375
1181;4
1181;11
1181;37
1181;72
1181;129
1181;306
1182;4
1182;19
1182;27
1182;45
1182;119
1182;301
1183;7
1183;11
1183;36
1183;40
1183;99
1183;216
1184;4
1184;13
1184;36
1184;40
1184;106
1184;397
1185;4
1185;11
1185;36
1185;53
1185;89
1185;370
1186;4
1186;19
1186;20
1186;40
1186;81
1186;358
1187;4
1187;19
1187;20
1187;40
1187;81
1187;376
1188;4
1188;19
1188;20
1188;40
1188;120
1188;179
1189;4
1189;19
1189;20
1189;40
1189;121
1189;200
1190;4
1190;19
1190;34
1190;45
1190;99
1190;300
1191;4
1191;11
1191;34
1191;54
1191;99
1191;500
1192;4
1192;11
1192;36
1192;68
1192;81
1192;195
1193;3
1193;11
1193;34
1193;45
1193;81
1193;413
1194;4
1194;11
1194;20
1194;54
1194;81
1194;189
1195;4
1195;11
1195;37
1195;54
1195;80
1195;493
1196;4
1196;18
1196;36
1196;53
1196;88
1196;301
1197;4
1197;18
1197;35
1197;53
1197;89
1197;497
1198;4
1198;18
1198;35
1198;54
1198;125
1198;481
1199;4
1199;10
1199;20
1199;40
1199;141
1199;398
1200;4
1200;11
1200;39
1200;40
1200;158
1200;497
1201;4
1201;11
1201;26
1201;45
1201;81
1201;250
1202;4
1202;19
1202;26
1202;73
1202;90
1202;160
1203;4
1203;18
1203;36
1203;45
1203;123
1203;338
1204;4
1204;18
1204;36
1204;54
1204;106
1204;169
1205;4
1205;18
1205;20
1205;56
1205;80
1205;381
1206;9
1206;10
1206;39
1206;40
1206;119
1206;496
1207;4
1207;11
1207;39
1207;40
1207;140
1207;219
1208;4
1208;19
1208;20
1208;40
1208;86
1208;218
1209;4
1209;19
1209;20
1209;75
1209;121
1209;196
1210;5
1210;10
1210;34
1210;71
1210;113
1210;339
1211;5
1211;10
1211;25
1211;53
1211;80
1211;489
1212;5
1212;10
1212;25
1212;53
1212;107
1212;214
1213;4
1213;10
1213;27
1213;60
1213;118
1213;369
1214;5
1214;10
1214;27
1214;60
1214;119
1214;269
1215;5
1215;10
1215;30
1215;59
1215;89
1215;328
1216;5
1216;10
1216;27
1216;59
1216;89
1216;165
1217;6
1217;10
1217;34
1217;53
1217;106
1217;176
1218;6
1218;10
1218;25
1218;53
1218;106
1218;266
1219;6
1219;10
1219;27
1219;60
1219;119
1219;168
1220;5
1220;10
1220;25
1220;51
1220;119
1220;178
1221;5
1221;10
1221;25
1221;60
1221;119
1221;358
1222;5
1222;10
1222;34
1222;60
1222;118
1222;239
1223;5
1223;10
1223;25
1223;60
1223;119
1223;306
1224;5
1224;10
1224;26
1224;53
1224;80
1224;477
1225;5
1225;10
1225;26
1225;53
1225;80
1225;213
1226;4
1226;10
1226;26
1226;79
1226;80
1226;213
1227;5
1227;10
1227;23
1227;54
1227;80
1227;398
1228;5
1228;10
1228;30
1228;60
1228;89
1228;358
1229;4
1229;10
1229;30
1229;60
1229;90
1229;388
1230;4
1230;10
1230;20
1230;60
1230;89
1230;349
1231;9
1231;10
1231;25
1231;45
1231;120
1231;481
1232;5
1232;10
1232;24
1232;68
1232;101
1232;372
1233;6
1233;10
1233;23
1233;71
1233;142
1233;356
1234;5
1234;11
1234;23
1234;45
1234;111
1234;223
1235;6
1235;10
1235;30
1235;45
1235;89
1235;401
1236;5
1236;10
1236;30
1236;45
1236;89
1236;400
1237;4
1237;10
1237;29
1237;45
1237;89
1237;402
1238;4
1238;12
1238;20
1238;45
1238;90
1238;404
1239;4
1239;12
1239;24
1239;45
1239;89
1239;401
1240;4
1240;12
1240;32
1240;44
1240;88
1240;398
1241;4
1241;12
1241;32
1241;46
1241;92
1241;381
1242;8
1242;12
1242;20
1242;67
1242;112
1242;489
1243;8
1243;12
1243;20
1243;47
1243;118
1243;377
1244;8
1244;12
1244;20
1244;44
1244;135
1244;179
1245;8
1245;12
1245;20
1245;45
1245;111
1245;290
1246;4
1246;12
1246;22
1246;45
1246;89
1246;290
1247;4
1247;12
1247;22
1247;45
1247;90
1247;488
1248;4
1248;12
1248;22
1248;46
1248;111
1248;468
1249;6
1249;12
1249;20
1249;47
1249;94
1249;401
1250;4
1250;12
1250;20
1250;47
1250;95
1250;402
1251;4
1251;12
1251;36
1251;46
1251;93
1251;338
1252;8
1252;10
1252;22
1252;45
1252;89
1252;223
1253;4
1253;19
1253;20
1253;45
1253;134
1253;488
1254;4
1254;12
1254;20
1254;45
1254;134
1254;401
1255;4
1255;11
1255;20
1255;44
1255;134
1255;398
1256;8
1256;12
1256;24
1256;47
1256;142
1256;403
1257;4
1257;16
1257;22
1257;45
1257;95
1257;458
1258;4
1258;12
1258;21
1258;61
1258;112
1258;160
1259;4
1259;12
1259;21
1259;41
1259;100
1259;268
1260;6
1260;11
1260;39
1260;60
1260;120
1260;497
1261;6
1261;12
1261;39
1261;40
1261;159
1261;160
1262;6
1262;14
1262;20
1262;49
1262;82
1262;169
1263;6
1263;10
1263;37
1263;48
1263;118
1263;333
1264;5
1264;12
1264;34
1264;47
1264;95
1264;378
1265;4
1265;10
1265;24
1265;47
1265;94
1265;353
1266;8
1266;10
1266;20
1266;44
1266;113
1266;396
1267;4
1267;12
1267;20
1267;67
1267;112
1267;215
1268;8
1268;16
1268;32
1268;47
1268;95
1268;239
1269;4
1269;12
1269;32
1269;47
1269;95
1269;380
1270;4
1270;12
1270;32
1270;47
1270;95
1270;499
1271;4
1271;12
1271;20
1271;49
1271;94
1271;164
1272;4
1272;12
1272;20
1272;47
1272;95
1272;160
1273;4
1273;12
1273;32
1273;54
1273;107
1273;215
1274;4
1274;12
1274;20
1274;53
1274;95
1274;300
1275;4
1275;12
1275;20
1275;47
1275;95
1275;213
1276;4
1276;13
1276;30
1276;47
1276;94
1276;213
1277;4
1277;12
1277;20
1277;47
1277;95
1277;166
1278;4
1278;12
1278;20
1278;47
1278;141
1278;165
1279;4
1279;12
1279;27
1279;47
1279;118
1279;468
1280;9
1280;10
1280;20
1280;72
1280;94
1280;497
1281;7
1281;12
1281;25
1281;48
1281;95
1281;301
1282;6
1282;12
1282;27
1282;53
1282;112
1282;490
1283;4
1283;12
1283;24
1283;47
1283;143
1283;211
1284;4
1284;18
1284;36
1284;47
1284;125
1284;376
1285;4
1285;12
1285;39
1285;48
1285;117
1285;367
1286;4
1286;19
1286;20
1286;46
1286;111
1286;161
1287;4
1287;19
1287;20
1287;60
1287;120
1287;219
1288;4
1288;12
1288;39
1288;40
1288;95
1288;221
1289;4
1289;16
1289;23
1289;47
1289;95
1289;358
1290;6
1290;13
1290;32
1290;50
1290;105
1290;356
1291;6
1291;11
1291;32
1291;54
1291;107
1291;323
1292;4
1292;16
1292;30
1292;60
1292;90
1292;422
1293;6
1293;12
1293;29
1293;59
1293;88
1293;500
1294;4
1294;11
1294;27
1294;53
1294;80
1294;507
1295;4
1295;11
1295;26
1295;79
1295;80
1295;473
1296;4
1296;11
1296;27
1296;79
1296;80
1296;504
1297;4
1297;12
1297;26
1297;53
1297;80
1297;496
1298;4
1298;18
1298;26
1298;53
1298;106
1298;500
1299;4
1299;19
1299;26
1299;54
1299;81
1299;344
1300;4
1300;11
1300;26
1300;68
1300;81
1300;160
1301;4
1301;19
1301;27
1301;53
1301;106
1301;345
1302;4
1302;10
1302;26
1302;52
1302;132
1302;394
1303;4
1303;19
1303;34
1303;45
1303;80
1303;300
1304;4
1304;11
1304;25
1304;54
1304;81
1304;497
1305;4
1305;11
1305;24
1305;47
1305;142
1305;332
1306;4
1306;11
1306;27
1306;54
1306;81
1306;439
1307;4
1307;11
1307;34
1307;54
1307;81
1307;222
1308;4
1308;10
1308;22
1308;45
1308;88
1308;511
1309;4
1309;11
1309;22
1309;45
1309;90
1309;487
1310;4
1310;11
1310;22
1310;45
1310;112
1310;223
1311;4
1311;11
1311;22
1311;44
1311;113
1311;335
1312;4
1312;11
1312;23
1312;47
1312;141
1312;504
1313;4
1313;11
1313;20
1313;45
1313;81
1313;500
1314;4
1314;11
1314;26
1314;45
1314;113
1314;444
1315;4
1315;19
1315;36
1315;45
1315;115
1315;168
1316;4
1316;19
1316;20
1316;40
1316;110
1316;196
1317;4
1317;19
1317;20
1317;40
1317;119
1317;359
1318;4
1318;19
1318;39
1318;40
1318;120
1318;200
1319;6
1319;11
1319;39
1319;40
1319;139
1319;160
1320;4
1320;19
1320;20
1320;40
1320;159
1320;299
1321;4
1321;19
1321;20
1321;54
1321;86
1321;200
1322;4
1322;10
1322;21
1322;68
1322;95
1322;302
1323;5
1323;10
1323;20
1323;40
1323;139
1323;301
1324;5
1324;10
1324;27
1324;53
1324;139
1324;238
1325;4
1325;10
1325;27
1325;40
1325;120
1325;200
1326;5
1326;10
1326;27
1326;60
1326;139
1326;397
1327;5
1327;10
1327;27
1327;51
1327;159
1327;299
1328;5
1328;10
1328;27
1328;61
1328;94
1328;205
1329;5
1329;10
1329;30
1329;60
1329;101
1329;187
1330;6
1330;10
1330;27
1330;51
1330;115
1330;300
1331;6
1331;10
1331;27
1331;51
1331;113
1331;170
1332;7
1332;10
1332;27
1332;51
1332;128
1332;168
1333;5
1333;10
1333;25
1333;63
1333;140
1333;199
1334;5
1334;10
1334;30
1334;64
1334;121
1334;195
1335;5
1335;10
1335;34
1335;61
1335;86
1335;172
1336;4
1336;10
1336;36
1336;64
1336;140
1336;174
1337;8
1337;10
1337;32
1337;61
1337;139
1337;176
1338;8
1338;17
1338;34
1338;69
1338;102
1338;289
1339;8
1339;19
1339;39
1339;76
1339;139
1339;406
1340;7
1340;16
1340;25
1340;72
1340;139
1340;198
1341;8
1341;10
1341;23
1341;61
1341;148
1341;208
1342;8
1342;18
1342;20
1342;61
1342;134
1342;201
1343;6
1343;19
1343;39
1343;40
1343;119
1343;200
1344;8
1344;19
1344;39
1344;40
1344;99
1344;277
1345;8
1345;19
1345;39
1345;40
1345;100
1345;218
1346;8
1346;19
1346;39
1346;40
1346;99
1346;418
1347;8
1347;19
1347;39
1347;40
1347;120
1347;258
1348;8
1348;19
1348;39
1348;40
1348;120
1348;218
1349;8
1349;19
1349;39
1349;41
1349;143
1349;204
1350;9
1350;13
1350;39
1350;40
1350;141
1350;201
1351;6
1351;15
1351;39
1351;53
1351;159
1351;161
1352;4
1352;19
1352;20
1352;40
1352;101
1352;412
1353;4
1353;12
1353;32
1353;41
1353;118
1353;387
1354;4
1354;19
1354;35
1354;53
1354;105
1354;366
1355;8
1355;12
1355;20
1355;72
1355;106
1355;451
1356;8
1356;12
1356;20
1356;72
1356;119
1356;239
1357;8
1357;12
1357;32
1357;60
1357;100
1357;173
1358;6
1358;12
1358;20
1358;61
1358;99
1358;174
1359;7
1359;12
1359;36
1359;41
1359;80
1359;422
1360;8
1360;12
1360;36
1360;40
1360;119
1360;415
1361;7
1361;12
1361;20
1361;41
1361;99
1361;199
1362;4
1362;12
1362;20
1362;48
1362;98
1362;332
1363;4
1363;12
1363;36
1363;48
1363;142
1363;284
1364;8
1364;14
1364;20
1364;41
1364;82
1364;199
1365;6
1365;12
1365;39
1365;40
1365;99
1365;291
1366;7
1366;12
1366;30
1366;53
1366;126
1366;253
1367;8
1367;12
1367;20
1367;77
1367;126
1367;283
1368;8
1368;11
1368;20
1368;41
1368;106
1368;404
1369;4
1369;12
1369;20
1369;41
1369;142
1369;408
1370;8
1370;12
1370;20
1370;41
1370;142
1370;250
1371;4
1371;12
1371;20
1371;42
1371;115
1371;242
1372;4
1372;12
1372;39
1372;40
1372;138
1372;196
1373;4
1373;19
1373;39
1373;40
1373;99
1373;216
1374;4
1374;12
1374;39
1374;40
1374;99
1374;291
1375;9
1375;10
1375;39
1375;40
1375;119
1375;177
1376;4
1376;19
1376;20
1376;41
1376;99
1376;453
1377;4
1377;19
1377;20
1377;41
1377;86
1377;245
1378;4
1378;19
1378;20
1378;40
1378;141
1378;161
1379;5
1379;19
1379;20
1379;40
1379;159
1379;160
1380;2
1380;16
1380;20
1380;41
1380;99
1380;245
1381;2
1381;17
1381;20
1381;41
1381;99
1381;245
1382;4
1382;18
1382;36
1382;71
1382;135
1382;185
1383;6
1383;17
1383;36
1383;71
1383;89
1383;195
1384;8
1384;17
1384;35
1384;40
1384;119
1384;178
1385;8
1385;19
1385;39
1385;40
1385;103
1385;199
1386;9
1386;19
1386;39
1386;40
1386;139
1386;198
1387;7
1387;19
1387;20
1387;41
1387;99
1387;198
1388;8
1388;19
1388;20
1388;79
1388;80
1388;301
1389;8
1389;19
1389;39
1389;40
1389;118
1389;178
1390;6
1390;18
1390;39
1390;40
1390;99
1390;197
1391;7
1391;18
1391;39
1391;40
1391;99
1391;199
1392;4
1392;17
1392;39
1392;41
1392;80
1392;199
1393;4
1393;19
1393;39
1393;59
1393;100
1393;435
1394;6
1394;18
1394;36
1394;41
1394;117
1394;276
1395;4
1395;19
1395;39
1395;60
1395;99
1395;220
1396;5
1396;19
1396;39
1396;40
1396;80
1396;358
1397;6
1397;19
1397;20
1397;40
1397;99
1397;360
1398;4
1398;18
1398;20
1398;40
1398;80
1398;181
1399;4
1399;19
1399;20
1399;40
1399;80
1399;199
1400;6
1400;17
1400;20
1400;40
1400;114
1400;176
1401;4
1401;12
1401;20
1401;40
1401;143
1401;323
1402;4
1402;12
1402;20
1402;72
1402;100
1402;179
1403;4
1403;10
1403;39
1403;40
1403;99
1403;258
1404;4
1404;12
1404;32
1404;72
1404;129
1404;195
1405;4
1405;19
1405;20
1405;40
1405;100
1405;226
1406;4
1406;11
1406;20
1406;41
1406;122
1406;179
1407;6
1407;10
1407;39
1407;40
1407;159
1407;165
1408;4
1408;19
1408;36
1408;45
1408;86
1408;437
1409;4
1409;19
1409;36
1409;45
1409;80
1409;426
1410;4
1410;10
1410;22
1410;45
1410;132
1410;370
1411;4
1411;18
1411;23
1411;46
1411;114
1411;339
1412;4
1412;18
1412;24
1412;68
1412;81
1412;163
1413;4
1413;11
1413;30
1413;68
1413;81
1413;179
1414;6
1414;11
1414;20
1414;68
1414;81
1414;181
1415;7
1415;11
1415;34
1415;45
1415;81
1415;300
1416;6
1416;18
1416;26
1416;54
1416;81
1416;194
1417;6
1417;11
1417;36
1417;40
1417;101
1417;453
1418;5
1418;11
1418;39
1418;40
1418;80
1418;197
1419;4
1419;11
1419;38
1419;40
1419;81
1419;189
1420;4
1420;11
1420;27
1420;54
1420;80
1420;259
1421;6
1421;11
1421;27
1421;68
1421;81
1421;301
1422;7
1422;11
1422;26
1422;68
1422;81
1422;485
1423;6
1423;10
1423;26
1423;68
1423;81
1423;485
1424;4
1424;10
1424;21
1424;42
1424;81
1424;398
1425;4
1425;19
1425;20
1425;60
1425;80
1425;179
1426;4
1426;11
1426;39
1426;79
1426;118
1426;250
1427;4
1427;19
1427;20
1427;61
1427;80
1427;480
1428;4
1428;11
1428;39
1428;59
1428;139
1428;237
1429;4
1429;11
1429;39
1429;40
1429;139
1429;196
1430;6
1430;18
1430;26
1430;45
1430;81
1430;345
1431;4
1431;10
1431;39
1431;40
1431;157
1431;167
1432;4
1432;12
1432;22
1432;44
1432;129
1432;453
1433;4
1433;19
1433;23
1433;45
1433;156
1433;357
1434;4
1434;18
1434;20
1434;45
1434;157
1434;403
1435;5
1435;10
1435;34
1435;45
1435;156
1435;402
1436;5
1436;10
1436;22
1436;47
1436;141
1436;164
1437;5
1437;10
1437;27
1437;47
1437;142
1437;166
1438;4
1438;10
1438;27
1438;47
1438;141
1438;399
1439;5
1439;10
1439;27
1439;48
1439;144
1439;240
1440;5
1440;10
1440;23
1440;61
1440;119
1440;453
1441;5
1441;10
1441;27
1441;61
1441;113
1441;165
1442;5
1442;10
1442;30
1442;51
1442;116
1442;407
1443;5
1443;10
1443;27
1443;51
1443;114
1443;487
1444;5
1444;10
1444;30
1444;51
1444;119
1444;433
1445;5
1445;10
1445;36
1445;45
1445;158
1445;179
1446;5
1446;10
1446;39
1446;47
1446;159
1446;160
1447;5
1447;10
1447;39
1447;47
1447;158
1447;178
1448;5
1448;10
1448;25
1448;40
1448;159
1448;160
1449;5
1449;10
1449;21
1449;51
1449;108
1449;408
1450;5
1450;10
1450;25
1450;46
1450;124
1450;408
1451;6
1451;10
1451;25
1451;41
1451;123
1451;408
1452;9
1452;10
1452;20
1452;60
1452;127
1452;398
1453;7
1453;10
1453;25
1453;61
1453;145
1453;509
1454;9
1454;10
1454;35
1454;40
1454;145
1454;218
1455;5
1455;10
1455;26
1455;72
1455;119
1455;160
1456;6
1456;10
1456;25
1456;51
1456;150
1456;245
1457;5
1457;10
1457;25
1457;41
1457;114
1457;245
1458;5
1458;10
1458;26
1458;51
1458;114
1458;245
1459;5
1459;10
1459;20
1459;51
1459;94
1459;178
1460;5
1460;10
1460;25
1460;58
1460;129
1460;163
1461;5
1461;10
1461;25
1461;59
1461;87
1461;163
1462;4
1462;10
1462;30
1462;63
1462;81
1462;272
1463;4
1463;10
1463;20
1463;40
1463;139
1463;301
1464;8
1464;12
1464;20
1464;40
1464;94
1464;300
1465;4
1465;12
1465;20
1465;40
1465;80
1465;245
1466;4
1466;12
1466;32
1466;71
1466;82
1466;369
1467;4
1467;19
1467;20
1467;71
1467;114
1467;272
1468;8
1468;12
1468;24
1468;47
1468;118
1468;481
1469;8
1469;12
1469;23
1469;47
1469;118
1469;165
1470;8
1470;12
1470;24
1470;71
1470;119
1470;214
1471;8
1471;12
1471;23
1471;46
1471;140
1471;163
1472;6
1472;12
1472;20
1472;61
1472;112
1472;300
1473;4
1473;12
1473;20
1473;48
1473;94
1473;165
1474;6
1474;12
1474;20
1474;48
1474;118
1474;459
1475;4
1475;12
1475;20
1475;48
1475;143
1475;431
1476;4
1476;12
1476;36
1476;40
1476;118
1476;407
1477;8
1477;10
1477;20
1477;48
1477;95
1477;279
1478;8
1478;12
1478;20
1478;47
1478;94
1478;291
1479;6
1479;12
1479;20
1479;47
1479;94
1479;291
1480;8
1480;12
1480;22
1480;44
1480;89
1480;398
1481;8
1481;12
1481;20
1481;41
1481;118
1481;245
1482;4
1482;12
1482;20
1482;41
1482;112
1482;245
1483;8
1483;12
1483;20
1483;41
1483;118
1483;245
1484;4
1484;12
1484;32
1484;40
1484;95
1484;291
1485;4
1485;12
1485;34
1485;50
1485;143
1485;291
1486;4
1486;18
1486;36
1486;54
1486;142
1486;196
1487;4
1487;13
1487;20
1487;40
1487;120
1487;180
1488;6
1488;12
1488;37
1488;58
1488;142
1488;449
1489;4
1489;12
1489;24
1489;41
1489;133
1489;406
1490;4
1490;12
1490;22
1490;44
1490;133
1490;357
1491;8
1491;10
1491;20
1491;40
1491;119
1491;302
1492;4
1492;12
1492;20
1492;40
1492;142
1492;160
1493;4
1493;12
1493;22
1493;45
1493;141
1493;313
1494;8
1494;12
1494;22
1494;44
1494;112
1494;379
1495;4
1495;12
1495;22
1495;72
1495;118
1495;311
1496;4
1496;12
1496;20
1496;55
1496;112
1496;461
1497;4
1497;19
1497;20
1497;45
1497;90
1497;200
1498;4
1498;12
1498;20
1498;67
1498;90
1498;201
1499;4
1499;12
1499;22
1499;45
1499;89
1499;268
1500;4
1500;12
1500;21
1500;66
1500;89
1500;199
1501;4
1501;12
1501;20
1501;40
1501;80
1501;170
1502;4
1502;12
1502;20
1502;40
1502;80
1502;509
1503;4
1503;12
1503;20
1503;61
1503;115
1503;509
1504;4
1504;12
1504;22
1504;44
1504;112
1504;221
1505;4
1505;10
1505;22
1505;44
1505;110
1505;266
1506;4
1506;11
1506;23
1506;45
1506;91
1506;272
1507;4
1507;12
1507;24
1507;47
1507;118
1507;408
1508;4
1508;12
1508;24
1508;47
1508;118
1508;405
1509;4
1509;12
1509;24
1509;47
1509;95
1509;304
1510;4
1510;12
1510;23
1510;47
1510;95
1510;367
1511;4
1511;19
1511;37
1511;61
1511;111
1511;420
1512;8
1512;18
1512;35
1512;40
1512;126
1512;221
1513;8
1513;18
1513;35
1513;40
1513;94
1513;449
1514;4
1514;18
1514;36
1514;40
1514;95
1514;449
1515;4
1515;12
1515;32
1515;41
1515;139
1515;502
1516;4
1516;11
1516;39
1516;40
1516;99
1516;498
1517;4
1517;12
1517;39
1517;40
1517;99
1517;487
1518;4
1518;12
1518;39
1518;40
1518;99
1518;218
1519;8
1519;10
1519;39
1519;40
1519;80
1519;358
1520;4
1520;11
1520;39
1520;40
1520;80
1520;467
1521;4
1521;19
1521;39
1521;40
1521;80
1521;360
1522;4
1522;19
1522;20
1522;40
1522;80
1522;369
1523;7
1523;19
1523;20
1523;40
1523;81
1523;397
1524;4
1524;19
1524;20
1524;40
1524;81
1524;506
1525;4
1525;11
1525;20
1525;68
1525;81
1525;229
1526;7
1526;11
1526;20
1526;68
1526;81
1526;197
1527;6
1527;11
1527;34
1527;45
1527;99
1527;380
1528;6
1528;11
1528;34
1528;41
1528;80
1528;389
1529;7
1529;11
1529;34
1529;54
1529;118
1529;383
1530;6
1530;11
1530;20
1530;40
1530;100
1530;245
1531;4
1531;11
1531;39
1531;54
1531;80
1531;204
1532;7
1532;11
1532;26
1532;54
1532;81
1532;204
1533;9
1533;10
1533;21
1533;54
1533;100
1533;302
1534;4
1534;12
1534;34
1534;54
1534;81
1534;291
1535;5
1535;19
1535;26
1535;68
1535;100
1535;194
1536;4
1536;12
1536;26
1536;68
1536;81
1536;195
1537;4
1537;10
1537;21
1537;41
1537;99
1537;404
1538;4
1538;11
1538;35
1538;41
1538;81
1538;367
1539;4
1539;12
1539;22
1539;49
1539;81
1539;249
1540;4
1540;19
1540;39
1540;43
1540;138
1540;200
1541;4
1541;18
1541;35
1541;79
1541;80
1541;371
1542;4
1542;18
1542;36
1542;71
1542;106
1542;391
1543;6
1543;17
1543;36
1543;40
1543;137
1543;290
1544;4
1544;11
1544;39
1544;60
1544;119
1544;357
1545;4
1545;19
1545;20
1545;40
1545;80
1545;408
1546;4
1546;19
1546;20
1546;40
1546;119
1546;408
1547;3
1547;19
1547;39
1547;40
1547;119
1547;358
1548;7
1548;19
1548;39
1548;40
1548;80
1548;378
1549;7
1549;19
1549;39
1549;40
1549;80
1549;358
1550;7
1550;19
1550;20
1550;40
1550;89
1550;367
1551;7
1551;19
1551;20
1551;60
1551;119
1551;357
1552;7
1552;19
1552;20
1552;51
1552;119
1552;358
1553;7
1553;19
1553;20
1553;61
1553;119
1553;298
1554;7
1554;19
1554;20
1554;51
1554;119
1554;331
1555;7
1555;13
1555;27
1555;51
1555;119
1555;395
1556;7
1556;13
1556;27
1556;51
1556;119
1556;408
1557;7
1557;13
1557;27
1557;51
1557;90
1557;415
1558;7
1558;13
1558;34
1558;51
1558;119
1558;357
1559;7
1559;13
1559;30
1559;60
1559;119
1559;299
1560;7
1560;14
1560;34
1560;40
1560;119
1560;298
1561;7
1561;14
1561;25
1561;40
1561;119
1561;358
1562;7
1562;14
1562;30
1562;60
1562;119
1562;358
1563;7
1563;14
1563;34
1563;61
1563;119
1563;358
1564;7
1564;14
1564;34
1564;40
1564;89
1564;183
1565;7
1565;13
1565;34
1565;40
1565;119
1565;298
1566;7
1566;13
1566;30
1566;61
1566;119
1566;298
1567;7
1567;19
1567;25
1567;51
1567;119
1567;298
1568;7
1568;19
1568;26
1568;51
1568;119
1568;358
1569;7
1569;13
1569;26
1569;51
1569;119
1569;358
1570;7
1570;14
1570;25
1570;51
1570;119
1570;298
1571;7
1571;13
1571;34
1571;51
1571;90
1571;182
1572;7
1572;13
1572;34
1572;51
1572;119
1572;298
1573;7
1573;14
1573;34
1573;61
1573;119
1573;298
1574;7
1574;13
1574;34
1574;51
1574;119
1574;298
1575;7
1575;11
1575;24
1575;47
1575;119
1575;173
1576;6
1576;16
1576;23
1576;43
1576;89
1576;301
1577;8
1577;19
1577;20
1577;54
1577;94
1577;171
1578;4
1578;12
1578;31
1578;51
1578;82
1578;167
1579;6
1579;17
1579;37
1579;64
1579;114
1579;396
1580;5
1580;13
1580;31
1580;64
1580;129
1580;165
1581;6
1581;16
1581;32
1581;54
1581;86
1581;227
1582;6
1582;19
1582;20
1582;71
1582;125
1582;179
1583;6
1583;12
1583;32
1583;63
1583;115
1583;188
1584;8
1584;12
1584;24
1584;55
1584;153
1584;284
1585;6
1585;10
1585;31
1585;51
1585;128
1585;164
1586;6
1586;10
1586;21
1586;63
1586;119
1586;176
1587;5
1587;10
1587;32
1587;64
1587;129
1587;242
1588;4
1588;16
1588;27
1588;55
1588;139
1588;172
1589;4
1589;12
1589;29
1589;63
1589;82
1589;271
1590;6
1590;11
1590;35
1590;64
1590;94
1590;301
1591;4
1591;11
1591;23
1591;55
1591;137
1591;160
1592;6
1592;10
1592;35
1592;51
1592;121
1592;195
1593;8
1593;10
1593;20
1593;63
1593;127
1593;404
1594;4
1594;16
1594;31
1594;64
1594;129
1594;367
1595;4
1595;12
1595;23
1595;54
1595;86
1595;250
1596;4
1596;19
1596;20
1596;57
1596;115
1596;196
1597;6
1597;12
1597;35
1597;79
1597;110
1597;167
1598;6
1598;10
1598;26
1598;64
1598;112
1598;178
1599;7
1599;19
1599;20
1599;49
1599;138
1599;169
1600;4
1600;10
1600;20
1600;63
1600;94
1600;174
1601;4
1601;12
1601;24
1601;64
1601;129
1601;242
1602;4
1602;14
1602;31
1602;53
1602;86
1602;226
1603;4
1603;16
1603;31
1603;54
1603;125
1603;306
1604;4
1604;16
1604;35
1604;47
1604;125
1604;301
1605;4
1605;12
1605;31
1605;43
1605;121
1605;171
1606;4
1606;12
1606;27
1606;40
1606;86
1606;192
1607;6
1607;16
1607;31
1607;64
1607;115
1607;370
1608;5
1608;13
1608;36
1608;64
1608;129
1608;195
1609;6
1609;16
1609;28
1609;68
1609;86
1609;226
1610;7
1610;19
1610;20
1610;57
1610;112
1610;395
1611;4
1611;12
1611;31
1611;55
1611;98
1611;181
1612;4
1612;16
1612;31
1612;63
1612;121
1612;162
1613;4
1613;16
1613;24
1613;40
1613;117
1613;213
1614;6
1614;10
1614;21
1614;64
1614;94
1614;176
1615;5
1615;10
1615;31
1615;64
1615;129
1615;227
1616;4
1616;16
1616;20
1616;54
1616;139
1616;239
1617;4
1617;11
1617;35
1617;53
1617;115
1617;258
1618;6
1618;11
1618;35
1618;52
1618;111
1618;301
1619;5
1619;16
1619;24
1619;63
1619;94
1619;299
1620;4
1620;10
1620;31
1620;63
1620;125
1620;195
1621;4
1621;10
1621;20
1621;51
1621;127
1621;404
1622;4
1622;16
1622;39
1622;64
1622;129
1622;335
1623;4
1623;12
1623;24
1623;46
1623;86
1623;250
1624;4
1624;19
1624;20
1624;57
1624;88
1624;178
1625;6
1625;17
1625;36
1625;79
1625;114
1625;245
1626;6
1626;14
1626;27
1626;49
1626;90
1626;180
1627;6
1627;18
1627;26
1627;59
1627;129
1627;179
1628;4
1628;10
1628;20
1628;67
1628;129
1628;177
1629;4
1629;12
1629;20
1629;64
1629;129
1629;195
1630;4
1630;12
1630;20
1630;55
1630;86
1630;226
1631;4
1631;11
1631;26
1631;53
1631;129
1631;306
1632;4
1632;18
1632;33
1632;55
1632;96
1632;301
1633;4
1633;15
1633;22
1633;40
1633;81
1633;288
1634;4
1634;15
1634;22
1634;44
1634;85
1634;169
1635;4
1635;14
1635;31
1635;55
1635;115
1635;370
1636;4
1636;10
1636;37
1636;64
1636;129
1636;227
1637;6
1637;16
1637;31
1637;56
1637;86
1637;182
1638;6
1638;19
1638;20
1638;62
1638;126
1638;179
1639;4
1639;15
1639;30
1639;48
1639;81
1639;195
1640;4
1640;15
1640;30
1640;40
1640;98
1640;165
1641;6
1641;10
1641;31
1641;63
1641;129
1641;167
1642;6
1642;14
1642;21
1642;68
1642;94
1642;176
1643;5
1643;13
1643;37
1643;64
1643;129
1643;227
1644;4
1644;11
1644;22
1644;56
1644;110
1644;188
1645;4
1645;11
1645;22
1645;57
1645;82
1645;258
1646;6
1646;11
1646;34
1646;64
1646;94
1646;301
1647;4
1647;15
1647;22
1647;49
1647;97
1647;171
1648;6
1648;15
1648;39
1648;63
1648;129
1648;194
1649;7
1649;10
1649;33
1649;49
1649;127
1649;398
1650;4
1650;11
1650;33
1650;63
1650;129
1650;335
1651;7
1651;11
1651;22
1651;59
1651;86
1651;250
1652;3
1652;19
1652;25
1652;62
1652;119
1652;178
1653;6
1653;17
1653;36
1653;79
1653;111
1653;166
1654;7
1654;10
1654;22
1654;56
1654;106
1654;169
1655;6
1655;18
1655;26
1655;48
1655;113
1655;169
1656;8
1656;10
1656;22
1656;58
1656;94
1656;176
1657;7
1657;11
1657;37
1657;64
1657;129
1657;194
1658;4
1658;11
1658;30
1658;59
1658;86
1658;165
1659;4
1659;11
1659;30
1659;63
1659;129
1659;195
1660;5
1660;15
1660;30
1660;40
1660;139
1660;301
1661;5
1661;10
1661;20
1661;59
1661;93
1661;171
1662;5
1662;10
1662;20
1662;40
1662;83
1662;167
1663;5
1663;10
1663;31
1663;58
1663;115
1663;369
1664;7
1664;10
1664;37
1664;64
1664;129
1664;227
1665;6
1665;11
1665;31
1665;59
1665;131
1665;169
1666;6
1666;14
1666;30
1666;60
1666;119
1666;165
1667;5
1667;10
1667;29
1667;40
1667;133
1667;165
1668;5
1668;10
1668;25
1668;44
1668;114
1668;300
1669;5
1669;10
1669;25
1669;64
1669;89
1669;300
1670;4
1670;14
1670;24
1670;68
1670;94
1670;171
1671;5
1671;14
1671;37
1671;64
1671;129
1671;227
1672;5
1672;10
1672;20
1672;56
1672;131
1672;163
1673;5
1673;10
1673;20
1673;62
1673;119
1673;269
1674;6
1674;10
1674;22
1674;51
1674;111
1674;301
1675;4
1675;14
1675;20
1675;40
1675;94
1675;300
1676;5
1676;15
1676;29
1676;54
1676;128
1676;190
1677;4
1677;14
1677;21
1677;50
1677;127
1677;398
1678;6
1678;10
1678;20
1678;58
1678;129
1678;304
1679;5
1679;10
1679;20
1679;59
1679;131
1679;250
1680;4
1680;10
1680;21
1680;62
1680;119
1680;162
1681;6
1681;10
1681;20
1681;51
1681;85
1681;167
1682;7
1682;13
1682;27
1682;69
1682;114
1682;167
1683;6
1683;18
1683;26
1683;55
1683;121
1683;167
1684;5
1684;10
1684;20
1684;59
1684;94
1684;168
1685;6
1685;10
1685;20
1685;58
1685;129
1685;194
1686;5
1686;10
1686;20
1686;59
1686;131
1686;241
1687;4
1687;11
1687;20
1687;63
1687;129
1687;195
1688;8
1688;10
1688;23
1688;47
1688;86
1688;301
1689;8
1689;16
1689;23
1689;55
1689;98
1689;171
1690;7
1690;12
1690;31
1690;51
1690;125
1690;172
1691;4
1691;10
1691;32
1691;70
1691;115
1691;370
1692;7
1692;10
1692;37
1692;72
1692;129
1692;194
1693;6
1693;13
1693;34
1693;59
1693;86
1693;165
1694;7
1694;14
1694;33
1694;62
1694;119
1694;179
1695;8
1695;16
1695;31
1695;47
1695;94
1695;244
1696;8
1696;12
1696;23
1696;47
1696;98
1696;300
1697;8
1697;12
1697;23
1697;63
1697;82
1697;170
1698;5
1698;13
1698;34
1698;68
1698;94
1698;171
1699;6
1699;14
1699;37
1699;58
1699;129
1699;194
1700;4
1700;10
1700;27
1700;56
1700;86
1700;163
1701;4
1701;15
1701;27
1701;62
1701;116
1701;178
1702;4
1702;10
1702;22
1702;63
1702;108
1702;302
1703;4
1703;14
1703;32
1703;55
1703;135
1703;301
1704;6
1704;12
1704;39
1704;40
1704;86
1704;196
1705;4
1705;11
1705;24
1705;51
1705;110
1705;398
1706;4
1706;15
1706;23
1706;62
1706;142
1706;304
1707;4
1707;12
1707;31
1707;59
1707;131
1707;367
1708;4
1708;12
1708;23
1708;62
1708;128
1708;367
1709;6
1709;16
1709;20
1709;64
1709;144
1709;245
1710;6
1710;13
1710;22
1710;56
1710;109
1710;170
1711;6
1711;18
1711;26
1711;45
1711;112
1711;165
1712;6
1712;11
1712;23
1712;48
1712;83
1712;168
1713;4
1713;11
1713;24
1713;62
1713;142
1713;194
1714;4
1714;12
1714;24
1714;64
1714;86
1714;165
1715;3
1715;10
1715;32
1715;62
1715;86
1715;195
1716;4
1716;10
1716;20
1716;67
1716;82
1716;302
1717;4
1717;12
1717;22
1717;43
1717;129
1717;301
1718;4
1718;12
1718;27
1718;62
1718;102
1718;209
1719;6
1719;11
1719;32
1719;69
1719;115
1719;370
1720;7
1720;18
1720;37
1720;62
1720;143
1720;194
1721;6
1721;11
1721;36
1721;55
1721;129
1721;165
1722;7
1722;14
1722;33
1722;62
1722;119
1722;160
1723;4
1723;19
1723;35
1723;63
1723;114
1723;216
1724;4
1724;16
1724;20
1724;50
1724;94
1724;300
1725;4
1725;16
1725;31
1725;47
1725;122
1725;170
1726;4
1726;14
1726;34
1726;51
1726;120
1726;171
1727;6
1727;14
1727;37
1727;58
1727;128
1727;194
1728;4
1728;17
1728;23
1728;55
1728;151
1728;175
1729;4
1729;16
1729;20
1729;62
1729;86
1729;178
1730;4
1730;10
1730;21
1730;63
1730;94
1730;302
1731;4
1731;14
1731;32
1731;62
1731;138
1731;301
1732;4
1732;16
1732;32
1732;47
1732;102
1732;236
1733;4
1733;14
1733;25
1733;56
1733;110
1733;422
1734;4
1734;16
1734;20
1734;62
1734;143
1734;304
1735;4
1735;16
1735;24
1735;64
1735;121
1735;367
1736;4
1736;12
1736;24
1736;61
1736;110
1736;162
1737;4
1737;16
1737;20
1737;64
1737;150
1737;240
1738;6
1738;13
1738;27
1738;69
1738;142
1738;169
1739;6
1739;10
1739;26
1739;45
1739;140
1739;170
1740;6
1740;14
1740;26
1740;53
1740;129
1740;176
1741;4
1741;19
1741;20
1741;63
1741;143
1741;168
1742;4
1742;12
1742;20
1742;64
1742;86
1742;165
1743;4
1743;16
1743;20
1743;62
1743;86
1743;194
1744;3
1744;10
1744;22
1744;68
1744;96
1744;302
1745;4
1745;11
1745;22
1745;59
1745;80
1745;301
1746;4
1746;15
1746;22
1746;62
1746;85
1746;165
1747;4
1747;15
1747;22
1747;70
1747;89
1747;370
1748;7
1748;18
1748;37
1748;58
1748;110
1748;397
1749;6
1749;12
1749;34
1749;64
1749;129
1749;165
1750;5
1750;15
1750;32
1750;62
1750;125
1750;239
1751;4
1751;19
1751;22
1751;45
1751;124
1751;197
1752;4
1752;15
1752;22
1752;63
1752;146
1752;300
1753;4
1753;15
1753;32
1753;44
1753;99
1753;170
1754;6
1754;17
1754;34
1754;51
1754;128
1754;170
1755;6
1755;15
1755;21
1755;63
1755;128
1755;192
1756;4
1756;12
1756;30
1756;55
1756;130
1756;242
1757;4
1757;11
1757;22
1757;62
1757;118
1757;214
1758;9
1758;10
1758;21
1758;63
1758;94
1758;302
1759;6
1759;17
1759;20
1759;59
1759;126
1759;301
1760;4
1760;11
1760;37
1760;48
1760;82
1760;164
1761;4
1761;18
1761;26
1761;51
1761;112
1761;210
1762;7
1762;12
1762;37
1762;63
1762;96
1762;304
1763;7
1763;11
1763;22
1763;64
1763;85
1763;367
1764;8
1764;11
1764;23
1764;61
1764;86
1764;250
1765;4
1765;19
1765;20
1765;64
1765;115
1765;240
1766;6
1766;13
1766;23
1766;79
1766;110
1766;209
1767;6
1767;18
1767;26
1767;64
1767;112
1767;165
1768;6
1768;17
1768;25
1768;49
1768;81
1768;169
1769;4
1769;11
1769;37
1769;63
1769;96
1769;213
1770;4
1770;11
1770;30
1770;64
1770;129
1770;242
1771;4
1771;11
1771;30
1771;61
1771;86
1771;194
1772;5
1772;10
1772;20
1772;63
1772;98
1772;162
1773;5
1773;10
1773;20
1773;49
1773;147
1773;301
1774;5
1774;10
1774;20
1774;40
1774;98
1774;288
1775;5
1775;10
1775;20
1775;45
1775;88
1775;369
1776;6
1776;17
1776;37
1776;63
1776;109
1776;397
1777;6
1777;13
1777;35
1777;64
1777;129
1777;165
1778;6
1778;15
1778;32
1778;61
1778;86
1778;168
1779;5
1779;10
1779;20
1779;64
1779;125
1779;187
1780;5
1780;10
1780;20
1780;40
1780;114
1780;300
1781;5
1781;10
1781;20
1781;49
1781;133
1781;170
1782;5
1782;10
1782;20
1782;49
1782;128
1782;168
1783;6
1783;15
1783;21
1783;63
1783;121
1783;192
1784;5
1784;10
1784;23
1784;64
1784;130
1784;165
1785;5
1785;10
1785;20
1785;55
1785;86
1785;172
1786;5
1786;11
1786;20
1786;63
1786;94
1786;176
1787;6
1787;11
1787;35
1787;65
1787;126
1787;301
1788;4
1788;15
1788;30
1788;40
1788;98
1788;299
1789;4
1789;12
1789;35
1789;49
1789;129
1789;250
1790;9
1790;15
1790;20
1790;63
1790;128
1790;304
1791;4
1791;10
1791;20
1791;64
1791;129
1791;367
1792;4
1792;10
1792;20
1792;54
1792;86
1792;250
1793;4
1793;19
1793;20
1793;57
1793;115
1793;241
1794;6
1794;13
1794;23
1794;55
1794;110
1794;219
1795;6
1795;14
1795;26
1795;64
1795;132
1795;169
1796;6
1796;14
1796;27
1796;49
1796;118
1796;169
1797;8
1797;10
1797;20
1797;64
1797;122
1797;176
1798;5
1798;10
1798;20
1798;64
1798;129
1798;165
1799;4
1799;10
1799;20
1799;54
1799;86
1799;196
1800;6
1800;13
1800;24
1800;58
1800;134
1800;173
1801;6
1801;11
1801;24
1801;72
1801;125
1801;301
1802;8
1802;19
1802;20
1802;79
1802;80
1802;509
1803;4
1803;12
1803;32
1803;79
1803;80
1803;317
1804;6
1804;15
1804;32
1804;79
1804;80
1804;397
1805;5
1805;16
1805;20
1805;72
1805;81
1805;481
1806;7
1806;16
1806;20
1806;61
1806;81
1806;324
1807;8
1807;15
1807;39
1807;55
1807;127
1807;180
1808;6
1808;12
1808;32
1808;56
1808;111
1808;300
1809;8
1809;12
1809;23
1809;40
1809;80
1809;310
1810;6
1810;10
1810;39
1810;60
1810;80
1810;300
1811;6
1811;10
1811;30
1811;79
1811;121
1811;176
1812;5
1812;10
1812;31
1812;79
1812;80
1812;165
1813;4
1813;16
1813;36
1813;79
1813;118
1813;172
1814;4
1814;12
1814;30
1814;79
1814;119
1814;301
1815;6
1815;11
1815;36
1815;79
1815;80
1815;301
1816;4
1816;16
1816;23
1816;40
1816;81
1816;165
1817;6
1817;10
1817;20
1817;72
1817;80
1817;317
1818;8
1818;10
1818;24
1818;63
1818;80
1818;404
1819;4
1819;15
1819;31
1819;64
1819;119
1819;367
1820;4
1820;12
1820;23
1820;79
1820;86
1820;250
1821;4
1821;19
1821;20
1821;79
1821;119
1821;178
1822;6
1822;18
1822;36
1822;51
1822;121
1822;314
1823;6
1823;10
1823;36
1823;54
1823;127
1823;327
1824;7
1824;17
1824;39
1824;40
1824;120
1824;321
1825;4
1825;10
1825;31
1825;68
1825;90
1825;176
1826;4
1826;12
1826;24
1826;73
1826;129
1826;165
1827;4
1827;14
1827;31
1827;79
1827;80
1827;242
1828;4
1828;16
1828;31
1828;79
1828;80
1828;172
1829;4
1829;16
1829;24
1829;48
1829;94
1829;301
1830;4
1830;16
1830;24
1830;47
1830;119
1830;476
1831;4
1831;12
1831;24
1831;48
1831;119
1831;358
1832;6
1832;11
1832;32
1832;71
1832;94
1832;370
1833;5
1833;16
1833;32
1833;71
1833;119
1833;499
1834;6
1834;16
1834;36
1834;71
1834;95
1834;501
1835;7
1835;19
1835;32
1835;70
1835;117
1835;163
1836;4
1836;16
1836;32
1836;45
1836;113
1836;188
1837;4
1837;16
1837;31
1837;45
1837;118
1837;162
1838;4
1838;16
1838;24
1838;45
1838;118
1838;472
1839;6
1839;10
1839;23
1839;71
1839;117
1839;353
1840;5
1840;13
1840;31
1840;68
1840;114
1840;195
1841;4
1841;16
1841;20
1841;45
1841;133
1841;231
1842;4
1842;11
1842;31
1842;53
1842;112
1842;269
1843;6
1843;11
1843;22
1843;48
1843;111
1843;301
1844;5
1844;15
1844;22
1844;45
1844;94
1844;508
1845;4
1845;10
1845;23
1845;45
1845;113
1845;472
1846;4
1846;10
1846;20
1846;47
1846;117
1846;404
1847;4
1847;16
1847;23
1847;67
1847;112
1847;335
1848;4
1848;12
1848;24
1848;48
1848;95
1848;250
1849;4
1849;19
1849;31
1849;47
1849;118
1849;170
1850;6
1850;19
1850;32
1850;47
1850;118
1850;363
1851;6
1851;16
1851;32
1851;47
1851;94
1851;167
1852;6
1852;16
1852;32
1852;47
1852;118
1852;179
1853;4
1853;10
1853;32
1853;46
1853;117
1853;176
1854;4
1854;12
1854;20
1854;67
1854;134
1854;227
1855;4
1855;19
1855;20
1855;67
1855;112
1855;500
1856;4
1856;13
1856;36
1856;67
1856;89
1856;355
1857;6
1857;18
1857;22
1857;67
1857;89
1857;301
1858;4
1858;15
1858;36
1858;67
1858;89
1858;379
1859;4
1859;15
1859;22
1859;67
1859;112
1859;335
1860;4
1860;14
1860;22
1860;67
1860;89
1860;370
1861;4
1861;18
1861;22
1861;67
1861;81
1861;379
1862;6
1862;18
1862;36
1862;68
1862;89
1862;377
1863;6
1863;19
1863;20
1863;67
1863;112
1863;180
1864;4
1864;15
1864;22
1864;66
1864;111
1864;374
1865;4
1865;15
1865;23
1865;68
1865;110
1865;300
1866;6
1866;18
1866;22
1866;67
1866;112
1866;279
1867;6
1867;14
1867;34
1867;68
1867;81
1867;176
1868;5
1868;13
1868;34
1868;64
1868;81
1868;227
1869;4
1869;11
1869;22
1869;54
1869;111
1869;188
1870;4
1870;11
1870;22
1870;54
1870;82
1870;220
1871;6
1871;11
1871;22
1871;68
1871;81
1871;301
1872;4
1872;15
1872;23
1872;68
1872;81
1872;171
1873;6
1873;15
1873;22
1873;68
1873;112
1873;194
1874;7
1874;10
1874;33
1874;68
1874;81
1874;398
1875;4
1875;11
1875;33
1875;63
1875;129
1875;335
1876;7
1876;11
1876;22
1876;45
1876;81
1876;250
1877;4
1877;19
1877;31
1877;62
1877;119
1877;160
1878;6
1878;16
1878;32
1878;46
1878;123
1878;166
1879;7
1879;10
1879;27
1879;68
1879;81
1879;167
1880;6
1880;18
1880;26
1880;67
1880;89
1880;169
1881;8
1881;10
1881;22
1881;59
1881;94
1881;176
1882;7
1882;11
1882;37
1882;64
1882;129
1882;227
1883;4
1883;11
1883;30
1883;59
1883;130
1883;165
1884;4
1884;12
1884;30
1884;62
1884;129
1884;306
1885;5
1885;15
1885;34
1885;40
1885;111
1885;301
1886;5
1886;10
1886;20
1886;40
1886;93
1886;171
1887;5
1887;10
1887;20
1887;40
1887;112
1887;167
1888;5
1888;10
1888;27
1888;58
1888;115
1888;369
1889;7
1889;13
1889;27
1889;64
1889;129
1889;194
1890;6
1890;13
1890;27
1890;61
1890;86
1890;169
1891;4
1891;14
1891;30
1891;51
1891;119
1891;165
1892;5
1892;10
1892;20
1892;61
1892;103
1892;165
1893;5
1893;10
1893;27
1893;51
1893;98
1893;300
1894;5
1894;10
1894;25
1894;51
1894;89
1894;176
1895;4
1895;14
1895;27
1895;51
1895;94
1895;176
1896;5
1896;14
1896;34
1896;58
1896;129
1896;194
1897;5
1897;10
1897;34
1897;40
1897;131
1897;163
1898;5
1898;10
1898;34
1898;49
1898;119
1898;269
1899;6
1899;10
1899;22
1899;51
1899;111
1899;301
1900;4
1900;14
1900;34
1900;51
1900;88
1900;300
1901;5
1901;15
1901;34
1901;40
1901;128
1901;258
1902;4
1902;14
1902;21
1902;50
1902;127
1902;398
1903;6
1903;10
1903;34
1903;58
1903;129
1903;304
1904;5
1904;10
1904;20
1904;59
1904;131
1904;250
1905;4
1905;10
1905;20
1905;62
1905;119
1905;162
1906;6
1906;10
1906;20
1906;60
1906;112
1906;167
1907;7
1907;13
1907;27
1907;61
1907;114
1907;167
1908;6
1908;14
1908;26
1908;51
1908;114
1908;182
1909;9
1909;10
1909;34
1909;59
1909;118
1909;168
1910;6
1910;10
1910;20
1910;65
1910;94
1910;194
1911;5
1911;10
1911;20
1911;59
1911;131
1911;241
1912;4
1912;10
1912;30
1912;63
1912;118
1912;202
1913;8
1913;10
1913;23
1913;73
1913;133
1913;301
1914;8
1914;16
1914;24
1914;78
1914;98
1914;509
1915;7
1915;19
1915;20
1915;79
1915;80
1915;471
1916;4
1916;16
1916;32
1916;79
1916;80
1916;370
1917;7
1917;16
1917;32
1917;78
1917;80
1917;479
1918;6
1918;16
1918;36
1918;72
1918;81
1918;322
1919;7
1919;16
1919;32
1919;61
1919;125
1919;179
1920;8
1920;16
1920;39
1920;61
1920;125
1920;301
1921;8
1921;12
1921;23
1921;61
1921;110
1921;300
1922;8
1922;12
1922;38
1922;40
1922;100
1922;358
1923;5
1923;13
1923;34
1923;41
1923;80
1923;379
1924;6
1924;14
1924;20
1924;79
1924;80
1924;379
1925;4
1925;17
1925;27
1925;79
1925;80
1925;187
1926;4
1926;16
1926;20
1926;62
1926;118
1926;241
1927;4
1927;10
1927;20
1927;72
1927;118
1927;302
1928;4
1928;17
1928;24
1928;48
1928;80
1928;301
1929;6
1929;12
1929;39
1929;61
1929;80
1929;184
1930;4
1930;11
1930;24
1930;40
1930;119
1930;168
1931;4
1931;15
1931;23
1931;61
1931;120
1931;304
1932;4
1932;16
1932;31
1932;60
1932;119
1932;367
1933;4
1933;12
1933;23
1933;61
1933;128
1933;190
1934;6
1934;17
1934;32
1934;50
1934;113
1934;221
1935;6
1935;13
1935;36
1935;71
1935;124
1935;337
1936;6
1936;18
1936;37
1936;40
1936;127
1936;328
1937;6
1937;13
1937;23
1937;41
1937;84
1937;329
1938;4
1938;11
1938;24
1938;69
1938;120
1938;194
1939;4
1939;12
1939;27
1939;79
1939;80
1939;242
1940;3
1940;11
1940;27
1940;53
1940;80
1940;195
1941;4
1941;16
1941;27
1941;79
1941;80
1941;369
1942;4
1942;12
1942;24
1942;47
1942;95
1942;380
1943;4
1943;16
1943;32
1943;47
1943;95
1943;369
1944;6
1944;16
1944;32
1944;48
1944;94
1944;370
1945;7
1945;16
1945;32
1945;71
1945;94
1945;377
1946;6
1946;16
1946;32
1946;71
1946;95
1946;380
1947;7
1947;16
1947;32
1947;72
1947;118
1947;175
1948;4
1948;17
1948;32
1948;45
1948;91
1948;477
1949;4
1949;15
1949;20
1949;46
1949;94
1949;300
1950;4
1950;16
1950;32
1950;47
1950;118
1950;354
1951;4
1951;14
1951;34
1951;48
1951;90
1951;170
1952;6
1952;17
1952;23
1952;70
1952;93
1952;506
1953;4
1953;17
1953;22
1953;45
1953;134
1953;175
1954;4
1954;15
1954;20
1954;67
1954;134
1954;331
1955;4
1955;10
1955;22
1955;67
1955;89
1955;302
1956;4
1956;14
1956;23
1956;67
1956;89
1956;510
1957;4
1957;16
1957;23
1957;67
1957;90
1957;485
1958;4
1958;14
1958;22
1958;46
1958;115
1958;422
1959;4
1959;15
1959;20
1959;68
1959;112
1959;304
1960;4
1960;16
1960;24
1960;71
1960;119
1960;367
1961;4
1961;11
1961;32
1961;47
1961;118
1961;187
1962;4
1962;16
1962;23
1962;70
1962;117
1962;240
1963;6
1963;16
1963;24
1963;47
1963;118
1963;169
1964;6
1964;16
1964;24
1964;47
1964;119
1964;170
1965;6
1965;14
1965;32
1965;48
1965;94
1965;176
1966;4
1966;12
1966;20
1966;68
1966;115
1966;168
1967;4
1967;12
1967;20
1967;67
1967;90
1967;165
1968;4
1968;12
1968;22
1968;67
1968;89
1968;333
1969;3
1969;10
1969;26
1969;68
1969;89
1969;339
1970;4
1970;11
1970;22
1970;67
1970;89
1970;334
1971;4
1971;15
1971;36
1971;67
1971;111
1971;379
1972;4
1972;15
1972;22
1972;67
1972;90
1972;371
1973;7
1973;17
1973;22
1973;67
1973;81
1973;397
1974;6
1974;18
1974;23
1974;67
1974;81
1974;511
1975;9
1975;18
1975;36
1975;67
1975;89
1975;185
1976;4
1976;17
1976;22
1976;67
1976;112
1976;197
1977;4
1977;15
1977;22
1977;45
1977;89
1977;300
1978;4
1978;15
1978;36
1978;41
1978;81
1978;338
1979;6
1979;17
1979;34
1979;47
1979;129
1979;179
1980;6
1980;15
1980;34
1980;67
1980;89
1980;168
1981;4
1981;12
1981;30
1981;55
1981;134
1981;242
1982;4
1982;11
1982;22
1982;54
1982;81
1982;214
1983;9
1983;10
1983;23
1983;54
1983;82
1983;302
1984;6
1984;17
1984;35
1984;44
1984;81
1984;301
1985;4
1985;15
1985;36
1985;68
1985;112
1985;174
1986;4
1986;18
1986;26
1986;68
1986;90
1986;204
1987;7
1987;12
1987;37
1987;63
1987;81
1987;304
1988;7
1988;11
1988;22
1988;64
1988;81
1988;367
1989;8
1989;11
1989;22
1989;61
1989;86
1989;250
1990;4
1990;19
1990;20
1990;67
1990;150
1990;168
1991;6
1991;13
1991;23
1991;45
1991;110
1991;218
1992;6
1992;18
1992;26
1992;45
1992;81
1992;177
1993;6
1993;17
1993;25
1993;54
1993;83
1993;169
1994;4
1994;11
1994;37
1994;63
1994;81
1994;213
1995;4
1995;11
1995;30
1995;64
1995;129
1995;242
1996;4
1996;11
1996;30
1996;61
1996;86
1996;194
1997;5
1997;10
1997;34
1997;63
1997;98
1997;162
1998;5
1998;10
1998;20
1998;49
1998;134
1998;301
1999;5
1999;10
1999;20
1999;40
1999;98
1999;162
2000;5
2000;10
2000;27
2000;45
2000;89
2000;369
2001;6
2001;17
2001;27
2001;66
2001;109
2001;397
2002;6
2002;13
2002;27
2002;64
2002;121
2002;242
2003;5
2003;13
2003;30
2003;61
2003;94
2003;168
2004;5
2004;10
2004;20
2004;60
2004;125
2004;187
2005;5
2005;10
2005;31
2005;51
2005;114
2005;197
2006;5
2006;10
2006;25
2006;51
2006;133
2006;170
2007;5
2007;10
2007;20
2007;51
2007;128
2007;168
2008;6
2008;15
2008;27
2008;63
2008;128
2008;192
2009;5
2009;13
2009;30
2009;64
2009;130
2009;242
2010;5
2010;10
2010;34
2010;61
2010;86
2010;214
2011;5
2011;10
2011;20
2011;40
2011;94
2011;193
2012;6
2012;11
2012;30
2012;60
2012;139
2012;301
2013;4
2013;15
2013;30
2013;40
2013;98
2013;299
2014;4
2014;12
2014;34
2014;40
2014;112
2014;195
2015;7
2015;15
2015;34
2015;40
2015;128
2015;404
2016;4
2016;10
2016;20
2016;64
2016;129
2016;367
2017;5
2017;10
2017;20
2017;54
2017;86
2017;250
2018;4
2018;19
2018;20
2018;57
2018;115
2018;241
2019;6
2019;13
2019;23
2019;51
2019;110
2019;219
2020;6
2020;14
2020;26
2020;51
2020;127
2020;169
2021;6
2021;14
2021;34
2021;51
2021;118
2021;169
2022;7
2022;10
2022;20
2022;64
2022;122
2022;176
2023;5
2023;10
2023;20
2023;64
2023;129
2023;165
2024;4
2024;10
2024;20
2024;54
2024;86
2024;196
2025;4
2025;10
2025;26
2025;61
2025;111
2025;250
2026;9
2026;13
2026;30
2026;61
2026;129
2026;191
2027;6
2027;10
2027;25
2027;51
2027;121
2027;165
2028;5
2028;10
2028;25
2028;64
2028;138
2028;165
2029;5
2029;14
2029;25
2029;64
2029;127
2029;189
2030;8
2030;10
2030;26
2030;64
2030;130
2030;242
2031;6
2031;15
2031;25
2031;60
2031;122
2031;165
2032;6
2032;10
2032;34
2032;64
2032;122
2032;196
2033;6
2033;12
2033;34
2033;64
2033;87
2033;224
2034;6
2034;10
2034;34
2034;51
2034;120
2034;238
2035;9
2035;10
2035;25
2035;64
2035;129
2035;197
2036;6
2036;10
2036;20
2036;51
2036;121
2036;216
2037;6
2037;11
2037;20
2037;51
2037;129
2037;227
2038;6
2038;10
2038;20
2038;51
2038;86
2038;197
2039;6
2039;10
2039;20
2039;51
2039;86
2039;178
2040;5
2040;10
2040;31
2040;51
2040;129
2040;189
2041;7
2041;13
2041;34
2041;61
2041;129
2041;194
2042;5
2042;15
2042;20
2042;61
2042;126
2042;242
2043;6
2043;13
2043;20
2043;64
2043;129
2043;197
2044;6
2044;10
2044;20
2044;58
2044;138
2044;243
2045;9
2045;10
2045;24
2045;64
2045;129
2045;182
2046;7
2046;10
2046;20
2046;51
2046;142
2046;183
2047;9
2047;10
2047;34
2047;58
2047;122
2047;178
2048;6
2048;10
2048;30
2048;60
2048;129
2048;225
2049;8
2049;10
2049;34
2049;51
2049;86
2049;215
2050;6
2050;10
2050;34
2050;61
2050;121
2050;165
2051;9
2051;10
2051;34
2051;62
2051;129
2051;227
2052;9
2052;10
2052;34
2052;64
2052;121
2052;189
2053;8
2053;19
2053;20
2053;40
2053;126
2053;196
2054;9
2054;10
2054;20
2054;61
2054;129
2054;194
2055;8
2055;14
2055;25
2055;61
2055;129
2055;194
2056;9
2056;10
2056;20
2056;64
2056;129
2056;207
2057;6
2057;10
2057;20
2057;64
2057;122
2057;165
2058;6
2058;10
2058;34
2058;61
2058;127
2058;194
2059;9
2059;10
2059;20
2059;64
2059;86
2059;162
2060;8
2060;10
2060;34
2060;40
2060;129
2060;226
2061;9
2061;10
2061;21
2061;51
2061;129
2061;162
2062;9
2062;10
2062;26
2062;60
2062;128
2062;189
2063;6
2063;10
2063;31
2063;61
2063;134
2063;226
2064;6
2064;14
2064;24
2064;64
2064;121
2064;182
2065;6
2065;10
2065;30
2065;64
2065;142
2065;227
2066;6
2066;10
2066;20
2066;51
2066;133
2066;192
2067;6
2067;10
2067;24
2067;62
2067;122
2067;195
2068;9
2068;10
2068;34
2068;64
2068;86
2068;189
2069;8
2069;10
2069;25
2069;55
2069;125
2069;165
2070;5
2070;15
2070;24
2070;63
2070;134
2070;214
2071;5
2071;10
2071;26
2071;51
2071;122
2071;213
2072;5
2072;10
2072;34
2072;51
2072;134
2072;165
2073;8
2073;10
2073;34
2073;51
2073;133
2073;182
2074;6
2074;14
2074;34
2074;51
2074;134
2074;195
2075;9
2075;10
2075;25
2075;61
2075;133
2075;287
2076;7
2076;10
2076;25
2076;51
2076;122
2076;334
2077;6
2077;10
2077;25
2077;51
2077;134
2077;183
2078;6
2078;10
2078;20
2078;51
2078;134
2078;327
2079;9
2079;10
2079;20
2079;51
2079;86
2079;268
2080;9
2080;10
2080;20
2080;64
2080;133
2080;167
2081;6
2081;10
2081;20
2081;40
2081;121
2081;359
2082;4
2082;10
2082;30
2082;51
2082;134
2082;287
2083;9
2083;10
2083;25
2083;51
2083;133
2083;334
2084;8
2084;18
2084;25
2084;51
2084;134
2084;280
2085;5
2085;13
2085;20
2085;51
2085;134
2085;318
2086;5
2086;14
2086;20
2086;51
2086;134
2086;268
2087;9
2087;10
2087;30
2087;51
2087;133
2087;311
2088;9
2088;10
2088;20
2088;51
2088;134
2088;355
2089;9
2089;10
2089;20
2089;61
2089;133
2089;287
2090;7
2090;10
2090;20
2090;61
2090;133
2090;267
2091;6
2091;17
2091;20
2091;51
2091;134
2091;280
2092;5
2092;11
2092;23
2092;51
2092;134
2093;6
2093;10
2093;20
2093;51
2093;134
2093;268
2094;7
2094;11
2094;24
2094;60
2094;133
2095;7
2095;10
2095;20
2095;59
2095;134
2096;6
2096;10
2096;20
2096;51
2096;134
2097;9
2097;10
2097;25
2097;51
2097;133
2098;9
2098;10
2098;25
2098;134
2099;6
2099;10
2099;25
2099;61
2099;134
2100;6
2100;10
2100;24
2100;51
2101;5
2101;13
2101;133
2102;6
2102;11
2102;20
2103;5
2104;6
2104;10
2105;6
2106;9
2106;10
2107;10
2108;5
2108;10
