5;9
5;11
5;22
5;53
5;112
5;180
6;5
6;19
6;23
6;51
6;84
6;167
7;4
7;18
7;26
7;46
7;89
7;181
8;8
8;19
8;29
8;40
8;80
8;166
9;6
9;19
9;30
9;45
9;101
9;165
10;9
10;15
10;22
10;44
10;110
10;167
11;9
11;11
11;30
11;45
11;90
11;177
12;6
12;10
12;29
12;45
12;134
12;178
13;4
13;15
13;30
13;44
13;111
13;178
14;9
14;15
14;29
14;44
14;90
14;175
15;9
15;15
15;30
15;76
15;89
15;179
16;0
16;15
16;30
16;75
16;111
16;166
17;9
17;11
17;20
17;76
17;111
17;160
18;5
18;10
18;22
18;76
18;80
18;177
19;7
19;15
19;22
19;76
19;80
19;164
20;7
20;15
20;23
20;76
20;83
20;178
21;4
21;15
21;30
21;73
21;80
21;178
22;8
22;15
22;22
22;73
22;89
22;179
23;9
23;11
23;30
23;76
23;134
23;203
24;5
24;15
24;29
24;76
24;113
24;167
25;4
25;15
25;22
25;44
25;89
25;170
26;8
26;15
26;37
26;45
26;89
26;168
27;7
27;15
27;30
27;45
27;89
27;202
28;7
28;15
28;33
28;44
28;111
28;178
29;9
29;10
29;22
29;44
29;90
29;168
30;5
30;10
30;33
30;45
30;89
30;179
31;4
31;11
31;30
31;44
31;89
31;177
32;7
32;11
32;30
32;45
32;88
32;201
33;7
33;15
33;30
33;45
33;89
33;203
34;7
34;11
34;30
34;44
34;89
34;177
35;9
35;10
35;22
35;45
35;89
35;180
36;5
36;15
36;29
36;45
36;134
36;166
37;4
37;11
37;30
37;45
37;89
37;177
38;7
38;15
38;30
38;44
38;89
38;178
39;7
39;11
39;30
39;44
39;133
39;161
40;4
40;12
40;30
40;44
40;89
40;161
41;8
41;10
41;30
41;44
41;89
41;160
42;7
42;15
42;26
42;45
42;89
42;181
43;7
43;11
43;26
43;45
43;90
43;179
44;7
44;11
44;30
44;43
44;89
44;180
45;7
45;11
45;22
45;45
45;89
45;179
46;4
46;14
46;26
46;42
46;89
46;179
47;4
47;10
47;26
47;42
47;89
47;202
48;7
48;11
48;22
48;45
48;89
48;178
49;7
49;10
49;26
49;42
49;149
49;178
50;4
50;15
50;22
50;44
50;133
50;160
51;4
51;15
51;20
51;43
51;89
51;178
52;4
52;15
52;22
52;60
52;134
52;178
53;9
53;11
53;31
53;43
53;86
53;196
54;5
54;17
54;22
54;45
54;157
54;468
55;4
55;17
55;22
55;45
55;158
55;400
56;4
56;17
56;24
56;50
56;101
56;177
57;4
57;12
57;25
57;50
57;100
57;200
58;4
58;12
58;25
58;49
58;124
58;173
59;9
59;10
59;23
59;67
59;89
59;229
60;5
60;10
60;22
60;44
60;134
60;200
61;4
61;17
61;22
61;45
61;134
61;246
62;2
62;19
62;24
62;73
62;97
62;314
63;2
63;16
63;25
63;50
63;101
63;176
64;2
64;17
64;25
64;50
64;150
64;225
65;9
65;10
65;28
65;57
65;86
65;172
66;5
66;10
66;28
66;56
66;84
66;168
67;4
67;14
67;25
67;55
67;84
67;486
68;3
68;19
68;30
68;61
68;121
68;273
69;2
69;17
69;30
69;60
69;119
69;210
70;8
70;17
70;30
70;45
70;118
70;207
71;9
71;10
71;28
71;57
71;112
71;310
72;5
72;17
72;29
72;59
72;88
72;315
73;4
73;12
73;28
73;56
73;141
73;169
74;4
74;12
74;24
74;45
74;158
74;165
75;4
75;19
75;21
75;45
75;84
75;169
76;4
76;12
76;29
76;45
76;141
76;169
77;9
77;10
77;20
77;51
77;134
77;437
78;5
78;10
78;37
78;56
78;130
78;167
79;5
79;10
79;38
79;56
79;132
79;327
80;5
80;10
80;38
80;57
80;132
80;433
81;5
81;10
81;20
81;45
81;94
81;510
82;9
82;10
82;23
82;56
82;132
82;495
83;9
83;10
83;20
83;45
83;132
83;173
84;5
84;17
84;34
84;67
84;134
84;184
85;4
85;17
85;33
85;50
85;132
85;166
86;2
86;17
86;33
86;67
86;132
86;269
87;5
87;19
87;22
87;44
87;153
87;272
88;7
88;19
88;37
88;45
88;89
88;160
89;9
89;10
89;20
89;44
89;133
89;169
90;5
90;10
90;22
90;45
90;111
90;178
91;4
91;18
91;33
91;45
91;89
91;177
92;2
92;19
92;22
92;45
92;112
92;176
93;2
93;19
93;22
93;45
93;90
93;162
94;2
94;19
94;22
94;44
94;111
94;168
95;9
95;10
95;23
95;46
95;154
95;161
96;5
96;10
96;38
96;40
96;141
96;296
97;5
97;10
97;28
97;42
97;136
97;305
98;5
98;10
98;28
98;56
98;89
98;162
99;5
99;14
99;23
99;44
99;89
99;164
100;5
100;14
100;23
100;45
100;134
100;328
101;8
101;10
101;20
101;44
101;153
101;291
102;5
102;11
102;22
102;45
102;157
102;381
103;4
103;15
103;22
103;44
103;89
103;180
104;4
104;15
104;25
104;51
104;151
104;175
105;4
105;11
105;25
105;50
105;125
105;301
106;4
106;15
106;22
106;45
106;152
106;276
107;8
107;10
107;22
107;67
107;133
107;334
108;5
108;10
108;22
108;67
108;134
108;335
109;3
109;19
109;22
109;67
109;112
109;306
110;2
110;17
110;25
110;50
110;126
110;375
111;2
111;15
111;25
111;50
111;127
111;178
112;8
112;19
112;24
112;45
112;147
112;298
113;8
113;10
113;25
113;52
113;80
113;166
114;5
114;10
114;28
114;56
114;85
114;169
115;3
115;15
115;28
115;56
115;85
115;170
116;2
116;15
116;30
116;60
116;149
116;179
117;2
117;16
117;30
117;60
117;149
117;299
118;9
118;16
118;28
118;45
118;147
118;495
119;8
119;10
119;29
119;58
119;112
119;336
120;5
120;12
120;28
120;56
120;112
120;337
121;4
121;11
121;24
121;56
121;112
121;170
122;4
122;15
122;22
122;56
122;94
122;179
123;4
123;19
123;22
123;41
123;149
123;299
124;4
124;19
124;38
124;55
124;113
124;170
125;8
125;10
125;20
125;76
125;95
125;450
126;5
126;11
126;20
126;41
126;83
126;324
127;4
127;11
127;22
127;67
127;89
127;201
128;4
128;11
128;22
128;44
128;95
128;289
129;4
129;19
129;22
129;41
129;93
129;161
130;4
130;11
130;23
130;45
130;89
130;228
131;8
131;10
131;20
131;45
131;89
131;165
132;5
132;10
132;22
132;45
132;89
132;180
133;3
133;19
133;22
133;45
133;111
133;177
134;2
134;19
134;21
134;44
134;89
134;179
135;2
135;19
135;29
135;45
135;89
135;180
136;9
136;15
136;20
136;44
136;89
136;177
137;7
137;10
137;20
137;45
137;89
137;177
138;5
138;19
138;20
138;44
138;89
138;177
139;3
139;19
139;20
139;44
139;89
139;176
140;2
140;19
140;22
140;44
140;89
140;177
141;0
141;19
141;22
141;67
141;89
141;176
142;9
142;13
142;22
142;45
142;90
142;229
143;7
143;19
143;20
143;44
143;89
143;164
144;4
144;19
144;22
144;48
144;143
144;287
145;4
145;11
145;23
145;45
145;112
145;423
146;4
146;11
146;39
146;41
146;96
146;285
147;4
147;11
147;28
147;41
147;80
147;382
148;4
148;11
148;34
148;43
148;90
148;445
149;7
149;12
149;24
149;44
149;111
149;469
150;4
150;12
150;21
150;45
150;90
150;269
151;4
151;13
151;21
151;44
151;138
151;161
152;4
152;12
152;25
152;50
152;126
152;453
153;4
153;16
153;25
153;49
153;99
153;473
154;4
154;17
154;21
154;50
154;90
154;229
155;6
155;10
155;22
155;45
155;134
155;268
156;4
156;10
156;22
156;45
156;90
156;201
157;3
157;17
157;22
157;68
157;88
157;177
158;2
158;17
158;25
158;76
158;102
158;353
159;2
159;19
159;25
159;45
159;127
159;180
160;9
160;13
160;20
160;45
160;132
160;492
161;6
161;10
161;26
161;52
161;84
161;169
162;4
162;10
162;28
162;56
162;141
162;169
163;3
163;16
163;28
163;56
163;84
163;169
164;2
164;17
164;30
164;60
164;149
164;270
165;2
165;18
165;30
165;60
165;119
165;298
166;9
166;10
166;29
166;58
166;84
166;229
167;8
167;13
167;29
167;57
167;115
167;315
168;4
168;12
168;28
168;56
168;140
168;167
169;4
169;17
169;25
169;56
169;84
169;166
170;4
170;19
170;20
170;45
170;89
170;174
171;4
171;19
171;21
171;46
171;89
171;169
172;4
172;13
172;20
172;42
172;90
172;168
173;6
173;19
173;37
173;56
173;94
173;168
174;5
174;14
174;20
174;56
174;93
174;323
175;5
175;19
175;20
175;75
175;93
175;166
176;5
176;19
176;37
176;56
176;94
176;179
177;5
177;19
177;37
177;56
177;90
177;163
178;5
178;13
178;20
178;46
178;89
178;229
179;6
179;17
179;33
179;57
179;83
179;183
180;4
180;17
180;33
180;67
180;83
180;167
181;3
181;17
181;33
181;57
181;94
181;164
182;2
182;19
182;38
182;45
182;89
182;497
183;3
183;19
183;22
183;45
183;89
183;504
184;9
184;12
184;20
184;42
184;152
184;177
185;6
185;10
185;38
185;56
185;90
185;177
186;4
186;19
186;38
186;44
186;89
186;167
187;3
187;19
187;22
187;45
187;90
187;179
188;2
188;19
188;22
188;44
188;89
188;179
189;2
189;19
189;23
189;45
189;134
189;160
190;9
190;11
190;20
190;44
190;158
190;229
191;6
191;11
191;22
191;44
191;89
191;171
192;6
192;11
192;22
192;44
192;89
192;315
193;6
193;17
193;22
193;67
193;105
193;306
194;5
194;17
194;22
194;44
194;132
194;160
195;6
195;17
195;22
195;68
195;143
195;493
196;5
196;11
196;22
196;74
196;131
196;377
197;5
197;11
197;22
197;68
197;91
197;161
198;7
198;11
198;22
198;43
198;135
198;446
199;4
199;10
199;25
199;50
199;124
199;307
200;4
200;11
200;25
200;50
200;100
200;450
201;4
201;15
201;20
201;48
201;92
201;179
202;9
202;11
202;20
202;43
202;152
202;165
203;5
203;11
203;22
203;45
203;157
203;180
204;4
204;19
204;22
204;44
204;156
204;178
205;3
205;19
205;24
205;45
205;100
205;201
206;2
206;16
206;25
206;50
206;150
206;200
207;2
207;15
207;22
207;44
207;89
207;500
208;9
208;10
208;20
208;53
208;103
208;181
209;5
209;10
209;28
209;56
209;113
209;197
210;4
210;13
210;28
210;56
210;141
210;226
211;2
211;17
211;28
211;44
211;115
211;228
212;2
212;15
212;30
212;60
212;89
212;208
213;1
213;15
213;30
213;60
213;90
213;208
214;9
214;10
214;30
214;60
214;119
214;180
215;5
215;15
215;28
215;56
215;84
215;196
216;4
216;15
216;28
216;56
216;84
216;418
217;4
217;15
217;22
217;45
217;83
217;418
218;4
218;19
218;20
218;56
218;149
218;428
219;4
219;19
219;37
219;56
219;94
219;449
220;9
220;10
220;20
220;57
220;94
220;170
221;5
221;10
221;38
221;76
221;94
221;189
222;4
222;15
222;22
222;66
222;89
222;179
223;4
223;15
223;22
223;44
223;90
223;270
224;4
224;15
224;22
224;75
224;90
224;439
225;4
225;11
225;22
225;75
225;89
225;475
226;9
226;10
226;20
226;44
226;154
226;447
227;5
227;10
227;38
227;45
227;94
227;185
228;4
228;19
228;38
228;45
228;94
228;179
229;2
229;19
229;22
229;56
229;132
229;179
230;2
230;19
230;22
230;45
230;133
230;179
231;2
231;19
231;23
231;45
231;89
231;194
232;9
232;10
232;20
232;43
232;89
232;179
233;5
233;10
233;38
233;45
233;111
233;179
234;4
234;19
234;38
234;44
234;89
234;201
235;2
235;19
235;23
235;45
235;90
235;178
236;2
236;19
236;22
236;44
236;89
236;179
237;7
237;19
237;22
237;45
237;90
237;227
238;8
238;10
238;22
238;48
238;153
238;164
239;5
239;11
239;25
239;49
239;152
239;164
240;7
240;11
240;20
240;41
240;148
240;480
241;8
241;11
241;22
241;48
241;153
241;163
242;7
242;11
242;27
242;42
242;116
242;170
243;7
243;11
243;26
243;45
243;89
243;481
244;9
244;10
244;34
244;47
244;92
244;162
245;5
245;13
245;23
245;49
245;93
245;177
246;8
246;12
246;25
246;49
246;99
246;177
247;4
247;12
247;20
247;44
247;83
247;161
248;4
248;13
248;25
248;62
248;83
248;317
249;8
249;12
249;25
249;50
249;99
249;200
250;8
250;10
250;25
250;50
250;101
250;201
251;5
251;10
251;25
251;45
251;101
251;500
252;3
252;17
252;33
252;45
252;89
252;500
253;2
253;19
253;20
253;40
253;148
253;282
254;8
254;19
254;38
254;56
254;94
254;169
255;8
255;18
255;33
255;68
255;80
255;163
256;8
256;10
256;34
256;69
256;92
256;162
257;5
257;10
257;24
257;50
257;122
257;267
258;3
258;17
258;25
258;50
258;100
258;377
259;2
259;17
259;25
259;50
259;100
259;351
260;2
260;17
260;25
260;50
260;100
260;373
261;9
261;16
261;25
261;50
261;126
261;376
262;8
262;10
262;34
262;50
262;150
262;373
263;4
263;13
263;26
263;51
263;154
263;501
264;4
264;12
264;21
264;67
264;90
264;493
265;4
265;12
265;20
265;41
265;151
265;169
266;4
266;13
266;37
266;56
266;93
266;189
267;4
267;13
267;24
267;67
267;81
267;290
268;8
268;10
268;23
268;70
268;84
268;311
269;5
269;10
269;26
269;51
269;127
269;203
270;5
270;10
270;25
270;50
270;125
270;175
271;9
271;10
271;25
271;56
271;126
271;169
272;5
272;10
272;34
272;46
272;85
272;224
273;5
273;10
273;25
273;50
273;99
273;174
274;8
274;10
274;34
274;51
274;102
274;179
275;5
275;10
275;25
275;50
275;100
275;199
276;3
276;17
276;25
276;50
276;101
276;176
277;2
277;17
277;22
277;45
277;84
277;179
278;9
278;17
278;23
278;68
278;113
278;178
279;9
279;16
279;22
279;45
279;90
279;460
280;7
280;10
280;25
280;50
280;151
280;177
281;5
281;10
281;28
281;57
281;85
281;170
282;3
282;17
282;28
282;57
282;85
282;314
283;2
283;17
283;38
283;42
283;84
283;496
284;7
284;17
284;33
284;45
284;112
284;174
285;9
285;13
285;23
285;44
285;89
285;228
286;7
286;14
286;34
286;67
286;134
286;176
287;5
287;14
287;23
287;42
287;86
287;266
288;5
288;14
288;20
288;45
288;133
288;473
289;5
289;14
289;37
289;56
289;130
289;168
290;5
290;14
290;23
290;67
290;90
290;509
291;5
291;18
291;34
291;42
291;111
291;170
292;7
292;11
292;34
292;62
292;133
292;301
293;4
293;15
293;33
293;67
293;90
293;291
294;4
294;12
294;20
294;44
294;133
294;290
295;7
295;11
295;25
295;50
295;126
295;302
296;4
296;11
296;25
296;50
296;151
296;177
297;7
297;12
297;25
297;49
297;98
297;220
298;7
298;10
298;34
298;45
298;90
298;270
299;4
299;17
299;22
299;45
299;89
299;181
300;3
300;12
300;21
300;42
300;83
300;288
301;9
301;13
301;25
301;50
301;101
301;200
302;7
302;17
302;25
302;50
302;150
302;452
303;9
303;15
303;25
303;51
303;151
303;176
304;6
304;17
304;34
304;56
304;85
304;169
305;4
305;18
305;28
305;56
305;84
305;168
306;3
306;19
306;28
306;42
306;131
306;296
307;2
307;17
307;30
307;60
307;120
307;449
308;7
308;17
308;33
308;58
308;84
308;437
309;9
309;12
309;20
309;42
309;151
309;229
310;6
310;10
310;34
310;56
310;84
310;168
311;5
311;11
311;28
311;56
311;84
311;168
312;4
312;11
312;25
312;42
312;89
312;167
313;4
313;11
313;37
313;40
313;92
313;183
314;4
314;11
314;22
314;67
314;111
314;168
315;4
315;11
315;33
315;40
315;86
315;503
316;4
316;19
316;20
316;76
316;132
316;483
317;3
317;19
317;20
317;76
317;133
317;167
318;5
318;19
318;22
318;67
318;133
318;464
319;1
319;19
319;22
319;66
319;135
319;160
320;7
320;19
320;33
320;76
320;133
320;174
321;9
321;18
321;34
321;66
321;132
321;492
322;9
322;19
322;33
322;76
322;95
322;168
323;5
323;19
323;33
323;76
323;133
323;169
324;7
324;19
324;34
324;67
324;134
324;224
325;9
325;19
325;25
325;73
325;145
325;163
326;9
326;19
326;36
326;65
326;132
326;486
327;8
327;19
327;39
327;45
327;121
327;236
328;0
328;19
328;28
328;56
328;159
328;164
329;8
329;13
329;28
329;56
329;141
329;168
330;9
330;19
330;28
330;57
330;84
330;168
331;2
331;19
331;28
331;56
331;84
331;170
332;9
332;19
332;22
332;57
332;113
332;171
333;3
333;18
333;28
333;56
333;140
333;199
334;0
334;18
334;28
334;56
334;84
334;196
335;6
335;19
335;28
335;57
335;85
335;197
336;9
336;19
336;32
336;68
336;132
336;163
337;9
337;17
337;31
337;56
337;133
337;160
338;7
338;19
338;25
338;50
338;125
338;301
339;8
339;10
339;26
339;76
339;101
339;329
340;4
340;13
340;25
340;74
340;99
340;371
341;4
341;17
341;25
341;76
341;126
341;168
342;4
342;17
342;25
342;75
342;126
342;169
343;4
343;13
343;25
343;50
343;85
343;166
344;4
344;13
344;25
344;50
344;84
344;166
345;4
345;17
345;23
345;42
345;133
345;166
346;4
346;17
346;34
346;50
346;84
346;186
347;4
347;12
347;25
347;50
347;84
347;498
348;4
348;13
348;33
348;42
348;84
348;510
349;4
349;17
349;33
349;42
349;133
349;303
350;4
350;17
350;33
350;51
350;85
350;169
351;4
351;17
351;20
351;42
351;84
351;168
352;4
352;12
352;22
352;67
352;111
352;467
353;8
353;13
353;25
353;50
353;100
353;315
354;9
354;13
354;25
354;50
354;100
354;326
355;8
355;17
355;25
355;50
355;101
355;352
356;8
356;12
356;25
356;49
356;99
356;322
357;4
357;12
357;23
357;46
357;96
357;290
358;4
358;13
358;21
358;50
358;89
358;507
359;4
359;17
359;33
359;75
359;97
359;480
360;4
360;18
360;21
360;51
360;100
360;188
361;4
361;17
361;33
361;50
361;133
361;439
362;4
362;17
362;34
362;46
362;121
362;464
363;5
363;14
363;33
363;42
363;145
363;161
364;5
364;10
364;33
364;57
364;151
364;308
365;5
365;10
365;33
365;68
365;84
365;167
366;5
366;10
366;22
366;67
366;112
366;161
367;5
367;10
367;24
367;69
367;115
367;326
368;5
368;10
368;25
368;50
368;126
368;176
369;5
369;19
369;24
369;48
369;122
369;370
370;5
370;18
370;23
370;49
370;93
370;482
371;5
371;17
371;33
371;50
371;125
371;450
372;9
372;17
372;28
372;66
372;100
372;166
373;9
373;10
373;20
373;66
373;116
373;473
374;9
374;10
374;37
374;45
374;111
374;201
375;9
375;10
375;24
375;67
375;96
375;325
376;9
376;14
376;22
376;67
376;89
376;332
377;5
377;14
377;25
377;76
377;101
377;355
378;5
378;19
378;25
378;76
378;126
378;353
379;5
379;10
379;25
379;74
379;124
379;348
380;5
380;10
380;25
380;74
380;127
380;384
381;5
381;10
381;20
381;47
381;84
381;409
382;5
382;19
382;20
382;47
382;101
382;425
383;5
383;10
383;28
383;75
383;90
383;500
384;5
384;18
384;34
384;50
384;90
384;279
385;5
385;17
385;34
385;67
385;134
385;166
386;5
386;15
386;28
386;75
386;156
386;169
387;4
387;12
387;22
387;67
387;89
387;179
388;4
388;11
388;25
388;45
388;88
388;177
389;4
389;19
389;20
389;63
389;105
389;378
390;4
390;19
390;20
390;42
390;105
390;168
391;4
391;19
391;38
391;40
391;80
391;305
392;4
392;11
392;21
392;41
392;83
392;250
393;4
393;19
393;37
393;45
393;86
393;283
394;4
394;19
394;34
394;68
394;134
394;168
395;7
395;17
395;33
395;50
395;82
395;333
396;7
396;17
396;24
396;45
396;84
396;203
397;8
397;19
397;38
397;75
397;132
397;187
398;8
398;19
398;38
398;76
398;95
398;305
399;7
399;19
399;21
399;64
399;85
399;169
400;4
400;11
400;21
400;63
400;84
400;168
401;4
401;11
401;37
401;63
401;84
401;169
402;4
402;19
402;38
402;40
402;113
402;213
403;4
403;19
403;38
403;63
403;84
403;245
404;4
404;19
404;37
404;50
404;105
404;167
405;4
405;11
405;38
405;75
405;84
405;169
406;8
406;11
406;38
406;75
406;84
406;170
407;4
407;19
407;38
407;50
407;112
407;282
408;4
408;19
408;38
408;75
408;150
408;225
409;4
409;19
409;37
409;75
409;150
409;278
410;4
410;15
410;37
410;56
410;94
410;185
411;4
411;11
411;38
411;40
411;92
411;261
412;4
412;11
412;38
412;42
412;112
412;217
413;4
413;19
413;38
413;40
413;94
413;186
414;7
414;11
414;38
414;56
414;84
414;205
415;7
415;19
415;37
415;75
415;89
415;209
416;8
416;19
416;37
416;42
416;87
416;206
417;8
417;19
417;38
417;53
417;87
417;205
418;7
418;19
418;37
418;50
418;91
418;165
419;7
419;11
419;38
419;41
419;87
419;164
420;4
420;11
420;37
420;50
420;83
420;226
421;4
421;19
421;23
421;72
421;141
421;482
422;4
422;19
422;37
422;40
422;120
422;236
423;4
423;19
423;26
423;50
423;155
423;174
424;4
424;11
424;28
424;57
424;85
424;170
425;4
425;19
425;28
425;57
425;141
425;169
426;4
426;11
426;28
426;56
426;85
426;169
427;4
427;19
427;23
427;56
427;142
427;171
428;4
428;19
428;29
428;56
428;141
428;168
429;7
429;14
429;28
429;56
429;112
429;198
430;8
430;15
430;28
430;56
430;85
430;197
431;7
431;15
431;29
431;57
431;86
431;170
432;8
432;15
432;33
432;67
432;100
432;165
433;8
433;19
433;25
433;75
433;124
433;299
434;7
434;14
434;25
434;75
434;100
434;326
435;4
435;17
435;25
435;75
435;100
435;166
436;4
436;17
436;25
436;75
436;100
436;169
437;4
437;17
437;25
437;75
437;126
437;352
438;4
438;12
438;25
438;75
438;84
438;166
439;8
439;13
439;25
439;50
439;84
439;167
440;8
440;13
440;24
440;50
440;85
440;169
441;8
441;17
441;20
441;50
441;85
441;432
442;8
442;12
442;21
442;75
442;85
442;168
443;8
443;12
443;24
443;50
443;85
443;491
444;4
444;13
444;34
444;50
444;84
444;187
445;4
445;17
445;33
445;51
445;134
445;167
446;4
446;17
446;21
446;68
446;114
446;347
447;4
447;19
447;22
447;66
447;110
447;332
448;4
448;13
448;23
448;68
448;92
448;344
449;4
449;13
449;25
449;75
449;100
449;332
450;4
450;13
450;25
450;76
450;127
450;330
451;4
451;17
451;25
451;75
451;125
451;352
452;4
452;16
452;25
452;50
452;126
452;374
453;4
453;13
453;22
453;42
453;84
453;354
454;4
454;16
454;21
454;50
454;115
454;283
455;4
455;17
455;23
455;50
455;113
455;500
456;8
456;16
456;34
456;42
456;83
456;279
457;8
457;17
457;34
457;67
457;151
457;166
458;8
458;17
458;28
458;74
458;156
458;160
459;5
459;10
459;29
459;43
459;132
459;166
460;5
460;10
460;20
460;56
460;134
460;172
461;5
461;10
461;35
461;48
461;99
461;162
462;5
462;10
462;33
462;69
462;156
462;161
463;5
463;14
463;25
463;50
463;125
463;172
464;5
464;10
464;24
464;46
464;100
464;160
465;9
465;18
465;37
465;56
465;89
465;364
466;9
466;17
466;33
466;50
466;84
466;198
467;9
467;17
467;34
467;51
467;84
467;200
468;9
468;10
468;34
468;67
468;83
468;166
469;5
469;10
469;33
469;56
469;112
469;166
470;5
470;14
470;28
470;44
470;156
470;168
471;5
471;19
471;22
471;67
471;90
471;471
472;5
472;10
472;25
472;76
472;98
472;329
473;5
473;10
473;25
473;76
473;101
473;331
474;5
474;10
474;25
474;75
474;125
474;352
475;5
475;10
475;25
475;50
475;125
475;165
476;5
476;10
476;23
476;56
476;128
476;169
477;5
477;17
477;24
477;50
477;112
477;286
478;5
478;19
478;23
478;76
478;104
478;444
479;5
479;17
479;33
479;41
479;83
479;278
480;9
480;17
480;34
480;51
480;84
480;486
481;9
481;10
481;25
481;68
481;153
481;161
482;8
482;12
482;25
482;70
482;154
482;160
483;8
483;11
483;22
483;44
483;159
483;160
484;4
484;19
484;21
484;43
484;156
484;164
485;4
485;11
485;38
485;42
485;149
485;169
486;4
486;19
486;38
486;40
486;89
486;168
487;4
487;19
487;39
487;40
487;81
487;306
488;4
488;19
488;37
488;75
488;149
488;169
489;4
489;18
489;37
489;44
489;100
489;160
490;4
490;17
490;33
490;67
490;133
490;167
491;4
491;17
491;34
491;41
491;134
491;469
492;4
492;17
492;37
492;76
492;135
492;188
493;4
493;19
493;38
493;76
493;95
493;169
494;4
494;19
494;20
494;42
494;84
494;168
495;4
495;11
495;21
495;42
495;84
495;168
496;4
496;11
496;21
496;42
496;107
496;169
497;4
497;19
497;20
497;41
497;85
497;166
498;4
498;19
498;37
498;42
498;113
498;168
499;7
499;19
499;38
499;42
499;113
499;169
500;7
500;19
500;38
500;42
500;84
500;210
501;7
501;19
501;34
501;42
501;84
501;170
502;8
502;11
502;33
502;42
502;85
502;445
503;8
503;18
503;38
503;41
503;134
503;161
504;4
504;19
504;38
504;40
504;113
504;226
505;4
505;19
505;38
505;75
505;94
505;452
506;4
506;19
506;38
506;45
506;94
506;432
507;4
507;19
507;38
507;42
507;94
507;432
508;4
508;19
508;37
508;75
508;112
508;399
509;4
509;19
509;38
509;43
509;99
509;411
510;4
510;11
510;22
510;42
510;89
510;446
511;4
511;11
511;23
511;43
511;90
511;355
512;4
512;19
512;22
512;44
512;89
512;222
513;4
513;19
513;22
513;44
513;89
513;423
514;4
514;19
514;22
514;45
514;89
514;377
515;4
515;19
515;22
515;45
515;90
515;418
516;4
516;11
516;23
516;45
516;91
516;178
517;4
517;16
517;25
517;49
517;100
517;425
518;4
518;19
518;25
518;50
518;100
518;164
519;6
519;19
519;25
519;75
519;100
519;200
520;6
520;19
520;24
520;41
520;89
520;173
521;8
521;18
521;25
521;56
521;101
521;469
522;8
522;19
522;25
522;50
522;98
522;162
523;9
523;19
523;22
523;50
523;90
523;199
524;5
524;19
524;22
524;50
524;100
524;251
525;9
525;19
525;25
525;48
525;92
525;200
526;1
526;19
526;25
526;48
526;100
526;257
527;7
527;19
527;25
527;49
527;100
527;350
528;9
528;19
528;28
528;49
528;100
528;352
529;8
529;19
529;28
529;49
529;98
529;350
530;9
530;10
530;24
530;49
530;143
530;404
531;5
531;12
531;25
531;50
531;151
531;415
532;4
532;12
532;25
532;50
532;125
532;327
533;4
533;13
533;25
533;50
533;125
533;300
534;4
534;13
534;25
534;49
534;125
534;301
535;4
535;13
535;25
535;75
535;100
535;351
536;4
536;12
536;25
536;50
536;100
536;443
537;4
537;13
537;25
537;75
537;101
537;350
538;4
538;17
538;25
538;50
538;100
538;324
539;8
539;10
539;26
539;59
539;149
539;387
540;5
540;10
540;33
540;65
540;93
540;397
541;4
541;12
541;33
541;67
541;100
541;167
542;4
542;13
542;34
542;67
542;96
542;168
543;4
543;13
543;33
543;67
543;133
543;268
544;4
544;12
544;25
544;67
544;134
544;402
545;4
545;12
545;33
545;67
545;134
545;401
546;4
546;12
546;34
546;67
546;134
546;302
547;4
547;18
547;33
547;66
547;101
547;164
548;8
548;10
548;37
548;75
548;113
548;396
549;5
549;13
549;38
549;67
549;83
549;304
550;4
550;12
550;34
550;42
550;126
550;169
551;4
551;12
551;35
551;42
551;84
551;169
552;4
552;13
552;34
552;42
552;84
552;380
553;4
553;12
553;37
553;42
553;84
553;379
554;4
554;19
554;37
554;42
554;84
554;379
555;2
555;19
555;22
555;42
555;84
555;379
556;2
556;18
556;39
556;42
556;84
556;164
557;6
557;10
557;37
557;40
557;87
557;169
558;5
558;14
558;22
558;45
558;90
558;406
559;5
559;14
559;23
559;50
559;101
559;406
560;7
560;10
560;21
560;50
560;100
560;300
561;5
561;14
561;37
561;50
561;150
561;301
562;5
562;14
562;38
562;50
562;100
562;300
563;5
563;14
563;22
563;50
563;100
563;301
564;5
564;14
564;38
564;50
564;150
564;301
565;5
565;10
565;22
565;50
565;99
565;231
566;5
566;10
566;22
566;50
566;126
566;334
567;5
567;16
567;38
567;50
567;101
567;164
568;5
568;10
568;23
568;50
568;101
568;404
569;5
569;10
569;22
569;50
569;101
569;301
570;5
570;10
570;37
570;50
570;84
570;405
571;5
571;17
571;36
571;67
571;80
571;401
572;6
572;15
572;38
572;76
572;151
572;373
573;5
573;14
573;39
573;42
573;85
573;171
574;5
574;14
574;39
574;67
574;84
574;395
575;5
575;14
575;38
575;74
575;150
575;186
576;5
576;10
576;38
576;76
576;151
576;302
577;5
577;17
577;37
577;74
577;111
577;185
578;7
578;10
578;38
578;75
578;153
578;168
579;4
579;12
579;23
579;76
579;151
579;188
580;4
580;11
580;39
580;74
580;150
580;402
581;4
581;11
581;22
581;75
581;90
581;193
582;4
582;11
582;37
582;75
582;151
582;226
583;4
583;11
583;22
583;75
583;101
583;411
584;4
584;11
584;22
584;75
584;100
584;266
585;4
585;11
585;38
585;75
585;150
585;166
586;4
586;12
586;20
586;75
586;80
586;172
587;6
587;10
587;21
587;45
587;89
587;268
588;4
588;11
588;22
588;50
588;89
588;264
589;4
589;11
589;38
589;77
589;85
589;230
590;4
590;11
590;22
590;44
590;90
590;179
591;4
591;11
591;22
591;45
591;89
591;178
592;4
592;11
592;38
592;45
592;89
592;178
593;4
593;11
593;37
593;45
593;89
593;225
594;4
594;11
594;23
594;67
594;84
594;178
595;4
595;12
595;20
595;42
595;111
595;169
596;6
596;10
596;39
596;40
596;114
596;303
597;4
597;11
597;33
597;42
597;85
597;170
598;4
598;11
598;26
598;50
598;83
598;480
599;4
599;11
599;37
599;75
599;112
599;373
600;4
600;11
600;38
600;75
600;150
600;414
601;4
601;11
601;37
601;76
601;112
601;180
602;3
602;19
602;37
602;75
602;83
602;272
603;2
603;19
603;37
603;75
603;151
603;188
604;9
604;12
604;22
604;74
604;83
604;361
605;5
605;12
605;23
605;75
605;150
605;193
606;4
606;11
606;37
606;75
606;151
606;225
607;4
607;11
607;20
607;75
607;85
607;187
608;6
608;10
608;37
608;75
608;113
608;188
609;4
609;11
609;38
609;75
609;151
609;188
610;4
610;11
610;23
610;44
610;90
610;461
611;4
611;11
611;37
611;75
611;89
611;267
612;4
612;11
612;38
612;76
612;89
612;225
613;4
613;11
613;38
613;66
613;85
613;206
614;4
614;11
614;25
614;44
614;89
614;229
615;4
615;11
615;23
615;45
615;89
615;268
616;4
616;11
616;22
616;75
616;80
616;404
617;4
617;11
617;25
617;74
617;89
617;224
618;4
618;11
618;38
618;67
618;133
618;400
619;4
619;12
619;26
619;68
619;134
619;404
620;7
620;15
620;38
620;75
620;89
620;187
621;7
621;15
621;23
621;76
621;90
621;300
622;7
622;15
622;22
622;50
622;112
622;351
623;7
623;15
623;23
623;75
623;112
623;289
624;7
624;19
624;28
624;49
624;100
624;226
625;8
625;11
625;20
625;66
625;145
625;398
626;5
626;10
626;25
626;50
626;151
626;508
627;5
627;13
627;25
627;50
627;150
627;451
628;4
628;13
628;25
628;50
628;150
628;399
629;4
629;13
629;25
629;50
629;125
629;351
630;4
630;13
630;25
630;50
630;100
630;302
631;4
631;13
631;25
631;50
631;100
631;443
632;4
632;13
632;25
632;50
632;100
632;351
633;4
633;12
633;25
633;50
633;100
633;299
634;9
634;10
634;20
634;58
634;86
634;309
635;5
635;16
635;25
635;60
635;149
635;389
636;5
636;13
636;34
636;67
636;101
636;303
637;4
637;12
637;34
637;67
637;101
637;302
638;4
638;13
638;25
638;67
638;133
638;300
639;4
639;13
639;33
639;67
639;134
639;402
640;4
640;13
640;26
640;67
640;134
640;402
641;4
641;12
641;34
641;67
641;134
641;301
642;4
642;13
642;33
642;67
642;134
642;300
643;9
643;10
643;33
643;74
643;151
643;398
644;5
644;15
644;38
644;78
644;151
644;416
645;5
645;13
645;25
645;42
645;127
645;170
646;4
646;13
646;26
646;42
646;127
646;169
647;4
647;13
647;33
647;42
647;84
647;379
648;4
648;12
648;38
648;42
648;84
648;379
649;4
649;10
649;28
649;42
649;84
649;379
650;3
650;19
650;33
650;42
650;84
650;380
651;2
651;19
651;39
651;43
651;127
651;164
652;8
652;10
652;38
652;45
652;90
652;331
653;5
653;14
653;22
653;45
653;91
653;316
654;5
654;19
654;34
654;50
654;99
654;406
655;9
655;10
655;20
655;50
655;101
655;301
656;5
656;14
656;34
656;50
656;100
656;351
657;5
657;14
657;23
657;50
657;150
657;300
658;5
658;19
658;34
658;50
658;100
658;301
659;5
659;14
659;28
659;50
659;100
659;300
660;5
660;14
660;23
660;50
660;100
660;401
661;5
661;10
661;22
661;50
661;101
661;206
662;5
662;10
662;38
662;41
662;134
662;410
663;5
663;19
663;22
663;67
663;84
663;402
664;5
664;19
664;22
664;50
664;101
664;200
665;5
665;10
665;22
665;50
665;150
665;411
666;5
666;19
666;23
666;50
666;100
666;367
667;6
667;10
667;38
667;73
667;114
667;373
668;5
668;14
668;37
668;40
668;81
668;170
669;5
669;14
669;37
669;78
669;127
669;416
670;5
670;14
670;38
670;40
670;85
670;423
671;5
671;14
671;37
671;75
671;151
671;301
672;5
672;10
672;37
672;74
672;150
672;300
673;8
673;10
673;30
673;74
673;154
673;167
674;5
674;13
674;38
674;75
674;85
674;321
675;4
675;11
675;34
675;75
675;150
675;188
676;4
676;11
676;38
676;75
676;84
676;168
677;4
677;11
677;38
677;75
677;150
677;404
678;4
678;11
678;38
678;75
678;113
678;188
679;4
679;11
679;37
679;75
679;150
679;167
680;4
680;11
680;38
680;75
680;151
680;411
681;4
681;11
681;37
681;75
681;150
681;226
682;8
682;10
682;38
682;45
682;90
682;181
683;5
683;14
683;38
683;76
683;90
683;182
684;4
684;11
684;38
684;75
684;88
684;202
685;4
685;11
685;30
685;75
685;96
685;260
686;4
686;11
686;30
686;45
686;89
686;410
687;4
687;11
687;30
687;45
687;89
687;182
688;4
688;11
688;37
688;45
688;89
688;225
689;4
689;11
689;33
689;67
689;89
689;410
690;4
690;19
690;39
690;44
690;113
690;203
691;8
691;10
691;38
691;73
691;115
691;374
692;5
692;13
692;37
692;43
692;86
692;297
693;4
693;11
693;37
693;78
693;89
693;415
694;4
694;11
694;38
694;75
694;151
694;298
695;4
695;11
695;38
695;76
695;151
695;302
696;4
696;11
696;37
696;75
696;151
696;300
697;4
697;19
697;37
697;74
697;154
697;167
698;2
698;17
698;38
698;76
698;85
698;188
699;2
699;14
699;37
699;75
699;101
699;188
700;6
700;12
700;38
700;75
700;150
700;193
701;4
701;11
701;37
701;67
701;150
701;402
702;4
702;11
702;20
702;75
702;112
702;171
703;7
703;10
703;21
703;75
703;113
703;264
704;4
704;13
704;37
704;75
704;150
704;410
705;4
705;11
705;33
705;75
705;101
705;226
706;4
706;11
706;38
706;75
706;90
706;268
707;4
707;11
707;37
707;76
707;80
707;168
708;4
708;11
708;38
708;78
708;85
708;231
709;4
709;11
709;37
709;44
709;96
709;220
710;4
710;11
710;37
710;44
710;134
710;214
711;4
711;11
711;25
711;76
711;82
711;166
712;4
712;11
712;37
712;74
712;89
712;169
713;4
713;16
713;25
713;66
713;89
713;410
714;4
714;14
714;26
714;67
714;134
714;410
715;8
715;10
715;25
715;75
715;113
715;189
716;7
716;14
716;24
716;75
716;90
716;187
717;7
717;15
717;38
717;45
717;89
717;404
718;7
718;15
718;24
718;50
718;88
718;297
719;7
719;15
719;24
719;45
719;150
719;410
720;7
720;15
720;25
720;44
720;81
720;511
721;7
721;17
721;22
721;67
721;90
721;362
722;5
722;17
722;22
722;68
722;135
722;179
723;4
723;13
723;24
723;75
723;112
723;343
724;4
724;16
724;25
724;50
724;100
724;351
725;4
725;12
725;25
725;50
725;101
725;224
726;4
726;12
726;24
726;67
726;152
726;172
727;4
727;18
727;22
727;45
727;90
727;181
728;4
728;19
728;24
728;44
728;112
728;199
729;9
729;15
729;23
729;66
729;84
729;279
730;9
730;15
730;25
730;50
730;124
730;174
731;8
731;16
731;25
731;50
731;126
731;177
732;1
732;19
732;24
732;41
732;82
732;463
733;5
733;19
733;25
733;51
733;155
733;162
734;9
734;11
734;28
734;57
734;85
734;170
735;6
735;19
735;25
735;56
735;139
735;165
736;9
736;16
736;30
736;60
736;150
736;180
737;9
737;16
737;29
737;59
737;89
737;385
738;9
738;10
738;25
738;41
738;139
738;456
739;4
739;13
739;28
739;56
739;84
739;449
740;4
740;12
740;28
740;56
740;83
740;170
741;4
741;17
741;25
741;46
741;81
741;379
742;4
742;19
742;20
742;40
742;111
742;450
743;4
743;12
743;25
743;75
743;112
743;451
744;4
744;19
744;38
744;57
744;113
744;326
745;5
745;10
745;37
745;56
745;131
745;449
746;5
746;19
746;38
746;57
746;95
746;424
747;5
747;18
747;37
747;57
747;93
747;428
748;5
748;19
748;20
748;56
748;94
748;419
749;5
749;14
749;38
749;46
749;94
749;426
750;5
750;14
750;24
750;56
750;96
750;430
751;5
751;17
751;33
751;56
751;84
751;180
752;4
752;17
752;33
752;57
752;93
752;166
753;0
753;19
753;38
753;57
753;94
753;438
754;3
754;19
754;37
754;57
754;93
754;415
755;9
755;19
755;37
755;57
755;93
755;391
756;1
756;17
756;37
756;56
756;93
756;400
757;2
757;19
757;37
757;56
757;94
757;399
758;9
758;19
758;37
758;49
758;95
758;391
759;9
759;17
759;37
759;49
759;93
759;164
760;8
760;16
760;38
760;49
760;93
760;270
761;9
761;17
761;24
761;49
761;94
761;176
762;8
762;14
762;22
762;50
762;159
762;165
763;5
763;14
763;25
763;46
763;93
763;167
764;5
764;14
764;37
764;44
764;151
764;161
765;5
765;14
765;28
765;50
765;134
765;290
766;5
766;14
766;25
766;48
766;151
766;495
767;5
767;14
767;24
767;50
767;93
767;173
768;5
768;10
768;20
768;41
768;81
768;378
769;5
769;15
769;22
769;44
769;111
769;351
770;4
770;11
770;22
770;45
770;112
770;289
771;4
771;11
771;21
771;45
771;91
771;292
772;7
772;11
772;25
772;50
772;101
772;454
773;7
773;11
773;25
773;50
773;101
773;478
774;8
774;10
774;20
774;50
774;90
774;229
775;5
775;10
775;22
775;67
775;90
775;360
776;4
776;10
776;22
776;67
776;89
776;446
777;3
777;18
777;23
777;45
777;136
777;160
778;2
778;19
778;25
778;50
778;100
778;199
779;9
779;19
779;25
779;49
779;98
779;451
780;9
780;11
780;25
780;51
780;103
780;466
781;5
781;10
781;28
781;57
781;85
781;170
782;4
782;12
782;28
782;56
782;84
782;336
783;2
783;19
783;29
783;60
783;149
783;176
784;2
784;15
784;30
784;60
784;119
784;327
785;0
785;15
785;30
785;60
785;89
785;358
786;9
786;10
786;30
786;60
786;89
786;220
787;5
787;10
787;29
787;59
787;88
787;354
788;7
788;11
788;28
788;56
788;113
788;168
789;8
789;11
789;24
789;63
789;152
789;179
790;7
790;19
790;21
790;56
790;119
790;433
791;4
791;11
791;22
791;45
791;89
791;181
792;9
792;10
792;20
792;55
792;93
792;416
793;5
793;15
793;20
793;41
793;102
793;478
794;4
794;15
794;22
794;44
794;109
794;434
795;4
795;15
795;22
795;45
795;90
795;380
796;4
796;15
796;38
796;45
796;113
796;165
797;4
797;15
797;28
797;45
797;89
797;169
798;9
798;10
798;20
798;45
798;95
798;220
799;5
799;10
799;34
799;67
799;99
799;168
800;4
800;16
800;34
800;67
800;101
800;168
801;2
801;19
801;34
801;68
801;101
801;167
802;2
802;19
802;35
802;66
802;100
802;168
803;8
803;15
803;33
803;67
803;99
803;166
804;9
804;10
804;20
804;44
804;99
804;167
805;5
805;10
805;28
805;67
805;85
805;166
806;4
806;19
806;28
806;56
806;84
806;167
807;2
807;14
807;28
807;51
807;84
807;165
808;9
808;16
808;28
808;50
808;84
808;166
809;6
809;16
809;28
809;56
809;113
809;167
810;9
810;10
810;39
810;40
810;85
810;167
811;4
811;12
811;23
811;42
811;113
811;298
812;4
812;11
812;22
812;42
812;84
812;502
813;4
813;11
813;34
813;42
813;84
813;291
814;4
814;17
814;33
814;42
814;84
814;495
815;4
815;11
815;34
815;42
815;84
815;486
816;9
816;10
816;25
816;42
816;121
816;507
817;5
817;10
817;23
817;42
817;92
817;160
818;8
818;17
818;25
818;51
818;127
818;178
819;4
819;12
819;22
819;44
819;133
819;463
820;4
820;10
820;22
820;44
820;84
820;181
821;8
821;12
821;25
821;45
821;85
821;483
822;8
822;10
822;20
822;65
822;85
822;172
823;5
823;10
823;21
823;63
823;84
823;169
824;3
824;19
824;21
824;42
824;127
824;161
825;2
825;19
825;20
825;42
825;158
825;160
826;2
826;19
826;38
826;75
826;94
826;169
827;8
827;19
827;38
827;75
827;90
827;169
828;8
828;10
828;37
828;56
828;94
828;300
829;5
829;19
829;38
829;56
829;131
829;394
830;3
830;18
830;37
830;55
830;132
830;298
831;2
831;17
831;34
831;45
831;90
831;257
832;2
832;17
832;33
832;50
832;133
832;275
833;8
833;17
833;33
833;50
833;83
833;229
834;8
834;10
834;33
834;67
834;84
834;167
835;5
835;17
835;34
835;50
835;131
835;168
836;4
836;17
836;25
836;45
836;90
836;485
837;4
837;16
837;21
837;42
837;104
837;442
838;4
838;10
838;21
838;63
838;84
838;399
839;8
839;13
839;22
839;45
839;89
839;418
840;8
840;10
840;21
840;56
840;93
840;412
841;5
841;10
841;33
841;56
841;93
841;356
842;5
842;19
842;38
842;57
842;94
842;438
843;5
843;19
843;20
843;41
843;84
843;454
844;5
844;10
844;21
844;42
844;84
844;401
845;9
845;10
845;21
845;42
845;84
845;230
846;8
846;10
846;21
846;50
846;84
846;443
847;5
847;10
847;21
847;50
847;84
847;402
848;3
848;19
848;21
848;50
848;100
848;393
849;2
849;19
849;20
849;50
849;113
849;393
850;3
850;19
850;28
850;50
850;150
850;270
851;9
851;16
851;28
851;50
851;100
851;287
852;8
852;10
852;20
852;50
852;100
852;161
853;5
853;19
853;20
853;50
853;150
853;434
854;3
854;19
854;20
854;50
854;100
854;373
855;2
855;19
855;38
855;50
855;100
855;175
856;2
856;19
856;20
856;45
856;90
856;276
857;9
857;15
857;20
857;50
857;101
857;229
858;7
858;11
858;22
858;45
858;100
858;170
859;5
859;11
859;22
859;45
859;94
859;175
860;5
860;11
860;23
860;45
860;144
860;197
861;6
861;11
861;27
861;45
861;88
861;178
862;6
862;11
862;28
862;50
862;112
862;177
863;5
863;17
863;21
863;48
863;89
863;175
864;7
864;10
864;22
864;66
864;88
864;173
865;4
865;11
865;22
865;67
865;90
865;290
866;7
866;11
866;23
866;45
866;90
866;474
867;7
867;11
867;22
867;50
867;126
867;301
868;8
868;11
868;22
868;50
868;150
868;176
869;7
869;15
869;20
869;50
869;150
869;229
870;7
870;10
870;24
870;48
870;89
870;160
871;4
871;10
871;22
871;67
871;90
871;292
872;3
872;19
872;22
872;45
872;157
872;290
873;2
873;19
873;25
873;51
873;101
873;278
874;2
874;19
874;25
874;50
874;101
874;179
875;9
875;13
875;20
875;45
875;90
875;166
876;7
876;10
876;38
876;56
876;85
876;167
877;4
877;10
877;28
877;56
877;84
877;168
878;3
878;19
878;38
878;56
878;84
878;169
879;2
879;19
879;30
879;60
879;149
879;179
880;2
880;19
880;30
880;60
880;149
880;179
881;9
881;13
881;20
881;59
881;148
881;178
882;6
882;10
882;30
882;60
882;90
882;181
883;5
883;11
883;27
883;56
883;141
883;168
884;4
884;15
884;38
884;41
884;90
884;494
885;4
885;19
885;38
885;40
885;149
885;179
886;4
886;15
886;38
886;44
886;149
886;179
887;4
887;11
887;20
887;44
887;107
887;440
888;7
888;19
888;39
888;40
888;101
888;458
889;4
889;11
889;22
889;45
889;90
889;468
890;4
890;15
890;22
890;44
890;89
890;463
891;4
891;11
891;22
891;45
891;89
891;479
892;4
892;15
892;22
892;45
892;89
892;161
893;4
893;12
893;20
893;49
893;158
893;229
894;6
894;11
894;37
894;50
894;127
894;167
895;4
895;19
895;37
895;75
895;139
895;330
896;3
896;19
896;38
896;67
896;130
896;453
897;2
897;19
897;38
897;66
897;90
897;455
898;2
898;19
898;24
898;47
898;90
898;286
899;9
899;12
899;20
899;44
899;134
899;282
900;6
900;10
900;31
900;61
900;152
900;183
901;4
901;19
901;34
901;66
901;131
901;165
902;3
902;19
902;33
902;67
902;100
902;300
903;2
903;19
903;33
903;50
903;158
903;161
904;6
904;19
904;25
904;50
904;140
904;167
905;8
905;12
905;22
905;50
905;152
905;229
906;5
906;15
906;25
906;64
906;92
906;337
907;4
907;11
907;34
907;67
907;101
907;335
908;4
908;10
908;33
908;67
908;133
908;168
909;4
909;11
909;35
909;65
909;89
909;164
910;4
910;15
910;24
910;56
910;141
910;166
911;4
911;12
911;20
911;42
911;150
911;164
912;4
912;16
912;33
912;60
912;90
912;302
913;4
913;12
913;33
913;60
913;90
913;182
914;4
914;13
914;33
914;67
914;101
914;235
915;4
915;12
915;33
915;67
915;134
915;201
916;4
916;12
916;25
916;65
916;100
916;196
917;9
917;11
917;24
917;49
917;158
917;229
918;5
918;10
918;34
918;67
918;133
918;179
919;4
919;17
919;24
919;51
919;133
919;168
920;3
920;16
920;25
920;67
920;101
920;235
921;2
921;17
921;22
921;50
921;133
921;199
922;0
922;16
922;33
922;71
922;149
922;468
923;9
923;11
923;20
923;79
923;80
923;362
924;5
924;10
924;30
924;60
924;91
924;211
925;4
925;17
925;34
925;68
925;134
925;336
926;3
926;17
926;33
926;66
926;133
926;333
927;2
927;17
927;34
927;67
927;134
927;306
928;0
928;17
928;38
928;67
928;101
928;332
929;9
929;10
929;34
929;69
929;103
929;239
930;5
930;14
930;37
930;74
930;111
930;188
931;4
931;10
931;29
931;56
931;142
931;170
932;4
932;10
932;28
932;56
932;140
932;168
933;4
933;13
933;29
933;58
933;145
933;175
934;4
934;12
934;33
934;63
934;134
934;169
935;4
935;10
935;20
935;57
935;140
935;280
936;5
936;10
936;33
936;56
936;84
936;309
937;5
937;14
937;22
937;56
937;112
937;170
938;5
938;10
938;28
938;56
938;84
938;197
939;5
939;10
939;27
939;56
939;140
939;166
940;5
940;10
940;25
940;45
940;99
940;198
941;9
941;10
941;20
941;45
941;89
941;161
942;5
942;10
942;33
942;45
942;134
942;267
943;4
943;17
943;22
943;45
943;145
943;301
944;2
944;17
944;22
944;67
944;83
944;162
945;2
945;17
945;33
945;67
945;84
945;160
946;9
946;17
946;38
946;67
946;149
946;476
947;9
947;10
947;20
947;71
947;138
947;397
948;5
948;10
948;34
948;67
948;134
948;168
949;4
949;17
949;34
949;67
949;100
949;368
950;2
950;17
950;33
950;51
950;133
950;231
951;8
951;19
951;28
951;50
951;112
951;306
952;7
952;17
952;28
952;50
952;85
952;169
953;9
953;10
953;33
953;58
953;142
953;170
954;5
954;14
954;33
954;59
954;134
954;267
955;5
955;14
955;33
955;67
955;101
955;168
956;5
956;14
956;30
956;67
956;89
956;166
957;5
957;10
957;28
957;56
957;113
957;169
958;5
958;10
958;33
958;42
958;111
958;309
959;9
959;10
959;29
959;60
959;122
959;384
960;5
960;11
960;33
960;66
960;99
960;334
961;4
961;11
961;33
961;67
961;134
961;168
962;4
962;11
962;34
962;67
962;133
962;371
963;4
963;11
963;33
963;67
963;133
963;201
964;7
964;11
964;34
964;60
964;90
964;178
965;8
965;10
965;30
965;60
965;149
965;179
966;5
966;10
966;34
966;67
966;134
966;381
967;3
967;17
967;33
967;56
967;84
967;388
968;8
968;17
968;28
968;56
968;85
968;310
969;8
969;12
969;33
969;56
969;84
969;169
970;9
970;12
970;34
970;55
970;82
970;165
971;8
971;10
971;34
971;51
971;84
971;167
972;5
972;17
972;34
972;51
972;150
972;161
973;3
973;19
973;25
973;42
973;126
973;265
974;8
974;12
974;23
974;44
974;141
974;310
975;8
975;17
975;22
975;67
975;90
975;359
976;9
976;17
976;22
976;67
976;156
976;289
977;8
977;10
977;22
977;67
977;89
977;178
978;5
978;10
978;22
978;44
978;89
978;179
979;7
979;11
979;22
979;42
979;89
979;223
980;4
980;11
980;22
980;45
980;112
980;246
981;4
981;11
981;22
981;45
981;111
981;379
982;4
982;11
982;22
982;45
982;89
982;377
983;4
983;19
983;20
983;61
983;80
983;372
984;4
984;16
984;31
984;75
984;144
984;256
985;3
985;18
985;31
985;72
985;155
985;165
986;2
986;19
986;20
986;78
986;82
986;161
987;5
987;19
987;20
987;55
987;80
987;177
988;6
988;19
988;20
988;44
988;91
988;164
989;9
989;19
989;28
989;44
989;102
989;161
990;6
990;17
990;24
990;44
990;89
990;160
991;4
991;19
991;20
991;50
991;134
991;268
992;6
992;18
992;25
992;75
992;83
992;165
993;9
993;18
993;35
993;72
993;141
993;160
994;9
994;18
994;38
994;40
994;117
994;236
995;2
995;18
995;25
995;52
995;155
995;174
996;0
996;19
996;28
996;57
996;113
996;199
997;4
997;19
997;28
997;56
997;141
997;169
998;1
998;19
998;28
998;56
998;85
998;169
999;6
999;19
999;28
999;56
999;141
999;171
1000;9
1000;19
1000;29
1000;56
1000;156
1000;168
1001;8
1001;19
1001;28
1001;56
1001;113
1001;198
1002;4
1002;19
1002;28
1002;57
1002;84
1002;281
1003;2
1003;19
1003;29
1003;57
1003;86
1003;167
1004;5
1004;19
1004;33
1004;67
1004;100
1004;337
1005;2
1005;19
1005;25
1005;50
1005;124
1005;300
1006;9
1006;13
1006;25
1006;75
1006;100
1006;325
1007;6
1007;10
1007;25
1007;75
1007;100
1007;325
1008;5
1008;12
1008;25
1008;50
1008;101
1008;308
1009;4
1009;17
1009;25
1009;50
1009;100
1009;317
1010;4
1010;17
1010;25
1010;50
1010;99
1010;331
1011;4
1011;17
1011;25
1011;51
1011;99
1011;203
1012;4
1012;17
1012;24
1012;42
1012;101
1012;461
1013;4
1013;19
1013;21
1013;42
1013;100
1013;462
1014;4
1014;16
1014;21
1014;43
1014;84
1014;443
1015;4
1015;16
1015;20
1015;42
1015;83
1015;443
1016;6
1016;17
1016;33
1016;67
1016;85
1016;302
1017;5
1017;17
1017;33
1017;56
1017;100
1017;218
1018;4
1018;17
1018;25
1018;66
1018;85
1018;231
1019;4
1019;12
1019;22
1019;45
1019;89
1019;219
1020;4
1020;13
1020;23
1020;46
1020;98
1020;224
1021;4
1021;13
1021;25
1021;50
1021;100
1021;299
1022;4
1022;17
1022;25
1022;50
1022;101
1022;352
1023;4
1023;17
1023;25
1023;50
1023;100
1023;301
1024;4
1024;12
1024;20
1024;49
1024;80
1024;172
1025;6
1025;19
1025;20
1025;43
1025;83
1025;506
1026;5
1026;13
1026;25
1026;50
1026;97
1026;478
1027;4
1027;17
1027;21
1027;49
1027;81
1027;418
1028;4
1028;17
1028;34
1028;50
1028;100
1028;165
1029;4
1029;17
1029;34
1029;51
1029;133
1029;168
1030;4
1030;10
1030;20
1030;57
1030;90
1030;410
1031;3
1031;14
1031;34
1031;56
1031;139
1031;324
1032;9
1032;19
1032;34
1032;56
1032;134
1032;167
1033;8
1033;17
1033;20
1033;56
1033;89
1033;355
1034;5
1034;19
1034;22
1034;68
1034;112
1034;323
1035;5
1035;14
1035;25
1035;51
1035;101
1035;328
1036;5
1036;11
1036;20
1036;49
1036;125
1036;368
1037;6
1037;19
1037;20
1037;56
1037;80
1037;360
1038;5
1038;17
1038;33
1038;45
1038;84
1038;331
1039;5
1039;17
1039;22
1039;45
1039;133
1039;167
1040;5
1040;17
1040;33
1040;67
1040;116
1040;315
1041;5
1041;10
1041;23
1041;56
1041;113
1041;167
1042;5
1042;10
1042;22
1042;57
1042;85
1042;184
1043;5
1043;10
1043;23
1043;67
1043;90
1043;332
1044;5
1044;10
1044;25
1044;49
1044;101
1044;237
1045;5
1045;19
1045;25
1045;50
1045;100
1045;353
1046;5
1046;19
1046;25
1046;75
1046;99
1046;351
1047;5
1047;14
1047;25
1047;50
1047;100
1047;200
1048;5
1048;17
1048;25
1048;47
1048;98
1048;410
1049;5
1049;19
1049;21
1049;45
1049;90
1049;429
1050;5
1050;14
1050;23
1050;50
1050;83
1050;168
1051;5
1051;18
1051;28
1051;56
1051;101
1051;470
1052;5
1052;17
1052;34
1052;50
1052;101
1052;166
1053;5
1053;17
1053;33
1053;51
1053;150
1053;168
1054;5
1054;11
1054;22
1054;43
1054;89
1054;178
1055;5
1055;10
1055;34
1055;44
1055;89
1055;177
1056;4
1056;11
1056;21
1056;43
1056;86
1056;176
1057;4
1057;11
1057;21
1057;63
1057;105
1057;410
1058;4
1058;19
1058;37
1058;56
1058;90
1058;167
1059;4
1059;19
1059;21
1059;42
1059;84
1059;394
1060;4
1060;19
1060;38
1060;75
1060;89
1060;282
1061;4
1061;19
1061;37
1061;56
1061;90
1061;403
1062;4
1062;17
1062;33
1062;67
1062;100
1062;167
1063;9
1063;10
1063;20
1063;41
1063;82
1063;169
1064;5
1064;10
1064;37
1064;48
1064;90
1064;283
1065;4
1065;11
1065;38
1065;77
1065;95
1065;188
1066;4
1066;11
1066;23
1066;64
1066;84
1066;206
1067;4
1067;11
1067;22
1067;63
1067;84
1067;169
1068;4
1068;11
1068;21
1068;63
1068;84
1068;169
1069;4
1069;19
1069;39
1069;40
1069;83
1069;288
1070;4
1070;19
1070;37
1070;50
1070;85
1070;280
1071;4
1071;19
1071;23
1071;45
1071;84
1071;169
1072;9
1072;10
1072;20
1072;40
1072;85
1072;283
1073;5
1073;10
1073;38
1073;75
1073;152
1073;403
1074;4
1074;19
1074;38
1074;75
1074;83
1074;188
1075;4
1075;19
1075;38
1075;50
1075;83
1075;226
1076;4
1076;19
1076;37
1076;75
1076;83
1076;187
1077;4
1077;11
1077;37
1077;75
1077;112
1077;187
1078;4
1078;19
1078;37
1078;40
1078;89
1078;411
1079;3
1079;19
1079;23
1079;45
1079;83
1079;411
1080;2
1080;19
1080;38
1080;44
1080;89
1080;187
1081;7
1081;11
1081;20
1081;45
1081;89
1081;279
1082;4
1082;11
1082;38
1082;44
1082;89
1082;404
1083;4
1083;11
1083;23
1083;44
1083;89
1083;200
1084;9
1084;10
1084;20
1084;42
1084;83
1084;410
1085;5
1085;19
1085;38
1085;75
1085;83
1085;403
1086;4
1086;11
1086;38
1086;76
1086;90
1086;186
1087;4
1087;11
1087;37
1087;67
1087;82
1087;167
1088;4
1088;19
1088;20
1088;67
1088;142
1088;164
1089;4
1089;19
1089;37
1089;67
1089;132
1089;485
1090;4
1090;11
1090;24
1090;45
1090;101
1090;236
1091;4
1091;19
1091;28
1091;57
1091;84
1091;170
1092;4
1092;19
1092;28
1092;56
1092;141
1092;167
1093;4
1093;19
1093;28
1093;56
1093;85
1093;169
1094;4
1094;19
1094;29
1094;56
1094;100
1094;172
1095;4
1095;11
1095;38
1095;50
1095;100
1095;172
1096;9
1096;10
1096;28
1096;56
1096;112
1096;199
1097;5
1097;15
1097;28
1097;56
1097;112
1097;280
1098;7
1098;15
1098;28
1098;57
1098;86
1098;197
1099;7
1099;15
1099;34
1099;68
1099;134
1099;168
1100;7
1100;15
1100;25
1100;56
1100;125
1100;338
1101;7
1101;15
1101;25
1101;75
1101;125
1101;301
1102;9
1102;10
1102;25
1102;76
1102;101
1102;415
1103;5
1103;12
1103;25
1103;50
1103;100
1103;345
1104;4
1104;17
1104;25
1104;50
1104;101
1104;309
1105;4
1105;12
1105;25
1105;51
1105;100
1105;345
1106;4
1106;13
1106;25
1106;42
1106;101
1106;352
1107;4
1107;13
1107;25
1107;51
1107;100
1107;250
1108;4
1108;17
1108;20
1108;42
1108;84
1108;443
1109;4
1109;17
1109;33
1109;45
1109;101
1109;443
1110;4
1110;13
1110;25
1110;43
1110;84
1110;347
1111;8
1111;10
1111;27
1111;64
1111;134
1111;465
1112;5
1112;17
1112;33
1112;67
1112;84
1112;167
1113;4
1113;17
1113;25
1113;56
1113;84
1113;311
1114;4
1114;19
1114;21
1114;50
1114;91
1114;260
1115;4
1115;16
1115;22
1115;67
1115;90
1115;350
1116;4
1116;13
1116;25
1116;50
1116;98
1116;306
1117;4
1117;13
1117;25
1117;76
1117;100
1117;352
1118;4
1118;13
1118;25
1118;75
1118;101
1118;349
1119;4
1119;17
1119;25
1119;50
1119;100
1119;172
1120;8
1120;10
1120;24
1120;79
1120;82
1120;194
1121;5
1121;19
1121;20
1121;50
1121;101
1121;290
1122;4
1122;13
1122;25
1122;50
1122;135
1122;472
1123;4
1123;13
1123;32
1123;66
1123;101
1123;290
1124;4
1124;17
1124;33
1124;50
1124;100
1124;166
1125;4
1125;16
1125;20
1125;56
1125;156
1125;299
1126;4
1126;19
1126;22
1126;50
1126;89
1126;166
1127;9
1127;19
1127;24
1127;50
1127;89
1127;166
1128;9
1128;19
1128;34
1128;57
1128;89
1128;170
1129;6
1129;10
1129;38
1129;56
1129;156
1129;161
1130;5
1130;14
1130;22
1130;68
1130;137
1130;183
1131;5
1131;14
1131;28
1131;50
1131;99
1131;299
1132;8
1132;10
1132;22
1132;74
1132;89
1132;165
1133;5
1133;17
1133;33
1133;50
1133;100
1133;169
1134;5
1134;17
1134;34
1134;67
1134;100
1134;217
1135;5
1135;17
1135;34
1135;67
1135;101
1135;168
1136;5
1136;14
1136;33
1136;67
1136;100
1136;166
1137;5
1137;19
1137;23
1137;66
1137;85
1137;232
1138;5
1138;14
1138;22
1138;67
1138;130
1138;207
1139;5
1139;14
1139;23
1139;68
1139;93
1139;168
1140;5
1140;10
1140;25
1140;74
1140;100
1140;296
1141;5
1141;10
1141;25
1141;50
1141;126
1141;169
1142;5
1142;10
1142;25
1142;50
1142;100
1142;353
1143;5
1143;14
1143;24
1143;68
1143;127
1143;169
1144;6
1144;19
1144;21
1144;74
1144;126
1144;167
1145;5
1145;14
1145;20
1145;66
1145;127
1145;169
1146;5
1146;14
1146;32
1146;66
1146;84
1146;279
1147;5
1147;17
1147;33
1147;68
1147;84
1147;269
1148;5
1148;17
1148;33
1148;67
1148;127
1148;170
1149;5
1149;19
1149;20
1149;76
1149;82
1149;160
1150;7
1150;10
1150;21
1150;67
1150;156
1150;160
1151;4
1151;12
1151;38
1151;75
1151;155
1151;165
1152;4
1152;11
1152;33
1152;42
1152;149
1152;185
1153;4
1153;19
1153;20
1153;41
1153;150
1153;163
1154;4
1154;19
1154;39
1154;75
1154;83
1154;171
1155;4
1155;19
1155;39
1155;75
1155;150
1155;169
1156;4
1156;18
1156;38
1156;76
1156;126
1156;170
1157;4
1157;17
1157;34
1157;68
1157;83
1157;166
1158;4
1158;15
1158;20
1158;75
1158;84
1158;171
1159;6
1159;17
1159;34
1159;67
1159;151
1159;440
1160;4
1160;18
1160;38
1160;75
1160;113
1160;489
1161;4
1161;19
1161;20
1161;76
1161;95
1161;231
1162;4
1162;11
1162;21
1162;64
1162;85
1162;170
1163;4
1163;11
1163;21
1163;63
1163;84
1163;189
1164;4
1164;19
1164;21
1164;42
1164;149
1164;316
1165;4
1165;19
1165;22
1165;57
1165;149
1165;168
1166;4
1166;19
1166;38
1166;55
1166;84
1166;356
1167;4
1167;19
1167;20
1167;52
1167;83
1167;171
1168;6
1168;19
1168;20
1168;75
1168;152
1168;170
1169;4
1169;11
1169;22
1169;50
1169;98
1169;498
1170;4
1170;11
1170;26
1170;50
1170;84
1170;160
1171;4
1171;19
1171;38
1171;76
1171;94
1171;418
1172;4
1172;19
1172;38
1172;76
1172;95
1172;409
1173;4
1173;19
1173;37
1173;75
1173;93
1173;404
1174;3
1174;19
1174;38
1174;45
1174;94
1174;419
1175;2
1175;19
1175;37
1175;75
1175;94
1175;439
1176;9
1176;12
1176;38
1176;49
1176;80
1176;381
1177;5
1177;12
1177;22
1177;45
1177;90
1177;378
1178;4
1178;11
1178;23
1178;45
1178;91
1178;433
1179;4
1179;11
1179;20
1179;44
1179;88
1179;404
1180;6
1180;10
1180;22
1180;45
1180;90
1180;400
1181;4
1181;11
1181;22
1181;45
1181;89
1181;421
1182;4
1182;11
1182;22
1182;45
1182;90
1182;208
1183;4
1183;11
1183;22
1183;45
1183;91
1183;409
1184;4
1184;11
1184;25
1184;67
1184;89
1184;430
1185;4
1185;11
1185;25
1185;50
1185;100
1185;424
1186;4
1186;11
1186;25
1186;76
1186;101
1186;429
1187;4
1187;11
1187;25
1187;50
1187;101
1187;173
1188;4
1188;18
1188;24
1188;50
1188;90
1188;379
1189;4
1189;11
1189;26
1189;50
1189;143
1189;330
1190;4
1190;11
1190;25
1190;50
1190;89
1190;166
1191;4
1191;12
1191;26
1191;45
1191;90
1191;162
1192;7
1192;15
1192;22
1192;45
1192;91
1192;168
1193;8
1193;10
1193;25
1193;75
1193;101
1193;166
1194;7
1194;15
1194;25
1194;75
1194;100
1194;166
1195;7
1195;15
1195;25
1195;51
1195;91
1195;172
1196;7
1196;15
1196;26
1196;74
1196;100
1196;173
1197;9
1197;11
1197;20
1197;66
1197;137
1197;415
1198;5
1198;16
1198;25
1198;50
1198;151
1198;328
1199;5
1199;17
1199;25
1199;50
1199;100
1199;326
1200;4
1200;13
1200;25
1200;50
1200;150
1200;399
1201;4
1201;12
1201;25
1201;51
1201;100
1201;301
1202;4
1202;13
1202;25
1202;50
1202;100
1202;212
1203;4
1203;13
1203;25
1203;50
1203;100
1203;443
1204;4
1204;13
1204;25
1204;51
1204;100
1204;351
1205;4
1205;13
1205;25
1205;50
1205;100
1205;299
1206;9
1206;10
1206;20
1206;59
1206;151
1206;308
1207;5
1207;16
1207;30
1207;60
1207;148
1207;388
1208;5
1208;17
1208;34
1208;67
1208;101
1208;303
1209;4
1209;13
1209;34
1209;67
1209;85
1209;168
1210;4
1210;13
1210;33
1210;67
1210;100
1210;268
1211;4
1211;12
1211;37
1211;67
1211;134
1211;402
1212;4
1212;13
1212;37
1212;67
1212;134
1212;402
1213;4
1213;17
1213;34
1213;67
1213;134
1213;402
1214;4
1214;12
1214;33
1214;67
1214;134
1214;300
1215;9
1215;10
1215;20
1215;73
1215;145
1215;396
1216;5
1216;16
1216;38
1216;76
1216;151
1216;416
1217;5
1217;13
1217;34
1217;43
1217;128
1217;170
1218;4
1218;13
1218;26
1218;42
1218;84
1218;422
1219;4
1219;16
1219;33
1219;42
1219;84
1219;421
1220;4
1220;17
1220;34
1220;67
1220;84
1220;379
1221;4
1221;16
1221;33
1221;75
1221;84
1221;379
1222;3
1222;19
1222;33
1222;67
1222;126
1222;380
1223;9
1223;19
1223;39
1223;67
1223;84
1223;334
1224;8
1224;10
1224;38
1224;67
1224;84
1224;408
1225;5
1225;14
1225;23
1225;46
1225;90
1225;316
1226;5
1226;14
1226;25
1226;50
1226;100
1226;405
1227;9
1227;10
1227;20
1227;50
1227;100
1227;301
1228;5
1228;14
1228;25
1228;50
1228;101
1228;351
1229;5
1229;19
1229;25
1229;50
1229;101
1229;300
1230;5
1230;14
1230;38
1230;50
1230;150
1230;301
1231;5
1231;19
1231;25
1231;50
1231;100
1231;300
1232;5
1232;19
1232;34
1232;50
1232;100
1232;400
1233;5
1233;10
1233;33
1233;50
1233;95
1233;207
1234;5
1234;14
1234;23
1234;50
1234;101
1234;410
1235;5
1235;14
1235;25
1235;51
1235;101
1235;302
1236;5
1236;19
1236;33
1236;49
1236;99
1236;402
1237;5
1237;14
1237;29
1237;50
1237;100
1237;404
1238;5
1238;17
1238;25
1238;50
1238;99
1238;303
1239;6
1239;10
1239;38
1239;75
1239;114
1239;373
1240;5
1240;14
1240;37
1240;42
1240;128
1240;168
1241;5
1241;14
1241;28
1241;41
1241;101
1241;178
1242;5
1242;14
1242;39
1242;40
1242;117
1242;197
1243;5
1243;10
1243;37
1243;75
1243;150
1243;301
1244;5
1244;10
1244;37
1244;75
1244;150
1244;300
1245;8
1245;10
1245;38
1245;74
1245;154
1245;168
1246;5
1246;14
1246;37
1246;75
1246;85
1246;358
1247;4
1247;11
1247;37
1247;75
1247;84
1247;188
1248;4
1248;11
1248;38
1248;56
1248;80
1248;187
1249;4
1249;11
1249;37
1249;76
1249;85
1249;404
1250;4
1250;11
1250;38
1250;75
1250;113
1250;169
1251;4
1251;19
1251;34
1251;50
1251;100
1251;266
1252;4
1252;11
1252;38
1252;57
1252;100
1252;411
1253;4
1253;11
1253;22
1253;75
1253;100
1253;168
1254;8
1254;10
1254;23
1254;45
1254;90
1254;181
1255;5
1255;14
1255;23
1255;76
1255;85
1255;176
1256;4
1256;11
1256;38
1256;75
1256;88
1256;264
1257;4
1257;11
1257;29
1257;70
1257;96
1257;260
1258;4
1258;11
1258;22
1258;45
1258;89
1258;267
1259;4
1259;15
1259;22
1259;45
1259;89
1259;179
1260;4
1260;19
1260;22
1260;45
1260;89
1260;225
1261;4
1261;19
1261;23
1261;67
1261;89
1261;404
1262;4
1262;19
1262;36
1262;40
1262;85
1262;464
1263;8
1263;10
1263;38
1263;74
1263;115
1263;302
1264;5
1264;14
1264;39
1264;42
1264;85
1264;171
1265;4
1265;11
1265;25
1265;42
1265;89
1265;226
1266;4
1266;11
1266;38
1266;40
1266;110
1266;198
1267;4
1267;11
1267;37
1267;75
1267;112
1267;188
1268;4
1268;11
1268;38
1268;75
1268;151
1268;450
1269;4
1269;11
1269;38
1269;74
1269;150
1269;318
1270;3
1270;19
1270;37
1270;67
1270;84
1270;188
1271;7
1271;11
1271;38
1271;75
1271;101
1271;188
1272;7
1272;11
1272;38
1272;45
1272;150
1272;175
1273;4
1273;11
1273;37
1273;75
1273;151
1273;177
1274;4
1274;11
1274;38
1274;75
1274;151
1274;226
1275;7
1275;10
1275;37
1275;75
1275;84
1275;264
1276;4
1276;14
1276;33
1276;75
1276;151
1276;410
1277;4
1277;11
1277;26
1277;50
1277;101
1277;177
1278;4
1278;11
1278;26
1278;67
1278;90
1278;179
1279;4
1279;11
1279;25
1279;67
1279;80
1279;167
1280;4
1280;11
1280;38
1280;67
1280;81
1280;231
1281;4
1281;11
1281;37
1281;44
1281;96
1281;236
1282;4
1282;11
1282;38
1282;45
1282;134
1282;178
1283;4
1283;15
1283;38
1283;67
1283;81
1283;167
1284;4
1284;11
1284;33
1284;74
1284;100
1284;167
1285;4
1285;19
1285;38
1285;66
1285;89
1285;200
1286;4
1286;11
1286;25
1286;67
1286;100
1286;335
1287;8
1287;10
1287;23
1287;75
1287;113
1287;447
1288;7
1288;15
1288;30
1288;75
1288;112
1288;187
1289;7
1289;15
1289;37
1289;45
1289;150
1289;358
1290;7
1290;15
1290;22
1290;75
1290;151
1290;274
1291;7
1291;15
1291;33
1291;75
1291;90
1291;225
1292;7
1292;17
1292;20
1292;42
1292;84
1292;163
1293;7
1293;10
1293;25
1293;50
1293;151
1293;508
1294;5
1294;17
1294;25
1294;50
1294;151
1294;327
1295;4
1295;17
1295;25
1295;50
1295;150
1295;326
1296;4
1296;13
1296;25
1296;50
1296;125
1296;301
1297;4
1297;12
1297;25
1297;50
1297;125
1297;301
1298;4
1298;13
1298;25
1298;50
1298;100
1298;351
1299;4
1299;17
1299;25
1299;50
1299;100
1299;462
1300;4
1300;13
1300;25
1300;50
1300;100
1300;350
1301;4
1301;12
1301;25
1301;42
1301;127
1301;169
1302;6
1302;10
1302;30
1302;60
1302;149
1302;388
1303;5
1303;17
1303;34
1303;67
1303;135
1303;304
1304;4
1304;12
1304;33
1304;67
1304;134
1304;334
1305;4
1305;12
1305;25
1305;67
1305;133
1305;167
1306;4
1306;17
1306;38
1306;67
1306;134
1306;167
1307;4
1307;19
1307;25
1307;67
1307;134
1307;402
1308;4
1308;17
1308;25
1308;75
1308;134
1308;401
1309;4
1309;19
1309;25
1309;67
1309;113
1309;303
1310;4
1310;12
1310;33
1310;66
1310;84
1310;164
1311;6
1311;17
1311;38
1311;75
1311;113
1311;189
1312;5
1312;12
1312;39
1312;42
1312;125
1312;169
1313;4
1313;12
1313;25
1313;42
1313;126
1313;421
1314;4
1314;13
1314;33
1314;67
1314;84
1314;168
1315;4
1315;13
1315;34
1315;67
1315;84
1315;422
1316;4
1316;19
1316;33
1316;66
1316;84
1316;379
1317;3
1317;15
1317;33
1317;66
1317;127
1317;379
1318;9
1318;19
1318;33
1318;42
1318;126
1318;294
1319;9
1319;17
1319;38
1319;42
1319;90
1319;167
1320;5
1320;14
1320;38
1320;46
1320;94
1320;322
1321;5
1321;14
1321;28
1321;49
1321;91
1321;406
1322;5
1322;11
1322;20
1322;50
1322;100
1322;410
1323;6
1323;19
1323;20
1323;50
1323;100
1323;299
1324;5
1324;14
1324;37
1324;50
1324;100
1324;301
1325;5
1325;19
1325;37
1325;50
1325;100
1325;300
1326;5
1326;14
1326;23
1326;50
1326;100
1326;300
1327;5
1327;10
1327;23
1327;50
1327;100
1327;301
1328;5
1328;10
1328;38
1328;49
1328;100
1328;184
1329;5
1329;10
1329;25
1329;50
1329;100
1329;335
1330;5
1330;10
1330;38
1330;67
1330;101
1330;402
1331;5
1331;10
1331;22
1331;50
1331;100
1331;402
1332;5
1332;14
1332;22
1332;50
1332;101
1332;403
1333;5
1333;14
1333;22
1333;50
1333;100
1333;301
1334;5
1334;17
1334;37
1334;50
1334;114
1334;302
1335;5
1335;14
1335;39
1335;40
1335;151
1335;165
1336;5
1336;14
1336;39
1336;41
1336;86
1336;198
1337;5
1337;14
1337;38
1337;50
1337;112
1337;468
1338;5
1338;14
1338;37
1338;74
1338;149
1338;185
1339;5
1339;14
1339;37
1339;75
1339;150
1339;301
1340;5
1340;11
1340;20
1340;75
1340;151
1340;162
1341;6
1341;15
1341;37
1341;42
1341;112
1341;318
1342;4
1342;19
1342;37
1342;75
1342;151
1342;225
1343;4
1343;11
1343;36
1343;76
1343;151
1343;187
1344;4
1344;11
1344;38
1344;75
1344;151
1344;170
1345;4
1345;11
1345;37
1345;75
1345;151
1345;188
1346;4
1346;11
1346;23
1346;76
1346;101
1346;187
1347;4
1347;19
1347;38
1347;75
1347;150
1347;161
1348;4
1348;11
1348;38
1348;75
1348;101
1348;188
1349;4
1349;11
1349;38
1349;75
1349;100
1349;182
1350;4
1350;11
1350;38
1350;75
1350;89
1350;267
1351;4
1351;19
1351;30
1351;75
1351;89
1351;188
1352;4
1352;15
1352;30
1352;43
1352;84
1352;256
1353;4
1353;18
1353;38
1353;45
1353;89
1353;179
1354;4
1354;15
1354;38
1354;45
1354;89
1354;178
1355;4
1355;19
1355;38
1355;45
1355;89
1355;223
1356;4
1356;19
1356;34
1356;50
1356;89
1356;199
1357;4
1357;18
1357;37
1357;44
1357;88
1357;333
1358;4
1358;11
1358;38
1358;75
1358;114
1358;301
1359;4
1359;15
1359;39
1359;40
1359;85
1359;166
1360;4
1360;11
1360;39
1360;40
1360;89
1360;188
1361;4
1361;19
1361;39
1361;40
1361;81
1361;457
1362;4
1362;15
1362;37
1362;75
1362;149
1362;297
1363;4
1363;15
1363;38
1363;75
1363;150
1363;300
1364;4
1364;15
1364;38
1364;44
1364;154
1364;162
1365;4
1365;19
1365;38
1365;42
1365;84
1365;322
1366;4
1366;19
1366;37
1366;75
1366;101
1366;188
1367;4
1367;15
1367;37
1367;75
1367;151
1367;186
1368;4
1368;11
1368;38
1368;75
1368;151
1368;161
1369;4
1369;15
1369;37
1369;75
1369;113
1369;225
1370;4
1370;17
1370;34
1370;42
1370;119
1370;263
1371;4
1371;16
1371;34
1371;43
1371;113
1371;212
1372;4
1372;17
1372;33
1372;75
1372;151
1372;188
1373;4
1373;11
1373;34
1373;75
1373;90
1373;461
1374;4
1374;11
1374;34
1374;75
1374;89
1374;167
1375;4
1375;12
1375;33
1375;75
1375;89
1375;225
1376;4
1376;19
1376;25
1376;75
1376;113
1376;166
1377;4
1377;18
1377;34
1377;45
1377;100
1377;179
1378;7
1378;19
1378;33
1378;45
1378;89
1378;169
1379;8
1379;12
1379;34
1379;75
1379;89
1379;180
1380;8
1380;16
1380;34
1380;74
1380;90
1380;162
1381;7
1381;18
1381;28
1381;67
1381;134
1381;200
1382;8
1382;19
1382;20
1382;75
1382;113
1382;203
1383;7
1383;15
1383;38
1383;75
1383;149
1383;187
1384;7
1384;15
1384;37
1384;75
1384;89
1384;188
1385;7
1385;15
1385;33
1385;51
1385;100
1385;209
1386;8
1386;14
1386;33
1386;49
1386;150
1386;168
1387;8
1387;17
1387;28
1387;49
1387;99
1387;264
1388;9
1388;10
1388;22
1388;50
1388;145
1388;508
1389;5
1389;10
1389;33
1389;50
1389;151
1389;415
1390;4
1390;13
1390;37
1390;50
1390;151
1390;417
1391;4
1391;13
1391;37
1391;50
1391;125
1391;508
1392;4
1392;13
1392;25
1392;50
1392;125
1392;250
1393;4
1393;12
1393;25
1393;75
1393;100
1393;203
1394;4
1394;13
1394;25
1394;50
1394;100
1394;443
1395;4
1395;12
1395;25
1395;50
1395;101
1395;443
1396;4
1396;13
1396;33
1396;50
1396;125
1396;462
1397;8
1397;10
1397;25
1397;59
1397;149
1397;241
1398;5
1398;12
1398;25
1398;62
1398;149
1398;160
1399;4
1399;13
1399;33
1399;67
1399;100
1399;167
1400;4
1400;13
1400;34
1400;67
1400;96
1400;207
1401;4
1401;13
1401;34
1401;67
1401;133
1401;167
1402;4
1402;13
1402;34
1402;67
1402;134
1402;167
1403;4
1403;12
1403;34
1403;67
1403;134
1403;167
1404;4
1404;13
1404;33
1404;67
1404;134
1404;167
1405;4
1405;12
1405;33
1405;67
1405;134
1405;167
1406;8
1406;10
1406;38
1406;75
1406;113
1406;167
1407;5
1407;10
1407;38
1407;67
1407;114
1407;189
1408;4
1408;12
1408;34
1408;42
1408;127
1408;169
1409;4
1409;13
1409;34
1409;67
1409;84
1409;169
1410;4
1410;13
1410;37
1410;67
1410;84
1410;169
1411;4
1411;12
1411;38
1411;67
1411;84
1411;168
1412;4
1412;10
1412;38
1412;42
1412;84
1412;169
1413;2
1413;19
1413;33
1413;63
1413;84
1413;211
1414;2
1414;18
1414;39
1414;40
1414;127
1414;166
1415;6
1415;10
1415;38
1415;79
1415;84
1415;168
1416;5
1416;14
1416;24
1416;45
1416;90
1416;180
1417;5
1417;14
1417;25
1417;50
1417;101
1417;168
1418;8
1418;10
1418;21
1418;50
1418;85
1418;162
1419;5
1419;14
1419;25
1419;50
1419;100
1419;165
1420;5
1420;14
1420;39
1420;50
1420;100
1420;300
1421;5
1421;14
1421;39
1421;50
1421;150
1421;301
1422;5
1422;14
1422;25
1422;50
1422;90
1422;301
1423;5
1423;10
1423;38
1423;50
1423;100
1423;231
1424;5
1424;10
1424;38
1424;50
1424;85
1424;260
1425;5
1425;10
1425;39
1425;50
1425;100
1425;214
1426;5
1426;10
1426;38
1426;50
1426;100
1426;402
1427;5
1427;14
1427;37
1427;50
1427;100
1427;205
1428;5
1428;14
1428;39
1428;50
1428;89
1428;219
1429;5
1429;19
1429;38
1429;50
1429;100
1429;403
1430;6
1430;10
1430;20
1430;50
1430;100
1430;230
1431;5
1431;14
1431;24
1431;50
1431;100
1431;225
1432;5
1432;14
1432;38
1432;51
1432;100
1432;403
1433;5
1433;14
1433;38
1433;50
1433;100
1433;160
1434;5
1434;14
1434;25
1434;50
1434;90
1434;163
1435;5
1435;18
1435;20
1435;50
1435;83
1435;172
1436;7
1436;10
1436;21
1436;50
1436;100
1436;164
1437;4
1437;12
1437;38
1437;50
1437;100
1437;161
1438;4
1438;11
1438;39
1438;50
1438;100
1438;403
1439;4
1439;11
1439;39
1439;50
1439;100
1439;160
1440;4
1440;11
1440;38
1440;50
1440;100
1440;169
1441;4
1441;11
1441;38
1441;50
1441;100
1441;403
1442;4
1442;11
1442;38
1442;50
1442;100
1442;168
1443;4
1443;11
1443;39
1443;50
1443;100
1443;171
1444;4
1444;16
1444;20
1444;50
1444;85
1444;170
1445;7
1445;10
1445;21
1445;50
1445;100
1445;178
1446;4
1446;12
1446;22
1446;50
1446;94
1446;160
1447;4
1447;11
1447;38
1447;66
1447;85
1447;230
1448;4
1448;11
1448;30
1448;50
1448;90
1448;207
1449;4
1449;11
1449;39
1449;50
1449;100
1449;215
1450;4
1450;11
1450;37
1450;50
1450;100
1450;411
1451;4
1451;11
1451;39
1451;50
1451;100
1451;205
1452;4
1452;11
1452;39
1452;50
1452;100
1452;214
1453;4
1453;12
1453;20
1453;50
1453;83
1453;173
1454;6
1454;10
1454;21
1454;50
1454;90
1454;403
1455;4
1455;11
1455;22
1455;50
1455;89
1455;411
1456;4
1456;11
1456;26
1456;50
1456;81
1456;359
1457;4
1457;11
1457;25
1457;50
1457;100
1457;217
1458;4
1458;11
1458;38
1458;51
1458;100
1458;216
1459;4
1459;11
1459;37
1459;50
1459;100
1459;411
1460;3
1460;19
1460;37
1460;50
1460;100
1460;214
1461;2
1461;19
1461;38
1461;50
1461;100
1461;225
1462;9
1462;12
1462;20
1462;50
1462;80
1462;361
1463;5
1463;12
1463;38
1463;50
1463;100
1463;183
1464;4
1464;11
1464;38
1464;44
1464;100
1464;167
1465;4
1465;11
1465;20
1465;42
1465;85
1465;166
1466;6
1466;10
1466;21
1466;50
1466;90
1466;189
1467;4
1467;11
1467;37
1467;50
1467;100
1467;226
1468;4
1468;11
1468;37
1468;50
1468;100
1468;251
1469;4
1469;11
1469;38
1469;50
1469;85
1469;225
1470;4
1470;11
1470;38
1470;50
1470;100
1470;175
1471;4
1471;11
1471;38
1471;66
1471;85
1471;184
1472;4
1472;11
1472;38
1472;75
1472;100
1472;228
1473;4
1473;11
1473;38
1473;50
1473;100
1473;215
1474;4
1474;11
1474;37
1474;45
1474;100
1474;411
1475;4
1475;11
1475;38
1475;50
1475;100
1475;224
1476;4
1476;11
1476;38
1476;75
1476;113
1476;230
1477;4
1477;12
1477;24
1477;40
1477;94
1477;404
1478;7
1478;15
1478;22
1478;45
1478;101
1478;224
1479;7
1479;15
1479;22
1479;41
1479;87
1479;224
1480;7
1480;15
1480;23
1480;45
1480;100
1480;410
1481;7
1481;15
1481;23
1481;50
1481;100
1481;179
1482;7
1482;15
1482;22
1482;50
1482;112
1482;201
1483;8
1483;11
1483;20
1483;51
1483;83
1483;172
1484;5
1484;16
1484;20
1484;76
1484;101
1484;177
1485;5
1485;13
1485;25
1485;76
1485;134
1485;164
1486;4
1486;13
1486;25
1486;75
1486;134
1486;410
1487;4
1487;13
1487;38
1487;63
1487;135
1487;269
1488;4
1488;12
1488;25
1488;75
1488;100
1488;202
1489;4
1489;12
1489;25
1489;50
1489;101
1489;462
1490;4
1490;12
1490;38
1490;50
1490;135
1490;462
1491;4
1491;12
1491;25
1491;75
1491;135
1491;462
1492;9
1492;11
1492;20
1492;40
1492;82
1492;168
1493;5
1493;16
1493;30
1493;50
1493;101
1493;195
1494;5
1494;17
1494;34
1494;67
1494;84
1494;167
1495;4
1495;12
1495;34
1495;67
1495;101
1495;184
1496;4
1496;17
1496;33
1496;67
1496;135
1496;229
1497;4
1497;13
1497;33
1497;67
1497;151
1497;201
1498;4
1498;13
1498;33
1498;67
1498;101
1498;201
1499;4
1499;17
1499;33
1499;67
1499;101
1499;201
1500;4
1500;17
1500;33
1500;67
1500;135
1500;183
1501;9
1501;10
1501;20
1501;43
1501;83
1501;164
1502;5
1502;19
1502;34
1502;75
1502;101
1502;208
1503;5
1503;13
1503;33
1503;63
1503;102
1503;212
1504;4
1504;13
1504;26
1504;42
1504;80
1504;279
1505;4
1505;13
1505;34
1505;42
1505;84
1505;168
1506;4
1506;13
1506;21
1506;42
1506;84
1506;210
1507;4
1507;10
1507;34
1507;42
1507;135
1507;189
1508;3
1508;17
1508;21
1508;42
1508;135
1508;190
1509;2
1509;18
1509;21
1509;42
1509;84
1509;211
1510;8
1510;10
1510;21
1510;63
1510;86
1510;190
1511;5
1511;14
1511;23
1511;45
1511;102
1511;160
1512;5
1512;14
1512;25
1512;63
1512;101
1512;166
1513;9
1513;10
1513;25
1513;42
1513;84
1513;163
1514;5
1514;14
1514;25
1514;50
1514;134
1514;193
1515;5
1515;14
1515;25
1515;42
1515;100
1515;160
1516;5
1516;14
1516;38
1516;75
1516;153
1516;165
1517;5
1517;14
1517;25
1517;45
1517;89
1517;225
1518;5
1518;14
1518;25
1518;50
1518;100
1518;200
1519;5
1519;10
1519;25
1519;50
1519;101
1519;207
1520;5
1520;10
1520;25
1520;50
1520;101
1520;229
1521;5
1521;10
1521;25
1521;50
1521;100
1521;167
1522;5
1522;10
1522;25
1522;50
1522;100
1522;213
1523;5
1523;14
1523;39
1523;50
1523;100
1523;225
1524;5
1524;10
1524;22
1524;50
1524;100
1524;230
1525;6
1525;10
1525;24
1525;50
1525;100
1525;356
1526;5
1526;14
1526;25
1526;50
1526;100
1526;161
1527;5
1527;14
1527;39
1527;50
1527;100
1527;169
1528;5
1528;14
1528;25
1528;50
1528;100
1528;410
1529;5
1529;14
1529;25
1529;45
1529;100
1529;172
1530;5
1530;14
1530;38
1530;50
1530;100
1530;164
1531;9
1531;10
1531;27
1531;43
1531;100
1531;404
1532;5
1532;14
1532;34
1532;50
1532;100
1532;161
1533;4
1533;11
1533;33
1533;50
1533;100
1533;200
1534;4
1534;11
1534;33
1534;50
1534;100
1534;356
1535;4
1535;11
1535;33
1535;50
1535;90
1535;179
1536;4
1536;11
1536;25
1536;50
1536;100
1536;167
1537;4
1537;11
1537;33
1537;50
1537;100
1537;356
1538;4
1538;11
1538;34
1538;50
1538;100
1538;177
1539;4
1539;11
1539;33
1539;50
1539;100
1539;167
1540;8
1540;10
1540;26
1540;50
1540;100
1540;168
1541;5
1541;14
1541;25
1541;50
1541;100
1541;169
1542;4
1542;11
1542;34
1542;50
1542;100
1542;231
1543;4
1543;11
1543;25
1543;50
1543;101
1543;207
1544;4
1544;11
1544;34
1544;50
1544;100
1544;229
1545;4
1545;11
1545;34
1545;50
1545;89
1545;228
1546;4
1546;11
1546;39
1546;50
1546;100
1546;206
1547;4
1547;11
1547;33
1547;50
1547;100
1547;224
1548;4
1548;11
1548;33
1548;42
1548;100
1548;169
1549;8
1549;10
1549;22
1549;41
1549;100
1549;177
1550;5
1550;14
1550;34
1550;50
1550;89
1550;213
1551;4
1551;11
1551;34
1551;49
1551;99
1551;168
1552;4
1552;11
1552;33
1552;50
1552;100
1552;486
1553;4
1553;11
1553;33
1553;50
1553;100
1553;187
1554;4
1554;11
1554;33
1554;50
1554;100
1554;225
1555;4
1555;17
1555;34
1555;50
1555;99
1555;242
1556;9
1556;10
1556;33
1556;42
1556;100
1556;232
1557;8
1557;17
1557;34
1557;49
1557;83
1557;312
1558;7
1558;11
1558;33
1558;42
1558;100
1558;486
1559;4
1559;11
1559;33
1559;42
1559;100
1559;270
1560;4
1560;11
1560;33
1560;42
1560;82
1560;170
1561;7
1561;10
1561;33
1561;42
1561;99
1561;390
1562;4
1562;13
1562;34
1562;42
1562;100
1562;377
1563;4
1563;11
1563;33
1563;42
1563;100
1563;250
1564;4
1564;11
1564;34
1564;42
1564;85
1564;419
1565;4
1565;11
1565;34
1565;42
1565;99
1565;505
1566;4
1566;11
1566;33
1566;42
1566;85
1566;230
1567;4
1567;11
1567;34
1567;42
1567;96
1567;236
1568;4
1568;15
1568;34
1568;42
1568;100
1568;215
1569;4
1569;16
1569;33
1569;42
1569;100
1569;403
1570;4
1570;17
1570;34
1570;41
1570;89
1570;205
1571;4
1571;14
1571;33
1571;50
1571;100
1571;224
1572;4
1572;17
1572;25
1572;42
1572;100
1572;403
1573;8
1573;10
1573;23
1573;42
1573;100
1573;228
1574;7
1574;15
1574;32
1574;42
1574;89
1574;223
1575;7
1575;15
1575;25
1575;42
1575;85
1575;411
1576;7
1576;15
1576;33
1576;42
1576;84
1576;430
1577;7
1577;15
1577;25
1577;42
1577;85
1577;226
1578;7
1578;15
1578;33
1578;47
1578;85
1578;166
1579;4
1579;10
1579;34
1579;50
1579;84
1579;189
1580;2
1580;19
1580;33
1580;50
1580;100
1580;166
1581;2
1581;19
1581;34
1581;42
1581;125
1581;171
1582;2
1582;17
1582;33
1582;42
1582;84
1582;171
1583;3
1583;16
1583;38
1583;42
1583;84
1583;167
1584;3
1584;16
1584;34
1584;42
1584;85
1584;172
1585;1
1585;16
1585;34
1585;63
1585;85
1585;170
1586;7
1586;17
1586;34
1586;50
1586;84
1586;169
1587;6
1587;17
1587;33
1587;42
1587;85
1587;171
1588;6
1588;17
1588;33
1588;63
1588;134
1588;170
1589;7
1589;19
1589;34
1589;42
1589;85
1589;169
1590;9
1590;19
1590;33
1590;42
1590;85
1590;170
1591;7
1591;19
1591;34
1591;42
1591;100
1591;171
1592;3
1592;18
1592;34
1592;43
1592;85
1592;171
1593;8
1593;15
1593;33
1593;42
1593;84
1593;167
1594;9
1594;19
1594;33
1594;42
1594;84
1594;172
1595;8
1595;19
1595;34
1595;43
1595;101
1595;171
1596;8
1596;16
1596;34
1596;42
1596;85
1596;171
1597;8
1597;19
1597;34
1597;42
1597;85
1597;170
1598;9
1598;19
1598;33
1598;47
1598;86
1598;170
1599;9
1599;19
1599;34
1599;43
1599;85
1599;173
1600;8
1600;15
1600;33
1600;42
1600;85
1600;352
1601;9
1601;19
1601;34
1601;42
1601;85
1601;169
1602;9
1602;15
1602;33
1602;69
1602;89
1602;165
1603;4
1603;19
1603;38
1603;50
1603;112
1603;168
1604;9
1604;19
1604;38
1604;56
1604;111
1604;169
1605;9
1605;16
1605;38
1605;45
1605;89
1605;160
1606;6
1606;19
1606;33
1606;45
1606;89
1606;160
1607;7
1607;17
1607;38
1607;67
1607;90
1607;181
1608;9
1608;18
1608;38
1608;56
1608;89
1608;178
1609;4
1609;19
1609;38
1609;51
1609;84
1609;275
1610;8
1610;18
1610;38
1610;45
1610;89
1610;181
1611;1
1611;19
1611;37
1611;56
1611;90
1611;178
1612;9
1612;18
1612;33
1612;56
1612;90
1612;180
1613;1
1613;19
1613;38
1613;67
1613;112
1613;160
1614;9
1614;14
1614;28
1614;45
1614;83
1614;181
1615;7
1615;19
1615;34
1615;45
1615;84
1615;183
1616;8
1616;19
1616;34
1616;45
1616;89
1616;160
1617;2
1617;16
1617;34
1617;45
1617;112
1617;182
1618;2
1618;16
1618;33
1618;45
1618;83
1618;182
1619;9
1619;13
1619;34
1619;45
1619;84
1619;160
1620;7
1620;17
1620;33
1620;51
1620;85
1620;183
1621;8
1621;12
1621;33
1621;45
1621;84
1621;182
1622;9
1622;16
1622;34
1622;45
1622;118
1622;160
1623;9
1623;16
1623;34
1623;46
1623;84
1623;230
1624;8
1624;17
1624;34
1624;46
1624;90
1624;180
1625;9
1625;19
1625;22
1625;45
1625;84
1625;160
1626;0
1626;18
1626;37
1626;67
1626;93
1626;168
1627;7
1627;16
1627;37
1627;44
1627;100
1627;167
1628;9
1628;19
1628;37
1628;56
1628;94
1628;169
1629;9
1629;17
1629;38
1629;75
1629;94
1629;167
1630;9
1630;19
1630;38
1630;45
1630;83
1630;167
1631;8
1631;19
1631;38
1631;67
1631;94
1631;189
1632;8
1632;15
1632;38
1632;67
1632;90
1632;164
1633;8
1633;15
1633;38
1633;56
1633;89
1633;173
1634;7
1634;15
1634;38
1634;76
1634;112
1634;168
1635;0
1635;18
1635;38
1635;67
1635;94
1635;189
1636;5
1636;19
1636;38
1636;57
1636;92
1636;171
1637;8
1637;19
1637;38
1637;75
1637;92
1637;174
1638;8
1638;15
1638;38
1638;57
1638;83
1638;168
1639;0
1639;13
1639;38
1639;57
1639;91
1639;164
1640;3
1640;19
1640;38
1640;57
1640;90
1640;168
1641;9
1641;15
1641;38
1641;44
1641;83
1641;173
1642;5
1642;17
1642;30
1642;45
1642;100
1642;178
1643;8
1643;19
1643;38
1643;56
1643;89
1643;167
1644;7
1644;19
1644;34
1644;45
1644;100
1644;164
1645;8
1645;19
1645;34
1645;58
1645;91
1645;173
1646;8
1646;18
1646;34
1646;45
1646;92
1646;167
1647;9
1647;18
1647;30
1647;45
1647;103
1647;180
1648;8
1648;18
1648;38
1648;45
1648;103
1648;179
1649;9
1649;19
1649;22
1649;45
1649;84
1649;181
1650;1
1650;16
1650;37
1650;45
1650;89
1650;179
1651;9
1651;19
1651;34
1651;46
1651;91
1651;165
1652;9
1652;15
1652;30
1652;45
1652;80
1652;165
1653;8
1653;16
1653;30
1653;45
1653;135
1653;164
1654;0
1654;16
1654;23
1654;45
1654;113
1654;180
1655;9
1655;19
1655;38
1655;45
1655;92
1655;230
1656;9
1656;18
1656;30
1656;45
1656;90
1656;179
1657;9
1657;18
1657;38
1657;45
1657;89
1657;169
1658;9
1658;19
1658;38
1658;67
1658;90
1658;193
1659;8
1659;15
1659;30
1659;44
1659;110
1659;178
1660;9
1660;14
1660;30
1660;45
1660;89
1660;164
1661;3
1661;19
1661;30
1661;44
1661;82
1661;178
1662;9
1662;19
1662;22
1662;45
1662;132
1662;163
1663;9
1663;19
1663;20
1663;67
1663;82
1663;165
1664;9
1664;16
1664;30
1664;67
1664;101
1664;207
1665;8
1665;19
1665;37
1665;43
1665;90
1665;169
1666;8
1666;12
1666;31
1666;67
1666;84
1666;167
1667;7
1667;18
1667;34
1667;67
1667;92
1667;175
1668;9
1668;12
1668;30
1668;45
1668;80
1668;225
1669;9
1669;19
1669;29
1669;42
1669;83
1669;209
1670;9
1670;19
1670;20
1670;44
1670;104
1670;207
1671;8
1671;16
1671;23
1671;45
1671;101
1671;221
1672;8
1672;19
1672;20
1672;48
1672;89
1672;209
1673;8
1673;18
1673;20
1673;57
1673;114
1673;176
1674;9
1674;17
1674;20
1674;49
1674;82
1674;210
1676;9
1676;16
1676;34
1676;75
1676;112
1676;178
