0;0
0;11
0;24
0;47
0;120
0;167
1;6
1;13
1;24
1;47
1;119
1;180
2;0
2;18
2;23
2;47
2;95
2;180
3;0
3;10
3;23
3;47
3;120
3;180
4;0
4;18
4;23
4;48
4;95
4;180
5;7
5;18
5;24
5;47
5;120
5;167
6;6
6;14
6;35
6;48
6;120
6;180
7;7
7;19
7;35
7;47
7;95
7;167
8;6
8;10
8;35
8;47
8;119
8;167
9;8
9;19
9;36
9;48
9;95
9;167
10;5
10;19
10;35
10;47
10;143
10;167
11;0
11;19
11;24
11;47
11;120
11;180
12;9
12;11
12;35
12;71
12;106
12;180
13;0
13;14
13;36
13;60
13;119
13;167
14;8
14;10
14;24
14;60
14;120
14;167
15;0
15;19
15;24
15;47
15;119
15;167
16;7
16;10
16;35
16;48
16;95
16;178
17;9
17;10
17;36
17;60
17;120
17;179
18;8
18;15
18;35
18;47
18;107
18;179
19;7
19;17
19;35
19;60
19;120
19;180
20;9
20;10
20;35
20;60
20;107
20;167
21;6
21;15
21;36
21;47
21;106
21;167
22;8
22;18
22;36
22;60
22;106
22;167
23;6
23;15
23;35
23;60
23;120
23;167
24;9
24;10
24;24
24;60
24;107
24;179
25;8
25;18
25;35
25;47
25;107
25;167
26;9
26;15
26;36
26;48
26;95
26;179
27;8
27;19
27;35
27;60
27;107
27;180
28;9
28;15
28;35
28;60
28;143
28;179
29;5
29;15
29;36
29;71
29;95
29;180
30;5
30;15
30;35
30;47
30;95
30;167
31;7
31;15
31;36
31;47
31;119
31;179
32;7
32;15
32;36
32;47
32;119
32;180
33;9
33;15
33;36
33;45
33;106
33;180
34;9
34;15
34;35
34;47
34;107
34;252
35;7
35;15
35;36
35;47
35;95
35;179
36;8
36;15
36;35
36;60
36;120
36;179
37;9
37;19
37;36
37;48
37;95
37;180
38;9
38;19
38;36
38;47
38;95
38;180
39;5
39;19
39;35
39;60
39;143
39;179
40;6
40;15
40;35
40;47
40;95
40;179
41;9
41;15
41;35
41;47
41;143
41;179
42;9
42;15
42;35
42;47
42;107
42;215
43;6
43;15
43;35
43;47
43;107
43;180
44;9
44;15
44;35
44;45
44;107
44;180
45;9
45;15
45;24
45;60
45;120
45;179
46;9
46;15
46;35
46;47
46;107
46;179
47;8
47;15
47;36
47;47
47;107
47;167
48;9
48;15
48;36
48;48
48;120
48;180
49;9
49;18
49;36
49;47
49;120
49;180
50;9
50;19
50;35
50;48
50;96
50;240
51;8
51;19
51;36
51;47
51;106
51;179
52;7
52;19
52;35
52;47
52;107
52;238
53;8
53;13
53;24
53;47
53;95
53;238
54;9
54;19
54;36
54;48
54;143
54;239
55;0
55;17
55;35
55;47
55;107
55;240
56;9
56;14
56;35
56;47
56;94
56;240
57;7
57;14
57;35
57;47
57;107
57;237
58;8
58;19
58;36
58;47
58;95
58;240
59;5
59;14
59;36
59;48
59;107
59;238
60;9
60;15
60;24
60;47
60;95
60;240
61;7
61;19
61;35
61;47
61;107
61;236
62;2
62;19
62;36
62;47
62;95
62;238
63;5
63;15
63;35
63;48
63;95
63;240
64;9
64;10
64;36
64;47
64;95
64;239
65;9
65;10
65;36
65;46
65;95
65;240
66;8
66;13
66;36
66;47
66;95
66;238
67;6
67;10
67;36
67;47
67;95
67;240
68;7
68;10
68;36
68;48
68;94
68;239
69;9
69;16
69;30
69;48
69;95
69;237
70;9
70;16
70;35
70;48
70;95
70;237
71;9
71;16
71;35
71;47
71;95
71;240
72;9
72;10
72;35
72;47
72;95
72;237
73;4
73;16
73;35
73;48
73;94
73;237
74;8
74;16
74;36
74;47
74;95
74;237
75;6
75;19
75;35
75;47
75;95
75;236
76;8
76;18
76;35
76;47
76;94
76;240
77;8
77;14
77;36
77;48
77;95
77;237
78;9
78;12
78;30
78;47
78;95
78;240
79;2
79;10
79;35
79;47
79;95
79;237
80;0
80;10
80;36
80;47
80;143
80;240
81;8
81;10
81;35
81;47
81;95
81;240
82;0
82;14
82;36
82;47
82;95
82;237
83;8
83;10
83;36
83;47
83;95
83;236
84;9
84;10
84;36
84;47
84;95
84;240
85;8
85;12
85;35
85;47
85;95
85;237
86;9
86;10
86;35
86;47
86;95
86;241
87;9
87;10
87;35
87;48
87;107
87;240
88;7
88;18
88;36
88;47
88;95
88;237
89;9
89;10
89;36
89;48
89;95
89;237
90;9
90;19
90;30
90;47
90;120
90;180
91;9
91;15
91;30
91;47
91;120
91;180
92;9
92;10
92;30
92;47
92;120
92;180
93;7
93;18
93;30
93;47
93;90
93;180
94;9
94;10
94;30
94;47
94;90
94;180
95;9
95;19
95;30
95;47
95;95
95;180
96;9
96;10
96;24
96;47
96;95
96;191
97;8
97;18
97;24
97;47
97;95
97;191
98;9
98;19
98;24
98;47
98;95
98;191
99;9
99;10
99;24
99;47
99;95
99;191
100;7
100;19
100;24
100;47
100;90
100;180
101;9
101;10
101;36
101;47
101;120
101;180
102;8
102;18
102;35
102;47
102;120
102;180
103;6
103;10
103;35
103;47
103;90
103;180
104;9
104;10
104;35
104;47
104;90
104;180
105;9
105;11
105;35
105;47
105;120
105;180
106;7
106;19
106;36
106;47
106;95
106;191
107;9
107;17
107;35
107;47
107;95
107;191
108;9
108;10
108;35
108;47
108;95
108;180
109;9
109;18
109;24
109;47
109;95
109;191
110;9
110;18
110;24
110;47
110;95
110;191
111;9
111;15
111;36
111;53
111;108
111;160
112;9
112;15
112;38
112;53
112;107
112;160
113;6
113;15
113;38
113;53
113;106
113;160
114;9
114;15
114;38
114;53
114;106
114;160
115;8
115;15
115;38
115;53
115;105
115;160
116;8
116;15
116;38
116;45
116;105
116;160
117;9
117;15
117;38
117;45
117;90
117;180
118;6
118;15
118;30
118;45
118;90
118;180
119;0
119;15
119;30
119;45
119;90
119;160
120;5
120;15
120;30
120;45
120;90
120;160
121;3
121;15
121;30
121;45
121;90
121;180
122;9
122;19
122;22
122;53
122;107
122;160
123;9
123;19
123;37
123;53
123;107
123;160
124;9
124;19
124;38
124;53
124;107
124;160
125;9
125;19
125;38
125;45
125;105
125;160
126;9
126;19
126;38
126;45
126;105
126;160
127;9
127;15
127;38
127;45
127;90
127;160
128;9
128;15
128;38
128;45
128;90
128;180
129;7
129;15
129;38
129;45
129;90
129;180
130;9
130;15
130;38
130;45
130;90
130;160
131;9
131;15
131;38
131;45
131;90
131;180
132;9
132;15
132;38
132;45
132;89
132;180
133;6
133;19
133;30
133;47
133;120
133;180
134;6
134;18
134;30
134;47
134;120
134;180
135;9
135;10
135;24
135;47
135;120
135;180
136;9
136;10
136;24
136;47
136;120
136;180
137;6
137;19
137;24
137;47
137;120
137;180
138;7
138;18
138;24
138;47
138;95
138;191
139;9
139;10
139;24
139;47
139;95
139;191
140;9
140;19
140;24
140;47
140;95
140;180
141;4
141;19
141;24
141;47
141;95
141;201
142;8
142;19
142;24
142;40
142;80
142;201
143;9
143;19
143;24
143;60
143;120
143;160
144;9
144;19
144;24
144;47
144;120
144;180
145;6
145;19
145;24
145;47
145;120
145;180
146;9
146;19
146;24
146;47
146;120
146;180
147;9
147;19
147;24
147;47
147;95
147;180
148;9
148;19
148;24
148;47
148;95
148;167
149;6
149;19
149;24
149;47
149;95
149;191
150;6
150;19
150;24
150;47
150;95
150;180
151;0
151;19
151;24
151;47
151;95
151;180
152;7
152;19
152;24
152;47
152;95
152;167
153;5
153;19
153;24
153;47
153;95
153;167
154;9
154;16
154;32
154;63
154;127
154;160
155;9
155;16
155;24
155;63
155;95
155;160
156;9
156;16
156;24
156;63
156;95
156;167
157;9
157;16
157;24
157;63
157;95
157;160
158;0
158;16
158;24
158;63
158;95
158;167
159;9
159;16
159;24
159;47
159;95
159;167
160;9
160;16
160;24
160;47
160;95
160;191
161;8
161;16
161;24
161;47
161;95
161;191
162;7
162;16
162;24
162;47
162;95
162;167
163;9
163;16
163;24
163;47
163;95
163;167
164;9
164;16
164;24
164;47
164;95
164;191
165;9
165;16
165;36
165;63
165;127
165;179
166;6
166;16
166;35
166;63
166;80
166;160
167;9
167;16
167;35
167;63
167;111
167;160
168;9
168;16
168;39
168;63
168;111
168;160
169;6
169;16
169;39
169;40
169;80
169;191
170;9
170;16
170;32
170;47
170;95
170;191
171;8
171;16
171;39
171;47
171;95
171;191
172;9
172;16
172;39
172;47
172;95
172;160
173;9
173;16
173;39
173;47
173;95
173;160
174;9
174;16
174;39
174;47
174;95
174;191
175;9
175;16
175;30
175;48
175;95
175;180
176;9
176;10
176;36
176;47
176;95
176;191
177;9
177;10
177;24
177;47
177;95
177;167
178;9
178;19
178;24
178;47
178;95
178;167
179;9
179;10
179;24
179;47
179;95
179;167
180;9
180;10
180;24
180;47
180;95
180;167
181;9
181;18
181;24
181;47
181;95
181;167
182;7
182;12
182;24
182;47
182;90
182;167
183;7
183;19
183;24
183;47
183;90
183;167
184;9
184;19
184;24
184;60
184;131
184;353
185;9
185;15
185;25
185;61
185;121
185;242
186;9
186;19
186;24
186;72
186;96
186;264
187;0
187;18
187;23
187;70
187;94
187;164
188;7
188;19
188;24
188;48
188;97
188;168
189;8
189;18
189;27
189;54
189;81
189;188
190;8
190;18
190;27
190;53
190;80
190;187
191;7
191;17
191;29
191;59
191;89
191;176
192;8
192;19
192;30
192;59
192;89
192;178
193;6
193;19
193;24
193;47
193;89
193;490
194;9
194;19
194;25
194;52
194;128
194;179
195;8
195;19
195;27
195;53
195;133
195;160
196;9
196;14
196;26
196;53
196;159
196;265
197;9
197;19
197;27
197;53
197;159
197;160
198;1
198;15
198;27
198;53
198;80
198;160
199;1
199;15
199;26
199;45
199;80
199;160
200;9
200;15
200;27
200;45
200;105
200;180
201;7
201;15
201;30
201;45
201;105
201;180
202;6
202;15
202;30
202;45
202;105
202;412
203;9
203;15
203;30
203;45
203;105
203;180
204;9
204;15
204;30
204;45
204;105
204;180
205;4
205;15
205;30
205;45
205;105
205;180
206;7
206;15
206;30
206;45
206;105
206;452
207;9
207;19
207;22
207;45
207;93
207;341
208;5
208;19
208;24
208;72
208;96
208;263
209;7
209;19
209;24
209;71
209;95
209;261
210;0
210;19
210;26
210;52
210;158
210;188
211;7
211;19
211;26
211;53
211;80
211;186
212;9
212;15
212;38
212;45
212;157
212;193
213;7
213;15
213;30
213;60
213;90
213;209
214;3
214;15
214;30
214;60
214;90
214;210
215;0
215;19
215;20
215;44
215;90
215;458
216;9
216;18
216;24
216;47
216;95
216;166
217;8
217;15
217;24
217;47
217;95
217;166
218;9
218;18
218;24
218;48
218;95
218;167
219;5
219;17
219;24
219;47
219;95
219;160
220;6
220;19
220;24
220;47
220;95
220;160
221;9
221;19
221;23
221;47
221;95
221;160
222;8
222;19
222;24
222;47
222;95
222;447
223;9
223;19
223;24
223;47
223;80
223;404
224;1
224;19
224;24
224;47
224;95
224;455
225;7
225;19
225;24
225;47
225;80
225;201
226;6
226;19
226;24
226;47
226;80
226;201
227;7
227;19
227;24
227;40
227;80
227;201
228;8
228;19
228;24
228;40
228;90
228;201
229;9
229;19
229;24
229;47
229;95
229;167
230;6
230;19
230;24
230;47
230;95
230;167
231;9
231;19
231;24
231;47
231;95
231;167
232;9
232;19
232;24
232;47
232;95
232;167
233;7
233;19
233;24
233;40
233;95
233;167
234;2
234;15
234;30
234;45
234;95
234;182
235;2
235;16
235;32
235;48
235;80
235;239
236;4
236;18
236;35
236;53
236;89
236;176
237;2
237;18
237;35
237;53
237;88
237;178
238;8
238;18
238;24
238;47
238;80
238;178
239;9
239;17
239;35
239;40
239;107
239;229
240;0
240;18
240;36
240;54
240;107
240;178
241;9
241;18
241;36
241;53
241;89
241;178
242;1
242;18
242;35
242;53
242;88
242;177
243;1
243;18
243;36
243;53
243;89
243;177
244;6
244;17
244;35
244;53
244;88
244;161
245;1
245;16
245;31
245;47
245;94
245;189
246;0
246;16
246;32
246;63
246;80
246;160
247;0
247;15
247;30
247;46
247;91
247;244
248;1
248;15
248;30
248;45
248;134
248;254
249;2
249;15
249;30
249;45
249;89
249;252
250;9
250;16
250;32
250;48
250;80
250;191
251;9
251;16
251;32
251;47
251;94
251;251
252;2
252;15
252;30
252;40
252;148
252;162
253;9
253;15
253;30
253;60
253;149
253;179
254;2
254;15
254;30
254;60
254;149
254;223
255;0
255;15
255;30
255;60
255;90
255;165
256;2
256;15
256;29
256;44
256;118
256;394
257;9
257;17
257;32
257;40
257;95
257;164
258;8
258;16
258;32
258;40
258;80
258;167
259;8
259;15
259;32
259;40
259;80
259;421
260;9
260;16
260;24
260;40
260;95
260;417
261;9
261;10
261;36
261;48
261;143
261;180
262;6
262;17
262;35
262;47
262;143
262;180
263;9
263;14
263;30
263;47
263;90
263;180
264;6
264;15
264;30
264;47
264;90
264;180
265;9
265;15
265;30
265;47
265;90
265;180
266;8
266;18
266;30
266;47
266;90
266;166
267;8
267;19
267;24
267;47
267;90
267;167
268;9
268;19
268;30
268;47
268;90
268;457
269;9
269;13
269;26
269;53
269;157
269;164
270;0
270;12
270;24
270;70
270;159
270;168
271;9
271;19
271;21
271;45
271;152
271;170
272;4
272;16
272;24
272;72
272;96
272;168
273;8
273;19
273;24
273;48
273;97
273;169
274;7
274;19
274;27
274;54
274;80
274;188
275;9
275;19
275;27
275;55
275;81
275;161
276;6
276;19
276;29
276;47
276;85
276;460
277;9
277;16
277;30
277;60
277;90
277;240
278;5
278;19
278;30
278;60
278;89
278;240
279;8
279;19
279;27
279;55
279;90
279;191
280;9
280;19
280;26
280;53
280;158
280;184
281;8
281;14
281;27
281;53
281;159
281;186
282;9
282;19
282;27
282;53
282;80
282;160
283;9
283;19
283;38
283;45
283;90
283;160
284;6
284;15
284;30
284;45
284;89
284;161
285;0
285;15
285;30
285;45
285;90
285;171
286;6
286;15
286;38
286;45
286;89
286;180
287;7
287;15
287;38
287;45
287;90
287;170
288;9
288;15
288;38
288;45
288;105
288;172
289;6
289;15
289;38
289;45
289;105
289;180
290;9
290;15
290;22
290;45
290;105
290;468
291;4
291;12
291;25
291;50
291;157
291;160
292;3
292;17
292;20
292;62
292;159
292;160
293;9
293;19
293;24
293;72
293;143
293;167
294;2
294;19
294;24
294;71
294;95
294;263
295;8
295;19
295;27
295;54
295;81
295;163
296;0
296;19
296;27
296;53
296;80
296;187
297;6
297;19
297;27
297;54
297;81
297;189
298;1
298;15
298;30
298;60
298;90
298;211
299;4
299;15
299;30
299;60
299;90
299;210
300;8
300;15
300;23
300;48
300;90
300;476
301;8
301;15
301;24
301;48
301;95
301;262
302;9
302;15
302;24
302;71
302;95
302;166
303;9
303;19
303;24
303;47
303;95
303;166
304;9
304;19
304;24
304;72
304;144
304;168
305;8
305;19
305;24
305;47
305;95
305;167
306;0
306;16
306;23
306;47
306;80
306;161
307;8
307;19
307;24
307;47
307;80
307;167
308;9
308;16
308;24
308;47
308;80
308;167
309;8
309;15
309;24
309;47
309;80
309;201
310;8
310;19
310;24
310;47
310;80
310;201
311;9
311;19
311;24
311;47
311;80
311;201
312;8
312;19
312;24
312;40
312;80
312;201
313;5
313;19
313;24
313;40
313;80
313;201
314;9
314;19
314;24
314;47
314;95
314;167
315;6
315;19
315;24
315;47
315;95
315;167
316;9
316;18
316;24
316;47
316;95
316;167
317;6
317;19
317;24
317;47
317;95
317;167
318;5
318;19
318;24
318;47
318;95
318;167
319;9
319;13
319;24
319;42
319;95
319;164
320;0
320;15
320;31
320;46
320;155
320;169
321;9
321;17
321;35
321;53
321;141
321;160
322;0
322;18
322;35
322;53
322;141
322;176
323;1
323;18
323;36
323;53
323;143
323;160
324;8
324;17
324;34
324;51
324;151
324;161
325;9
325;18
325;36
325;54
325;90
325;161
326;6
326;18
326;36
326;53
326;89
326;160
327;3
327;18
327;35
327;53
327;89
327;160
328;0
328;18
328;36
328;53
328;89
328;161
329;9
329;17
329;35
329;40
329;80
329;457
330;9
330;16
330;32
330;40
330;95
330;174
331;1
331;14
331;35
331;40
331;80
331;402
332;8
332;15
332;29
332;46
332;137
332;238
333;0
333;15
333;30
333;45
333;89
333;163
334;0
334;15
334;29
334;45
334;90
334;165
335;9
335;16
335;39
335;47
335;95
335;160
336;3
336;16
336;31
336;40
336;95
336;160
337;0
337;16
337;31
337;40
337;80
337;504
338;9
338;15
338;29
338;40
338;156
338;358
339;2
339;15
339;30
339;60
339;90
339;164
340;0
340;15
340;30
340;60
340;89
340;164
341;7
341;15
341;30
341;60
341;119
341;426
342;1
342;15
342;30
342;40
342;95
342;180
343;0
343;15
343;23
343;40
343;80
343;269
344;6
344;17
344;20
344;40
344;80
344;490
345;9
345;16
345;39
345;40
345;80
345;190
346;9
346;13
346;26
346;47
346;95
346;186
347;2
347;13
347;26
347;47
347;95
347;182
348;4
348;15
348;30
348;47
348;89
348;179
349;3
349;15
349;30
349;44
349;89
349;163
350;1
350;15
350;30
350;45
350;90
350;164
351;0
351;15
351;30
351;45
351;134
351;179
352;0
352;15
352;30
352;45
352;89
352;208
353;0
353;15
353;30
353;45
353;134
353;398
354;9
354;14
354;30
354;47
354;95
354;210
355;9
355;15
355;24
355;47
355;145
355;161
356;9
356;17
356;36
356;51
356;133
356;202
357;1
357;15
357;30
357;62
357;139
357;216
358;3
358;15
358;36
358;63
358;80
358;205
359;2
359;18
359;35
359;71
359;124
359;160
360;1
360;18
360;24
360;71
360;89
360;160
361;3
361;18
361;36
361;53
361;89
361;214
362;8
362;18
362;35
362;53
362;142
362;497
363;1
363;18
363;35
363;53
363;89
363;473
364;7
364;16
364;24
364;47
364;90
364;510
365;7
365;16
365;30
365;47
365;152
365;495
366;5
366;18
366;24
366;47
366;140
366;290
367;9
367;19
367;24
367;48
367;95
367;239
368;1
368;19
368;24
368;48
368;96
368;167
369;1
369;19
369;27
369;54
369;80
369;241
370;3
370;19
370;27
370;54
370;80
370;187
371;2
371;19
371;26
371;53
371;159
371;160
372;9
372;19
372;25
372;45
372;90
372;352
373;1
373;15
373;27
373;53
373;159
373;160
374;2
374;15
374;27
374;54
374;82
374;164
375;6
375;15
375;26
375;53
375;158
375;263
376;1
376;15
376;23
376;45
376;134
376;500
377;5
377;17
377;21
377;45
377;155
377;480
378;9
378;19
378;27
378;54
378;81
378;162
379;6
379;19
379;29
379;55
379;84
379;164
380;1
380;19
380;30
380;60
380;149
380;269
381;2
381;19
381;30
381;59
381;150
381;240
382;1
382;19
382;24
382;45
382;150
382;485
383;0
383;19
383;24
383;48
383;96
383;168
384;5
384;15
384;24
384;71
384;94
384;165
385;9
385;15
385;27
385;53
385;80
385;160
386;0
386;15
386;27
386;79
386;80
386;160
387;9
387;19
387;26
387;51
387;80
387;236
388;9
388;16
388;23
388;48
388;94
388;161
389;9
389;15
389;22
389;46
389;138
389;160
390;2
390;15
390;20
390;40
390;80
390;160
391;0
391;19
391;20
391;40
391;80
391;411
392;0
392;19
392;20
392;40
392;159
392;160
393;8
393;19
393;20
393;40
393;80
393;167
394;8
394;19
394;39
394;40
394;80
394;361
395;4
395;19
395;39
395;40
395;80
395;429
396;8
396;19
396;39
396;40
396;80
396;425
397;9
397;19
397;39
397;40
397;80
397;201
398;5
398;19
398;39
398;40
398;80
398;201
399;9
399;18
399;24
399;47
399;95
399;167
400;6
400;19
400;24
400;47
400;95
400;167
401;9
401;19
401;24
401;47
401;95
401;167
402;9
402;19
402;24
402;47
402;95
402;167
403;9
403;19
403;24
403;47
403;95
403;167
404;8
404;10
404;24
404;47
404;95
404;167
405;9
405;19
405;24
405;47
405;95
405;167
406;9
406;18
406;24
406;47
406;95
406;167
407;6
407;19
407;24
407;47
407;95
407;167
408;8
408;19
408;24
408;47
408;95
408;167
409;9
409;19
409;24
409;47
409;95
409;167
410;9
410;16
410;36
410;40
410;107
410;179
411;6
411;16
411;35
411;40
411;107
411;179
412;1
412;16
412;35
412;40
412;107
412;179
413;9
413;16
413;35
413;40
413;107
413;179
414;1
414;16
414;35
414;40
414;80
414;179
415;5
415;16
415;35
415;40
415;80
415;179
416;9
416;16
416;35
416;40
416;80
416;179
417;0
417;16
417;39
417;40
417;80
417;179
418;9
418;16
418;35
418;40
418;80
418;179
419;0
419;16
419;39
419;40
419;80
419;179
420;9
420;16
420;39
420;40
420;96
420;160
421;6
421;16
421;39
421;40
421;95
421;160
422;6
422;16
422;39
422;40
422;95
422;160
423;6
423;16
423;39
423;40
423;95
423;160
424;9
424;16
424;39
424;40
424;95
424;167
425;7
425;16
425;39
425;40
425;80
425;166
426;7
426;16
426;39
426;40
426;80
426;267
427;0
427;16
427;39
427;40
427;95
427;162
428;9
428;16
428;24
428;40
428;95
428;167
429;9
429;16
429;39
429;40
429;95
429;397
430;9
430;16
430;24
430;40
430;80
430;365
431;9
431;13
431;27
431;47
431;95
431;257
432;8
432;13
432;26
432;47
432;91
432;180
433;4
433;13
433;27
433;47
433;80
433;180
434;3
434;15
434;24
434;47
434;105
434;209
435;3
435;15
435;30
435;47
435;89
435;208
436;0
436;15
436;30
436;45
436;89
436;164
437;0
437;15
437;30
437;45
437;89
437;208
438;1
438;15
438;30
438;45
438;90
438;399
439;1
439;15
439;30
439;44
439;90
439;165
440;8
440;14
440;30
440;47
440;90
440;409
441;8
441;16
441;24
441;47
441;150
441;500
442;0
442;16
442;32
442;48
442;111
442;508
443;2
443;14
443;32
443;48
443;81
443;180
444;2
444;18
444;36
444;53
444;89
444;319
445;2
445;18
445;36
445;53
445;89
445;178
446;1
446;18
446;36
446;53
446;90
446;178
447;2
447;18
447;36
447;53
447;89
447;178
448;0
448;18
448;35
448;53
448;88
448;212
449;9
449;18
449;35
449;53
449;89
449;213
450;2
450;18
450;36
450;54
450;90
450;251
451;5
451;18
451;30
451;47
451;90
451;180
452;9
452;19
452;37
452;45
452;148
452;160
453;0
453;19
453;24
453;71
453;142
453;214
454;6
454;19
454;22
454;53
454;133
454;160
455;2
455;15
455;27
455;53
455;133
455;160
456;6
456;15
456;38
456;45
456;80
456;472
457;4
457;15
457;38
457;45
457;133
457;506
458;7
458;15
458;27
458;54
458;81
458;225
459;9
459;15
459;27
459;54
459;80
459;161
460;7
460;15
460;26
460;53
460;131
460;465
461;7
461;15
461;27
461;54
461;81
461;244
462;2
462;15
462;26
462;53
462;80
462;263
463;9
463;19
463;27
463;54
463;82
463;300
464;6
464;19
464;28
464;56
464;115
464;227
465;5
465;19
465;30
465;60
465;119
465;239
466;1
466;15
466;25
466;45
466;120
466;239
467;8
467;19
467;38
467;45
467;159
467;187
468;7
468;19
468;27
468;53
468;133
468;166
469;0
469;19
469;24
469;48
469;119
469;167
470;7
470;15
470;26
470;53
470;106
470;160
471;1
471;15
471;27
471;53
471;107
471;160
472;0
472;15
472;26
472;53
472;106
472;160
473;2
473;18
473;22
473;47
473;106
473;272
474;1
474;15
474;23
474;47
474;90
474;160
475;1
475;19
475;20
475;40
475;80
475;162
476;2
476;19
476;20
476;40
476;159
476;160
477;1
477;19
477;20
477;40
477;80
477;423
478;8
478;19
478;20
478;47
478;89
478;496
479;2
479;19
479;24
479;47
479;95
479;187
480;9
480;19
480;24
480;47
480;95
480;201
481;9
481;19
481;24
481;47
481;95
481;201
482;6
482;19
482;24
482;40
482;95
482;201
483;6
483;19
483;24
483;40
483;80
483;201
484;9
484;19
484;24
484;47
484;120
484;167
485;9
485;19
485;24
485;47
485;95
485;167
486;9
486;19
486;24
486;47
486;95
486;167
487;8
487;19
487;24
487;47
487;95
487;479
488;9
488;19
488;24
488;47
488;95
488;493
489;7
489;19
489;24
489;47
489;95
489;493
490;7
490;12
490;23
490;47
490;118
490;260
491;5
491;18
491;24
491;47
491;118
491;260
492;1
492;18
492;24
492;47
492;118
492;260
493;0
493;19
493;24
493;42
493;86
493;333
494;7
494;16
494;23
494;47
494;95
494;262
495;9
495;16
495;39
495;40
495;95
495;160
496;7
496;16
496;39
496;40
496;95
496;160
497;9
497;16
497;39
497;40
497;95
497;160
498;5
498;16
498;39
498;40
498;95
498;160
499;9
499;19
499;39
499;40
499;151
499;160
500;9
500;19
500;23
500;73
500;96
500;160
501;8
501;16
501;24
501;71
501;143
501;167
502;7
502;18
502;23
502;47
502;143
502;511
503;8
503;19
503;27
503;54
503;81
503;161
504;8
504;18
504;28
504;72
504;95
504;505
505;9
505;19
505;27
505;54
505;132
505;479
506;7
506;19
506;27
506;54
506;81
506;161
507;9
507;18
507;30
507;59
507;89
507;179
508;7
508;18
508;25
508;58
508;89
508;212
509;8
509;19
509;27
509;54
509;81
509;243
510;7
510;18
510;26
510;53
510;81
510;187
511;8
511;19
511;24
511;48
511;119
511;239
512;9
512;17
512;24
512;48
512;95
512;238
513;8
513;19
513;24
513;48
513;96
513;472
514;7
514;19
514;27
514;54
514;135
514;218
515;9
515;19
515;24
515;54
515;95
515;180
516;6
516;11
516;36
516;48
516;95
516;166
517;6
517;18
517;24
517;48
517;95
517;167
518;6
518;18
518;24
518;48
518;95
518;190
519;6
519;18
519;24
519;47
519;95
519;166
520;6
520;18
520;24
520;47
520;94
520;189
521;6
521;18
521;24
521;47
521;94
521;188
522;6
522;18
522;24
522;47
522;95
522;190
523;6
523;18
523;23
523;47
523;142
523;188
524;6
524;12
524;25
524;59
524;95
524;237
525;6
525;12
525;30
525;41
525;95
525;190
526;6
526;12
526;36
526;47
526;89
526;190
527;6
527;12
527;29
527;72
527;86
527;190
528;6
528;18
528;29
528;58
528;87
528;211
529;6
529;18
529;35
529;71
529;90
529;190
530;6
530;18
530;30
530;60
530;90
530;190
531;6
531;18
531;30
531;47
531;90
531;190
532;6
532;18
532;30
532;60
532;95
532;235
533;6
533;18
533;24
533;60
533;95
533;473
534;6
534;18
534;30
534;47
534;90
534;284
535;6
535;18
535;30
535;47
535;89
535;190
536;6
536;18
536;27
536;47
536;80
536;234
537;6
537;18
537;24
537;74
537;86
537;285
538;6
538;19
538;23
538;45
538;95
538;180
539;8
539;15
539;22
539;45
539;82
539;180
540;7
540;15
540;22
540;45
540;90
540;180
541;7
541;15
541;30
541;67
541;90
541;179
542;7
542;19
542;30
542;45
542;90
542;164
543;7
543;15
543;23
543;71
543;94
543;166
544;7
544;19
544;24
544;71
544;90
544;166
545;8
545;15
545;22
545;45
545;90
545;342
546;8
546;19
546;30
546;53
546;89
546;223
547;8
547;15
547;30
547;67
547;89
547;179
548;8
548;19
548;23
548;45
548;136
548;162
549;7
549;19
549;30
549;79
549;131
549;235
550;8
550;15
550;30
550;59
550;90
550;180
551;8
551;15
551;30
551;60
551;150
551;180
552;8
552;19
552;30
552;52
552;82
552;179
553;7
553;15
553;30
553;45
553;141
553;478
554;7
554;15
554;22
554;71
554;141
554;177
555;8
555;15
555;22
555;71
555;141
555;177
556;7
556;15
556;22
556;71
556;142
556;177
557;7
557;15
557;22
557;71
557;142
557;177
558;8
558;15
558;30
558;71
558;142
558;178
559;8
559;15
559;39
559;72
559;145
559;181
560;9
560;10
560;30
560;40
560;119
560;160
561;9
561;10
561;39
561;40
561;119
561;238
562;9
562;10
562;39
562;40
562;119
562;170
563;9
563;10
563;30
563;40
563;80
563;214
564;9
564;10
564;39
564;60
564;119
564;267
565;9
565;10
565;30
565;60
565;119
565;268
566;9
566;10
566;30
566;60
566;119
566;268
567;9
567;10
567;30
567;40
567;89
567;160
568;9
568;10
568;30
568;40
568;89
568;199
569;9
569;10
569;30
569;40
569;119
569;161
570;9
570;10
570;30
570;60
570;90
570;271
571;9
571;10
571;30
571;60
571;89
571;269
572;9
572;10
572;30
572;60
572;90
572;269
573;9
573;10
573;30
573;59
573;88
573;265
574;9
574;10
574;30
574;60
574;90
574;272
575;9
575;10
575;30
575;59
575;89
575;267
576;9
576;10
576;30
576;60
576;91
576;271
577;9
577;10
577;20
577;59
577;89
577;269
578;9
578;10
578;27
578;53
578;80
578;199
579;9
579;10
579;28
579;40
579;82
579;179
580;9
580;10
580;30
580;40
580;90
580;199
581;9
581;16
581;39
581;40
581;95
581;177
582;8
582;16
582;39
582;40
582;90
582;177
583;8
583;16
583;39
583;40
583;119
583;177
584;8
584;16
584;24
584;40
584;89
584;178
585;8
585;16
585;22
585;40
585;159
585;168
586;8
586;16
586;24
586;72
586;95
586;167
587;8
587;16
587;23
587;55
587;95
587;375
588;8
588;16
588;27
588;54
588;136
588;163
589;8
589;16
589;39
589;55
589;106
589;177
590;8
590;16
590;24
590;55
590;98
590;213
591;8
591;16
591;28
591;55
591;139
591;221
592;8
592;16
592;29
592;59
592;148
592;176
593;8
593;16
593;29
593;55
593;88
593;182
594;8
594;16
594;27
594;54
594;80
594;160
595;8
595;16
595;32
595;53
595;134
595;160
596;8
596;16
596;24
596;48
596;142
596;165
597;8
597;16
597;24
597;71
597;142
597;166
598;8
598;16
598;24
598;55
598;95
598;189
599;8
599;16
599;27
599;55
599;135
599;268
600;8
600;16
600;27
600;53
600;80
600;160
601;8
601;16
601;29
601;60
601;80
601;180
602;6
602;17
602;24
602;48
602;96
602;167
603;6
603;18
603;24
603;47
603;95
603;166
604;6
604;18
604;24
604;47
604;95
604;190
605;6
605;18
605;24
605;48
605;143
605;190
606;6
606;18
606;24
606;48
606;96
606;168
607;6
607;18
607;23
607;46
607;92
607;190
608;6
608;18
608;24
608;48
608;83
608;189
609;6
609;18
609;24
609;47
609;95
609;189
610;6
610;12
610;30
610;47
610;83
610;190
611;6
611;12
611;30
611;47
611;95
611;236
612;6
612;12
612;30
612;47
612;86
612;190
613;6
613;18
613;29
613;47
613;94
613;211
614;6
614;18
614;35
614;59
614;90
614;190
615;6
615;18
615;30
615;60
615;90
615;190
616;6
616;18
616;30
616;47
616;89
616;190
617;6
617;18
617;30
617;60
617;94
617;472
618;6
618;18
618;30
618;60
618;95
618;190
619;6
619;18
619;30
619;47
619;90
619;235
620;6
620;18
620;30
620;47
620;89
620;190
621;6
621;18
621;30
621;47
621;82
621;236
622;6
622;18
622;25
622;76
622;86
622;235
623;6
623;15
623;23
623;45
623;89
623;190
624;7
624;19
624;22
624;45
624;82
624;180
625;8
625;19
625;22
625;45
625;90
625;180
626;7
626;19
626;22
626;67
626;90
626;179
627;7
627;19
627;22
627;45
627;90
627;179
628;7
628;19
628;22
628;45
628;155
628;183
629;7
629;19
629;24
629;71
629;90
629;162
630;7
630;15
630;22
630;75
630;90
630;485
631;8
631;19
631;24
631;45
631;89
631;163
632;8
632;15
632;22
632;67
632;89
632;178
633;8
633;15
633;23
633;52
633;89
633;160
634;7
634;15
634;30
634;54
634;81
634;161
635;7
635;15
635;30
635;60
635;89
635;181
636;7
636;15
636;22
636;60
636;150
636;179
637;7
637;15
637;22
637;60
637;148
637;179
638;8
638;15
638;31
638;61
638;151
638;160
639;8
639;15
639;36
639;45
639;90
639;182
640;8
640;15
640;36
640;72
640;89
640;182
641;8
641;15
641;35
641;71
641;142
641;177
642;8
642;15
642;36
642;72
642;143
642;180
643;7
643;15
643;36
643;52
643;143
643;179
644;8
644;15
644;36
644;71
644;142
644;178
645;9
645;10
645;39
645;40
645;80
645;161
646;9
646;10
646;39
646;40
646;80
646;161
647;9
647;10
647;31
647;40
647;95
647;236
648;9
648;10
648;30
648;60
648;90
648;239
649;9
649;10
649;30
649;60
649;90
649;239
650;9
650;10
650;30
650;60
650;119
650;268
651;9
651;10
651;30
651;60
651;90
651;269
652;9
652;10
652;30
652;60
652;150
652;269
653;9
653;10
653;30
653;60
653;149
653;268
654;9
654;10
654;30
654;60
654;149
654;269
655;9
655;10
655;30
655;60
655;150
655;270
656;9
656;10
656;30
656;59
656;119
656;267
657;9
657;10
657;30
657;60
657;121
657;273
658;9
658;10
658;30
658;59
658;89
658;266
659;9
659;10
659;30
659;60
659;90
659;270
660;9
660;10
660;30
660;60
660;90
660;271
661;9
661;10
661;30
661;59
661;89
661;267
662;9
662;10
662;30
662;59
662;89
662;270
663;9
663;10
663;27
663;53
663;80
663;267
664;9
664;10
664;27
664;54
664;80
664;166
665;9
665;10
665;30
665;40
665;89
665;192
666;9
666;16
666;32
666;40
666;95
666;160
667;8
667;16
667;32
667;40
667;95
667;190
668;8
668;16
668;32
668;40
668;95
668;222
669;8
669;16
669;39
669;40
669;95
669;189
670;8
670;16
670;24
670;55
670;158
670;252
671;8
671;16
671;32
671;55
671;95
671;253
672;8
672;16
672;32
672;55
672;95
672;189
673;8
673;16
673;24
673;55
673;94
673;161
674;8
674;16
674;24
674;47
674;142
674;189
675;8
675;16
675;32
675;55
675;95
675;482
676;8
676;16
676;26
676;53
676;80
676;160
677;8
677;16
677;27
677;54
677;134
677;160
678;8
678;16
678;29
678;59
678;148
678;268
679;8
679;16
679;27
679;54
679;81
679;272
680;8
680;16
680;27
680;53
680;80
680;293
681;8
681;16
681;24
681;49
681;100
681;177
682;8
682;16
682;24
682;47
682;95
682;189
683;8
683;16
683;23
683;47
683;95
683;283
684;8
684;19
684;20
684;60
684;80
684;200
685;8
685;19
685;20
685;79
685;80
685;200
686;8
686;19
686;20
686;79
686;80
686;177
687;6
687;17
687;24
687;72
687;96
687;265
688;6
688;18
688;24
688;47
688;95
688;180
689;6
689;18
689;23
689;47
689;94
689;163
690;6
690;18
690;24
690;48
690;96
690;168
691;6
691;18
691;24
691;47
691;142
691;260
692;6
692;18
692;26
692;53
692;159
692;161
693;6
693;15
693;30
693;54
693;81
693;162
694;6
694;18
694;30
694;60
694;149
694;179
695;6
695;13
695;27
695;60
695;90
695;239
696;6
696;12
696;32
696;40
696;119
696;179
697;6
697;12
697;22
697;48
697;89
697;190
698;6
698;12
698;24
698;47
698;90
698;179
699;6
699;12
699;24
699;47
699;95
699;179
700;6
700;12
700;24
700;47
700;94
700;179
701;6
701;12
701;24
701;47
701;95
701;179
702;6
702;12
702;30
702;47
702;83
702;180
703;6
703;18
703;24
703;71
703;142
703;167
704;6
704;18
704;24
704;72
704;95
704;179
705;6
705;18
705;22
705;47
705;95
705;180
706;6
706;18
706;23
706;45
706;83
706;203
707;6
707;17
707;36
707;48
707;95
707;179
708;6
708;19
708;22
708;46
708;90
708;180
709;8
709;19
709;22
709;45
709;90
709;180
710;7
710;15
710;22
710;67
710;90
710;224
711;7
711;15
711;22
711;45
711;90
711;224
712;7
712;15
712;23
712;45
712;90
712;226
713;7
713;15
713;22
713;45
713;90
713;180
714;7
714;11
714;22
714;54
714;89
714;162
715;7
715;11
715;22
715;59
715;150
715;179
716;9
716;15
716;30
716;60
716;150
716;180
717;9
717;10
717;22
717;40
717;89
717;199
718;8
718;15
718;30
718;45
718;82
718;180
719;7
719;15
719;30
719;45
719;90
719;180
720;7
720;15
720;30
720;45
720;90
720;211
721;7
721;15
721;30
721;52
721;82
721;180
722;7
722;15
722;22
722;45
722;82
722;506
723;7
723;15
723;30
723;52
723;82
723;382
724;8
724;16
724;23
724;48
724;90
724;169
725;0
725;15
725;24
725;47
725;90
725;190
726;8
726;15
726;25
726;52
726;90
726;267
727;7
727;15
727;30
727;52
727;89
727;269
728;7
728;15
728;30
728;52
728;82
728;474
729;7
729;15
729;27
729;54
729;134
729;160
730;8
730;10
730;30
730;40
730;81
730;161
731;9
731;10
731;30
731;60
731;91
731;243
732;9
732;10
732;30
732;60
732;150
732;180
733;9
733;10
733;39
733;40
733;149
733;209
734;9
734;10
734;30
734;40
734;80
734;199
735;9
735;10
735;30
735;60
735;91
735;160
736;9
736;10
736;30
736;60
736;90
736;299
737;9
737;10
737;30
737;60
737;121
737;242
738;9
738;10
738;30
738;40
738;89
738;190
739;9
739;10
739;30
739;40
739;80
739;199
740;9
740;10
740;30
740;60
740;150
740;180
741;9
741;10
741;30
741;60
741;90
741;239
742;9
742;10
742;30
742;40
742;90
742;209
743;9
743;19
743;30
743;40
743;80
743;481
744;9
744;10
744;30
744;54
744;134
744;161
745;9
745;10
745;30
745;79
745;80
745;160
746;9
746;10
746;30
746;40
746;133
746;240
747;9
747;10
747;30
747;40
747;80
747;473
748;9
748;10
748;30
748;49
748;80
748;198
749;9
749;10
749;30
749;47
749;95
749;190
750;9
750;10
750;30
750;47
750;94
750;189
751;9
751;10
751;24
751;48
751;95
751;190
752;8
752;16
752;24
752;47
752;94
752;188
753;8
753;16
753;24
753;48
753;95
753;167
754;8
754;16
754;24
754;47
754;94
754;188
755;8
755;16
755;24
755;48
755;96
755;168
756;8
756;16
756;23
756;47
756;94
756;164
757;8
757;16
757;24
757;48
757;144
757;168
758;8
758;16
758;24
758;48
758;142
758;239
759;8
759;16
759;39
759;55
759;95
759;178
760;8
760;16
760;32
760;55
760;141
760;483
761;8
761;16
761;39
761;40
761;120
761;484
762;8
762;16
762;20
762;59
762;80
762;166
763;8
763;18
763;36
763;54
763;95
763;190
764;8
764;18
764;36
764;40
764;89
764;222
765;8
765;18
765;39
765;40
765;87
765;189
766;8
766;16
766;39
766;40
766;95
766;252
767;8
767;18
767;24
767;40
767;89
767;315
768;8
768;18
768;24
768;71
768;126
768;189
769;8
769;18
769;32
769;55
769;110
769;190
770;8
770;19
770;20
770;60
770;80
770;189
771;8
771;19
771;20
771;60
771;95
771;253
772;6
772;16
772;36
772;72
772;143
772;160
773;6
773;12
773;24
773;72
773;143
773;179
774;6
774;18
774;24
774;77
774;80
774;232
775;6
775;18
775;24
775;79
775;80
775;199
776;6
776;18
776;24
776;47
776;80
776;161
777;6
777;18
777;24
777;79
777;80
777;160
778;6
778;18
778;24
778;79
778;80
778;160
779;6
779;18
779;24
779;79
779;80
779;160
780;6
780;18
780;24
780;74
780;80
780;179
781;6
781;18
781;24
781;71
781;143
781;250
782;6
782;18
782;24
782;71
782;140
782;175
783;6
783;12
783;24
783;72
783;145
783;218
784;6
784;12
784;24
784;70
784;140
784;175
785;6
785;18
785;24
785;72
785;144
785;217
786;6
786;18
786;24
786;70
786;141
786;176
787;6
787;18
787;24
787;72
787;143
787;179
788;6
788;18
788;24
788;64
788;96
788;160
789;6
789;18
789;24
789;64
789;95
789;160
790;6
790;18
790;24
790;47
790;95
790;160
791;6
791;18
791;24
791;63
791;95
791;160
792;6
792;18
792;23
792;63
792;95
792;160
793;6
793;12
793;35
793;64
793;96
793;160
794;6
794;16
794;21
794;64
794;96
794;160
795;6
795;11
795;21
795;63
795;94
795;250
796;9
796;11
796;27
796;53
796;80
796;241
797;9
797;11
797;28
797;56
797;84
797;167
798;1
798;11
798;32
798;59
798;89
798;237
799;9
799;16
799;32
799;59
799;89
799;237
800;9
800;16
800;32
800;53
800;89
800;238
801;9
801;11
801;32
801;53
801;87
801;235
802;9
802;16
802;32
802;55
802;83
802;249
803;9
803;11
803;32
803;53
803;95
803;168
804;9
804;10
804;26
804;53
804;82
804;211
805;9
805;16
805;32
805;75
805;99
805;248
806;9
806;16
806;32
806;54
806;82
806;245
807;9
807;11
807;32
807;78
807;130
807;259
808;9
808;16
808;32
808;54
808;82
808;247
809;9
809;16
809;32
809;79
809;132
809;263
810;9
810;16
810;32
810;79
810;80
810;240
811;9
811;16
811;32
811;79
811;80
811;239
812;9
812;16
812;32
812;53
812;89
812;239
813;9
813;16
813;32
813;53
813;80
813;240
814;9
814;10
814;32
814;79
814;132
814;238
815;8
815;16
815;39
815;71
815;142
815;260
816;8
816;16
816;39
816;47
816;94
816;258
817;8
817;16
817;20
817;61
817;82
817;162
818;8
818;16
818;20
818;59
818;99
818;160
819;8
819;16
819;20
819;79
819;80
819;199
820;8
820;16
820;39
820;40
820;80
820;199
821;8
821;16
821;24
821;55
821;80
821;200
822;8
822;16
822;24
822;60
822;80
822;198
823;8
823;16
823;24
823;60
823;89
823;160
824;8
824;16
824;39
824;55
824;80
824;160
825;8
825;16
825;39
825;40
825;80
825;161
826;8
826;16
826;39
826;40
826;80
826;199
827;8
827;16
827;39
827;40
827;80
827;199
828;8
828;16
828;39
828;40
828;80
828;199
829;8
829;16
829;24
829;40
829;80
829;199
830;8
830;16
830;39
830;46
830;80
830;182
831;8
831;16
831;39
831;48
831;95
831;167
832;8
832;16
832;24
832;47
832;95
832;165
833;8
833;16
833;21
833;48
833;159
833;168
834;8
834;19
834;20
834;60
834;80
834;177
835;8
835;16
835;23
835;79
835;80
835;165
836;8
836;19
836;23
836;47
836;95
836;190
837;8
837;19
837;38
837;47
837;95
837;190
838;8
838;19
838;37
838;47
838;94
838;190
839;9
839;19
839;38
839;75
839;95
839;188
840;9
840;19
840;24
840;47
840;94
840;190
841;9
841;19
841;23
841;73
841;95
841;166
842;6
842;18
842;24
842;71
842;95
842;166
843;9
843;18
843;24
843;56
843;113
843;400
844;9
844;19
844;27
844;54
844;81
844;162
845;9
845;19
845;38
845;56
845;113
845;263
846;9
846;19
846;27
846;48
846;136
846;183
847;5
847;13
847;27
847;54
847;81
847;161
848;3
848;15
848;30
848;60
848;89
848;210
849;8
849;13
849;26
849;53
849;88
849;178
850;5
850;13
850;27
850;53
850;80
850;187
851;9
851;12
851;37
851;56
851;112
851;187
852;9
852;18
852;24
852;48
852;95
852;238
853;0
853;18
853;24
853;47
853;95
853;237
854;3
854;17
854;26
854;48
854;134
854;160
855;5
855;19
855;20
855;57
855;113
855;263
856;6
856;19
856;37
856;47
856;151
856;264
857;9
857;18
857;36
857;47
857;94
857;165
858;3
858;18
858;24
858;48
858;95
858;167
859;5
859;12
859;24
859;48
859;143
859;167
860;5
860;18
860;23
860;47
860;95
860;186
861;1
861;12
861;24
861;47
861;143
861;167
862;1
862;18
862;24
862;47
862;95
862;173
863;6
863;12
863;30
863;47
863;95
863;240
864;9
864;13
864;30
864;47
864;95
864;341
865;1
865;18
865;23
865;47
865;135
865;467
866;4
866;18
866;36
866;53
866;106
866;232
867;0
867;18
867;36
867;54
867;90
867;241
868;9
868;17
868;23
868;71
868;142
868;238
869;3
869;19
869;24
869;71
869;142
869;213
870;9
870;19
870;24
870;71
870;96
870;167
871;9
871;18
871;27
871;53
871;80
871;160
872;9
872;19
872;27
872;53
872;80
872;160
873;7
873;15
873;30
873;60
873;120
873;180
874;0
874;18
874;24
874;60
874;120
874;180
875;1
875;19
875;28
875;58
875;120
875;204
876;7
876;19
876;27
876;54
876;159
876;160
877;7
877;18
877;27
877;53
877;133
877;160
878;9
878;14
878;27
878;53
878;80
878;267
879;9
879;19
879;27
879;45
879;80
879;180
880;6
880;19
880;27
880;45
880;90
880;180
881;9
881;15
881;38
881;45
881;105
881;171
882;9
882;15
882;38
882;45
882;105
882;180
883;4
883;15
883;38
883;45
883;105
883;180
884;3
884;15
884;38
884;45
884;105
884;180
885;1
885;15
885;38
885;45
885;105
885;180
886;9
886;19
886;20
886;45
886;148
886;479
887;2
887;19
887;20
887;40
887;141
887;175
888;0
888;15
888;38
888;45
888;105
888;180
889;9
889;19
889;23
889;47
889;140
889;164
890;3
890;19
890;24
890;72
890;143
890;214
891;7
891;19
891;24
891;72
891;144
891;167
892;9
892;19
892;27
892;53
892;80
892;161
893;6
893;19
893;27
893;53
893;106
893;160
894;3
894;19
894;27
894;54
894;81
894;242
895;6
895;15
895;30
895;60
895;120
895;239
896;9
896;15
896;30
896;60
896;151
896;181
897;4
897;19
897;24
897;48
897;121
897;240
898;9
898;19
898;24
898;47
898;95
898;165
899;8
899;19
899;24
899;47
899;142
899;356
900;9
900;19
900;24
900;40
900;95
900;160
901;9
901;19
901;24
901;47
901;95
901;160
902;9
902;19
902;24
902;47
902;80
902;160
903;6
903;19
903;24
903;47
903;95
903;167
904;9
904;19
904;24
904;47
904;80
904;167
905;6
905;19
905;24
905;47
905;80
905;167
906;9
906;19
906;24
906;47
906;80
906;201
907;9
907;19
907;24
907;47
907;80
907;201
908;6
908;19
908;24
908;47
908;80
908;201
909;6
909;19
909;24
909;40
909;80
909;201
910;9
910;19
910;30
910;48
910;94
910;166
911;9
911;19
911;30
911;47
911;95
911;167
912;9
912;19
912;24
912;47
912;95
912;167
913;8
913;19
913;24
913;47
913;95
913;167
914;5
914;19
914;24
914;47
914;95
914;167
915;9
915;12
915;24
915;47
915;95
915;471
916;1
916;16
916;32
916;48
916;80
916;161
917;1
917;16
917;33
917;65
917;146
917;162
918;6
918;18
918;36
918;53
918;144
918;162
919;1
919;18
919;35
919;53
919;144
919;162
920;8
920;18
920;24
920;54
920;95
920;430
921;9
921;17
921;35
921;40
921;107
921;363
922;7
922;18
922;36
922;54
922;143
922;161
923;0
923;18
923;36
923;53
923;142
923;160
924;1
924;18
924;35
924;53
924;142
924;231
925;9
925;16
925;39
925;40
925;144
925;496
926;9
926;16
926;32
926;40
926;80
926;334
927;1
927;16
927;32
927;47
927;94
927;252
928;3
928;16
928;32
928;48
928;80
928;241
929;2
929;15
929;30
929;45
929;120
929;479
930;2
930;15
930;30
930;60
930;89
930;460
931;7
931;15
931;30
931;45
931;90
931;440
932;9
932;16
932;31
932;40
932;95
932;160
933;7
933;17
933;39
933;40
933;95
933;458
934;7
934;16
934;39
934;40
934;95
934;431
935;3
935;15
935;30
935;74
935;89
935;163
936;7
936;15
936;31
936;47
936;93
936;446
937;8
937;15
937;30
937;40
937;122
937;165
938;4
938;15
938;30
938;45
938;135
938;164
939;0
939;15
939;30
939;60
939;135
939;165
940;0
940;15
940;30
940;40
940;95
940;166
941;1
941;15
941;39
941;40
941;95
941;265
942;9
942;15
942;36
942;40
942;95
942;211
943;9
943;15
943;36
943;47
943;95
943;211
944;9
944;16
944;35
944;47
944;95
944;181
945;7
945;15
945;24
945;47
945;95
945;180
946;9
946;15
946;24
946;47
946;95
946;180
947;9
947;10
947;24
947;47
947;95
947;160
948;7
948;17
948;24
948;47
948;90
948;160
949;9
949;15
949;24
949;47
949;90
949;160
950;9
950;18
950;24
950;47
950;158
950;168
951;8
951;18
951;36
951;47
951;144
951;445
952;3
952;14
952;24
952;47
952;150
952;497
953;9
953;19
953;23
953;47
953;143
953;161
954;7
954;19
954;24
954;71
954;118
954;235
955;9
955;19
955;24
955;72
955;120
955;167
956;7
956;17
956;26
956;53
956;159
956;160
957;9
957;17
957;27
957;53
957;158
957;265
958;6
958;19
958;30
958;60
958;122
958;241
959;2
959;19
959;29
959;47
959;151
959;241
960;9
960;17
960;30
960;47
960;90
960;495
961;9
961;19
961;27
961;55
961;81
961;163
962;7
962;15
962;27
962;54
962;81
962;161
963;8
963;19
963;27
963;53
963;80
963;160
964;9
964;19
964;26
964;45
964;90
964;180
965;9
965;19
965;27
965;45
965;90
965;180
966;5
966;15
966;27
966;45
966;105
966;226
967;8
967;15
967;30
967;45
967;105
967;180
968;9
968;15
968;30
968;45
968;105
968;180
969;9
969;15
969;38
969;45
969;105
969;173
970;7
970;15
970;38
970;45
970;105
970;173
971;7
971;15
971;38
971;45
971;105
971;173
972;2
972;19
972;20
972;40
972;105
972;447
973;7
973;15
973;37
973;45
973;105
973;472
974;9
974;19
974;23
974;45
974;105
974;487
975;9
975;19
975;24
975;48
975;96
975;193
976;0
976;19
976;24
976;48
976;96
976;192
977;6
977;19
977;26
977;52
977;80
977;253
978;2
978;19
978;27
978;53
978;80
978;186
979;7
979;15
979;27
979;54
979;81
979;215
980;7
980;15
980;31
980;60
980;92
980;241
981;7
981;15
981;38
981;45
981;105
981;188
982;6
982;15
982;37
982;53
982;134
982;346
983;1
983;15
983;36
983;71
983;143
983;178
984;5
984;15
984;36
984;71
984;143
984;179
985;9
985;18
985;30
985;47
985;80
985;200
986;3
986;10
986;39
986;40
986;80
986;197
987;4
987;19
987;39
987;40
987;80
987;198
988;5
988;19
988;39
988;40
988;159
988;160
989;6
989;19
989;39
989;40
989;80
989;160
990;9
990;19
990;37
990;73
990;149
990;509
991;7
991;16
991;36
991;71
991;142
991;178
992;8
992;19
992;35
992;71
992;143
992;178
993;8
993;19
993;30
993;60
993;150
993;240
994;9
994;19
994;28
994;55
994;144
994;259
995;1
995;19
995;26
995;53
995;133
995;265
996;7
996;19
996;27
996;54
996;134
996;161
997;9
997;19
997;24
997;54
997;81
997;161
998;8
998;18
998;24
998;48
998;121
998;240
999;6
999;18
999;20
999;48
999;134
999;229
1000;9
1000;16
1000;31
1000;47
1000;133
1000;240
1001;7
1001;16
1001;24
1001;48
1001;95
1001;192
1002;6
1002;18
1002;24
1002;48
1002;95
1002;190
1003;6
1003;19
1003;24
1003;48
1003;95
1003;190
1004;9
1004;13
1004;24
1004;47
1004;95
1004;189
1005;9
1005;16
1005;24
1005;71
1005;83
1005;216
1006;9
1006;16
1006;39
1006;40
1006;95
1006;191
1007;6
1007;16
1007;39
1007;40
1007;159
1007;160
1008;6
1008;16
1008;39
1008;40
1008;80
1008;160
1009;9
1009;16
1009;39
1009;40
1009;95
1009;160
1010;9
1010;16
1010;39
1010;40
1010;95
1010;160
1011;9
1011;16
1011;39
1011;40
1011;95
1011;163
1012;8
1012;18
1012;24
1012;71
1012;95
1012;166
1013;9
1013;17
1013;24
1013;47
1013;119
1013;485
1014;4
1014;17
1014;27
1014;53
1014;81
1014;356
1015;7
1015;18
1015;28
1015;71
1015;144
1015;167
1016;7
1016;18
1016;22
1016;70
1016;95
1016;167
1017;7
1017;17
1017;24
1017;55
1017;134
1017;161
1018;7
1018;17
1018;23
1018;70
1018;84
1018;160
1019;0
1019;19
1019;30
1019;58
1019;119
1019;238
1020;8
1020;16
1020;27
1020;53
1020;134
1020;188
1021;5
1021;19
1021;26
1021;53
1021;81
1021;240
1022;9
1022;19
1022;21
1022;45
1022;159
1022;165
1023;1
1023;18
1023;24
1023;48
1023;95
1023;238
1024;2
1024;18
1024;24
1024;48
1024;96
1024;238
1025;8
1025;19
1025;27
1025;54
1025;133
1025;160
1026;8
1026;16
1026;26
1026;48
1026;81
1026;241
1027;9
1027;11
1027;24
1027;47
1027;119
1027;179
1028;6
1028;15
1028;24
1028;48
1028;96
1028;167
1029;6
1029;18
1029;24
1029;48
1029;95
1029;190
1030;6
1030;18
1030;24
1030;48
1030;95
1030;166
1031;6
1031;18
1031;24
1031;47
1031;95
1031;189
1032;6
1032;18
1032;24
1032;47
1032;95
1032;166
1033;6
1033;18
1033;23
1033;47
1033;95
1033;169
1034;6
1034;18
1034;24
1034;48
1034;95
1034;190
1035;6
1035;18
1035;25
1035;47
1035;94
1035;189
1036;6
1036;12
1036;23
1036;48
1036;95
1036;190
1037;6
1037;12
1037;35
1037;47
1037;95
1037;167
1038;6
1038;18
1038;30
1038;48
1038;86
1038;190
1039;6
1039;18
1039;28
1039;48
1039;93
1039;239
1040;6
1040;18
1040;24
1040;59
1040;90
1040;190
1041;6
1041;18
1041;36
1041;60
1041;90
1041;166
1042;6
1042;18
1042;35
1042;47
1042;89
1042;179
1043;6
1043;18
1043;36
1043;60
1043;94
1043;190
1044;6
1044;18
1044;30
1044;60
1044;107
1044;179
1045;6
1045;12
1045;30
1045;47
1045;90
1045;179
1046;6
1046;18
1046;30
1046;47
1046;94
1046;189
1047;6
1047;18
1047;29
1047;53
1047;88
1047;160
1048;6
1048;18
1048;25
1048;53
1048;80
1048;179
1049;8
1049;10
1049;30
1049;45
1049;89
1049;179
1050;7
1050;15
1050;22
1050;45
1050;105
1050;180
1051;7
1051;15
1051;30
1051;45
1051;90
1051;212
1052;7
1052;19
1052;30
1052;45
1052;89
1052;179
1053;7
1053;19
1053;30
1053;45
1053;90
1053;180
1054;7
1054;19
1054;22
1054;45
1054;90
1054;244
1055;7
1055;19
1055;24
1055;71
1055;95
1055;190
1056;7
1056;15
1056;22
1056;45
1056;89
1056;476
1057;7
1057;19
1057;24
1057;45
1057;113
1057;160
1058;7
1058;15
1058;30
1058;40
1058;89
1058;160
1059;7
1059;15
1059;22
1059;45
1059;90
1059;160
1060;7
1060;15
1060;30
1060;54
1060;134
1060;217
1061;7
1061;15
1061;30
1061;45
1061;88
1061;239
1062;7
1062;15
1062;30
1062;59
1062;150
1062;178
1063;7
1063;19
1063;23
1063;45
1063;150
1063;179
1064;7
1064;11
1064;30
1064;53
1064;112
1064;457
1065;7
1065;11
1065;36
1065;71
1065;143
1065;178
1066;7
1066;11
1066;22
1066;70
1066;140
1066;176
1067;7
1067;11
1067;22
1067;71
1067;142
1067;178
1068;7
1068;15
1068;22
1068;71
1068;142
1068;177
1069;7
1069;15
1069;22
1069;71
1069;142
1069;178
1070;8
1070;10
1070;23
1070;73
1070;145
1070;182
1071;4
1071;10
1071;39
1071;40
1071;115
1071;183
1072;5
1072;10
1072;30
1072;79
1072;119
1072;237
1073;5
1073;10
1073;30
1073;40
1073;80
1073;239
1074;9
1074;10
1074;30
1074;40
1074;89
1074;199
1075;5
1075;10
1075;30
1075;40
1075;90
1075;210
1076;5
1076;10
1076;24
1076;60
1076;119
1076;268
1077;9
1077;10
1077;30
1077;60
1077;119
1077;268
1078;9
1078;10
1078;30
1078;60
1078;90
1078;239
1079;9
1079;10
1079;30
1079;40
1079;89
1079;200
1080;9
1080;10
1080;30
1080;40
1080;89
1080;199
1081;9
1081;10
1081;30
1081;60
1081;90
1081;271
1082;9
1082;10
1082;30
1082;59
1082;89
1082;265
1083;9
1083;10
1083;30
1083;60
1083;91
1083;273
1084;9
1084;10
1084;20
1084;59
1084;89
1084;266
1085;9
1085;10
1085;30
1085;60
1085;91
1085;272
1086;9
1086;10
1086;39
1086;59
1086;89
1086;267
1087;9
1087;10
1087;39
1087;60
1087;90
1087;271
1088;9
1088;10
1088;20
1088;60
1088;90
1088;270
1089;9
1089;10
1089;28
1089;55
1089;81
1089;198
1090;9
1090;10
1090;27
1090;45
1090;81
1090;239
1091;7
1091;19
1091;30
1091;45
1091;89
1091;238
1092;8
1092;16
1092;32
1092;63
1092;89
1092;252
1093;8
1093;16
1093;20
1093;63
1093;90
1093;254
1094;8
1094;16
1094;32
1094;63
1094;127
1094;252
1095;8
1095;16
1095;20
1095;63
1095;95
1095;178
1096;8
1096;16
1096;23
1096;63
1096;95
1096;177
1097;8
1097;16
1097;24
1097;72
1097;95
1097;167
1098;8
1098;16
1098;23
1098;71
1098;95
1098;164
1099;8
1099;16
1099;27
1099;55
1099;87
1099;330
1100;8
1100;16
1100;20
1100;55
1100;120
1100;178
1101;8
1101;16
1101;39
1101;55
1101;119
1101;177
1102;8
1102;16
1102;29
1102;55
1102;90
1102;224
1103;8
1103;16
1103;24
1103;55
1103;82
1103;163
1104;8
1104;16
1104;30
1104;60
1104;90
1104;301
1105;8
1105;16
1105;32
1105;55
1105;137
1105;242
1106;8
1106;16
1106;32
1106;53
1106;133
1106;239
1107;8
1107;16
1107;24
1107;48
1107;126
1107;252
1108;8
1108;15
1108;24
1108;71
1108;143
1108;166
1109;8
1109;15
1109;24
1109;71
1109;95
1109;167
1110;8
1110;16
1110;27
1110;55
1110;82
1110;276
1111;8
1111;16
1111;26
1111;79
1111;132
1111;264
1112;8
1112;16
1112;30
1112;60
1112;89
1112;180
1113;6
1113;18
1113;24
1113;48
1113;95
1113;167
1114;6
1114;15
1114;24
1114;48
1114;119
1114;166
1115;6
1115;15
1115;24
1115;47
1115;95
1115;166
1116;6
1116;15
1116;24
1116;48
1116;143
1116;190
1117;6
1117;15
1117;24
1117;48
1117;95
1117;167
1118;6
1118;15
1118;23
1118;47
1118;95
1118;166
1119;6
1119;15
1119;24
1119;48
1119;96
1119;189
1120;6
1120;18
1120;23
1120;47
1120;95
1120;165
1121;6
1121;12
1121;24
1121;53
1121;107
1121;166
1122;6
1122;12
1122;24
1122;48
1122;107
1122;168
1123;6
1123;12
1123;30
1123;53
1123;89
1123;171
1124;6
1124;15
1124;28
1124;48
1124;93
1124;180
1125;6
1125;15
1125;30
1125;48
1125;90
1125;180
1126;6
1126;15
1126;36
1126;47
1126;90
1126;179
1127;6
1127;15
1127;24
1127;60
1127;89
1127;179
1128;6
1128;18
1128;24
1128;60
1128;90
1128;190
1129;6
1129;18
1129;30
1129;60
1129;95
1129;179
1130;6
1130;18
1130;24
1130;71
1130;90
1130;190
1131;6
1131;18
1131;30
1131;47
1131;94
1131;168
1132;6
1132;18
1132;29
1132;53
1132;89
1132;190
1133;6
1133;18
1133;27
1133;53
1133;80
1133;179
1134;9
1134;10
1134;23
1134;45
1134;89
1134;179
1135;7
1135;19
1135;22
1135;59
1135;105
1135;180
1136;8
1136;19
1136;22
1136;45
1136;90
1136;239
1137;7
1137;19
1137;30
1137;45
1137;90
1137;212
1138;7
1138;19
1138;22
1138;45
1138;90
1138;179
1139;7
1139;19
1139;22
1139;45
1139;155
1139;163
1140;7
1140;19
1140;24
1140;71
1140;143
1140;168
1141;7
1141;15
1141;30
1141;45
1141;89
1141;407
1142;7
1142;19
1142;24
1142;45
1142;82
1142;161
1143;7
1143;17
1143;30
1143;40
1143;89
1143;160
1144;7
1144;15
1144;30
1144;40
1144;90
1144;179
1145;7
1145;15
1145;27
1145;55
1145;136
1145;219
1146;7
1146;15
1146;30
1146;45
1146;85
1146;165
1147;7
1147;15
1147;23
1147;59
1147;120
1147;179
1148;7
1148;19
1148;23
1148;60
1148;149
1148;180
1149;7
1149;19
1149;22
1149;60
1149;149
1149;239
1150;7
1150;19
1150;36
1150;52
1150;145
1150;182
1151;7
1151;15
1151;30
1151;71
1151;142
1151;177
1152;7
1152;15
1152;30
1152;71
1152;142
1152;177
1153;7
1153;15
1153;36
1153;71
1153;143
1153;179
1154;7
1154;15
1154;35
1154;40
1154;141
1154;177
1155;7
1155;15
1155;36
1155;72
1155;143
1155;179
1156;4
1156;10
1156;39
1156;40
1156;153
1156;181
1157;9
1157;10
1157;39
1157;40
1157;80
1157;160
1158;5
1158;10
1158;39
1158;40
1158;115
1158;160
1159;5
1159;10
1159;30
1159;47
1159;90
1159;199
1160;5
1160;10
1160;30
1160;60
1160;90
1160;299
1161;5
1161;10
1161;30
1161;59
1161;119
1161;267
1162;9
1162;10
1162;30
1162;60
1162;89
1162;267
1163;9
1163;10
1163;24
1163;60
1163;89
1163;268
1164;9
1164;10
1164;24
1164;60
1164;89
1164;268
1165;9
1165;10
1165;24
1165;60
1165;89
1165;268
1166;9
1166;10
1166;24
1166;61
1166;90
1166;270
1167;9
1167;10
1167;30
1167;59
1167;118
1167;267
1168;9
1168;10
1168;24
1168;60
1168;120
1168;270
1169;9
1169;10
1169;20
1169;59
1169;89
1169;266
1170;9
1170;10
1170;20
1170;60
1170;90
1170;271
1171;9
1171;10
1171;20
1171;59
1171;118
1171;265
1172;9
1172;10
1172;39
1172;60
1172;90
1172;271
1173;9
1173;10
1173;30
1173;59
1173;89
1173;268
1174;9
1174;10
1174;30
1174;63
1174;96
1174;257
1175;9
1175;10
1175;32
1175;64
1175;96
1175;255
1176;5
1176;10
1176;30
1176;63
1176;95
1176;254
1177;7
1177;16
1177;32
1177;63
1177;95
1177;206
1178;8
1178;12
1178;32
1178;63
1178;127
1178;253
1179;8
1179;16
1179;32
1179;63
1179;95
1179;252
1180;8
1180;16
1180;32
1180;63
1180;95
1180;253
1181;8
1181;16
1181;24
1181;63
1181;95
1181;253
1182;8
1182;16
1182;31
1182;53
1182;107
1182;161
1183;8
1183;16
1183;32
1183;53
1183;95
1183;221
1184;8
1184;16
1184;39
1184;55
1184;155
1184;170
1185;8
1185;16
1185;24
1185;47
1185;120
1185;189
1186;8
1186;16
1186;24
1186;55
1186;120
1186;504
1187;8
1187;16
1187;25
1187;51
1187;157
1187;456
1188;8
1188;16
1188;27
1188;53
1188;80
1188;160
1189;8
1189;16
1189;30
1189;59
1189;149
1189;179
1190;8
1190;16
1190;28
1190;56
1190;138
1190;275
1191;8
1191;16
1191;27
1191;53
1191;80
1191;292
1192;8
1192;16
1192;25
1192;53
1192;80
1192;177
1193;8
1193;16
1193;24
1193;47
1193;80
1193;178
1194;8
1194;16
1194;24
1194;47
1194;95
1194;178
1195;8
1195;16
1195;21
1195;55
1195;80
1195;178
1196;8
1196;19
1196;20
1196;40
1196;80
1196;259
1197;8
1197;19
1197;20
1197;60
1197;80
1197;219
1198;7
1198;17
1198;24
1198;48
1198;96
1198;167
1199;6
1199;18
1199;23
1199;70
1199;93
1199;302
1200;6
1200;18
1200;24
1200;48
1200;96
1200;167
1201;6
1201;12
1201;24
1201;47
1201;95
1201;167
1202;6
1202;18
1202;24
1202;47
1202;142
1202;166
1203;6
1203;17
1203;24
1203;51
1203;143
1203;260
1204;6
1204;15
1204;30
1204;53
1204;81
1204;161
1205;6
1205;18
1205;29
1205;60
1205;90
1205;179
1206;6
1206;12
1206;30
1206;60
1206;149
1206;239
1207;6
1207;12
1207;27
1207;53
1207;119
1207;161
1208;6
1208;12
1208;24
1208;53
1208;88
1208;240
1209;6
1209;12
1209;23
1209;47
1209;120
1209;213
1210;6
1210;12
1210;24
1210;47
1210;95
1210;179
1211;6
1211;12
1211;24
1211;47
1211;95
1211;179
1212;6
1212;12
1212;24
1212;47
1212;94
1212;179
1213;6
1213;12
1213;24
1213;47
1213;107
1213;179
1214;6
1214;18
1214;24
1214;72
1214;95
1214;167
1215;6
1215;18
1215;24
1215;71
1215;95
1215;239
1216;6
1216;18
1216;30
1216;47
1216;142
1216;248
1217;6
1217;18
1217;22
1217;53
1217;83
1217;197
1218;6
1218;18
1218;22
1218;53
1218;107
1218;189
1219;6
1219;10
1219;25
1219;53
1219;88
1219;180
1220;5
1220;15
1220;23
1220;45
1220;90
1220;225
1221;8
1221;15
1221;23
1221;45
1221;90
1221;224
1222;7
1222;15
1222;22
1222;45
1222;90
1222;224
1223;7
1223;15
1223;23
1223;45
1223;90
1223;226
1224;7
1224;15
1224;21
1224;44
1224;89
1224;180
1225;7
1225;11
1225;22
1225;54
1225;82
1225;163
1226;7
1226;11
1226;22
1226;55
1226;89
1226;164
1227;7
1227;15
1227;30
1227;60
1227;150
1227;180
1228;7
1228;10
1228;39
1228;60
1228;150
1228;271
1229;7
1229;10
1229;30
1229;40
1229;82
1229;198
1230;7
1230;18
1230;22
1230;45
1230;90
1230;210
1231;7
1231;19
1231;22
1231;45
1231;90
1231;209
1232;7
1232;15
1232;22
1232;45
1232;82
1232;180
1233;7
1233;19
1233;22
1233;45
1233;89
1233;269
1234;7
1234;15
1234;22
1234;52
1234;82
1234;496
1235;7
1235;17
1235;22
1235;52
1235;89
1235;433
1236;7
1236;15
1236;24
1236;48
1236;95
1236;167
1237;7
1237;15
1237;24
1237;48
1237;89
1237;190
1238;7
1238;15
1238;27
1238;54
1238;81
1238;160
1239;7
1239;15
1239;30
1239;40
1239;82
1239;486
1240;8
1240;15
1240;30
1240;45
1240;82
1240;439
1241;5
1241;10
1241;39
1241;54
1241;81
1241;161
1242;9
1242;10
1242;30
1242;40
1242;89
1242;232
1243;5
1243;10
1243;30
1243;60
1243;120
1243;180
1244;5
1244;10
1244;30
1244;60
1244;149
1244;209
1245;5
1245;10
1245;30
1245;40
1245;90
1245;199
1246;5
1246;10
1246;30
1246;61
1246;92
1246;160
1247;5
1247;10
1247;30
1247;60
1247;90
1247;299
1248;9
1248;10
1248;30
1248;60
1248;120
1248;239
1249;9
1249;10
1249;30
1249;40
1249;90
1249;238
1250;9
1250;10
1250;30
1250;40
1250;89
1250;199
1251;9
1251;10
1251;30
1251;61
1251;155
1251;241
1252;9
1252;10
1252;30
1252;60
1252;89
1252;180
1253;9
1253;10
1253;24
1253;60
1253;90
1253;241
1254;9
1254;10
1254;29
1254;59
1254;89
1254;492
1255;9
1255;10
1255;26
1255;54
1255;133
1255;238
1256;9
1256;10
1256;27
1256;79
1256;80
1256;213
1257;9
1257;10
1257;39
1257;53
1257;134
1257;241
1258;9
1258;10
1258;39
1258;40
1258;90
1258;160
1259;9
1259;10
1259;20
1259;40
1259;80
1259;451
1260;9
1260;10
1260;31
1260;48
1260;89
1260;167
1261;5
1261;10
1261;20
1261;47
1261;89
1261;189
1262;7
1262;10
1262;30
1262;47
1262;95
1262;190
1263;8
1263;16
1263;32
1263;47
1263;94
1263;189
1264;8
1264;16
1264;24
1264;47
1264;95
1264;188
1265;8
1265;16
1265;24
1265;48
1265;95
1265;167
1266;8
1266;16
1266;24
1266;47
1266;94
1266;164
1267;8
1267;16
1267;24
1267;48
1267;95
1267;168
1268;8
1268;16
1268;24
1268;47
1268;95
1268;166
1269;8
1269;16
1269;24
1269;47
1269;141
1269;164
1270;8
1270;16
1270;31
1270;60
1270;120
1270;248
1271;8
1271;16
1271;39
1271;55
1271;120
1271;484
1272;8
1272;16
1272;39
1272;55
1272;120
1272;470
1273;8
1273;16
1273;20
1273;40
1273;80
1273;241
1274;8
1274;18
1274;37
1274;56
1274;94
1274;254
1275;8
1275;18
1275;35
1275;63
1275;89
1275;254
1276;8
1276;18
1276;24
1276;63
1276;95
1276;252
1277;8
1277;16
1277;32
1277;40
1277;95
1277;189
1278;8
1278;16
1278;23
1278;53
1278;95
1278;160
1279;8
1279;18
1279;24
1279;53
1279;107
1279;221
1280;8
1280;18
1280;32
1280;40
1280;109
1280;189
1281;8
1281;19
1281;20
1281;60
1281;80
1281;253
1282;8
1282;16
1282;20
1282;60
1282;100
1282;190
1283;9
1283;10
1283;21
1283;47
1283;120
1283;180
1284;6
1284;18
1284;24
1284;73
1284;96
1284;181
1285;6
1285;18
1285;24
1285;73
1285;96
1285;180
1286;6
1286;18
1286;24
1286;79
1286;80
1286;160
1287;6
1287;18
1287;24
1287;79
1287;80
1287;160
1288;6
1288;18
1288;24
1288;79
1288;80
1288;160
1289;6
1289;18
1289;24
1289;79
1289;80
1289;199
1290;6
1290;18
1290;24
1290;79
1290;80
1290;199
1291;6
1291;18
1291;24
1291;79
1291;80
1291;197
1292;6
1292;18
1292;24
1292;72
1292;143
1292;179
1293;6
1293;18
1293;24
1293;60
1293;140
1293;175
1294;6
1294;18
1294;24
1294;60
1294;145
1294;181
1295;6
1295;12
1295;24
1295;71
1295;141
1295;211
1296;6
1296;12
1296;24
1296;72
1296;145
1296;181
1297;6
1297;12
1297;24
1297;71
1297;142
1297;177
1298;6
1298;12
1298;24
1298;72
1298;143
1298;215
1299;6
1299;18
1299;24
1299;65
1299;96
1299;160
1300;6
1300;18
1300;35
1300;64
1300;96
1300;160
1301;6
1301;18
1301;30
1301;63
1301;95
1301;252
1302;6
1302;18
1302;24
1302;53
1302;96
1302;161
1303;6
1303;18
1303;24
1303;71
1303;94
1303;187
1304;6
1304;11
1304;22
1304;64
1304;97
1304;161
1305;5
1305;16
1305;21
1305;63
1305;95
1305;221
1306;5
1306;16
1306;21
1306;64
1306;96
1306;160
1307;5
1307;16
1307;21
1307;63
1307;85
1307;241
1308;5
1308;16
1308;27
1308;70
1308;82
1308;165
1309;5
1309;16
1309;32
1309;59
1309;88
1309;237
1310;5
1310;16
1310;32
1310;53
1310;89
1310;237
1311;5
1311;16
1311;32
1311;53
1311;89
1311;238
1312;5
1312;16
1312;32
1312;53
1312;89
1312;237
1313;5
1313;16
1313;32
1313;56
1313;83
1313;250
1314;5
1314;16
1314;31
1314;62
1314;82
1314;164
1315;5
1315;10
1315;26
1315;53
1315;148
1315;210
1316;5
1316;11
1316;26
1316;75
1316;99
1316;250
1317;5
1317;11
1317;21
1317;79
1317;80
1317;262
1318;5
1318;11
1318;21
1318;79
1318;80
1318;235
1319;5
1319;11
1319;21
1319;63
1319;80
1319;239
1320;5
1320;11
1320;32
1320;79
1320;80
1320;263
1321;5
1321;10
1321;32
1321;42
1321;81
1321;242
1322;5
1322;10
1322;32
1322;79
1322;80
1322;239
1323;5
1323;10
1323;32
1323;53
1323;84
1323;243
1324;5
1324;11
1324;32
1324;53
1324;84
1324;243
1325;5
1325;10
1325;32
1325;79
1325;80
1325;239
1326;7
1326;10
1326;32
1326;71
1326;94
1326;259
1327;8
1327;16
1327;31
1327;71
1327;94
1327;260
1328;8
1328;16
1328;24
1328;68
1328;87
1328;250
1329;8
1329;16
1329;20
1329;60
1329;80
1329;161
1330;8
1330;16
1330;20
1330;60
1330;80
1330;265
1331;8
1331;16
1331;36
1331;55
1331;80
1331;180
1332;8
1332;16
1332;39
1332;40
1332;80
1332;200
1333;8
1333;16
1333;39
1333;40
1333;80
1333;200
1334;8
1334;16
1334;24
1334;55
1334;80
1334;160
1335;8
1335;16
1335;24
1335;55
1335;80
1335;199
1336;8
1336;16
1336;24
1336;40
1336;95
1336;190
1337;8
1337;16
1337;24
1337;47
1337;95
1337;253
1338;8
1338;16
1338;39
1338;47
1338;95
1338;199
1339;8
1339;16
1339;36
1339;60
1339;95
1339;253
1340;8
1340;16
1340;35
1340;40
1340;80
1340;198
1341;8
1341;16
1341;24
1341;42
1341;80
1341;254
1342;8
1342;16
1342;32
1342;48
1342;119
1342;190
1343;8
1343;16
1343;24
1343;47
1343;95
1343;189
1344;8
1344;16
1344;22
1344;45
1344;80
1344;180
1345;8
1345;19
1345;20
1345;60
1345;95
1345;161
1346;8
1346;19
1346;20
1346;60
1346;80
1346;165
1347;9
1347;10
1347;32
1347;48
1347;95
1347;190
1348;8
1348;16
1348;23
1348;47
1348;95
1348;253
1349;8
1349;19
1349;24
1349;47
1349;95
1349;254
1350;8
1350;19
1350;24
1350;56
1350;95
1350;186
1351;8
1351;19
1351;38
1351;47
1351;95
1351;208
1352;8
1352;19
1352;24
1352;48
1352;151
1352;189
1353;8
1353;19
1353;24
1353;71
1353;95
1353;166
1354;8
1354;19
1354;24
1354;47
1354;96
1354;167
1355;8
1355;19
1355;27
1355;54
1355;81
1355;162
1356;8
1356;19
1356;24
1356;56
1356;112
1356;204
1357;8
1357;19
1357;38
1357;47
1357;113
1357;208
1358;8
1358;19
1358;27
1358;55
1358;81
1358;162
1359;8
1359;19
1359;28
1359;58
1359;85
1359;229
1360;8
1360;19
1360;27
1360;58
1360;88
1360;206
1361;8
1361;19
1361;27
1361;53
1361;80
1361;187
1362;8
1362;19
1362;26
1362;53
1362;112
1362;188
1363;8
1363;16
1363;23
1363;47
1363;148
1363;160
1364;8
1364;16
1364;24
1364;47
1364;95
1364;208
1365;8
1365;12
1365;24
1365;48
1365;96
1365;206
1366;8
1366;19
1366;27
1366;54
1366;134
1366;208
1367;8
1367;19
1367;38
1367;47
1367;112
1367;205
1368;8
1368;10
1368;24
1368;46
1368;151
1368;163
1369;6
1369;12
1369;24
1369;48
1369;90
1369;167
1370;6
1370;18
1370;24
1370;47
1370;90
1370;165
1371;6
1371;12
1371;24
1371;47
1371;95
1371;167
1372;6
1372;12
1372;24
1372;47
1372;105
1372;165
1373;6
1373;12
1373;24
1373;48
1373;83
1373;164
1374;6
1374;19
1374;30
1374;71
1374;90
1374;208
1375;6
1375;15
1375;29
1375;47
1375;90
1375;178
1376;1
1376;10
1376;30
1376;60
1376;89
1376;165
1377;9
1377;10
1377;30
1377;60
1377;90
1377;166
1378;9
1378;10
1378;24
1378;48
1378;95
1378;213
1379;9
1379;12
1379;26
1379;47
1379;88
1379;209
1380;6
1380;18
1380;35
1380;47
1380;90
1380;167
1381;6
1381;18
1381;35
1381;47
1381;95
1381;167
1382;6
1382;18
1382;28
1382;47
1382;150
1382;223
1383;6
1383;17
1383;25
1383;47
1383;105
1383;445
1384;6
1384;17
1384;26
1384;54
1384;83
1384;511
1385;2
1385;19
1385;30
1385;59
1385;89
1385;209
1386;5
1386;19
1386;31
1386;53
1386;106
1386;238
1387;7
1387;18
1387;23
1387;69
1387;115
1387;183
1388;0
1388;16
1388;32
1388;53
1388;146
1388;217
1389;5
1389;19
1389;27
1389;53
1389;94
1389;168
1390;8
1390;18
1390;21
1390;59
1390;149
1390;231
1391;9
1391;10
1391;21
1391;60
1391;151
1391;211
1392;9
1392;11
1392;21
1392;53
1392;107
1392;490
1393;9
1393;18
1393;30
1393;48
1393;121
1393;214
1394;5
1394;18
1394;30
1394;60
1394;120
1394;240
1395;2
1395;16
1395;29
1395;59
1395;91
1395;241
1396;3
1396;19
1396;27
1396;53
1396;81
1396;187
1397;0
1397;12
1397;27
1397;79
1397;80
1397;161
1398;5
1398;15
1398;24
1398;47
1398;145
1398;160
1399;8
1399;14
1399;26
1399;47
1399;90
1399;441
1400;9
1400;10
1400;27
1400;53
1400;82
1400;443
1401;9
1401;10
1401;21
1401;42
1401;86
1401;181
1402;0
1402;11
1402;30
1402;60
1402;91
1402;181
1403;9
1403;11
1403;29
1403;53
1403;149
1403;208
1404;9
1404;18
1404;24
1404;60
1404;90
1404;239
1405;0
1405;17
1405;23
1405;59
1405;89
1405;179
1406;3
1406;16
1406;30
1406;54
1406;80
1406;271
1407;3
1407;16
1407;20
1407;54
1407;81
1407;242
1408;1
1408;18
1408;26
1408;54
1408;81
1408;472
1409;0
1409;18
1409;24
1409;48
1409;89
1409;243
1410;0
1410;17
1410;24
1410;47
1410;143
1410;238
1411;9
1411;10
1411;23
1411;52
1411;89
1411;243
1412;9
1412;10
1412;30
1412;60
1412;119
1412;238
1413;9
1413;10
1413;23
1413;59
1413;89
1413;237
1414;9
1414;10
1414;24
1414;60
1414;89
1414;238
1415;9
1415;18
1415;24
1415;71
1415;89
1415;239
1416;9
1416;15
1416;28
1416;56
1416;139
1416;217
1417;5
1417;16
1417;24
1417;57
1417;86
1417;237
1418;0
1418;16
1418;27
1418;55
1418;82
1418;274
1419;2
1419;18
1419;24
1419;47
1419;99
1419;212
1420;0
1420;15
1420;24
1420;47
1420;95
1420;237
1421;1
1421;18
1421;24
1421;48
1421;96
1421;166
1422;9
1422;18
1422;30
1422;40
1422;95
1422;181
1423;9
1423;10
1423;30
1423;40
1423;90
1423;179
1424;9
1424;10
1424;30
1424;47
1424;95
1424;240
1425;9
1425;18
1425;30
1425;60
1425;149
1425;179
1426;9
1426;17
1426;29
1426;59
1426;88
1426;208
1427;4
1427;19
1427;28
1427;58
1427;145
1427;262
1428;0
1428;19
1428;24
1428;48
1428;133
1428;239
1429;2
1429;15
1429;26
1429;53
1429;81
1429;189
1430;7
1430;15
1430;24
1430;47
1430;95
1430;200
1431;1
1431;19
1431;24
1431;71
1431;95
1431;213
1432;9
1432;17
1432;24
1432;62
1432;89
1432;227
1433;8
1433;16
1433;24
1433;71
1433;95
1433;249
1434;8
1434;16
1434;31
1434;71
1434;107
1434;214
1435;8
1435;16
1435;31
1435;71
1435;142
1435;248
1436;8
1436;16
1436;32
1436;71
1436;141
1436;248
1437;8
1437;19
1437;32
1437;47
1437;95
1437;248
1438;8
1438;19
1438;27
1438;63
1438;95
1438;189
1439;8
1439;19
1439;32
1439;63
1439;158
1439;254
1440;7
1440;18
1440;24
1440;61
1440;90
1440;240
1441;2
1441;18
1441;24
1441;60
1441;90
1441;239
1442;9
1442;19
1442;34
1442;68
1442;95
1442;169
1443;9
1443;14
1443;36
1443;54
1443;82
1443;177
1444;3
1444;15
1444;30
1444;48
1444;142
1444;166
1445;2
1445;18
1445;24
1445;47
1445;143
1445;167
1446;0
1446;18
1446;24
1446;48
1446;143
1446;285
1447;0
1447;18
1447;24
1447;47
1447;95
1447;166
1448;7
1448;19
1448;22
1448;46
1448;95
1448;208
1449;9
1449;18
1449;24
1449;48
1449;144
1449;240
1450;9
1450;19
1450;25
1450;51
1450;80
1450;177
1451;9
1451;16
1451;20
1451;53
1451;159
1451;160
1452;9
1452;19
1452;20
1452;55
1452;82
1452;162
1453;9
1453;19
1453;20
1453;52
1453;159
1453;259
1454;9
1454;19
1454;27
1454;55
1454;138
1454;277
1455;9
1455;19
1455;26
1455;47
1455;107
1455;208
1456;9
1456;19
1456;26
1456;47
1456;90
1456;180
1457;8
1457;19
1457;35
1457;47
1457;90
1457;180
1458;9
1458;19
1458;35
1458;47
1458;90
1458;180
1459;1
1459;19
1459;30
1459;47
1459;90
1459;180
1460;9
1460;19
1460;35
1460;47
1460;90
1460;180
1461;6
1461;19
1461;35
1461;47
1461;90
1461;180
1462;5
1462;19
1462;35
1462;47
1462;90
1462;181
1463;9
1463;19
1463;35
1463;47
1463;90
1463;180
1464;9
1464;19
1464;35
1464;60
1464;90
1464;191
1465;9
1465;19
1465;35
1465;60
1465;90
1465;180
1466;7
1466;19
1466;24
1466;60
1466;107
1466;180
1467;9
1467;19
1467;24
1467;60
1467;107
1467;181
1468;6
1468;19
1468;24
1468;60
1468;107
1468;180
1469;8
1469;19
1469;24
1469;47
1469;107
1469;180
1470;9
1470;16
1470;24
1470;47
1470;107
1470;181
1471;8
1471;11
1471;24
1471;47
1471;107
1471;181
1472;8
1472;17
1472;23
1472;44
1472;159
1472;164
1473;9
1473;19
1473;24
1473;48
1473;144
1473;473
1474;8
1474;19
1474;27
1474;54
1474;135
1474;245
1475;8
1475;17
1475;27
1475;53
1475;106
1475;212
1476;9
1476;15
1476;27
1476;53
1476;106
1476;268
1477;7
1477;10
1477;30
1477;60
1477;90
1477;301
1478;8
1478;19
1478;25
1478;54
1478;87
1478;292
1479;0
1479;19
1479;23
1479;47
1479;94
1479;234
1480;7
1480;18
1480;35
1480;53
1480;107
1480;161
1481;9
1481;19
1481;24
1481;48
1481;94
1481;260
1482;9
1482;18
1482;24
1482;47
1482;94
1482;189
1483;9
1483;18
1483;24
1483;71
1483;95
1483;166
1484;8
1484;17
1484;24
1484;71
1484;95
1484;287
1485;6
1485;16
1485;24
1485;47
1485;95
1485;190
1486;9
1486;17
1486;24
1486;48
1486;95
1486;192
1487;8
1487;19
1487;23
1487;48
1487;94
1487;187
1488;5
1488;18
1488;23
1488;46
1488;94
1488;206
1489;8
1489;19
1489;23
1489;42
1489;95
1489;188
1490;9
1490;19
1490;27
1490;42
1490;85
1490;331
1491;6
1491;19
1491;21
1491;42
1491;95
1491;161
1492;6
1492;14
1492;21
1492;42
1492;84
1492;215
1493;9
1493;12
1493;27
1493;42
1493;85
1493;160
1494;9
1494;19
1494;24
1494;72
1494;143
1494;242
1495;9
1495;19
1495;21
1495;53
1495;136
1495;250
1496;7
1496;19
1496;25
1496;54
1496;130
1496;505
1497;8
1497;18
1497;26
1497;54
1497;133
1497;385
1498;8
1498;18
1498;27
1498;54
1498;132
1498;160
1499;6
1499;10
1499;29
1499;59
1499;119
1499;239
1500;8
1500;19
1500;30
1500;60
1500;90
1500;180
1501;5
1501;19
1501;24
1501;40
1501;90
1501;179
1502;8
1502;19
1502;24
1502;47
1502;95
1502;166
1503;8
1503;19
1503;24
1503;40
1503;90
1503;496
1504;7
1504;19
1504;24
1504;47
1504;155
1504;217
1505;8
1505;19
1505;23
1505;47
1505;95
1505;216
1506;7
1506;19
1506;24
1506;47
1506;94
1506;236
1507;8
1507;19
1507;24
1507;47
1507;95
1507;237
1508;8
1508;19
1508;24
1508;47
1508;93
1508;258
1509;7
1509;17
1509;24
1509;47
1509;96
1509;264
1510;7
1510;18
1510;23
1510;46
1510;85
1510;167
1511;8
1511;19
1511;24
1511;48
1511;82
1511;167
1512;9
1512;19
1512;24
1512;47
1512;143
1512;167
1513;9
1513;19
1513;24
1513;47
1513;143
1513;258
1514;9
1514;19
1514;24
1514;40
1514;144
1514;160
1515;7
1515;19
1515;24
1515;47
1515;156
1515;164
1516;9
1516;15
1516;23
1516;47
1516;158
1516;480
1517;7
1517;19
1517;30
1517;62
1517;123
1517;213
1518;7
1518;16
1518;33
1518;65
1518;96
1518;225
1519;2
1519;15
1519;36
1519;72
1519;108
1519;287
1520;9
1520;19
1520;35
1520;71
1520;106
1520;178
1521;6
1521;16
1521;36
1521;71
1521;142
1521;178
1522;2
1522;16
1522;23
1522;47
1522;107
1522;178
1523;0
1523;16
1523;39
1523;40
1523;120
1523;200
1524;5
1524;16
1524;39
1524;40
1524;80
1524;201
1525;2
1525;16
1525;24
1525;79
1525;80
1525;160
1526;7
1526;16
1526;24
1526;48
1526;96
1526;191
1527;1
1527;16
1527;24
1527;48
1527;95
1527;191
1528;9
1528;16
1528;24
1528;48
1528;143
1528;237
1529;7
1529;16
1529;24
1529;54
1529;107
1529;161
1530;0
1530;16
1530;24
1530;53
1530;107
1530;161
1531;9
1531;16
1531;24
1531;54
1531;107
1531;161
1532;7
1532;16
1532;24
1532;54
1532;109
1532;162
1533;8
1533;16
1533;24
1533;55
1533;111
1533;164
1534;3
1534;16
1534;24
1534;60
1534;120
1534;181
1535;1
1535;16
1535;24
1535;58
1535;111
1535;165
1536;8
1536;14
1536;39
1536;47
1536;96
1536;189
1537;3
1537;15
1537;24
1537;47
1537;94
1537;236
1538;1
1538;16
1538;24
1538;48
1538;95
1538;286
1539;9
1539;16
1539;39
1539;47
1539;95
1539;167
1540;5
1540;13
1540;38
1540;40
1540;95
1540;236
1541;7
1541;16
1541;32
1541;48
1541;96
1541;240
1542;9
1542;19
1542;38
1542;47
1542;94
1542;282
1543;7
1543;16
1543;37
1543;49
1543;97
1543;244
1544;9
1544;18
1544;23
1544;46
1544;92
1544;184
1545;9
1545;18
1545;24
1545;48
1545;96
1545;241
1546;9
1546;14
1546;34
1546;47
1546;94
1546;236
1547;7
1547;16
1547;39
1547;47
1547;94
1547;235
1548;7
1548;19
1548;24
1548;48
1548;96
1548;239
1549;9
1549;19
1549;24
1549;47
1549;93
1549;186
1550;7
1550;18
1550;24
1550;48
1550;96
1550;241
1551;5
1551;18
1551;25
1551;46
1551;93
1551;186
1552;9
1552;16
1552;25
1552;48
1552;96
1552;239
1553;6
1553;18
1553;38
1553;48
1553;95
1553;190
1554;0
1554;16
1554;39
1554;51
1554;104
1554;162
1555;8
1555;10
1555;31
1555;47
1555;90
1555;178
1556;4
1556;11
1556;24
1556;74
1556;83
1556;227
1557;6
1557;12
1557;24
1557;74
1557;89
1557;434
1558;6
1558;12
1558;36
1558;79
1558;80
1558;160
1559;6
1559;12
1559;35
1559;79
1559;80
1559;160
1560;6
1560;12
1560;30
1560;47
1560;80
1560;160
1561;6
1561;12
1561;24
1561;79
1561;80
1561;160
1562;6
1562;12
1562;24
1562;79
1562;80
1562;160
1563;6
1563;12
1563;24
1563;79
1563;80
1563;160
1564;6
1564;12
1564;36
1564;48
1564;84
1564;171
1565;7
1565;12
1565;30
1565;47
1565;81
1565;161
1566;6
1566;11
1566;35
1566;53
1566;80
1566;160
1567;5
1567;10
1567;21
1567;71
1567;106
1567;177
1568;5
1568;10
1568;21
1568;70
1568;105
1568;245
1569;5
1569;11
1569;21
1569;72
1569;108
1569;217
1570;5
1570;11
1570;21
1570;69
1570;104
1570;242
1571;5
1571;11
1571;21
1571;72
1571;107
1571;215
1572;5
1572;11
1572;21
1572;71
1572;106
1572;244
1573;5
1573;11
1573;21
1573;71
1573;107
1573;213
1574;5
1574;10
1574;21
1574;59
1574;119
1574;238
1575;5
1575;11
1575;21
1575;60
1575;119
1575;239
1576;5
1576;10
1576;22
1576;67
1576;106
1576;239
1577;5
1577;17
1577;36
1577;72
1577;106
1577;251
1578;5
1578;10
1578;21
1578;79
1578;80
1578;239
1579;5
1579;10
1579;21
1579;79
1579;80
1579;160
1580;5
1580;11
1580;36
1580;79
1580;80
1580;200
1581;5
1581;10
1581;35
1581;71
1581;106
1581;169
1582;5
1582;11
1582;21
1582;53
1582;105
1582;232
1583;5
1583;11
1583;21
1583;61
1583;91
1583;243
1584;5
1584;11
1584;21
1584;52
1584;103
1584;266
1585;5
1585;11
1585;24
1585;53
1585;95
1585;191
1586;5
1586;11
1586;24
1586;47
1586;95
1586;262
1587;9
1587;11
1587;21
1587;52
1587;95
1587;239
1588;5
1588;10
1588;39
1588;58
1588;85
1588;311
1589;9
1589;10
1589;20
1589;60
1589;90
1589;240
1590;5
1590;10
1590;24
1590;54
1590;95
1590;244
1591;5
1591;10
1591;30
1591;58
1591;80
1591;263
1592;9
1592;10
1592;30
1592;60
1592;90
1592;241
1593;9
1593;10
1593;30
1593;61
1593;91
1593;242
1594;9
1594;10
1594;30
1594;60
1594;90
1594;240
1595;9
1595;10
1595;30
1595;63
1595;90
1595;241
1596;9
1596;10
1596;30
1596;71
1596;142
1596;249
1597;9
1597;10
1597;30
1597;71
1597;143
1597;249
1598;9
1598;17
1598;24
1598;47
1598;132
1598;212
1599;5
1599;10
1599;39
1599;63
1599;127
1599;222
1600;9
1600;10
1600;30
1600;64
1600;95
1600;254
1601;5
1601;10
1601;30
1601;60
1601;90
1601;239
1602;9
1602;10
1602;20
1602;60
1602;90
1602;240
1603;9
1603;10
1603;20
1603;58
1603;116
1603;169
1604;9
1604;10
1604;39
1604;58
1604;117
1604;181
1605;9
1605;10
1605;20
1605;53
1605;107
1605;239
1606;9
1606;10
1606;20
1606;53
1606;106
1606;265
1607;9
1607;10
1607;20
1607;53
1607;106
1607;266
1608;6
1608;10
1608;27
1608;53
1608;80
1608;238
1609;5
1609;19
1609;24
1609;64
1609;80
1609;238
1610;8
1610;12
1610;24
1610;63
1610;114
1610;231
1611;8
1611;12
1611;24
1611;63
1611;106
1611;241
1612;7
1612;16
1612;32
1612;63
1612;106
1612;241
1613;7
1613;16
1613;32
1613;47
1613;94
1613;236
1614;6
1614;10
1614;21
1614;63
1614;94
1614;236
1615;8
1615;12
1615;32
1615;54
1615;82
1615;245
1616;8
1616;12
1616;32
1616;60
1616;90
1616;240
1617;8
1617;16
1617;32
1617;58
1617;89
1617;238
1618;8
1618;16
1618;24
1618;47
1618;94
1618;236
1619;8
1619;17
1619;24
1619;47
1619;94
1619;166
1620;8
1620;16
1620;37
1620;54
1620;81
1620;244
1621;8
1621;16
1621;24
1621;52
1621;105
1621;235
1622;8
1622;17
1622;24
1622;55
1622;82
1622;301
1623;8
1623;16
1623;24
1623;53
1623;80
1623;237
1624;8
1624;16
1624;31
1624;54
1624;80
1624;243
1625;8
1625;17
1625;27
1625;53
1625;80
1625;239
1626;8
1626;18
1626;24
1626;53
1626;84
1626;190
1627;8
1627;17
1627;32
1627;53
1627;90
1627;269
1628;8
1628;16
1628;32
1628;53
1628;90
1628;160
1629;8
1629;16
1629;24
1629;53
1629;158
1629;269
1630;6
1630;10
1630;24
1630;60
1630;120
1630;180
1631;6
1631;16
1631;35
1631;47
1631;120
1631;180
1632;6
1632;18
1632;35
1632;47
1632;120
1632;180
1633;6
1633;18
1633;35
1633;47
1633;95
1633;254
1634;6
1634;18
1634;24
1634;47
1634;119
1634;266
1635;6
1635;18
1635;24
1635;60
1635;120
1635;269
1636;6
1636;18
1636;24
1636;60
1636;120
1636;180
1637;6
1637;18
1637;35
1637;47
1637;95
1637;269
1638;6
1638;18
1638;24
1638;47
1638;95
1638;239
1639;6
1639;18
1639;35
1639;47
1639;120
1639;166
1640;6
1640;17
1640;36
1640;59
1640;132
1640;160
1641;6
1641;17
1641;36
1641;47
1641;119
1641;180
1642;6
1642;10
1642;30
1642;47
1642;89
1642;215
1643;6
1643;18
1643;30
1643;47
1643;95
1643;167
1644;6
1644;16
1644;30
1644;60
1644;119
1644;190
1645;6
1645;17
1645;30
1645;59
1645;119
1645;179
1646;6
1646;18
1646;24
1646;60
1646;120
1646;180
1647;6
1647;17
1647;30
1647;60
1647;120
1647;178
1648;6
1648;17
1648;30
1648;59
1648;119
1648;179
1649;6
1649;18
1649;23
1649;47
1649;120
1649;239
1650;6
1650;18
1650;24
1650;48
1650;119
1650;214
1651;9
1651;10
1651;24
1651;48
1651;95
1651;262
1652;6
1652;10
1652;24
1652;48
1652;95
1652;261
1653;5
1653;11
1653;24
1653;47
1653;107
1653;283
1654;7
1654;11
1654;27
1654;54
1654;81
1654;162
1655;6
1655;19
1655;27
1655;54
1655;106
1655;213
1656;7
1656;19
1656;27
1656;54
1656;80
1656;214
1657;5
1657;10
1657;30
1657;60
1657;90
1657;270
1658;5
1658;11
1658;24
1658;60
1658;89
1658;269
1659;5
1659;11
1659;26
1659;69
1659;102
1659;169
1660;5
1660;10
1660;21
1660;71
1660;142
1660;178
1661;5
1661;11
1661;29
1661;71
1661;142
1661;249
1662;5
1662;17
1662;36
1662;64
1662;125
1662;160
1663;5
1663;11
1663;21
1663;63
1663;95
1663;254
1664;5
1664;16
1664;24
1664;63
1664;94
1664;252
1665;5
1665;11
1665;30
1665;59
1665;119
1665;266
1666;5
1666;16
1666;26
1666;59
1666;147
1666;178
1667;5
1667;10
1667;29
1667;55
1667;138
1667;170
1668;5
1668;10
1668;23
1668;58
1668;112
1668;230
1669;5
1669;11
1669;24
1669;61
1669;121
1669;242
1670;5
1670;11
1670;24
1670;60
1670;120
1670;211
1671;5
1671;11
1671;24
1671;60
1671;90
1671;180
1672;6
1672;10
1672;27
1672;55
1672;82
1672;274
1673;5
1673;10
1673;20
1673;47
1673;95
1673;191
1674;6
1674;10
1674;30
1674;47
1674;90
1674;162
1675;5
1675;10
1675;30
1675;47
1675;95
1675;167
1676;5
1676;10
1676;30
1676;47
1676;89
1676;191
1677;9
1677;10
1677;30
1677;70
1677;80
1677;161
1678;9
1678;10
1678;30
1678;47
1678;90
1678;190
1679;9
1679;10
1679;20
1679;47
1679;90
1679;189
1680;9
1680;10
1680;20
1680;40
1680;89
1680;188
1681;9
1681;10
1681;39
1681;40
1681;99
1681;169
1682;9
1682;10
1682;39
1682;40
1682;80
1682;200
1683;5
1683;17
1683;20
1683;47
1683;90
1683;171
1684;9
1684;10
1684;23
1684;47
1684;120
1684;179
1685;9
1685;10
1685;24
1685;47
1685;95
1685;180
1686;5
1686;10
1686;24
1686;47
1686;95
1686;191
1687;9
1687;10
1687;24
1687;40
1687;120
1687;161
1688;9
1688;10
1688;28
1688;40
1688;140
1688;169
1689;9
1689;10
1689;20
1689;71
1689;142
1689;178
1690;9
1690;10
1690;24
1690;70
1690;140
1690;346
1691;9
1691;10
1691;39
1691;40
1691;159
1691;160
1692;9
1692;10
1692;23
1692;40
1692;120
1692;160
1693;6
1693;11
1693;24
1693;40
1693;80
1693;170
1694;6
1694;10
1694;21
1694;53
1694;107
1694;160
1695;7
1695;10
1695;37
1695;63
1695;111
1695;161
1696;8
1696;16
1696;21
1696;63
1696;112
1696;168
1697;5
1697;10
1697;23
1697;63
1697;159
1697;160
1698;8
1698;16
1698;24
1698;63
1698;127
1698;190
1699;8
1699;16
1699;24
1699;63
1699;95
1699;193
1700;9
1700;10
1700;24
1700;63
1700;142
1700;190
1701;8
1701;10
1701;20
1701;48
1701;143
1701;190
1702;8
1702;10
1702;39
1702;40
1702;120
1702;160
1703;8
1703;10
1703;39
1703;41
1703;120
1703;161
1704;8
1704;19
1704;21
1704;40
1704;121
1704;425
1705;7
1705;10
1705;38
1705;53
1705;94
1705;188
1706;6
1706;10
1706;24
1706;53
1706;95
1706;191
1707;6
1707;10
1707;21
1707;76
1707;81
1707;165
1708;6
1708;16
1708;24
1708;74
1708;148
1708;185
1709;6
1709;11
1709;32
1709;79
1709;80
1709;160
1710;6
1710;10
1710;38
1710;79
1710;80
1710;160
1711;6
1711;11
1711;39
1711;79
1711;80
1711;160
1712;6
1712;12
1712;39
1712;79
1712;80
1712;160
1713;6
1713;12
1713;39
1713;79
1713;80
1713;160
1714;6
1714;12
1714;36
1714;71
1714;142
1714;178
1715;8
1715;10
1715;27
1715;74
1715;86
1715;507
1716;6
1716;18
1716;27
1716;44
1716;84
1716;434
1717;6
1717;18
1717;36
1717;47
1717;89
1717;434
1718;6
1718;18
1718;36
1718;47
1718;89
1718;506
1719;6
1719;18
1719;30
1719;48
1719;89
1719;511
1720;6
1720;18
1720;36
1720;47
1720;90
1720;457
1721;6
1721;18
1721;35
1721;48
1721;95
1721;349
1722;6
1722;18
1722;30
1722;60
1722;89
1722;434
1723;6
1723;18
1723;24
1723;47
1723;89
1723;511
1724;6
1724;18
1724;24
1724;47
1724;89
1724;215
1725;6
1725;18
1725;30
1725;47
1725;95
1725;248
1726;6
1726;17
1726;36
1726;51
1726;95
1726;213
1727;6
1727;18
1727;24
1727;71
1727;95
1727;167
1728;6
1728;17
1728;24
1728;48
1728;141
1728;284
1729;6
1729;18
1729;24
1729;47
1729;94
1729;298
1730;6
1730;18
1730;24
1730;47
1730;141
1730;236
1731;6
1731;18
1731;24
1731;47
1731;95
1731;236
1732;6
1732;18
1732;24
1732;47
1732;94
1732;236
1733;6
1733;18
1733;24
1733;60
1733;94
1733;189
1734;6
1734;18
1734;24
1734;60
1734;95
1734;189
1735;6
1735;17
1735;24
1735;48
1735;95
1735;190
1736;7
1736;18
1736;25
1736;54
1736;95
1736;190
1737;5
1737;10
1737;35
1737;53
1737;110
1737;243
1738;5
1738;10
1738;21
1738;71
1738;120
1738;249
1739;5
1739;10
1739;21
1739;53
1739;121
1739;250
1740;3
1740;18
1740;21
1740;53
1740;126
1740;160
1741;5
1741;10
1741;21
1741;60
1741;120
1741;160
1742;6
1742;11
1742;21
1742;53
1742;128
1742;170
1743;5
1743;11
1743;21
1743;43
1743;95
1743;178
1744;5
1744;10
1744;21
1744;60
1744;120
1744;160
1745;5
1745;10
1745;21
1745;63
1745;92
1745;268
1746;5
1746;11
1746;21
1746;71
1746;89
1746;249
1747;5
1747;17
1747;23
1747;49
1747;105
1747;171
1748;5
1748;11
1748;24
1748;47
1748;95
1748;169
1749;5
1749;11
1749;24
1749;47
1749;95
1749;168
1750;5
1750;10
1750;24
1750;60
1750;90
1750;169
1751;5
1751;11
1751;36
1751;60
1751;121
1751;166
1752;5
1752;10
1752;27
1752;47
1752;106
1752;169
1753;5
1753;18
1753;27
1753;53
1753;85
1753;212
1754;5
1754;18
1754;27
1754;42
1754;107
1754;214
1755;5
1755;11
1755;21
1755;53
1755;133
1755;266
1756;5
1756;10
1756;27
1756;42
1756;89
1756;168
1757;6
1757;10
1757;30
1757;59
1757;148
1757;267
1758;5
1758;10
1758;28
1758;51
1758;95
1758;180
1759;9
1759;10
1759;39
1759;47
1759;95
1759;190
1760;5
1760;10
1760;30
1760;47
1760;94
1760;189
1761;5
1761;10
1761;30
1761;47
1761;94
1761;189
1762;9
1762;10
1762;30
1762;47
1762;89
1762;260
1763;9
1763;10
1763;24
1763;48
1763;95
1763;167
1764;9
1764;10
1764;30
1764;47
1764;159
1764;160
1765;9
1765;10
1765;30
1765;48
1765;90
1765;169
1766;9
1766;10
1766;24
1766;47
1766;95
1766;166
1767;9
1767;10
1767;25
1767;40
1767;149
1767;171
1768;5
1768;17
1768;27
1768;47
1768;120
1768;160
1769;9
1769;10
1769;24
1769;47
1769;119
1769;241
1770;9
1770;10
1770;30
1770;47
1770;142
1770;167
1771;9
1771;10
1771;30
1771;71
1771;119
1771;160
1772;9
1772;10
1772;24
1772;71
1772;80
1772;160
1773;9
1773;10
1773;24
1773;71
1773;80
1773;180
1774;9
1774;10
1774;23
1774;48
1774;90
1774;164
1775;9
1775;10
1775;20
1775;47
1775;80
1775;190
1776;9
1776;10
1776;20
1776;40
1776;120
1776;170
1777;9
1777;10
1777;39
1777;40
1777;139
1777;200
1778;5
1778;10
1778;24
1778;47
1778;80
1778;210
1779;7
1779;10
1779;21
1779;63
1779;95
1779;235
1780;8
1780;12
1780;37
1780;63
1780;159
1780;160
1781;8
1781;12
1781;38
1781;63
1781;159
1781;432
1782;8
1782;11
1782;24
1782;63
1782;152
1782;180
1783;4
1783;16
1783;32
1783;63
1783;94
1783;188
1784;9
1784;11
1784;21
1784;64
1784;94
1784;168
1785;8
1785;16
1785;32
1785;64
1785;127
1785;160
1786;8
1786;12
1786;32
1786;63
1786;95
1786;241
1787;8
1787;12
1787;30
1787;63
1787;95
1787;274
1788;8
1788;12
1788;35
1788;63
1788;96
1788;242
1789;8
1789;16
1789;31
1789;63
1789;120
1789;187
1790;8
1790;17
1790;37
1790;63
1790;81
1790;161
1791;8
1791;10
1791;31
1791;63
1791;159
1791;160
1792;8
1792;16
1792;32
1792;60
1792;159
1792;160
1793;8
1793;16
1793;24
1793;63
1793;90
1793;178
1794;8
1794;16
1794;35
1794;60
1794;95
1794;180
1795;8
1795;17
1795;30
1795;60
1795;95
1795;180
1796;8
1796;18
1796;35
1796;60
1796;106
1796;180
1797;8
1797;18
1797;35
1797;60
1797;106
1797;180
1798;8
1798;17
1798;39
1798;40
1798;80
1798;160
1799;8
1799;18
1799;39
1799;60
1799;120
1799;160
1800;7
1800;17
1800;20
1800;48
1800;80
1800;181
1801;4
1801;11
1801;35
1801;47
1801;94
1801;234
1802;6
1802;16
1802;30
1802;47
1802;95
1802;237
1803;6
1803;12
1803;30
1803;48
1803;94
1803;235
1804;6
1804;18
1804;30
1804;48
1804;146
1804;243
1805;6
1805;18
1805;30
1805;47
1805;94
1805;187
1806;6
1806;18
1806;30
1806;47
1806;95
1806;238
1807;6
1807;18
1807;24
1807;70
1807;142
1807;235
1808;6
1808;18
1808;24
1808;47
1808;89
1808;284
1809;6
1809;18
1809;24
1809;47
1809;90
1809;237
1810;6
1810;18
1810;24
1810;47
1810;95
1810;178
1811;6
1811;17
1811;36
1811;48
1811;94
1811;212
1812;6
1812;11
1812;24
1812;71
1812;95
1812;238
1813;6
1813;16
1813;24
1813;47
1813;95
1813;191
1814;6
1814;17
1814;24
1814;71
1814;94
1814;179
1815;6
1815;12
1815;24
1815;71
1815;141
1815;236
1816;6
1816;18
1816;24
1816;71
1816;95
1816;201
1817;6
1817;18
1817;24
1817;71
1817;141
1817;177
1818;6
1818;18
1818;35
1818;71
1818;95
1818;248
1819;6
1819;18
1819;35
1819;71
1819;142
1819;176
1820;6
1820;18
1820;24
1820;71
1820;142
1820;250
1821;7
1821;12
1821;24
1821;47
1821;118
1821;237
1822;5
1822;11
1822;36
1822;49
1822;98
1822;197
1823;4
1823;11
1823;35
1823;48
1823;143
1823;248
1824;3
1824;10
1824;27
1824;53
1824;119
1824;161
1825;3
1825;10
1825;27
1825;53
1825;157
1825;261
1826;3
1826;18
1826;27
1826;54
1826;108
1826;162
1827;6
1827;10
1827;26
1827;53
1827;105
1827;160
1828;4
1828;10
1828;27
1828;54
1828;108
1828;162
1829;3
1829;11
1829;27
1829;52
1829;105
1829;261
1830;3
1830;11
1830;26
1830;53
1830;90
1830;160
1831;3
1831;11
1831;27
1831;60
1831;150
1831;169
1832;9
1832;17
1832;21
1832;56
1832;85
1832;171
1833;9
1833;10
1833;21
1833;48
1833;95
1833;162
1834;6
1834;10
1834;21
1834;47
1834;126
1834;169
1835;6
1835;11
1835;24
1835;47
1835;107
1835;168
1836;6
1836;11
1836;21
1836;47
1836;85
1836;169
1837;9
1837;11
1837;21
1837;54
1837;148
1837;160
1838;9
1838;11
1838;21
1838;48
1838;95
1838;169
1839;9
1839;11
1839;24
1839;47
1839;95
1839;236
1840;9
1840;11
1840;24
1840;47
1840;94
1840;168
1841;9
1841;11
1841;26
1841;53
1841;107
1841;160
1842;9
1842;11
1842;26
1842;53
1842;90
1842;160
1843;6
1843;10
1843;29
1843;52
1843;158
1843;160
1844;4
1844;10
1844;39
1844;40
1844;112
1844;165
1845;3
1845;10
1845;30
1845;60
1845;120
1845;179
1846;5
1846;10
1846;30
1846;63
1846;127
1846;190
1847;5
1847;10
1847;30
1847;64
1847;127
1847;191
1848;9
1848;10
1848;31
1848;63
1848;126
1848;190
1849;9
1849;10
1849;30
1849;60
1849;119
1849;179
1850;9
1850;10
1850;30
1850;60
1850;119
1850;179
1851;9
1851;10
1851;30
1851;63
1851;126
1851;189
1852;9
1852;10
1852;30
1852;63
1852;127
1852;190
1853;9
1853;10
1853;29
1853;63
1853;126
1853;190
1854;9
1854;17
1854;30
1854;60
1854;120
1854;180
1855;5
1855;10
1855;30
1855;71
1855;120
1855;181
1856;9
1856;10
1856;30
1856;71
1856;120
1856;173
1857;9
1857;10
1857;24
1857;54
1857;107
1857;161
1858;9
1858;10
1858;24
1858;54
1858;107
1858;161
1859;9
1859;10
1859;23
1859;48
1859;96
1859;169
1860;9
1860;10
1860;39
1860;48
1860;95
1860;191
1861;9
1861;10
1861;26
1861;50
1861;97
1861;201
1862;9
1862;10
1862;27
1862;53
1862;107
1862;160
1863;9
1863;10
1863;27
1863;53
1863;107
1863;160
1864;8
1864;10
1864;20
1864;49
1864;84
1864;221
1865;8
1865;19
1865;24
1865;63
1865;95
1865;160
1866;8
1866;12
1866;24
1866;47
1866;94
1866;189
1867;7
1867;16
1867;30
1867;48
1867;96
1867;180
1868;7
1868;16
1868;24
1868;47
1868;95
1868;160
1869;3
1869;16
1869;32
1869;47
1869;94
1869;166
1870;5
1870;16
1870;27
1870;48
1870;126
1870;240
1871;8
1871;16
1871;24
1871;47
1871;120
1871;241
1872;8
1872;12
1872;24
1872;48
1872;96
1872;192
1873;8
1873;16
1873;36
1873;48
1873;96
1873;160
1874;8
1874;16
1874;24
1874;47
1874;95
1874;187
1875;8
1875;17
1875;38
1875;64
1875;96
1875;162
1876;8
1876;11
1876;24
1876;63
1876;159
1876;160
1877;8
1877;16
1877;31
1877;63
1877;94
1877;160
1878;8
1878;18
1878;30
1878;60
1878;89
1878;179
1879;8
1879;16
1879;24
1879;47
1879;89
1879;178
1880;8
1880;17
1880;20
1880;60
1880;94
1880;179
1881;8
1881;16
1881;37
1881;60
1881;126
1881;190
1882;8
1882;16
1882;24
1882;60
1882;90
1882;179
1883;8
1883;17
1883;24
1883;58
1883;95
1883;209
1884;8
1884;16
1884;20
1884;53
1884;106
1884;197
1885;8
1885;16
1885;24
1885;53
1885;95
1885;269
1886;7
1886;13
1886;26
1886;52
1886;95
1886;370
1887;8
1887;14
1887;28
1887;60
1887;95
1887;174
1888;8
1888;15
1888;30
1888;45
1888;149
1888;267
1889;8
1889;15
1889;30
1889;45
1889;150
1889;165
1890;8
1890;15
1890;30
1890;44
1890;148
1890;267
1891;9
1891;15
1891;30
1891;60
1891;134
1891;268
1892;8
1892;15
1892;30
1892;60
1892;89
1892;179
1893;8
1893;16
1893;30
1893;60
1893;96
1893;269
1894;9
1894;14
1894;24
1894;47
1894;130
1894;266
1895;8
1895;17
1895;24
1895;47
1895;133
1895;160
1896;9
1896;17
1896;33
1896;50
1896;119
1896;203
1897;9
1897;15
1897;36
1897;62
1897;139
1897;170
1898;0
1898;16
1898;36
1898;64
1898;80
1898;212
1899;8
1899;18
1899;35
1899;71
1899;124
1899;212
1900;4
1900;18
1900;36
1900;53
1900;124
1900;160
1901;0
1901;18
1901;36
1901;53
1901;89
1901;214
1902;1
1902;18
1902;35
1902;53
1902;89
1902;160
1903;9
1903;18
1903;35
1903;53
1903;89
1903;179
1904;7
1904;15
1904;30
1904;47
1904;95
1904;506
1905;9
1905;16
1905;30
1905;53
1905;95
1905;465
1906;9
1906;18
1906;30
1906;47
1906;103
1906;486
1907;9
1907;19
1907;24
1907;48
1907;95
1907;166
1908;0
1908;19
1908;24
1908;48
1908;97
1908;168
1909;0
1909;19
1909;27
1909;54
1909;80
1909;241
1910;3
1910;15
1910;27
1910;54
1910;80
1910;186
1911;9
1911;19
1911;26
1911;45
1911;80
1911;160
1912;9
1912;19
1912;26
1912;53
1912;80
1912;352
1913;9
1913;15
1913;26
1913;53
1913;158
1913;160
1914;7
1914;15
1914;27
1914;55
1914;82
1914;164
1915;8
1915;15
1915;26
1915;53
1915;158
1915;160
1916;9
1916;19
1916;25
1916;53
1916;152
1916;489
1917;4
1917;17
1917;21
1917;54
1917;154
1917;462
1918;2
1918;19
1918;27
1918;54
1918;81
1918;162
1919;1
1919;19
1919;29
1919;58
1919;147
1919;166
1920;4
1920;19
1920;30
1920;60
1920;149
1920;269
1921;1
1921;15
1921;29
1921;59
1921;149
1921;240
1922;9
1922;19
1922;22
1922;45
1922;150
1922;432
1923;9
1923;18
1923;24
1923;48
1923;144
1923;168
1924;2
1924;15
1924;24
1924;72
1924;95
1924;166
1925;1
1925;15
1925;27
1925;53
1925;80
1925;239
1926;0
1926;15
1926;27
1926;53
1926;80
1926;160
1927;1
1927;19
1927;24
1927;53
1927;80
1927;234
1928;4
1928;19
1928;24
1928;48
1928;95
1928;161
1929;9
1929;19
1929;22
1929;43
1929;89
1929;160
1930;1
1930;19
1930;20
1930;40
1930;80
1930;464
1931;9
1931;19
1931;20
1931;40
1931;138
1931;431
1932;8
1932;19
1932;20
1932;40
1932;159
1932;160
1933;8
1933;19
1933;24
1933;47
1933;95
1933;164
1934;8
1934;19
1934;24
1934;47
1934;80
1934;362
1935;6
1935;19
1935;24
1935;47
1935;80
1935;422
1936;6
1936;19
1936;24
1936;40
1936;80
1936;425
1937;8
1937;19
1937;24
1937;40
1937;80
1937;201
1938;0
1938;19
1938;24
1938;40
1938;80
1938;201
1939;9
1939;19
1939;24
1939;47
1939;95
1939;167
1940;5
1940;19
1940;24
1940;47
1940;95
1940;167
1941;9
1941;19
1941;24
1941;47
1941;95
1941;167
1942;6
1942;19
1942;24
1942;47
1942;95
1942;167
1943;6
1943;19
1943;24
1943;47
1943;95
1943;167
1944;9
1944;19
1944;24
1944;47
1944;95
1944;167
1945;7
1945;19
1945;24
1945;47
1945;95
1945;167
1946;9
1946;19
1946;24
1946;47
1946;95
1946;167
1947;4
1947;19
1947;24
1947;47
1947;95
1947;167
1948;5
1948;19
1948;24
1948;47
1948;95
1948;167
1949;9
1949;16
1949;24
1949;47
1949;142
1949;179
1950;9
1950;16
1950;36
1950;40
1950;107
1950;179
1951;9
1951;16
1951;35
1951;40
1951;107
1951;179
1952;0
1952;16
1952;35
1952;40
1952;107
1952;179
1953;0
1953;16
1953;35
1953;40
1953;80
1953;179
1954;4
1954;16
1954;35
1954;40
1954;80
1954;179
1955;0
1955;16
1955;35
1955;40
1955;80
1955;179
1956;9
1956;16
1956;39
1956;40
1956;80
1956;179
1957;6
1957;16
1957;39
1957;40
1957;80
1957;179
1958;6
1958;16
1958;39
1958;40
1958;80
1958;179
1959;2
1959;16
1959;39
1959;40
1959;80
1959;179
1960;9
1960;16
1960;32
1960;47
1960;95
1960;160
1961;9
1961;16
1961;32
1961;40
1961;95
1961;160
1962;8
1962;16
1962;32
1962;40
1962;95
1962;160
1963;9
1963;16
1963;32
1963;40
1963;159
1963;160
1964;9
1964;16
1964;32
1964;40
1964;95
1964;160
1965;7
1965;16
1965;32
1965;40
1965;95
1965;160
1966;6
1966;16
1966;39
1966;40
1966;95
1966;267
1967;9
1967;16
1967;39
1967;40
1967;95
1967;162
1968;9
1968;16
1968;39
1968;40
1968;80
1968;167
1969;4
1969;16
1969;39
1969;40
1969;80
1969;372
1970;1
1970;16
1970;39
1970;40
1970;80
1970;510
1971;9
1971;13
1971;27
1971;54
1971;81
1971;258
1972;2
1972;13
1972;26
1972;52
1972;92
1972;170
1973;9
1973;14
1973;27
1973;40
1973;83
1973;180
1974;1
1974;15
1974;30
1974;60
1974;90
1974;164
1975;0
1975;15
1975;30
1975;59
1975;89
1975;208
1976;2
1976;15
1976;30
1976;45
1976;89
1976;489
1977;3
1977;15
1977;30
1977;45
1977;89
1977;208
1978;4
1978;15
1978;30
1978;45
1978;90
1978;399
1979;0
1979;15
1979;30
1979;44
1979;120
1979;165
1980;6
1980;14
1980;24
1980;47
1980;90
1980;496
1981;8
1981;15
1981;24
1981;47
1981;152
1981;325
1982;9
1982;16
1982;32
1982;48
1982;96
1982;180
1983;0
1983;16
1983;33
1983;49
1983;81
1983;180
1984;1
1984;18
1984;36
1984;53
1984;89
1984;320
1985;0
1985;18
1985;36
1985;53
1985;89
1985;178
1986;9
1986;18
1986;36
1986;53
1986;89
1986;178
1987;1
1987;18
1987;36
1987;53
1987;89
1987;179
1988;2
1988;18
1988;35
1988;53
1988;89
1988;247
1989;1
1989;18
1989;35
1989;53
1989;89
1989;212
1990;9
1990;18
1990;36
1990;54
1990;107
1990;250
1991;7
1991;18
1991;30
1991;47
1991;90
1991;195
1992;9
1992;12
1992;37
1992;47
1992;155
1992;160
1993;6
1993;19
1993;24
1993;72
1993;144
1993;168
1994;3
1994;19
1994;27
1994;53
1994;134
1994;160
1995;2
1995;15
1995;27
1995;53
1995;134
1995;161
1996;4
1996;15
1996;38
1996;45
1996;133
1996;422
1997;8
1997;15
1997;38
1997;45
1997;134
1997;500
1998;7
1998;15
1998;27
1998;54
1998;81
1998;162
1999;7
1999;15
1999;27
1999;53
1999;159
1999;160
2000;8
2000;15
2000;26
2000;53
2000;132
2000;264
2001;1
2001;15
2001;27
2001;54
2001;108
2001;270
2002;9
2002;15
2002;27
2002;53
2002;80
2002;266
2003;9
2003;19
2003;27
2003;53
2003;107
2003;238
2004;9
2004;19
2004;28
2004;57
2004;117
2004;241
2005;0
2005;19
2005;30
2005;60
2005;120
2005;239
2006;7
2006;19
2006;25
2006;45
2006;120
2006;231
2007;8
2007;15
2007;38
2007;45
2007;155
2007;176
2008;7
2008;15
2008;25
2008;50
2008;125
2008;160
2009;8
2009;15
2009;24
2009;48
2009;119
2009;263
2010;1
2010;15
2010;27
2010;53
2010;106
2010;160
2011;1
2011;15
2011;27
2011;53
2011;107
2011;160
2012;2
2012;15
2012;26
2012;53
2012;106
2012;186
2013;6
2013;19
2013;22
2013;46
2013;107
2013;160
2014;7
2014;19
2014;22
2014;40
2014;120
2014;160
2015;6
2015;19
2015;20
2015;40
2015;80
2015;160
2016;6
2016;19
2016;20
2016;40
2016;95
2016;160
2017;2
2017;19
2017;20
2017;40
2017;80
2017;160
2018;1
2018;19
2018;20
2018;40
2018;139
2018;160
2019;9
2019;19
2019;24
2019;40
2019;80
2019;201
2020;9
2020;19
2020;39
2020;40
2020;80
2020;201
2021;6
2021;19
2021;39
2021;40
2021;80
2021;201
2022;6
2022;19
2022;39
2022;40
2022;80
2022;201
2023;7
2023;19
2023;24
2023;40
2023;80
2023;201
2024;5
2024;18
2024;29
2024;47
2024;80
2024;166
2025;6
2025;18
2025;24
2025;47
2025;95
2025;167
2026;6
2026;19
2026;24
2026;47
2026;95
2026;167
2027;6
2027;19
2027;24
2027;47
2027;95
2027;452
2028;7
2028;17
2028;24
2028;47
2028;95
2028;446
2029;6
2029;17
2029;24
2029;47
2029;95
2029;427
2030;7
2030;16
2030;24
2030;47
2030;118
2030;259
2031;6
2031;17
2031;23
2031;46
2031;116
2031;438
2032;9
2032;15
2032;24
2032;48
2032;96
2032;243
2033;9
2033;19
2033;24
2033;47
2033;95
2033;262
2034;9
2034;19
2034;23
2034;47
2034;98
2034;167
2035;9
2035;19
2035;24
2035;47
2035;118
2035;167
2036;9
2036;16
2036;32
2036;40
2036;95
2036;160
2037;6
2037;16
2037;32
2037;40
2037;95
2037;160
2038;7
2038;16
2038;32
2038;40
2038;95
2038;160
2039;9
2039;16
2039;32
2039;40
2039;95
2039;160
2040;9
2040;16
2040;31
2040;40
2040;151
2040;262
2041;9
2041;16
2041;29
2041;59
2041;146
2041;160
2042;5
2042;16
2042;24
2042;72
2042;143
2042;239
2043;7
2043;19
2043;24
2043;71
2043;143
2043;239
2044;6
2044;16
2044;24
2044;40
2044;95
2044;442
2045;8
2045;16
2045;27
2045;54
2045;82
2045;164
2046;8
2046;16
2046;27
2046;53
2046;133
2046;160
2047;9
2047;18
2047;24
2047;40
2047;95
2047;239
2048;9
2048;19
2048;24
2048;53
2048;133
2048;160
2049;6
2049;16
2049;28
2049;55
2049;138
2049;166
2050;0
2050;16
2050;29
2050;59
2050;89
2050;239
2051;0
2051;16
2051;30
2051;60
2051;90
2051;240
2052;8
2052;18
2052;26
2052;56
2052;150
2052;177
2053;7
2053;17
2053;27
2053;53
2053;80
2053;160
2054;9
2054;16
2054;27
2054;53
2054;80
2054;186
2055;9
2055;16
2055;27
2055;54
2055;81
2055;214
2056;9
2056;16
2056;27
2056;53
2056;82
2056;266
2057;3
2057;16
2057;34
2057;40
2057;95
2057;253
2058;0
2058;16
2058;20
2058;40
2058;95
2058;160
2059;8
2059;19
2059;20
2059;40
2059;95
2059;198
2060;1
2060;19
2060;24
2060;47
2060;118
2060;235
2061;8
2061;16
2061;24
2061;47
2061;95
2061;237
2062;9
2062;19
2062;26
2062;53
2062;134
2062;161
2063;8
2063;19
2063;27
2063;53
2063;134
2063;268
2064;9
2064;19
2064;20
2064;54
2064;80
2064;268
2065;9
2065;19
2065;24
2065;48
2065;149
2065;165
2066;0
2066;17
2066;24
2066;47
2066;94
2066;165
2067;1
2067;16
2067;24
2067;47
2067;94
2067;165
2068;9
2068;19
2068;24
2068;47
2068;95
2068;260
2069;9
2069;19
2069;24
2069;48
2069;119
2069;262
2070;9
2070;16
2070;24
2070;48
2070;119
2070;167
2071;9
2071;16
2071;24
2071;48
2071;98
2071;172
2072;2
2072;12
2072;24
2072;48
2072;95
2072;275
2073;7
2073;19
2073;24
2073;48
2073;96
2073;174
2074;0
2074;19
2074;24
2074;47
2074;95
2074;264
2075;9
2075;16
2075;24
2075;47
2075;94
2075;267
2076;7
2076;15
2076;24
2076;48
2076;95
2076;180
2077;8
2077;19
2077;24
2077;48
2077;156
2077;332
2078;9
2078;17
2078;23
2078;41
2078;152
2078;181
2079;9
2079;16
2079;27
2079;52
2079;89
2079;175
2080;9
2080;18
2080;30
2080;54
2080;158
2080;169
