6;0
6;10
6;21
6;56
6;127
6;323
7;5
7;10
7;20
7;63
7;95
7;215
8;2
8;10
8;21
8;42
8;116
8;313
9;5
9;10
9;20
9;77
9;92
9;302
10;5
10;10
10;20
10;41
10;144
10;294
11;5
11;10
11;20
11;63
11;89
11;216
12;9
12;15
12;27
12;66
12;80
12;160
13;9
13;17
13;36
13;73
13;91
13;165
14;9
14;18
14;37
14;73
14;91
14;164
15;0
15;19
15;20
15;40
15;81
15;164
16;1
16;19
16;20
16;40
16;80
16;289
17;5
17;19
17;21
17;42
17;85
17;160
18;0
18;19
18;20
18;40
18;80
18;160
19;0
19;18
19;36
19;71
19;88
19;160
20;0
20;18
20;35
20;71
20;88
20;229
21;9
21;17
21;35
21;70
21;87
21;228
22;9
22;15
22;30
22;45
22;90
22;166
23;0
23;15
23;30
23;45
23;90
23;164
24;8
24;15
24;30
24;44
24;89
24;162
25;0
25;18
25;36
25;73
25;91
25;163
26;0
26;18
26;35
26;70
26;88
26;227
27;2
27;17
27;34
27;69
27;87
27;170
28;0
28;15
28;30
28;45
28;91
28;165
29;9
29;15
29;31
29;46
29;92
29;168
30;9
30;14
30;28
30;43
30;84
30;160
31;0
31;13
31;26
31;66
31;92
31;170
32;8
32;13
32;27
32;40
32;80
32;173
33;9
33;13
33;26
33;66
33;80
33;195
34;0
34;15
34;30
34;45
34;90
34;165
35;0
35;15
35;30
35;45
35;90
35;163
36;0
36;15
36;30
36;45
36;88
36;162
37;8
37;16
37;31
37;47
37;94
37;173
38;1
38;15
38;30
38;44
38;89
38;162
39;0
39;14
39;28
39;41
39;81
39;161
40;9
40;13
40;27
40;40
40;80
40;227
41;9
41;13
41;27
41;40
41;80
41;173
42;5
42;12
42;24
42;58
42;81
42;222
43;0
43;12
43;23
43;58
43;81
43;222
44;5
44;12
44;23
44;46
44;80
44;187
45;7
45;13
45;26
45;64
45;80
45;224
46;8
46;14
46;27
46;41
46;81
46;161
47;7
47;14
47;27
47;41
47;81
47;218
48;8
48;12
48;24
48;63
48;82
48;160
49;0
49;12
49;24
49;59
49;82
49;224
50;0
50;12
50;24
50;59
50;83
50;225
51;9
51;11
51;22
51;66
51;86
51;188
52;9
52;19
52;20
52;40
52;80
52;219
53;9
53;10
53;20
53;40
53;80
53;161
54;9
54;19
54;20
54;65
54;83
54;160
55;9
55;18
55;27
55;62
55;80
55;160
56;9
56;18
56;27
56;64
56;82
56;173
57;9
57;19
57;20
57;40
57;80
57;174
58;9
58;19
58;20
58;40
58;80
58;220
59;9
59;10
59;31
59;69
59;83
59;161
60;8
60;18
60;36
60;55
60;147
60;165
61;9
61;18
61;37
61;55
61;92
61;165
62;0
62;19
62;20
62;41
62;81
62;163
63;0
63;19
63;20
63;40
63;80
63;160
64;9
64;19
64;20
64;40
64;80
64;160
65;9
65;19
65;20
65;40
65;80
65;160
66;1
66;18
66;35
66;53
66;105
66;227
67;8
67;18
67;35
67;53
67;88
67;229
68;1
68;17
68;34
68;52
68;80
68;226
69;0
69;15
69;30
69;60
69;150
69;226
70;1
70;15
70;30
70;60
70;90
70;165
71;8
71;15
71;30
71;60
71;80
71;163
72;2
72;18
72;36
72;54
72;146
72;182
73;9
73;18
73;35
73;53
73;88
73;176
74;8
74;17
74;34
74;51
74;84
74;164
75;1
75;15
75;30
75;61
75;152
75;167
76;0
76;15
76;30
76;61
76;153
76;167
77;0
77;14
77;28
77;68
77;81
77;161
78;0
78;13
78;26
78;66
78;80
78;171
79;9
79;13
79;27
79;66
79;80
79;173
80;0
80;13
80;26
80;66
80;80
80;222
81;5
81;15
81;30
81;60
81;150
81;164
82;9
82;15
82;30
82;60
82;91
82;164
83;5
83;15
83;30
83;59
83;87
83;160
84;0
84;16
84;31
84;63
84;80
84;221
85;0
85;15
85;30
85;59
85;89
85;224
86;5
86;14
86;27
86;67
86;80
86;160
87;6
87;13
87;27
87;67
87;80
87;228
88;0
88;13
88;26
88;66
88;80
88;161
89;9
89;12
89;23
89;47
89;81
89;162
90;1
90;12
90;23
90;47
90;81
90;163
91;2
91;11
91;23
91;46
91;80
91;160
92;9
92;13
92;26
92;65
92;80
92;216
93;5
93;13
93;27
93;67
93;81
93;162
94;9
94;14
94;27
94;68
94;81
94;160
95;0
95;12
95;24
95;47
95;82
95;163
96;5
96;12
96;24
96;59
96;82
96;223
97;0
97;12
97;24
97;59
97;82
97;160
98;9
98;11
98;21
98;62
98;85
98;160
99;9
99;19
99;20
99;40
99;80
99;160
100;9
100;10
100;20
100;61
100;81
100;161
101;9
101;19
101;28
101;65
101;83
101;160
102;9
102;18
102;27
102;62
102;80
102;160
103;9
103;18
103;27
103;64
103;82
103;171
104;9
104;19
104;20
104;40
104;80
104;161
105;9
105;19
105;20
105;60
105;80
105;219
106;9
106;10
106;20
106;63
106;83
106;203
107;9
107;10
107;32
107;54
107;80
107;192
108;5
108;11
108;24
108;40
108;86
108;161
109;4
109;12
109;36
109;40
109;95
109;163
110;4
110;12
110;27
110;40
110;95
110;249
111;4
111;12
111;26
111;52
111;103
111;288
112;4
112;12
112;27
112;55
112;135
112;216
113;4
113;14
113;26
113;52
113;130
113;264
114;4
114;16
114;28
114;56
114;84
114;238
115;4
115;12
115;26
115;51
115;103
115;191
116;5
116;10
116;27
116;53
116;80
116;188
117;4
117;11
117;27
117;55
117;82
117;285
118;4
118;12
118;24
118;48
118;80
118;189
119;6
119;16
119;27
119;53
119;107
119;240
120;5
120;15
120;26
120;54
120;104
120;293
121;5
121;15
121;26
121;53
121;130
121;222
122;5
122;15
122;27
122;67
122;133
122;212
123;5
123;15
123;28
123;56
123;98
123;184
124;5
124;15
124;26
124;52
124;136
124;275
125;5
125;15
125;26
125;51
125;104
125;203
126;5
126;15
126;27
126;54
126;107
126;217
127;5
127;14
127;24
127;49
127;82
127;209
128;5
128;14
128;26
128;53
128;106
128;288
129;5
129;14
129;23
129;47
129;95
129;293
130;5
130;13
130;30
130;54
130;133
130;212
131;5
131;13
131;26
131;51
131;127
131;191
132;4
132;10
132;27
132;54
132;110
132;162
133;4
133;13
133;26
133;79
133;106
133;160
134;4
134;13
134;27
134;53
134;80
134;186
135;4
135;13
135;27
135;55
135;83
135;188
136;4
136;13
136;30
136;59
136;88
136;235
137;4
137;14
137;36
137;40
137;87
137;241
138;4
138;18
138;30
138;75
138;157
138;166
139;9
139;11
139;20
139;45
139;83
139;208
140;5
140;12
140;22
140;41
140;133
140;166
141;3
141;10
141;22
141;41
141;104
141;168
142;4
142;10
142;22
142;45
142;115
142;438
143;4
143;13
143;22
143;42
143;131
143;188
144;4
144;14
144;26
144;44
144;127
144;172
145;4
145;19
145;20
145;43
145;152
145;194
146;4
146;18
146;22
146;45
146;112
146;179
147;4
147;18
147;22
147;44
147;156
147;179
148;4
148;18
148;23
148;44
148;154
148;437
149;4
149;18
149;22
149;58
149;136
149;193
150;5
150;18
150;23
150;43
150;136
150;193
151;8
151;13
151;25
151;42
151;131
151;438
152;8
152;16
152;24
152;40
152;125
152;207
153;8
153;12
153;24
153;72
153;81
153;166
154;5
154;10
154;20
154;40
154;129
154;220
155;4
155;12
155;24
155;77
155;85
155;184
156;4
156;12
156;27
156;40
156;105
156;276
157;4
157;12
157;27
157;53
157;157
157;161
158;4
158;12
158;27
158;54
158;106
158;215
159;4
159;12
159;27
159;53
159;107
159;210
160;4
160;12
160;20
160;53
160;157
160;286
161;4
161;12
161;20
161;57
161;143
161;171
162;4
162;12
162;21
162;52
162;152
162;202
163;5
163;11
163;27
163;53
163;156
163;163
164;4
164;10
164;27
164;54
164;136
164;192
165;4
165;12
165;26
165;51
165;80
165;281
166;6
166;16
166;26
166;54
166;158
166;187
167;5
167;15
167;27
167;54
167;159
167;160
168;5
168;15
168;27
168;53
168;107
168;319
169;5
169;15
169;20
169;52
169;157
169;236
170;7
170;10
170;20
170;53
170;147
170;160
171;5
171;16
171;26
171;52
171;158
171;290
172;5
172;15
172;26
172;51
172;131
172;180
173;5
173;15
173;27
173;55
173;83
173;194
174;5
174;10
174;27
174;54
174;80
174;161
175;5
175;13
175;26
175;52
175;135
175;160
176;5
176;14
176;26
176;53
176;157
176;160
177;5
177;13
177;27
177;53
177;159
177;160
178;5
178;13
178;26
178;53
178;131
178;239
179;4
179;10
179;22
179;40
179;130
179;357
180;4
180;13
180;28
180;54
180;150
180;162
181;4
181;13
181;27
181;54
181;81
181;162
182;4
182;13
182;27
182;55
182;83
182;273
183;4
183;13
183;29
183;59
183;88
183;177
184;4
184;13
184;39
184;40
184;80
184;196
185;4
185;13
185;22
185;43
185;154
185;195
186;9
186;10
186;20
186;45
186;134
186;208
187;5
187;12
187;22
187;44
187;155
187;172
188;3
188;10
188;22
188;40
188;81
188;166
189;5
189;19
189;38
189;40
189;130
189;263
190;4
190;14
190;22
190;44
190;80
190;167
191;4
191;14
191;22
191;44
191;112
191;166
192;4
192;16
192;27
192;40
192;140
192;349
193;4
193;10
193;22
193;44
193;94
193;436
194;4
194;19
194;20
194;42
194;139
194;167
195;5
195;14
195;39
195;41
195;121
195;258
196;4
196;13
196;39
196;41
196;121
196;258
197;8
197;13
197;39
197;40
197;121
197;258
198;8
198;19
198;30
198;41
198;134
198;271
199;8
199;19
199;24
199;57
199;147
199;262
200;8
200;19
200;20
200;74
200;82
200;208
201;5
201;10
201;20
201;47
201;136
201;160
202;4
202;12
202;20
202;40
202;88
202;179
203;4
203;12
203;20
203;72
203;80
203;232
204;4
204;12
204;20
204;48
204;138
204;167
205;4
205;12
205;33
205;65
205;130
205;195
206;4
206;12
206;34
206;65
206;98
206;198
207;4
207;12
207;34
207;68
207;135
207;236
208;4
208;12
208;28
208;58
208;88
208;241
209;4
209;15
209;22
209;40
209;156
209;436
210;5
210;11
210;31
210;61
210;136
210;187
211;4
211;10
211;30
211;59
211;148
211;175
212;4
212;12
212;29
212;59
212;147
212;234
213;6
213;16
213;29
213;58
213;145
213;202
214;5
214;15
214;25
214;49
214;147
214;197
215;5
215;15
215;27
215;53
215;158
215;189
216;5
216;15
216;20
216;53
216;158
216;171
217;5
217;15
217;20
217;43
217;100
217;467
218;5
218;15
218;27
218;54
218;136
218;189
219;5
219;15
219;26
219;53
219;132
219;182
220;5
220;15
220;27
220;53
220;139
220;291
221;9
221;10
221;20
221;54
221;81
221;203
222;4
222;18
222;27
222;54
222;153
222;178
223;4
223;18
223;22
223;45
223;147
223;161
224;9
224;11
224;28
224;49
224;113
224;198
225;5
225;13
225;24
225;47
225;141
225;162
226;4
226;13
226;20
226;47
226;138
226;469
227;4
227;13
227;23
227;47
227;159
227;166
228;4
228;13
228;23
228;45
228;91
228;181
229;4
229;13
229;25
229;50
229;101
229;192
230;4
230;14
230;27
230;45
230;94
230;191
231;4
231;18
231;23
231;45
231;156
231;207
232;4
232;13
232;22
232;49
232;149
232;198
233;9
233;10
233;29
233;44
233;154
233;196
234;5
234;13
234;22
234;40
234;126
234;211
235;4
235;18
235;22
235;44
235;133
235;188
236;5
236;14
236;25
236;40
236;135
236;472
237;4
237;13
237;22
237;45
237;125
237;188
238;4
238;14
238;22
238;43
238;105
238;187
239;4
239;13
239;22
239;44
239;107
239;160
240;4
240;18
240;22
240;45
240;107
240;160
241;4
241;18
241;22
241;45
241;142
241;179
242;4
242;14
242;22
242;69
242;136
242;208
243;5
243;18
243;22
243;44
243;156
243;207
244;5
244;12
244;22
244;44
244;131
244;165
245;8
245;18
245;20
245;44
245;101
245;160
246;8
246;18
246;24
246;48
246;127
246;191
247;9
247;16
247;20
247;44
247;121
247;203
248;5
248;10
248;20
248;40
248;93
248;438
249;4
249;16
249;20
249;77
249;85
249;184
250;4
250;12
250;39
250;45
250;138
250;215
251;4
251;12
251;36
251;48
251;151
251;161
252;4
252;12
252;26
252;54
252;119
252;201
253;4
253;12
253;20
253;54
253;138
253;361
254;4
254;12
254;20
254;56
254;134
254;164
255;4
255;12
255;20
255;55
255;135
255;191
256;4
256;15
256;22
256;44
256;137
256;208
257;5
257;12
257;27
257;53
257;137
257;189
258;4
258;10
258;28
258;56
258;84
258;167
259;4
259;10
259;26
259;51
259;152
259;230
260;6
260;16
260;28
260;51
260;133
260;160
261;5
261;15
261;25
261;54
261;133
261;190
262;5
262;19
262;27
262;53
262;159
262;160
263;5
263;15
263;20
263;52
263;143
263;194
264;6
264;15
264;20
264;43
264;105
264;162
265;5
265;15
265;27
265;52
265;107
265;465
266;5
266;15
266;26
266;52
266;137
266;183
267;5
267;15
267;28
267;57
267;114
267;200
268;9
268;10
268;22
268;54
268;137
268;216
269;4
269;18
269;27
269;53
269;159
269;161
270;5
270;18
270;22
270;54
270;112
270;160
271;9
271;10
271;29
271;54
271;159
271;160
272;5
272;13
272;27
272;52
272;159
272;160
273;3
273;13
273;20
273;40
273;80
273;167
274;5
274;13
274;27
274;53
274;80
274;305
275;4
275;13
275;27
275;54
275;81
275;189
276;4
276;13
276;30
276;60
276;149
276;209
277;4
277;14
277;30
277;60
277;90
277;179
278;4
278;13
278;36
278;45
278;157
278;244
279;4
279;18
279;22
279;67
279;154
279;166
280;6
280;10
280;29
280;49
280;152
280;476
281;5
281;11
281;22
281;42
281;83
281;166
282;4
282;10
282;22
282;40
282;124
282;161
283;4
283;13
283;38
283;40
283;152
283;263
284;4
284;13
284;22
284;42
284;125
284;161
285;4
285;19
285;23
285;45
285;142
285;168
286;4
286;14
286;22
286;47
286;130
286;210
287;4
287;18
287;38
287;40
287;107
287;257
288;4
288;18
288;35
288;40
288;138
288;160
289;4
289;13
289;39
289;40
289;132
289;416
290;5
290;19
290;24
290;68
290;135
290;262
291;5
291;18
291;36
291;72
291;127
291;306
292;8
292;18
292;35
292;53
292;123
292;230
293;8
293;18
293;36
293;71
293;89
293;261
294;9
294;18
294;20
294;41
294;135
294;209
295;5
295;13
295;27
295;53
295;106
295;212
296;4
296;10
296;20
296;55
296;83
296;194
297;4
297;10
297;27
297;58
297;86
297;201
298;3
298;10
298;20
298;59
298;88
298;206
299;3
299;10
299;20
299;60
299;89
299;208
300;3
300;10
300;24
300;59
300;89
300;208
301;3
301;13
301;31
301;63
301;94
301;314
302;3
302;10
302;29
302;59
302;88
302;234
303;9
303;14
303;32
303;64
303;96
303;193
304;5
304;10
304;30
304;60
304;90
304;298
305;4
305;13
305;32
305;64
305;96
305;290
306;4
306;10
306;30
306;60
306;90
306;301
307;3
307;13
307;31
307;63
307;95
307;311
308;3
308;10
308;31
308;61
308;92
308;306
309;3
309;10
309;36
309;44
309;124
309;230
310;3
310;13
310;27
310;78
310;142
310;230
311;3
311;10
311;27
311;40
311;133
311;192
312;3
312;10
312;31
312;60
312;142
312;500
313;3
313;16
313;32
313;47
313;136
313;208
314;3
314;16
314;32
314;70
314;128
314;228
315;9
315;10
315;20
315;54
315;135
315;162
316;4
316;18
316;31
316;60
316;121
316;211
317;4
317;18
317;30
317;59
317;89
317;178
318;9
318;10
318;22
318;59
318;118
318;236
319;4
319;14
319;22
319;59
319;88
319;265
320;3
320;18
320;22
320;58
320;116
320;223
321;4
321;13
321;22
321;79
321;80
321;212
322;4
322;13
322;22
322;52
322;118
322;390
323;4
323;10
323;22
323;45
323;80
323;342
324;4
324;14
324;27
324;54
324;135
324;218
325;4
325;18
325;26
325;52
325;128
325;320
326;4
326;19
326;22
326;44
326;131
326;197
327;6
327;10
327;23
327;47
327;94
327;188
328;4
328;11
328;25
328;50
328;149
328;200
329;4
329;18
329;21
329;42
329;107
329;182
330;4
330;13
330;24
330;48
330;119
330;212
331;4
331;18
331;24
331;47
331;118
331;212
332;4
332;17
332;22
332;45
332;93
332;212
333;4
333;18
333;22
333;45
333;90
333;180
334;4
334;18
334;24
334;47
334;94
334;165
335;4
335;17
335;39
335;40
335;105
335;281
336;4
336;13
336;22
336;45
336;113
336;202
337;4
337;13
337;22
337;45
337;112
337;201
338;4
338;19
338;20
338;59
338;118
338;276
339;4
339;13
339;20
339;59
339;99
339;178
340;9
340;17
340;22
340;45
340;129
340;181
341;9
341;10
341;29
341;44
341;85
341;195
342;5
342;10
342;20
342;61
342;101
342;292
343;4
343;15
343;24
343;61
343;80
343;222
344;5
344;18
344;35
344;53
344;89
344;160
345;5
345;17
345;24
345;47
345;87
345;297
346;5
346;16
346;23
346;47
346;85
346;161
347;5
347;14
347;23
347;55
347;146
347;192
348;5
348;15
348;24
348;52
348;128
348;163
349;5
349;15
349;24
349;47
349;147
349;166
350;9
350;10
350;23
350;45
350;80
350;206
351;5
351;15
351;20
351;47
351;89
351;163
352;5
352;15
352;20
352;47
352;89
352;162
353;6
353;15
353;23
353;45
353;88
353;297
354;5
354;15
354;24
354;44
354;88
354;293
355;5
355;17
355;24
355;51
355;84
355;286
356;5
356;10
356;24
356;44
356;87
356;161
357;5
357;16
357;20
357;47
357;82
357;166
358;6
358;15
358;20
358;43
358;86
358;160
359;5
359;16
359;24
359;47
359;90
359;205
360;9
360;15
360;24
360;45
360;135
360;161
361;9
361;14
361;24
361;43
361;85
361;304
362;9
362;13
362;27
362;41
362;81
362;166
363;9
363;18
363;39
363;51
363;90
363;161
364;9
364;18
364;26
364;42
364;85
364;160
365;9
365;14
365;22
365;41
365;96
365;302
366;3
366;14
366;27
366;42
366;85
366;161
367;0
367;18
367;26
367;44
367;142
367;212
368;0
368;19
368;21
368;41
368;84
368;213
369;4
369;14
369;27
369;41
369;109
369;214
370;0
370;18
370;20
370;44
370;146
370;214
371;0
371;19
371;27
371;55
371;82
371;165
372;1
372;18
372;28
372;56
372;84
372;167
373;2
373;19
373;30
373;59
373;148
373;178
374;2
374;15
374;30
374;59
374;119
374;210
375;3
375;11
375;28
375;59
375;89
375;454
376;2
376;17
376;35
376;52
376;119
376;346
377;0
377;17
377;34
377;52
377;84
377;299
378;3
378;19
378;20
378;73
378;90
378;164
379;1
379;19
379;20
379;40
379;82
379;164
380;1
380;19
380;39
380;40
380;80
380;162
381;0
381;19
381;21
381;43
381;89
381;170
382;1
382;19
382;20
382;43
382;88
382;175
383;1
383;19
383;23
383;47
383;93
383;163
384;1
384;18
384;23
384;46
384;92
384;163
385;1
385;19
385;27
385;53
385;106
385;347
386;0
386;10
386;26
386;77
386;80
386;308
387;1
387;19
387;20
387;43
387;89
387;296
388;1
388;15
388;25
388;52
388;80
388;227
389;8
389;12
389;24
389;54
389;81
389;191
390;8
390;12
390;24
390;58
390;85
390;174
391;8
391;12
391;24
391;58
391;87
391;191
392;8
392;12
392;20
392;62
392;93
392;219
393;8
393;12
393;20
393;40
393;91
393;184
394;8
394;15
394;26
394;54
394;131
394;161
395;8
395;19
395;20
395;55
395;143
395;162
396;8
396;19
396;20
396;69
396;137
396;160
397;8
397;19
397;20
397;60
397;143
397;168
398;8
398;17
398;20
398;56
398;136
398;222
399;8
399;19
399;23
399;70
399;140
399;169
400;8
400;14
400;28
400;43
400;131
400;192
401;8
401;14
401;21
401;50
401;136
401;176
402;8
402;15
402;20
402;41
402;118
402;178
403;9
403;19
403;20
403;40
403;150
403;160
404;9
404;15
404;20
404;40
404;140
404;160
405;9
405;19
405;20
405;44
405;131
405;160
406;8
406;16
406;31
406;56
406;105
406;178
407;9
407;19
407;20
407;70
407;105
407;169
408;9
408;17
408;23
408;54
408;116
408;160
409;8
409;18
409;27
409;54
409;98
409;160
410;7
410;18
410;27
410;45
410;112
410;179
411;9
411;18
411;22
411;40
411;142
411;160
412;9
412;18
412;27
412;40
412;89
412;179
413;9
413;18
413;27
413;40
413;89
413;188
414;9
414;18
414;22
414;40
414;89
414;188
415;9
415;13
415;22
415;40
415;89
415;161
416;9
416;11
416;22
416;40
416;89
416;161
417;9
417;16
417;38
417;44
417;84
417;166
418;9
418;13
418;26
418;78
418;103
418;184
419;9
419;18
419;28
419;56
419;112
419;226
420;9
420;18
420;29
420;58
420;115
420;232
421;2
421;18
421;22
421;45
421;143
421;349
422;4
422;18
422;27
422;58
422;115
422;336
423;8
423;14
423;36
423;40
423;145
423;162
424;8
424;14
424;39
424;40
424;80
424;197
425;8
425;19
425;22
425;74
425;80
425;167
426;1
426;19
426;39
426;60
426;99
426;212
427;2
427;13
427;22
427;65
427;88
427;177
428;9
428;13
428;26
428;66
428;156
428;169
429;8
429;17
429;22
429;45
429;135
429;180
430;8
430;13
430;24
430;48
430;96
430;164
431;8
431;13
431;24
431;47
431;95
431;172
432;3
432;15
432;27
432;54
432;81
432;179
433;8
433;16
433;20
433;53
433;84
433;160
434;8
434;16
434;22
434;43
434;87
434;160
435;8
435;16
435;27
435;54
435;133
435;160
436;8
436;16
436;28
436;55
436;82
436;165
437;8
437;16
437;30
437;60
437;120
437;210
438;8
438;16
438;24
438;61
438;123
438;216
439;8
439;16
439;20
439;58
439;116
439;232
440;8
440;19
440;20
440;40
440;158
440;160
441;8
441;19
441;20
441;57
441;138
441;175
442;8
442;19
442;20
442;73
442;155
442;175
443;8
443;19
443;20
443;72
443;142
443;191
444;8
444;19
444;20
444;58
444;117
444;160
445;8
445;16
445;20
445;71
445;147
445;225
446;8
446;16
446;20
446;72
446;137
446;162
447;8
447;18
447;28
447;43
447;138
447;193
448;0
448;18
448;20
448;68
448;144
448;160
449;8
449;14
449;21
449;41
449;119
449;160
450;9
450;15
450;20
450;40
450;150
450;180
451;9
451;15
451;20
451;40
451;139
451;160
452;9
452;19
452;33
452;40
452;146
452;191
453;0
453;18
453;36
453;48
453;140
453;176
454;1
454;15
454;20
454;78
454;105
454;162
455;2
455;17
455;20
455;70
455;132
455;478
456;8
456;18
456;38
456;73
456;110
456;221
457;9
457;18
457;36
457;71
457;107
457;214
458;9
458;18
458;35
458;70
458;105
458;175
459;9
459;10
459;30
459;60
459;120
459;179
460;9
460;18
460;30
460;60
460;91
460;211
461;9
461;19
461;27
461;60
461;90
461;241
462;9
462;13
462;22
462;60
462;120
462;240
463;9
463;18
463;27
463;60
463;121
463;212
464;9
464;17
464;27
464;74
464;90
464;191
465;9
465;13
465;29
465;59
465;88
465;175
466;9
466;18
466;31
466;62
466;150
466;250
467;9
467;18
467;28
467;58
467;150
467;312
468;8
468;18
468;22
468;61
468;91
468;185
469;9
469;18
469;22
469;60
469;90
469;179
470;8
470;13
470;22
470;79
470;80
470;164
471;8
471;14
471;26
471;78
471;104
471;182
472;9
472;13
472;27
472;53
472;80
472;160
473;9
473;19
473;20
473;54
473;81
473;161
474;9
474;13
474;27
474;79
474;80
474;160
475;9
475;13
475;26
475;53
475;133
475;179
476;9
476;13
476;26
476;53
476;80
476;184
477;7
477;14
477;21
477;70
477;145
477;163
478;7
478;18
478;36
478;69
478;115
478;171
479;8
479;19
479;29
479;57
479;154
479;233
480;8
480;19
480;20
480;55
480;135
480;163
481;8
481;19
481;20
481;49
481;131
481;180
482;8
482;12
482;23
482;47
482;118
482;213
483;8
483;12
483;29
483;42
483;85
483;170
484;8
484;12
484;24
484;47
484;90
484;348
485;3
485;19
485;23
485;47
485;89
485;222
486;1
486;12
486;23
486;46
486;93
486;175
487;8
487;12
487;23
487;70
487;140
487;163
488;7
488;12
488;23
488;75
488;96
488;220
489;8
489;12
489;23
489;69
489;92
489;183
490;8
490;12
490;24
490;75
490;96
490;170
491;8
491;19
491;23
491;49
491;93
491;162
492;8
492;19
492;24
492;49
492;95
492;172
493;8
493;19
493;32
493;70
493;96
493;161
494;8
494;14
494;24
494;40
494;97
494;220
495;8
495;19
495;24
495;70
495;94
495;163
496;8
496;19
496;24
496;49
496;95
496;171
497;9
497;15
497;23
497;70
497;96
497;179
498;9
498;15
498;24
498;48
498;93
498;187
499;9
499;14
499;24
499;79
499;132
499;160
500;9
500;10
500;23
500;56
500;94
500;162
501;9
501;10
501;23
501;59
501;89
501;236
502;9
502;10
502;24
502;54
502;94
502;179
503;9
503;13
503;27
503;52
503;104
503;161
504;9
504;18
504;26
504;56
504;110
504;221
505;9
505;18
505;28
505;54
505;80
505;220
506;9
506;18
506;27
506;57
506;85
506;179
507;9
507;18
507;27
507;53
507;80
507;186
508;9
508;18
508;26
508;45
508;104
508;178
509;9
509;13
509;27
509;45
509;82
509;179
510;9
510;18
510;27
510;69
510;104
510;178
511;9
511;18
511;23
511;51
511;80
511;176
512;9
512;18
512;26
512;54
512;80
512;160
513;9
513;18
513;26
513;59
513;89
513;179
514;9
514;18
514;27
514;58
514;91
514;172
515;9
515;18
515;27
515;61
515;121
515;214
516;8
516;19
516;22
516;79
516;81
516;286
517;8
517;12
517;26
517;62
517;94
517;160
518;7
518;18
518;22
518;63
518;94
518;220
519;9
519;18
519;22
519;62
519;155
519;244
520;9
520;13
520;30
520;61
520;91
520;183
521;9
521;18
521;29
521;59
521;88
521;177
522;8
522;18
522;24
522;48
522;138
522;167
523;9
523;13
523;29
523;55
523;86
523;201
524;9
524;18
524;26
524;53
524;80
524;210
525;9
525;18
525;23
525;40
525;118
525;171
526;9
526;13
526;20
526;47
526;117
526;160
527;9
527;13
527;20
527;64
527;119
527;160
528;9
528;19
528;20
528;47
528;139
528;161
529;0
529;13
529;26
529;54
529;134
529;160
530;7
530;16
530;20
530;55
530;136
530;217
531;6
531;16
531;27
531;59
531;118
531;206
532;7
532;16
532;27
532;62
532;124
532;218
533;6
533;16
533;27
533;60
533;120
533;234
534;3
534;18
534;26
534;55
534;80
534;163
535;7
535;13
535;27
535;47
535;139
535;165
536;6
536;16
536;20
536;72
536;141
536;177
537;7
537;19
537;20
537;60
537;141
537;163
538;7
538;16
538;27
538;58
538;136
538;163
539;7
539;16
539;27
539;40
539;141
539;163
540;6
540;16
540;20
540;42
540;139
540;176
541;7
541;15
541;31
541;40
541;100
541;177
542;7
542;16
542;32
542;40
542;119
542;196
543;9
543;18
543;26
543;40
543;117
543;195
544;7
544;13
544;20
544;64
544;159
544;160
545;2
545;19
545;20
545;64
545;128
545;160
546;7
546;15
546;27
546;55
546;109
546;218
547;7
547;16
547;28
547;55
547;112
547;175
548;7
548;16
548;30
548;60
548;120
548;209
549;7
549;16
549;26
549;57
549;117
549;161
550;0
550;18
550;27
550;53
550;107
550;214
551;9
551;18
551;27
551;54
551;82
551;178
552;9
552;18
552;22
552;52
552;80
552;206
553;9
553;18
553;22
553;56
553;84
553;179
554;9
554;18
554;36
554;45
554;80
554;320
555;9
555;17
555;23
555;44
555;84
555;160
556;9
556;13
556;27
556;45
556;107
556;179
557;9
557;18
557;27
557;67
557;112
557;262
558;9
558;18
558;22
558;61
558;146
558;180
559;9
559;18
559;27
559;54
559;134
559;296
560;9
560;18
560;28
560;56
560;110
560;222
561;9
561;18
561;30
561;59
561;89
561;325
562;8
562;18
562;29
562;59
562;88
562;175
563;8
563;16
563;20
563;74
563;89
563;160
564;9
564;19
564;39
564;57
564;149
564;167
565;9
565;17
565;35
565;70
565;105
565;227
566;9
566;17
566;34
566;51
566;86
566;170
567;9
567;19
567;20
567;41
567;82
567;185
568;0
568;19
568;21
568;42
568;84
568;321
569;0
569;18
569;35
569;70
569;88
569;312
570;1
570;19
570;23
570;46
570;137
570;163
571;9
571;13
571;23
571;47
571;93
571;163
572;2
572;19
572;23
572;45
572;93
572;163
573;8
573;14
573;27
573;53
573;81
573;216
574;8
574;14
574;27
574;55
574;80
574;162
575;8
575;18
575;36
575;40
575;140
575;191
576;6
576;10
576;22
576;53
576;80
576;209
577;4
577;16
577;24
577;79
577;109
577;168
578;4
578;16
578;24
578;59
578;88
578;219
579;4
579;16
579;24
579;60
579;91
579;217
580;4
580;16
580;24
580;56
580;111
580;166
581;4
581;15
581;24
581;47
581;88
581;175
582;4
582;11
582;20
582;57
582;144
582;173
583;4
583;11
583;24
583;52
583;143
583;160
584;4
584;15
584;23
584;70
584;140
584;171
585;5
585;10
585;39
585;59
585;143
585;236
586;4
586;12
586;20
586;40
586;142
586;229
587;4
587;12
587;32
587;40
587;140
587;192
588;6
588;14
588;25
588;47
588;143
588;288
589;4
589;15
589;25
589;47
589;87
589;245
590;5
590;19
590;20
590;47
590;98
590;219
591;5
591;11
591;25
591;47
591;96
591;234
592;5
592;15
592;20
592;71
592;119
592;161
593;5
593;15
593;25
593;47
593;97
593;194
594;5
594;10
594;24
594;47
594;95
594;165
595;5
595;10
595;24
595;47
595;90
595;235
596;4
596;12
596;27
596;40
596;136
596;212
597;4
597;11
597;23
597;44
597;106
597;220
598;5
598;10
598;31
598;72
598;90
598;220
599;9
599;13
599;22
599;70
599;94
599;206
600;5
600;10
600;22
600;76
600;131
600;219
601;4
601;10
601;22
601;72
601;108
601;219
602;4
602;14
602;23
602;44
602;88
602;190
603;4
603;19
603;20
603;40
603;89
603;266
604;4
604;14
604;22
604;40
604;86
604;281
605;4
605;12
605;26
605;41
605;133
605;292
606;4
606;11
606;26
606;53
606;105
606;213
607;4
607;13
607;29
607;56
607;91
607;179
608;7
608;10
608;29
608;59
608;88
608;233
609;5
609;13
609;22
609;67
609;105
609;177
610;4
610;18
610;22
610;67
610;80
610;169
611;6
611;13
611;27
611;54
611;83
611;182
612;4
612;13
612;26
612;54
612;80
612;190
613;5
613;19
613;20
613;44
613;112
613;185
614;4
614;11
614;21
614;70
614;94
614;165
615;4
615;11
615;24
615;44
615;117
615;241
616;4
616;19
616;20
616;43
616;93
616;160
617;4
617;14
617;21
617;41
617;159
617;160
618;4
618;13
618;20
618;60
618;140
618;160
619;4
619;13
619;36
619;48
619;107
619;166
620;9
620;10
620;22
620;47
620;133
620;167
621;4
621;13
621;22
621;61
621;141
621;199
622;8
622;18
622;24
622;58
622;140
622;160
623;6
623;10
623;20
623;61
623;81
623;179
624;4
624;12
624;20
624;62
624;86
624;191
625;4
625;16
625;20
625;79
625;80
625;181
626;4
626;16
626;20
626;62
626;83
626;287
627;4
627;16
627;20
627;79
627;82
627;286
628;4
628;19
628;24
628;61
628;140
628;166
629;4
629;11
629;24
629;47
629;143
629;212
630;4
630;12
630;24
630;48
630;123
630;285
631;4
631;14
631;24
631;47
631;117
631;164
632;5
632;12
632;34
632;50
632;123
632;218
633;4
633;11
633;20
633;48
633;104
633;170
634;4
634;13
634;20
634;47
634;107
634;207
635;5
635;10
635;24
635;47
635;111
635;222
636;4
636;10
636;25
636;71
636;117
636;213
637;5
637;18
637;20
637;42
637;97
637;160
638;5
638;15
638;20
638;71
638;141
638;166
639;5
639;15
639;20
639;47
639;117
639;210
640;5
640;11
640;30
640;68
640;135
640;169
641;5
641;15
641;24
641;47
641;138
641;268
642;5
642;10
642;20
642;47
642;142
642;471
643;4
643;19
643;22
643;44
643;139
643;179
644;4
644;18
644;22
644;70
644;140
644;174
645;4
645;18
645;22
645;70
645;140
645;175
646;9
646;10
646;33
646;67
646;89
646;172
647;4
647;13
647;30
647;79
647;108
647;210
648;4
648;13
648;29
648;44
648;105
648;235
649;4
649;18
649;30
649;45
649;111
649;212
650;4
650;13
650;29
650;58
650;104
650;200
651;4
651;13
651;22
651;71
651;141
651;214
652;4
652;11
652;30
652;44
652;89
652;178
653;4
653;13
653;22
653;56
653;84
653;167
654;4
654;13
654;26
654;53
654;80
654;179
655;6
655;10
655;30
655;60
655;89
655;170
656;4
656;12
656;22
656;59
656;118
656;313
657;4
657;13
657;29
657;58
657;87
657;204
658;6
658;11
658;27
658;55
658;80
658;223
659;4
659;13
659;26
659;52
659;80
659;313
660;4
660;13
660;22
660;44
660;95
660;166
661;4
661;11
661;26
661;52
661;157
661;332
662;4
662;11
662;35
662;79
662;106
662;177
663;4
663;15
663;20
663;53
663;157
663;160
664;4
664;11
664;35
664;53
664;104
664;183
665;4
665;11
665;22
665;54
665;109
665;219
666;4
666;14
666;22
666;54
666;124
666;495
667;5
667;19
667;20
667;55
667;127
667;219
668;4
668;10
668;22
668;52
668;105
668;312
669;5
669;11
669;23
669;47
669;94
669;219
670;5
670;11
670;24
670;47
670;119
670;160
671;4
671;12
671;23
671;40
671;94
671;191
672;4
672;16
672;24
672;48
672;143
672;166
673;4
673;12
673;20
673;49
673;99
673;207
674;4
674;12
674;24
674;48
674;96
674;264
675;4
675;19
675;23
675;69
675;115
675;162
676;4
676;11
676;20
676;74
676;97
676;223
677;4
677;16
677;23
677;69
677;92
677;161
678;9
678;14
678;20
678;75
678;139
678;164
679;5
679;16
679;23
679;71
679;143
679;167
680;4
680;16
680;24
680;49
680;97
680;176
681;9
681;12
681;24
681;73
681;118
681;169
682;5
682;15
682;24
682;71
682;97
682;169
683;5
683;15
683;24
683;47
683;94
683;185
684;5
684;10
684;23
684;49
684;97
684;189
685;5
685;11
685;24
685;71
685;93
685;198
686;5
686;10
686;24
686;48
686;93
686;217
687;5
687;15
687;23
687;48
687;136
687;162
688;5
688;15
688;23
688;47
688;138
688;161
689;5
689;10
689;24
689;60
689;89
689;238
690;5
690;12
690;24
690;54
690;138
690;247
691;4
691;11
691;23
691;54
691;106
691;322
692;9
692;10
692;28
692;55
692;82
692;216
693;6
693;12
693;22
693;56
693;85
693;311
694;4
694;10
694;28
694;57
694;82
694;219
695;5
695;10
695;26
695;54
695;80
695;182
696;4
696;18
696;28
696;41
696;83
696;178
697;4
697;13
697;26
697;45
697;106
697;176
698;4
698;18
698;27
698;44
698;82
698;160
699;5
699;11
699;26
699;53
699;112
699;163
700;4
700;11
700;27
700;55
700;82
700;165
701;4
701;13
701;26
701;59
701;147
701;177
702;6
702;11
702;22
702;59
702;118
702;207
703;4
703;12
703;22
703;45
703;112
703;451
704;5
704;18
704;22
704;44
704;147
704;399
705;6
705;18
705;22
705;53
705;127
705;163
706;4
706;19
706;20
706;45
706;80
706;161
707;5
707;19
707;26
707;44
707;128
707;208
708;4
708;11
708;20
708;40
708;80
708;176
709;4
709;11
709;27
709;45
709;91
709;179
710;4
710;18
710;27
710;45
710;136
710;177
711;4
711;13
711;23
711;56
711;137
711;163
712;4
712;13
712;23
712;56
712;137
712;173
713;4
713;12
713;23
713;59
713;148
713;178
714;4
714;11
714;26
714;53
714;106
714;175
715;4
715;10
715;23
715;55
715;144
715;226
716;5
716;10
716;23
716;47
716;115
716;193
717;5
717;10
717;39
717;53
717;83
717;220
718;4
718;10
718;28
718;40
718;98
718;160
719;4
719;10
719;23
719;40
719;99
719;180
720;4
720;16
720;24
720;40
720;99
720;172
721;4
721;15
721;24
721;47
721;119
721;232
722;4
722;12
722;24
722;47
722;159
722;160
723;4
723;11
723;20
723;55
723;136
723;164
724;4
724;16
724;20
724;59
724;148
724;207
725;9
725;14
725;20
725;59
725;118
725;208
726;5
726;13
726;20
726;55
726;141
726;441
727;4
727;12
727;20
727;59
727;119
727;342
728;5
728;12
728;31
728;55
728;118
728;229
729;5
729;14
729;20
729;40
729;123
729;184
730;4
730;12
730;20
730;65
730;127
730;163
731;4
731;11
731;20
731;41
731;81
731;179
732;4
732;11
732;22
732;58
732;90
732;173
733;4
733;18
733;35
733;50
733;136
733;242
734;4
734;16
734;23
734;54
734;155
734;162
735;4
735;16
735;23
735;56
735;138
735;164
736;4
736;12
736;23
736;57
736;142
736;175
737;4
737;19
737;27
737;52
737;118
737;210
738;4
738;13
738;22
738;45
738;144
738;176
739;4
739;13
739;22
739;45
739;118
739;343
740;6
740;10
740;22
740;44
740;97
740;228
741;4
741;13
741;22
741;45
741;96
741;316
742;5
742;13
742;22
742;45
742;85
742;162
743;4
743;13
743;22
743;44
743;112
743;222
744;4
744;16
744;22
744;53
744;159
744;160
745;4
745;13
745;22
745;46
745;144
745;214
746;4
746;11
746;22
746;54
746;89
746;164
747;4
747;11
747;22
747;57
747;143
747;171
748;4
748;18
748;30
748;59
748;147
748;207
749;5
749;11
749;22
749;56
749;134
749;445
750;4
750;11
750;22
750;67
750;147
750;349
751;3
751;17
751;22
751;44
751;134
751;351
752;5
752;18
752;22
752;56
752;87
752;162
753;4
753;19
753;20
753;45
753;80
753;167
754;9
754;14
754;21
754;43
754;112
754;177
755;4
755;11
755;39
755;45
755;80
755;167
756;4
756;19
756;20
756;40
756;87
756;161
757;4
757;19
757;20
757;40
757;112
757;200
758;4
758;11
758;24
758;47
758;89
758;165
759;4
759;11
759;23
759;47
759;80
759;176
760;4
760;14
760;27
760;54
760;107
760;211
761;5
761;13
761;22
761;53
761;80
761;160
762;4
762;13
762;22
762;40
762;80
762;301
763;9
763;12
763;23
763;53
763;108
763;215
764;5
764;18
764;22
764;54
764;81
764;243
765;4
765;10
765;20
765;58
765;88
765;236
766;4
766;12
766;20
766;58
766;87
766;232
767;4
767;12
767;21
767;61
767;91
767;242
768;4
768;12
768;20
768;59
768;89
768;241
769;4
769;18
769;27
769;56
769;156
769;162
770;4
770;18
770;20
770;54
770;81
770;162
771;4
771;17
771;24
771;72
771;144
771;169
772;9
772;10
772;20
772;60
772;140
772;165
773;5
773;18
773;30
773;75
773;137
773;222
774;4
774;15
774;30
774;61
774;139
774;164
775;7
775;18
775;36
775;73
775;137
775;438
776;5
776;17
776;35
776;70
776;131
776;161
777;5
777;17
777;34
777;69
777;116
777;195
778;5
778;15
778;30
778;45
778;118
778;438
779;5
779;15
779;20
779;46
779;117
779;164
780;5
780;15
780;28
780;43
780;136
780;274
781;5
781;15
781;26
781;79
781;129
781;162
782;5
782;13
782;27
782;66
782;155
782;162
783;5
783;13
783;26
783;40
783;136
783;211
784;5
784;14
784;30
784;44
784;107
784;506
785;5
785;14
785;30
785;44
785;112
785;224
786;5
786;15
786;30
786;46
786;136
786;203
787;5
787;10
787;31
787;46
787;80
787;438
788;4
788;11
788;30
788;44
788;88
788;180
789;4
789;14
789;28
789;42
789;124
789;167
790;4
790;13
790;27
790;40
790;80
790;438
791;4
791;13
791;27
791;40
791;80
791;189
792;4
792;17
792;24
792;43
792;150
792;195
793;4
793;14
793;23
793;47
793;156
793;438
794;4
794;18
794;23
794;46
794;156
794;207
795;4
795;14
795;20
795;45
795;80
795;208
796;5
796;11
796;27
796;40
796;81
796;438
797;4
797;11
797;27
797;41
797;81
797;209
798;4
798;12
798;24
798;43
798;155
798;438
799;4
799;12
799;24
799;47
799;106
799;438
800;4
800;12
800;24
800;59
800;80
800;210
801;4
801;19
801;20
801;42
801;153
801;195
802;4
802;18
802;23
802;45
802;112
802;179
803;4
803;18
803;20
803;67
803;112
803;179
804;4
804;18
804;20
804;42
804;101
804;438
805;4
805;18
805;27
805;62
805;126
805;207
806;5
806;18
806;27
806;45
806;136
806;437
807;8
807;14
807;20
807;40
807;140
807;438
808;8
808;16
808;20
808;40
808;126
808;501
809;8
809;12
809;24
809;68
809;136
809;506
810;9
810;11
810;22
810;44
810;129
810;210
811;5
811;12
811;20
811;73
811;130
811;192
812;4
812;13
812;20
812;41
812;81
812;191
813;4
813;12
813;20
813;40
813;80
813;476
814;4
814;12
814;21
814;40
814;80
814;175
815;4
815;12
815;20
815;40
815;80
815;191
816;4
816;18
816;20
816;44
816;106
816;218
817;4
817;12
817;20
817;40
817;140
817;180
818;4
818;17
818;34
818;69
818;124
818;211
819;4
819;10
819;30
819;61
819;138
819;161
820;5
820;12
820;30
820;60
820;158
820;161
821;4
821;15
821;30
821;60
821;135
821;168
822;6
822;18
822;36
822;73
822;122
822;438
823;5
823;18
823;35
823;70
823;88
823;162
824;5
824;17
824;34
824;68
824;142
824;161
825;5
825;19
825;20
825;43
825;153
825;296
826;5
826;15
826;20
826;45
826;140
826;160
827;6
827;14
827;28
827;44
827;115
827;173
828;5
828;13
828;26
828;66
828;132
828;162
829;5
829;13
829;26
829;66
829;136
829;169
830;5
830;15
830;26
830;46
830;140
830;209
831;5
831;10
831;30
831;40
831;125
831;215
832;5
832;18
832;30
832;45
832;112
832;179
833;5
833;18
833;30
833;45
833;112
833;201
834;5
834;11
834;31
834;47
834;131
834;438
835;4
835;11
835;30
835;45
835;107
835;201
836;4
836;13
836;27
836;40
836;80
836;442
837;4
837;13
837;27
837;67
837;81
837;438
838;4
838;13
838;26
838;66
838;80
838;177
839;4
839;13
839;23
839;40
839;156
839;439
840;4
840;13
840;23
840;46
840;121
840;438
841;4
841;18
841;23
841;46
841;125
841;169
842;5
842;13
842;27
842;45
842;80
842;194
843;5
843;14
843;27
843;45
843;107
843;177
844;4
844;18
844;27
844;41
844;81
844;196
845;4
845;18
845;38
845;40
845;104
845;304
846;4
846;12
846;24
846;47
846;125
846;196
847;4
847;12
847;24
847;47
847;125
847;187
848;4
848;13
848;26
848;40
848;128
848;379
849;4
849;18
849;20
849;40
849;125
849;161
850;4
850;10
850;20
850;40
850;125
850;179
851;4
851;14
851;39
851;40
851;151
851;209
852;4
852;13
852;39
852;40
852;121
852;254
853;8
853;18
853;39
853;40
853;121
853;416
854;8
854;18
854;30
854;42
854;134
854;271
855;7
855;19
855;25
855;72
855;133
855;240
856;8
856;19
856;20
856;74
856;116
856;213
857;9
857;10
857;24
857;45
857;120
857;192
858;5
858;11
858;24
858;40
858;94
858;162
859;4
859;12
859;26
859;52
859;94
859;287
860;8
860;12
860;27
860;54
860;109
860;299
861;8
861;16
861;26
861;53
861;106
861;213
862;8
862;16
862;27
862;54
862;134
862;217
863;7
863;16
863;20
863;79
863;133
863;214
864;8
864;16
864;28
864;57
864;115
864;201
865;8
865;19
865;26
865;52
865;106
865;261
866;6
866;10
866;26
866;53
866;131
866;237
867;4
867;11
867;28
867;55
867;111
867;223
868;4
868;19
868;20
868;67
868;87
868;299
869;1
869;15
869;26
869;52
869;106
869;287
870;8
870;19
870;27
870;54
870;134
870;216
871;9
871;19
871;27
871;55
871;135
871;217
872;9
872;15
872;26
872;79
872;131
872;210
873;9
873;15
873;20
873;56
873;114
873;260
874;8
874;14
874;26
874;54
874;133
874;296
875;0
875;13
875;26
875;53
875;131
875;237
876;1
876;13
876;27
876;54
876;108
876;271
877;8
877;15
877;26
877;74
877;80
877;234
878;5
878;13
878;26
878;53
878;106
878;286
879;9
879;18
879;23
879;54
879;107
879;323
880;4
880;14
880;36
880;54
880;132
880;221
881;5
881;11
881;26
881;79
881;130
881;209
882;4
882;10
882;27
882;54
882;111
882;254
883;4
883;18
883;27
883;55
883;137
883;164
884;9
884;13
884;28
884;55
884;138
884;165
885;9
885;13
885;30
885;59
885;89
885;270
886;9
886;13
886;30
886;60
886;120
886;268
887;9
887;13
887;34
887;58
887;144
887;220
888;9
888;18
888;22
888;51
888;140
888;240
889;9
889;11
889;20
889;45
889;80
889;209
890;5
890;12
890;22
890;52
890;111
890;170
891;4
891;10
891;23
891;45
891;104
891;168
892;4
892;10
892;24
892;43
892;154
892;438
893;8
893;13
893;22
893;40
893;131
893;440
894;8
894;13
894;22
894;40
894;138
894;172
895;9
895;19
895;20
895;43
895;153
895;189
896;9
896;18
896;22
896;54
896;112
896;179
897;9
897;18
897;22
897;67
897;112
897;179
898;7
898;13
898;20
898;44
898;137
898;438
899;8
899;13
899;22
899;40
899;101
899;207
900;8
900;13
900;23
900;43
900;136
900;193
901;8
901;13
901;25
901;40
901;131
901;505
902;8
902;13
902;24
902;40
902;131
902;180
903;8
903;12
903;23
903;40
903;143
903;211
904;6
904;10
904;20
904;44
904;129
904;220
905;5
905;12
905;20
905;76
905;85
905;184
906;4
906;15
906;20
906;40
906;159
906;208
907;8
907;16
907;26
907;52
907;143
907;208
908;8
908;16
908;27
908;54
908;81
908;209
909;8
909;16
909;20
909;53
909;106
909;302
910;8
910;14
910;27
910;79
910;80
910;294
911;8
911;19
911;28
911;56
911;84
911;196
912;8
912;15
912;26
912;53
912;131
912;313
913;5
913;10
913;27
913;54
913;134
913;240
914;4
914;11
914;20
914;52
914;107
914;161
915;4
915;16
915;28
915;56
915;150
915;179
916;9
916;13
916;27
916;53
916;119
916;199
917;8
917;14
917;27
917;54
917;82
917;204
918;2
918;15
918;29
918;72
918;104
918;243
919;0
919;15
919;20
919;55
919;82
919;278
920;9
920;15
920;28
920;56
920;84
920;196
921;0
921;13
921;26
921;53
921;131
921;235
922;8
922;15
922;27
922;67
922;80
922;173
923;8
923;15
923;20
923;52
923;103
923;206
924;9
924;16
924;20
924;54
924;109
924;209
925;5
925;13
925;26
925;53
925;134
925;200
926;4
926;18
926;22
926;54
926;133
926;160
927;9
927;18
927;20
927;52
927;105
927;201
928;5
928;12
928;26
928;52
928;103
928;210
929;4
929;10
929;25
929;53
929;104
929;163
930;4
930;13
930;26
930;53
930;131
930;225
931;9
931;18
931;27
931;54
931;133
931;213
932;9
932;13
932;30
932;59
932;118
932;266
933;9
933;19
933;38
933;40
933;125
933;438
934;9
934;18
934;22
934;59
934;118
934;502
935;8
935;13
935;22
935;62
935;123
935;498
936;9
936;11
936;27
936;44
936;152
936;209
937;5
937;18
937;36
937;49
937;107
937;176
938;4
938;18
938;27
938;45
938;125
938;188
939;8
939;12
939;38
939;40
939;130
939;258
940;8
940;13
940;22
940;40
940;125
940;196
941;8
941;13
941;22
941;40
941;125
941;188
942;9
942;14
942;26
942;45
942;120
942;483
943;9
943;14
943;27
943;40
943;125
943;179
944;9
944;14
944;23
944;40
944;124
944;188
945;7
945;13
945;39
945;41
945;121
945;254
946;9
946;13
946;39
946;41
946;121
946;254
947;8
947;18
947;39
947;41
947;129
947;258
948;8
948;13
948;30
948;42
948;134
948;271
949;8
949;19
949;24
949;69
949;147
949;261
950;8
950;13
950;20
950;40
950;140
950;179
951;5
951;10
951;20
951;40
951;159
951;160
952;4
952;19
952;20
952;40
952;91
952;160
953;4
953;12
953;20
953;47
953;93
953;210
954;4
954;12
954;20
954;40
954;137
954;188
955;4
955;12
955;37
955;73
955;147
955;183
956;4
956;12
956;34
956;68
956;135
956;239
957;4
957;12
957;20
957;70
957;140
957;351
958;4
958;12
958;30
958;60
958;153
958;182
959;4
959;15
959;31
959;45
959;156
959;185
960;5
960;11
960;29
960;59
960;88
960;175
961;4
961;10
961;31
961;62
961;94
961;188
962;4
962;12
962;31
962;60
962;152
962;182
963;6
963;14
963;30
963;60
963;89
963;208
964;5
964;15
964;26
964;51
964;102
964;306
965;5
965;15
965;27
965;53
965;128
965;207
966;5
966;15
966;20
966;54
966;134
966;161
967;5
967;19
967;20
967;54
967;133
967;160
968;5
968;15
968;27
968;54
968;80
968;160
969;5
969;15
969;20
969;53
969;80
969;213
970;5
970;15
970;20
970;79
970;132
970;264
971;5
971;10
971;20
971;54
971;134
971;161
972;4
972;18
972;20
972;53
972;132
972;186
973;5
973;18
973;27
973;54
973;80
973;162
974;9
974;11
974;25
974;48
974;154
974;358
975;5
975;18
975;23
975;47
975;141
975;355
976;4
976;13
976;22
976;65
976;92
976;328
977;4
977;18
977;23
977;48
977;94
977;327
978;4
978;18
978;24
978;47
978;116
978;208
979;4
979;13
979;24
979;47
979;94
979;279
980;4
980;13
980;25
980;50
980;124
980;438
981;4
981;13
981;22
981;40
981;107
981;161
982;4
982;13
982;22
982;40
982;137
982;461
983;9
983;10
983;20
983;44
983;155
983;195
984;5
984;18
984;26
984;53
984;88
984;342
985;4
985;18
985;26
985;40
985;88
985;175
986;4
986;13
986;26
986;40
986;136
986;438
987;4
987;13
987;27
987;40
987;89
987;188
988;4
988;13
988;27
988;40
988;88
988;160
989;4
989;18
989;27
989;44
989;106
989;505
990;4
990;18
990;22
990;45
990;107
990;160
991;4
991;13
991;23
991;67
991;107
991;160
992;4
992;13
992;22
992;53
992;154
992;207
993;4
993;13
993;26
993;53
993;156
993;206
994;5
994;13
994;26
994;53
994;130
994;164
995;4
995;18
995;20
995;40
995;101
995;160
996;8
996;18
996;24
996;79
996;143
996;175
997;7
997;16
997;20
997;45
997;111
997;176
998;5
998;11
998;20
998;40
998;99
998;438
999;4
999;16
999;20
999;40
999;95
999;189
1000;4
1000;12
1000;26
1000;49
1000;111
1000;296
1001;4
1001;12
1001;23
1001;47
1001;96
1001;284
1002;4
1002;12
1002;26
1002;52
1002;105
1002;211
1003;4
1003;12
1003;20
1003;55
1003;136
1003;216
1004;4
1004;12
1004;20
1004;54
1004;134
1004;161
1005;4
1005;19
1005;20
1005;54
1005;81
1005;242
1006;4
1006;15
1006;26
1006;51
1006;128
1006;162
1007;5
1007;12
1007;27
1007;54
1007;131
1007;160
1008;4
1008;12
1008;20
1008;40
1008;137
1008;480
1009;4
1009;12
1009;26
1009;75
1009;80
1009;303
1010;6
1010;14
1010;25
1010;51
1010;103
1010;176
1011;5
1011;15
1011;27
1011;54
1011;108
1011;328
1012;5
1012;19
1012;20
1012;54
1012;133
1012;160
1013;5
1013;15
1013;20
1013;77
1013;128
1013;332
1014;6
1014;15
1014;20
1014;55
1014;83
1014;250
1015;5
1015;16
1015;27
1015;53
1015;133
1015;160
1016;5
1016;15
1016;26
1016;52
1016;130
1016;234
1017;5
1017;15
1017;20
1017;40
1017;133
1017;510
1018;9
1018;10
1018;26
1018;78
1018;80
1018;196
1019;4
1019;18
1019;26
1019;52
1019;131
1019;239
1020;5
1020;18
1020;23
1020;45
1020;130
1020;160
1021;9
1021;10
1021;27
1021;54
1021;133
1021;160
1022;5
1022;13
1022;27
1022;79
1022;83
1022;250
1023;3
1023;13
1023;27
1023;79
1023;132
1023;236
1024;4
1024;13
1024;26
1024;53
1024;130
1024;160
1025;4
1025;13
1025;27
1025;54
1025;80
1025;160
1026;4
1026;13
1026;29
1026;59
1026;147
1026;296
1027;4
1027;14
1027;39
1027;59
1027;133
1027;207
1028;4
1028;13
1028;22
1028;45
1028;148
1028;468
1029;4
1029;18
1029;22
1029;44
1029;89
1029;493
1030;6
1030;10
1030;29
1030;53
1030;80
1030;478
1031;5
1031;13
1031;26
1031;53
1031;106
1031;162
1032;4
1032;18
1032;26
1032;40
1032;80
1032;162
1033;4
1033;17
1033;38
1033;40
1033;131
1033;259
1034;4
1034;18
1034;27
1034;53
1034;88
1034;160
1035;4
1035;18
1035;26
1035;40
1035;146
1035;169
1036;4
1036;14
1036;22
1036;53
1036;150
1036;492
1037;4
1037;18
1037;38
1037;40
1037;80
1037;264
1038;4
1038;18
1038;35
1038;41
1038;138
1038;160
1039;4
1039;13
1039;39
1039;40
1039;132
1039;254
1040;5
1040;13
1040;24
1040;79
1040;135
1040;261
1041;9
1041;19
1041;20
1041;59
1041;119
1041;237
1042;8
1042;13
1042;20
1042;55
1042;128
1042;236
1043;9
1043;19
1043;24
1043;70
1043;122
1043;261
1044;9
1044;17
1044;23
1044;49
1044;124
1044;219
1045;5
1045;14
1045;20
1045;53
1045;107
1045;213
1046;4
1046;10
1046;20
1046;56
1046;111
1046;234
1047;4
1047;10
1047;27
1047;58
1047;91
1047;202
1048;3
1048;10
1048;36
1048;59
1048;93
1048;208
1049;3
1049;10
1049;35
1049;60
1049;95
1049;209
1050;3
1050;10
1050;24
1050;60
1050;90
1050;210
1051;3
1051;10
1051;35
1051;58
1051;90
1051;204
1052;3
1052;10
1052;38
1052;46
1052;89
1052;217
1053;9
1053;14
1053;35
1053;77
1053;87
1053;221
1054;5
1054;10
1054;37
1054;60
1054;89
1054;221
1055;4
1055;10
1055;35
1055;77
1055;87
1055;291
1056;4
1056;10
1056;37
1056;69
1056;89
1056;450
1057;3
1057;10
1057;30
1057;61
1057;91
1057;304
1058;3
1058;10
1058;29
1058;58
1058;86
1058;290
1059;3
1059;10
1059;26
1059;57
1059;110
1059;205
1060;3
1060;10
1060;27
1060;69
1060;141
1060;217
1061;3
1061;10
1061;27
1061;40
1061;128
1061;160
1062;3
1062;10
1062;20
1062;42
1062;127
1062;438
1063;3
1063;16
1063;20
1063;47
1063;136
1063;208
1064;3
1064;13
1064;20
1064;55
1064;140
1064;221
1065;9
1065;10
1065;31
1065;61
1065;122
1065;338
1066;4
1066;13
1066;33
1066;60
1066;118
1066;160
1067;4
1067;18
1067;25
1067;50
1067;100
1067;174
1068;9
1068;10
1068;22
1068;62
1068;92
1068;216
1069;4
1069;14
1069;22
1069;59
1069;89
1069;324
1070;5
1070;14
1070;22
1070;54
1070;80
1070;224
1071;4
1071;13
1071;22
1071;79
1071;80
1071;160
1072;4
1072;13
1072;22
1072;40
1072;114
1072;333
1073;4
1073;13
1073;22
1073;40
1073;80
1073;364
1074;4
1074;14
1074;28
1074;55
1074;139
1074;307
1075;4
1075;18
1075;26
1075;51
1075;127
1075;310
1076;4
1076;16
1076;20
1076;44
1076;139
1076;215
1077;6
1077;10
1077;24
1077;47
1077;93
1077;186
1078;4
1078;13
1078;26
1078;52
1078;129
1078;201
1079;4
1079;18
1079;21
1079;44
1079;107
1079;170
1080;4
1080;13
1080;24
1080;49
1080;124
1080;219
1081;4
1081;13
1081;23
1081;47
1081;118
1081;165
1082;4
1082;17
1082;22
1082;45
1082;158
1082;160
1083;4
1083;18
1083;22
1083;45
1083;89
1083;177
1084;4
1084;18
1084;22
1084;45
1084;112
1084;181
1085;4
1085;18
1085;22
1085;45
1085;109
1085;200
1086;4
1086;13
1086;22
1086;46
1086;116
1086;209
1087;4
1087;13
1087;22
1087;44
1087;89
1087;334
1088;4
1088;19
1088;20
1088;40
1088;140
1088;160
1089;5
1089;13
1089;39
1089;59
1089;99
1089;178
1090;5
1090;13
1090;22
1090;45
1090;136
1090;189
1091;9
1091;10
1091;20
1091;72
1091;135
1091;208
1092;5
1092;10
1092;23
1092;78
1092;81
1092;242
1093;5
1093;15
1093;23
1093;79
1093;119
1093;239
1094;5
1094;15
1094;20
1094;47
1094;119
1094;220
1095;5
1095;15
1095;35
1095;70
1095;140
1095;175
1096;5
1096;15
1096;36
1096;47
1096;146
1096;182
1097;5
1097;14
1097;20
1097;70
1097;140
1097;244
1098;5
1098;15
1098;20
1098;71
1098;139
1098;175
1099;5
1099;15
1099;20
1099;47
1099;142
1099;211
1100;5
1100;11
1100;20
1100;45
1100;102
1100;194
1101;5
1101;15
1101;28
1101;56
1101;83
1101;301
1102;5
1102;15
1102;32
1102;47
1102;98
1102;164
1103;6
1103;10
1103;24
1103;53
1103;80
1103;212
1104;5
1104;16
1104;24
1104;53
1104;106
1104;212
1105;5
1105;15
1105;24
1105;59
1105;89
1105;209
1106;5
1106;15
1106;24
1106;60
1106;90
1106;211
1107;5
1107;16
1107;24
1107;63
1107;95
1107;219
1108;6
1108;15
1108;24
1108;59
1108;89
1108;208
1109;5
1109;10
1109;24
1109;59
1109;119
1109;208
1110;9
1110;10
1110;24
1110;59
1110;119
1110;326
1111;9
1111;10
1111;24
1111;58
1111;111
1111;322
1112;8
1112;18
1112;22
1112;53
1112;106
1112;213
1113;9
1113;18
1113;22
1113;53
1113;106
1113;213
1114;9
1114;18
1114;27
1114;54
1114;81
1114;192
1115;9
1115;18
1115;22
1115;79
1115;104
1115;191
1116;9
1116;18
1116;22
1116;77
1116;103
1116;204
1117;9
1117;18
1117;27
1117;79
1117;81
1117;242
1118;9
1118;19
1118;23
1118;51
1118;148
1118;235
1119;9
1119;14
1119;27
1119;41
1119;81
1119;215
1120;9
1120;17
1120;20
1120;44
1120;146
1120;214
1121;9
1121;17
1121;27
1121;55
1121;82
1121;165
1122;9
1122;18
1122;28
1122;56
1122;84
1122;167
1123;2
1123;18
1123;30
1123;59
1123;148
1123;178
1124;1
1124;10
1124;30
1124;59
1124;119
1124;210
1125;3
1125;11
1125;28
1125;59
1125;89
1125;455
1126;2
1126;17
1126;35
1126;52
1126;119
1126;431
1127;0
1127;17
1127;34
1127;52
1127;84
1127;299
1128;2
1128;19
1128;20
1128;72
1128;94
1128;164
1129;1
1129;19
1129;20
1129;40
1129;82
1129;358
1130;1
1130;19
1130;39
1130;40
1130;80
1130;163
1131;0
1131;19
1131;22
1131;43
1131;88
1131;170
1132;8
1132;19
1132;20
1132;43
1132;88
1132;175
1133;9
1133;19
1133;23
1133;47
1133;93
1133;163
1134;2
1134;18
1134;23
1134;46
1134;92
1134;163
1135;4
1135;19
1135;27
1135;53
1135;106
1135;347
1136;0
1136;19
1136;26
1136;52
1136;80
1136;308
1137;1
1137;19
1137;23
1137;43
1137;89
1137;296
1138;1
1138;15
1138;25
1138;76
1138;80
1138;227
1139;8
1139;12
1139;24
1139;75
1139;80
1139;191
1140;8
1140;12
1140;24
1140;76
1140;85
1140;229
1141;8
1141;12
1141;24
1141;75
1141;87
1141;191
1142;8
1142;12
1142;20
1142;62
1142;94
1142;220
1143;8
1143;12
1143;20
1143;72
1143;91
1143;246
1144;1
1144;15
1144;26
1144;53
1144;138
1144;218
1145;8
1145;19
1145;20
1145;75
1145;142
1145;162
1146;8
1146;19
1146;20
1146;70
1146;143
1146;160
1147;8
1147;19
1147;20
1147;60
1147;142
1147;161
1148;8
1148;19
1148;20
1148;57
1148;142
1148;213
1149;8
1149;15
1149;23
1149;71
1149;140
1149;169
1150;8
1150;18
1150;21
1150;43
1150;130
1150;192
1151;8
1151;14
1151;21
1151;50
1151;135
1151;161
1152;8
1152;14
1152;20
1152;41
1152;118
1152;172
1153;9
1153;15
1153;20
1153;40
1153;150
1153;160
1154;9
1154;15
1154;20
1154;40
1154;140
1154;160
1155;9
1155;15
1155;20
1155;44
1155;146
1155;176
1156;8
1156;13
1156;31
1156;56
1156;159
1156;164
1157;9
1157;19
1157;20
1157;78
1157;105
1157;169
1158;9
1158;17
1158;23
1158;54
1158;116
1158;203
1159;8
1159;18
1159;27
1159;54
1159;80
1159;161
1160;7
1160;18
1160;27
1160;77
1160;89
1160;179
1161;9
1161;18
1161;22
1161;40
1161;112
1161;179
1162;9
1162;18
1162;22
1162;40
1162;89
1162;179
1163;9
1163;18
1163;23
1163;40
1163;80
1163;188
1164;9
1164;18
1164;27
1164;40
1164;89
1164;188
1165;9
1165;13
1165;27
1165;40
1165;89
1165;161
1166;9
1166;11
1166;22
1166;40
1166;89
1166;161
1167;9
1167;16
1167;39
1167;44
1167;84
1167;166
1168;9
1168;13
1168;26
1168;77
1168;103
1168;164
1169;9
1169;18
1169;28
1169;56
1169;112
1169;223
1170;9
1170;18
1170;22
1170;58
1170;115
1170;232
1171;1
1171;18
1171;22
1171;40
1171;143
1171;298
1172;4
1172;18
1172;27
1172;76
1172;115
1172;348
1173;2
1173;18
1173;36
1173;40
1173;145
1173;217
1174;8
1174;14
1174;38
1174;59
1174;116
1174;197
1175;1
1175;19
1175;22
1175;74
1175;81
1175;167
1176;1
1176;19
1176;20
1176;60
1176;99
1176;212
1177;1
1177;13
1177;22
1177;66
1177;85
1177;177
1178;8
1178;13
1178;26
1178;44
1178;156
1178;202
1179;8
1179;18
1179;22
1179;45
1179;93
1179;180
1180;8
1180;13
1180;24
1180;48
1180;96
1180;164
1181;2
1181;18
1181;24
1181;47
1181;95
1181;172
1182;0
1182;15
1182;27
1182;54
1182;81
1182;217
1183;8
1183;16
1183;28
1183;52
1183;84
1183;160
1184;8
1184;16
1184;22
1184;65
1184;87
1184;160
1185;8
1185;14
1185;27
1185;53
1185;133
1185;160
1186;8
1186;12
1186;38
1186;56
1186;113
1186;240
1187;8
1187;16
1187;30
1187;72
1187;90
1187;210
1188;8
1188;16
1188;30
1188;61
1188;123
1188;179
1189;8
1189;16
1189;29
1189;58
1189;116
1189;232
1190;8
1190;19
1190;21
1190;62
1190;143
1190;206
1191;8
1191;12
1191;20
1191;57
1191;85
1191;175
1192;8
1192;19
1192;20
1192;60
1192;143
1192;175
1193;8
1193;19
1193;20
1193;71
1193;141
1193;213
1194;8
1194;19
1194;20
1194;58
1194;142
1194;172
1195;8
1195;16
1195;20
1195;71
1195;140
1195;222
1196;8
1196;16
1196;20
1196;66
1196;134
1196;162
1197;8
1197;18
1197;21
1197;65
1197;138
1197;161
1198;8
1198;14
1198;20
1198;70
1198;153
1198;160
1199;8
1199;16
1199;38
1199;40
1199;119
1199;161
1200;9
1200;14
1200;23
1200;60
1200;139
1200;160
1201;9
1201;15
1201;23
1201;40
1201;139
1201;160
1202;9
1202;19
1202;33
1202;46
1202;92
1202;191
1203;1
1203;18
1203;36
1203;48
1203;140
1203;176
1204;1
1204;15
1204;20
1204;48
1204;105
1204;162
1205;2
1205;19
1205;20
1205;48
1205;141
1205;474
1206;9
1206;13
1206;38
1206;73
1206;110
1206;231
1207;9
1207;18
1207;36
1207;71
1207;107
1207;214
1208;9
1208;18
1208;35
1208;70
1208;140
1208;175
1209;9
1209;18
1209;39
1209;60
1209;120
1209;179
1210;9
1210;18
1210;31
1210;60
1210;91
1210;314
1211;9
1211;19
1211;31
1211;60
1211;91
1211;452
1212;9
1212;13
1212;27
1212;60
1212;120
1212;210
1213;9
1213;18
1213;27
1213;60
1213;121
1213;212
1214;9
1214;17
1214;27
1214;70
1214;104
1214;169
1215;9
1215;13
1215;29
1215;59
1215;88
1215;175
1216;9
1216;18
1216;31
1216;62
1216;147
1216;250
1217;9
1217;18
1217;28
1217;57
1217;150
1217;174
1218;9
1218;18
1218;22
1218;61
1218;92
1218;248
1219;9
1219;18
1219;34
1219;71
1219;90
1219;179
1220;8
1220;19
1220;22
1220;79
1220;140
1220;162
1221;8
1221;14
1221;26
1221;78
1221;104
1221;160
1222;9
1222;18
1222;27
1222;53
1222;80
1222;160
1223;9
1223;19
1223;27
1223;54
1223;80
1223;162
1224;9
1224;18
1224;27
1224;79
1224;80
1224;160
1225;9
1225;18
1225;26
1225;62
1225;156
1225;218
1226;9
1226;13
1226;26
1226;53
1226;124
1226;192
1227;7
1227;14
1227;31
1227;64
1227;155
1227;160
1228;7
1228;15
1228;33
1228;69
1228;141
1228;506
1229;8
1229;19
1229;29
1229;57
1229;157
1229;233
1230;8
1230;16
1230;20
1230;55
1230;135
1230;163
1231;8
1231;19
1231;20
1231;50
1231;126
1231;221
1232;8
1232;12
1232;23
1232;47
1232;118
1232;213
1233;8
1233;12
1233;29
1233;63
1233;85
1233;170
1234;3
1234;12
1234;22
1234;47
1234;90
1234;349
1235;1
1235;19
1235;23
1235;47
1235;89
1235;191
1236;8
1236;12
1236;23
1236;46
1236;115
1236;209
1237;8
1237;12
1237;23
1237;70
1237;140
1237;163
1238;7
1238;12
1238;23
1238;75
1238;123
1238;166
1239;8
1239;12
1239;23
1239;69
1239;92
1239;160
1240;8
1240;19
1240;24
1240;75
1240;96
1240;177
1241;8
1241;19
1241;23
1241;49
1241;148
1241;162
1242;3
1242;19
1242;24
1242;49
1242;96
1242;173
1243;9
1243;19
1243;32
1243;70
1243;96
1243;161
1244;8
1244;18
1244;24
1244;47
1244;94
1244;220
1245;8
1245;16
1245;24
1245;40
1245;94
1245;163
1246;8
1246;19
1246;31
1246;49
1246;95
1246;171
1247;9
1247;15
1247;23
1247;47
1247;96
1247;160
1248;9
1248;15
1248;24
1248;48
1248;94
1248;187
1249;9
1249;14
1249;24
1249;79
1249;132
1249;160
1250;9
1250;10
1250;23
1250;77
1250;94
1250;162
1251;9
1251;10
1251;23
1251;59
1251;89
1251;237
1252;9
1252;10
1252;24
1252;54
1252;94
1252;179
1253;9
1253;13
1253;27
1253;52
1253;104
1253;311
1254;9
1254;13
1254;26
1254;56
1254;108
1254;220
1255;8
1255;13
1255;28
1255;54
1255;80
1255;220
1256;7
1256;18
1256;27
1256;57
1256;85
1256;179
1257;4
1257;18
1257;27
1257;53
1257;80
1257;186
1258;9
1258;18
1258;26
1258;40
1258;104
1258;178
1259;9
1259;18
1259;27
1259;45
1259;82
1259;179
1260;9
1260;14
1260;26
1260;45
1260;104
1260;183
1261;9
1261;18
1261;23
1261;50
1261;80
1261;163
1262;9
1262;18
1262;26
1262;54
1262;80
1262;160
1263;9
1263;18
1263;26
1263;59
1263;89
1263;178
1264;9
1264;18
1264;27
1264;60
1264;91
1264;172
1265;9
1265;18
1265;27
1265;61
1265;121
1265;214
1266;9
1266;19
1266;20
1266;57
1266;105
1266;286
1267;8
1267;12
1267;26
1267;62
1267;94
1267;160
1268;9
1268;18
1268;22
1268;63
1268;94
1268;220
1269;9
1269;18
1269;22
1269;62
1269;155
1269;250
1270;9
1270;18
1270;30
1270;61
1270;91
1270;183
1271;9
1271;18
1271;29
1271;59
1271;88
1271;177
1272;8
1272;18
1272;24
1272;48
1272;85
1272;167
1273;9
1273;18
1273;29
1273;57
1273;86
1273;201
1274;9
1274;18
1274;26
1274;53
1274;106
1274;210
1275;9
1275;18
1275;23
1275;69
1275;118
1275;171
1276;9
1276;13
1276;24
1276;47
1276;94
1276;160
1277;9
1277;13
1277;20
1277;64
1277;119
1277;160
1278;9
1278;19
1278;20
1278;47
1278;139
1278;160
1279;2
1279;13
1279;26
1279;54
1279;134
1279;212
1280;0
1280;19
1280;20
1280;56
1280;136
1280;221
1281;6
1281;19
1281;20
1281;59
1281;118
1281;234
1282;7
1282;16
1282;27
1282;62
1282;125
1282;219
1283;2
1283;16
1283;27
1283;60
1283;120
1283;240
1284;5
1284;18
1284;26
1284;55
1284;80
1284;160
1285;1
1285;14
1285;27
1285;53
1285;139
1285;165
1286;6
1286;16
1286;27
1286;72
1286;148
1286;177
1287;7
1287;19
1287;20
1287;60
1287;141
1287;165
1288;7
1288;18
1288;27
1288;58
1288;148
1288;185
1289;7
1289;16
1289;32
1289;59
1289;87
1289;163
1290;1
1290;16
1290;23
1290;62
1290;142
1290;166
1291;7
1291;15
1291;31
1291;59
1291;142
1291;171
1292;7
1292;16
1292;32
1292;40
1292;119
1292;165
1293;9
1293;18
1293;31
1293;40
1293;117
1293;195
1294;7
1294;13
1294;27
1294;64
1294;159
1294;160
1295;2
1295;19
1295;20
1295;64
1295;128
1295;160
1296;1
1296;16
1296;27
1296;55
1296;109
1296;218
1297;7
1297;16
1297;28
1297;55
1297;112
1297;164
1298;7
1298;16
1298;30
1298;60
1298;120
1298;210
1299;7
1299;16
1299;26
1299;58
1299;116
1299;203
1300;0
1300;13
1300;27
1300;53
1300;107
1300;214
1301;9
1301;18
1301;27
1301;54
1301;82
1301;210
1302;9
1302;18
1302;22
1302;52
1302;81
1302;206
1303;9
1303;18
1303;22
1303;56
1303;84
1303;160
1304;9
1304;18
1304;36
1304;53
1304;80
1304;320
1305;9
1305;17
1305;23
1305;44
1305;84
1305;160
1306;9
1306;14
1306;27
1306;67
1306;107
1306;179
1307;9
1307;18
1307;27
1307;67
1307;112
1307;262
1308;9
1308;13
1308;22
1308;61
1308;146
1308;219
1309;9
1309;13
1309;27
1309;54
1309;134
1309;296
1310;9
1310;13
1310;28
1310;56
1310;109
1310;171
1311;9
1311;18
1311;30
1311;59
1311;89
1311;325
1312;8
1312;17
1312;29
1312;59
1312;88
1312;321
1313;8
1313;16
1313;20
1313;40
1313;89
1313;176
1314;8
1314;19
1314;39
1314;57
1314;149
1314;167
1315;9
1315;17
1315;35
1315;70
1315;105
1315;227
1316;9
1316;17
1316;34
1316;51
1316;86
1316;170
1317;9
1317;19
1317;20
1317;41
1317;81
1317;185
1318;1
1318;19
1318;21
1318;42
1318;84
1318;321
1319;9
1319;18
1319;36
1319;70
1319;88
1319;312
1320;1
1320;18
1320;22
1320;46
1320;137
1320;163
1321;4
1321;13
1321;23
1321;47
1321;94
1321;163
1322;2
1322;19
1322;23
1322;45
1322;93
1322;163
1323;8
1323;14
1323;27
1323;54
1323;81
1323;216
1324;8
1324;19
1324;27
1324;55
1324;80
1324;163
1325;8
1325;18
1325;20
1325;40
1325;140
1325;191
1326;6
1326;10
1326;26
1326;53
1326;80
1326;191
1327;4
1327;12
1327;27
1327;79
1327;106
1327;163
1328;4
1328;16
1328;24
1328;59
1328;88
1328;219
1329;4
1329;12
1329;24
1329;73
1329;91
1329;334
1330;4
1330;16
1330;24
1330;63
1330;111
1330;304
1331;4
1331;16
1331;21
1331;50
1331;89
1331;204
1332;4
1332;11
1332;20
1332;57
1332;144
1332;173
1333;4
1333;11
1333;24
1333;52
1333;143
1333;178
1334;4
1334;15
1334;23
1334;70
1334;140
1334;233
1335;5
1335;12
1335;39
1335;59
1335;143
1335;236
1336;4
1336;12
1336;20
1336;72
1336;142
1336;229
1337;4
1337;12
1337;24
1337;71
1337;141
1337;220
1338;6
1338;10
1338;20
1338;71
1338;86
1338;241
1339;4
1339;10
1339;20
1339;47
1339;87
1339;245
1340;5
1340;18
1340;21
1340;47
1340;98
1340;219
1341;5
1341;11
1341;20
1341;47
1341;96
1341;160
1342;5
1342;10
1342;25
1342;71
1342;119
1342;160
1343;5
1343;10
1343;20
1343;47
1343;97
1343;236
1344;5
1344;10
1344;35
1344;47
1344;95
1344;164
1345;5
1345;15
1345;24
1345;47
1345;95
1345;235
1346;6
1346;12
1346;22
1346;66
1346;136
1346;506
1347;4
1347;11
1347;27
1347;77
1347;106
1347;220
1348;5
1348;13
1348;22
1348;72
1348;110
1348;220
1349;5
1349;13
1349;22
1349;70
1349;94
1349;196
1350;5
1350;10
1350;22
1350;76
1350;131
1350;219
1351;4
1351;10
1351;22
1351;72
1351;108
1351;219
1352;4
1352;14
1352;27
1352;44
1352;88
1352;505
1353;4
1353;19
1353;20
1353;40
1353;89
1353;266
1354;4
1354;14
1354;22
1354;40
1354;86
1354;304
1355;4
1355;12
1355;26
1355;41
1355;131
1355;291
1356;4
1356;11
1356;26
1356;53
1356;105
1356;212
1357;4
1357;13
1357;29
1357;58
1357;92
1357;179
1358;7
1358;10
1358;27
1358;59
1358;88
1358;233
1359;5
1359;13
1359;22
1359;78
1359;105
1359;177
1360;4
1360;18
1360;22
1360;58
1360;80
1360;169
1361;6
1361;10
1361;27
1361;55
1361;83
1361;186
1362;4
1362;12
1362;26
1362;53
1362;80
1362;191
1363;4
1363;19
1363;20
1363;48
1363;156
1363;492
1364;4
1364;11
1364;21
1364;70
1364;94
1364;165
1365;4
1365;11
1365;22
1365;44
1365;117
1365;243
1366;4
1366;19
1366;20
1366;43
1366;94
1366;160
1367;4
1367;14
1367;21
1367;60
1367;159
1367;160
1368;4
1368;13
1368;20
1368;60
1368;140
1368;160
1369;4
1369;13
1369;36
1369;48
1369;107
1369;170
1370;9
1370;10
1370;22
1370;47
1370;117
1370;161
1371;9
1371;13
1371;22
1371;60
1371;140
1371;427
1372;8
1372;18
1372;24
1372;58
1372;140
1372;220
1373;6
1373;11
1373;20
1373;61
1373;81
1373;161
1374;4
1374;16
1374;20
1374;78
1374;86
1374;191
1375;4
1375;16
1375;20
1375;79
1375;80
1375;181
1376;4
1376;16
1376;20
1376;62
1376;83
1376;287
1377;4
1377;16
1377;24
1377;79
1377;82
1377;279
1378;4
1378;19
1378;24
1378;61
1378;138
1378;239
1379;4
1379;11
1379;24
1379;47
1379;142
1379;176
1380;4
1380;11
1380;24
1380;48
1380;95
1380;285
1381;4
1381;13
1381;20
1381;47
1381;117
1381;164
1382;5
1382;13
1382;34
1382;50
1382;118
1382;216
1383;4
1383;11
1383;20
1383;48
1383;110
1383;170
1384;4
1384;13
1384;20
1384;47
1384;107
1384;207
1385;5
1385;14
1385;24
1385;75
1385;111
1385;222
1386;4
1386;10
1386;25
1386;71
1386;117
1386;213
1387;5
1387;10
1387;20
1387;41
1387;97
1387;223
1388;5
1388;11
1388;20
1388;71
1388;141
1388;164
1389;5
1389;10
1389;20
1389;47
1389;117
1389;320
1390;5
1390;14
1390;25
1390;67
1390;135
1390;236
1391;5
1391;10
1391;20
1391;47
1391;95
1391;175
1392;5
1392;15
1392;20
1392;47
1392;142
1392;479
1393;6
1393;19
1393;21
1393;41
1393;91
1393;179
1394;4
1394;18
1394;22
1394;70
1394;140
1394;175
1395;4
1395;18
1395;35
1395;70
1395;140
1395;175
1396;9
1396;11
1396;33
1396;68
1396;89
1396;172
1397;4
1397;13
1397;30
1397;79
1397;109
1397;210
1398;4
1398;13
1398;29
1398;44
1398;105
1398;235
1399;4
1399;14
1399;30
1399;78
1399;89
1399;212
1400;4
1400;13
1400;29
1400;57
1400;104
1400;201
1401;4
1401;13
1401;22
1401;71
1401;89
1401;182
1402;4
1402;11
1402;29
1402;44
1402;149
1402;178
1403;4
1403;13
1403;28
1403;56
1403;84
1403;167
1404;4
1404;13
1404;27
1404;53
1404;82
1404;179
1405;6
1405;10
1405;30
1405;60
1405;89
1405;170
1406;4
1406;12
1406;30
1406;59
1406;118
1406;209
1407;4
1407;13
1407;29
1407;58
1407;87
1407;204
1408;6
1408;10
1408;31
1408;55
1408;80
1408;223
1409;4
1409;13
1409;26
1409;52
1409;80
1409;313
1410;4
1410;13
1410;22
1410;44
1410;104
1410;166
1411;4
1411;11
1411;26
1411;52
1411;157
1411;331
1412;4
1412;11
1412;35
1412;53
1412;157
1412;164
1413;4
1413;13
1413;20
1413;52
1413;157
1413;160
1414;4
1414;11
1414;20
1414;54
1414;103
1414;222
1415;4
1415;11
1415;22
1415;54
1415;109
1415;219
1416;4
1416;14
1416;22
1416;54
1416;124
1416;472
1417;5
1417;19
1417;20
1417;54
1417;128
1417;161
1418;4
1418;15
1418;26
1418;52
1418;105
1418;312
1419;5
1419;14
1419;31
1419;46
1419;94
1419;313
1420;5
1420;12
1420;24
1420;47
1420;94
1420;160
1421;4
1421;12
1421;24
1421;49
1421;94
1421;225
1422;4
1422;16
1422;20
1422;46
1422;91
1422;166
1423;4
1423;12
1423;20
1423;49
1423;99
1423;297
1424;4
1424;12
1424;20
1424;47
1424;96
1424;167
1425;4
1425;19
1425;23
1425;70
1425;115
1425;162
1426;4
1426;11
1426;24
1426;74
1426;97
1426;172
1427;4
1427;16
1427;23
1427;69
1427;92
1427;161
1428;9
1428;14
1428;23
1428;75
1428;88
1428;161
1429;5
1429;12
1429;23
1429;71
1429;135
1429;163
1430;4
1430;11
1430;24
1430;49
1430;97
1430;192
1431;9
1431;12
1431;23
1431;73
1431;92
1431;168
1432;5
1432;10
1432;24
1432;71
1432;97
1432;169
1433;5
1433;10
1433;23
1433;47
1433;94
1433;185
1434;5
1434;13
1434;20
1434;40
1434;97
1434;165
1435;5
1435;11
1435;23
1435;47
1435;93
1435;198
1436;5
1436;15
1436;24
1436;48
1436;93
1436;217
1437;5
1437;11
1437;23
1437;64
1437;136
1437;161
1438;5
1438;10
1438;23
1438;47
1438;138
1438;164
1439;5
1439;10
1439;24
1439;59
1439;89
1439;238
1440;5
1440;12
1440;24
1440;54
1440;138
1440;163
1441;4
1441;11
1441;22
1441;54
1441;106
1441;322
1442;9
1442;13
1442;28
1442;55
1442;82
1442;216
1443;6
1443;13
1443;27
1443;56
1443;85
1443;312
1444;4
1444;10
1444;28
1444;57
1444;82
1444;218
1445;5
1445;13
1445;26
1445;54
1445;80
1445;182
1446;4
1446;14
1446;27
1446;41
1446;83
1446;179
1447;4
1447;13
1447;26
1447;45
1447;105
1447;176
1448;4
1448;18
1448;27
1448;44
1448;82
1448;161
1449;4
1449;11
1449;26
1449;53
1449;80
1449;163
1450;4
1450;11
1450;27
1450;55
1450;82
1450;165
1451;4
1451;13
1451;26
1451;59
1451;147
1451;177
1452;6
1452;10
1452;27
1452;59
1452;118
1452;208
1453;4
1453;12
1453;22
1453;56
1453;112
1453;416
1454;3
1454;18
1454;22
1454;45
1454;134
1454;393
1455;6
1455;18
1455;22
1455;54
1455;127
1455;163
1456;4
1456;19
1456;20
1456;79
1456;80
1456;171
1457;5
1457;13
1457;27
1457;44
1457;128
1457;176
1458;4
1458;11
1458;20
1458;40
1458;80
1458;176
1459;4
1459;11
1459;27
1459;45
1459;91
1459;179
1460;4
1460;18
1460;27
1460;49
1460;136
1460;177
1461;4
1461;13
1461;23
1461;56
1461;92
1461;163
1462;4
1462;13
1462;23
1462;56
1462;137
1462;163
1463;4
1463;12
1463;23
1463;59
1463;148
1463;178
1464;4
1464;11
1464;26
1464;53
1464;106
1464;175
1465;4
1465;10
1465;23
1465;45
1465;143
1465;227
1466;5
1466;10
1466;23
1466;47
1466;115
1466;193
1467;5
1467;10
1467;20
1467;53
1467;81
1467;220
1468;4
1468;16
1468;24
1468;40
1468;81
1468;160
1469;4
1469;10
1469;20
1469;41
1469;99
1469;180
1470;4
1470;12
1470;20
1470;40
1470;99
1470;160
1471;4
1471;12
1471;20
1471;47
1471;99
1471;232
1472;4
1472;13
1472;22
1472;47
1472;159
1472;160
1473;4
1473;12
1473;20
1473;55
1473;95
1473;164
1474;4
1474;16
1474;20
1474;59
1474;148
1474;207
1475;9
1475;14
1475;20
1475;59
1475;118
1475;208
1476;5
1476;13
1476;20
1476;55
1476;141
1476;165
1477;4
1477;12
1477;20
1477;59
1477;89
1477;342
1478;5
1478;12
1478;37
1478;55
1478;109
1478;230
1479;5
1479;12
1479;20
1479;40
1479;123
1479;184
1480;4
1480;12
1480;20
1480;40
1480;127
1480;168
1481;4
1481;12
1481;20
1481;41
1481;83
1481;179
1482;4
1482;16
1482;22
1482;58
1482;91
1482;172
1483;4
1483;18
1483;35
1483;50
1483;136
1483;174
1484;4
1484;12
1484;23
1484;54
1484;155
1484;162
1485;4
1485;12
1485;23
1485;46
1485;138
1485;160
1486;4
1486;12
1486;23
1486;57
1486;139
1486;175
1487;4
1487;19
1487;26
1487;52
1487;118
1487;210
1488;4
1488;14
1488;27
1488;58
1488;144
1488;175
1489;4
1489;13
1489;22
1489;45
1489;143
1489;349
1490;6
1490;10
1490;22
1490;58
1490;97
1490;226
1491;4
1491;13
1491;22
1491;45
1491;94
1491;316
1492;5
1492;13
1492;22
1492;45
1492;85
1492;162
1493;4
1493;13
1493;22
1493;44
1493;158
1493;302
1494;4
1494;13
1494;22
1494;45
1494;159
1494;160
1495;4
1495;13
1495;22
1495;44
1495;144
1495;163
1496;4
1496;11
1496;22
1496;44
1496;89
1496;224
1497;4
1497;11
1497;24
1497;47
1497;138
1497;160
1498;4
1498;18
1498;22
1498;44
1498;140
1498;179
1499;6
1499;18
1499;22
1499;44
1499;89
1499;160
1500;4
1500;18
1500;22
1500;67
1500;89
1500;160
1501;3
1501;14
1501;22
1501;44
1501;127
1501;211
1502;5
1502;11
1502;22
1502;44
1502;134
1502;164
1503;4
1503;11
1503;22
1503;45
1503;112
1503;248
1504;9
1504;13
1504;27
1504;54
1504;107
1504;166
1505;4
1505;11
1505;29
1505;58
1505;86
1505;167
1506;4
1506;11
1506;30
1506;60
1506;90
1506;300
1507;4
1507;18
1507;22
1507;59
1507;90
1507;183
1508;4
1508;11
1508;30
1508;60
1508;120
1508;209
1509;4
1509;11
1509;22
1509;44
1509;90
1509;176
1510;4
1510;14
1510;30
1510;59
1510;146
1510;211
1511;5
1511;18
1511;22
1511;53
1511;120
1511;476
1512;4
1512;13
1512;22
1512;53
1512;142
1512;414
1513;9
1513;12
1513;30
1513;60
1513;149
1513;180
1514;5
1514;14
1514;39
1514;59
1514;89
1514;177
1515;4
1515;10
1515;20
1515;64
1515;159
1515;160
1516;4
1516;12
1516;20
1516;62
1516;159
1516;160
1517;4
1517;10
1517;32
1517;62
1517;124
1517;188
1518;4
1518;10
1518;20
1518;40
1518;159
1518;205
1519;4
1519;11
1519;21
1519;55
1519;83
1519;171
1520;4
1520;13
1520;20
1520;79
1520;132
1520;160
1521;4
1521;10
1521;20
1521;55
1521;82
1521;221
1522;9
1522;10
1522;21
1522;56
1522;141
1522;168
1523;5
1523;14
1523;26
1523;52
1523;155
1523;164
1524;4
1524;13
1524;23
1524;40
1524;81
1524;480
1525;5
1525;13
1525;23
1525;40
1525;119
1525;463
1526;4
1526;12
1526;30
1526;40
1526;99
1526;207
1527;4
1527;13
1527;23
1527;40
1527;80
1527;161
1528;4
1528;11
1528;21
1528;48
1528;99
1528;160
1529;4
1529;11
1529;23
1529;40
1529;159
1529;160
1530;4
1530;14
1530;23
1530;40
1530;125
1530;251
1531;4
1531;10
1531;27
1531;54
1531;80
1531;357
1532;4
1532;10
1532;20
1532;57
1532;114
1532;161
1533;4
1533;10
1533;20
1533;59
1533;118
1533;206
1534;4
1534;11
1534;22
1534;54
1534;107
1534;161
1535;4
1535;11
1535;22
1535;53
1535;106
1535;160
1536;9
1536;10
1536;27
1536;55
1536;83
1536;165
1537;6
1537;12
1537;27
1537;53
1537;80
1537;162
1538;4
1538;10
1538;26
1538;53
1538;80
1538;310
1539;5
1539;13
1539;22
1539;44
1539;110
1539;166
1540;4
1540;13
1540;24
1540;47
1540;93
1540;310
1541;4
1541;13
1541;22
1541;44
1541;89
1541;166
1542;4
1542;19
1542;21
1542;61
1542;81
1542;243
1543;4
1543;11
1543;22
1543;54
1543;89
1543;169
1544;4
1544;18
1544;22
1544;52
1544;87
1544;202
1545;4
1545;13
1545;22
1545;40
1545;140
1545;212
1546;5
1546;11
1546;22
1546;44
1546;111
1546;201
1547;4
1547;11
1547;22
1547;62
1547;142
1547;166
1548;4
1548;13
1548;24
1548;43
1548;134
1548;209
1549;5
1549;13
1549;26
1549;44
1549;106
1549;165
1550;4
1550;13
1550;27
1550;45
1550;140
1550;161
1551;9
1551;13
1551;28
1551;44
1551;126
1551;171
1552;4
1552;11
1552;22
1552;52
1552;105
1552;160
1553;4
1553;18
1553;29
1553;59
1553;88
1553;177
1554;4
1554;18
1554;29
1554;44
1554;87
1554;174
1555;4
1555;11
1555;29
1555;58
1555;88
1555;176
1556;4
1556;13
1556;27
1556;44
1556;80
1556;180
1557;9
1557;10
1557;31
1557;44
1557;133
1557;304
1558;9
1558;10
1558;30
1558;59
1558;88
1558;205
1559;8
1559;10
1559;29
1559;57
1559;140
1559;169
1560;9
1560;12
1560;29
1560;58
1560;87
1560;174
1561;5
1561;14
1561;29
1561;57
1561;87
1561;170
1562;4
1562;13
1562;20
1562;62
1562;155
1562;186
1563;4
1563;14
1563;20
1563;62
1563;156
1563;188
1564;4
1564;13
1564;30
1564;62
1564;157
1564;186
1565;4
1565;10
1565;20
1565;59
1565;88
1565;205
1566;4
1566;12
1566;28
1566;54
1566;80
1566;160
1567;4
1567;13
1567;20
1567;53
1567;80
1567;160
1568;4
1568;14
1568;27
1568;55
1568;83
1568;164
1569;6
1569;10
1569;30
1569;53
1569;131
1569;160
1570;5
1570;12
1570;27
1570;54
1570;83
1570;166
1571;4
1571;13
1571;28
1571;56
1571;80
1571;173
1572;6
1572;13
1572;23
1572;40
1572;119
1572;166
1573;4
1573;10
1573;30
1573;40
1573;99
1573;165
1574;4
1574;13
1574;23
1574;40
1574;80
1574;160
1575;4
1575;11
1575;21
1575;40
1575;119
1575;161
1576;4
1576;11
1576;23
1576;40
1576;99
1576;160
1577;4
1577;14
1577;23
1577;40
1577;150
1577;161
1578;4
1578;13
1578;36
1578;71
1578;119
1578;357
1579;4
1579;10
1579;39
1579;40
1579;81
1579;326
1580;4
1580;10
1580;39
1580;40
1580;80
1580;321
1581;5
1581;18
1581;35
1581;70
1581;80
1581;161
1582;5
1582;18
1582;35
1582;70
1582;121
1582;315
1583;5
1583;18
1583;36
1583;73
1583;109
1583;160
1584;5
1584;11
1584;35
1584;70
1584;89
1584;162
1585;4
1585;13
1585;36
1585;72
1585;107
1585;179
1586;4
1586;13
1586;36
1586;71
1586;107
1586;166
1587;4
1587;13
1587;22
1587;40
1587;81
1587;162
1588;4
1588;13
1588;39
1588;40
1588;80
1588;161
1589;4
1589;19
1589;23
1589;41
1589;112
1589;167
1590;4
1590;11
1590;22
1590;45
1590;89
1590;194
1591;4
1591;13
1591;27
1591;45
1591;142
1591;163
1592;9
1592;13
1592;23
1592;49
1592;140
1592;211
1593;5
1593;10
1593;23
1593;45
1593;88
1593;171
1594;4
1594;11
1594;22
1594;44
1594;142
1594;166
1595;5
1595;13
1595;22
1595;44
1595;133
1595;229
1596;5
1596;14
1596;22
1596;53
1596;106
1596;201
1597;4
1597;13
1597;22
1597;44
1597;140
1597;161
1598;9
1598;13
1598;20
1598;44
1598;80
1598;184
1599;4
1599;13
1599;26
1599;52
1599;157
1599;161
1600;4
1600;13
1600;30
1600;60
1600;90
1600;179
1601;4
1601;14
1601;29
1601;59
1601;88
1601;178
1602;4
1602;11
1602;30
1602;60
1602;149
1602;299
1603;4
1603;13
1603;22
1603;45
1603;89
1603;161
1604;8
1604;14
1604;26
1604;62
1604;87
1604;210
1605;5
1605;10
1605;29
1605;62
1605;92
1605;339
1606;4
1606;13
1606;26
1606;44
1606;132
1606;182
1607;6
1607;12
1607;20
1607;60
1607;118
1607;236
1608;4
1608;13
1608;31
1608;62
1608;125
1608;427
1609;4
1609;13
1609;27
1609;62
1609;94
1609;218
1610;4
1610;13
1610;20
1610;40
1610;99
1610;310
1611;4
1611;10
1611;31
1611;61
1611;91
1611;264
1612;4
1612;13
1612;30
1612;40
1612;89
1612;204
1613;4
1613;11
1613;21
1613;54
1613;81
1613;160
1614;4
1614;11
1614;23
1614;79
1614;105
1614;315
1615;4
1615;13
1615;27
1615;56
1615;85
1615;170
1616;6
1616;10
1616;23
1616;54
1616;135
1616;163
1617;4
1617;12
1617;27
1617;54
1617;81
1617;163
1618;4
1618;13
1618;20
1618;40
1618;84
1618;240
1619;6
1619;10
1619;27
1619;40
1619;119
1619;161
1620;4
1620;10
1620;23
1620;40
1620;99
1620;163
1621;4
1621;13
1621;24
1621;40
1621;80
1621;240
1622;4
1622;11
1622;26
1622;60
1622;80
1622;168
1623;4
1623;11
1623;27
1623;40
1623;99
1623;160
1624;4
1624;13
1624;33
1624;66
1624;80
1624;322
1625;4
1625;10
1625;26
1625;53
1625;105
1625;314
1626;4
1626;10
1626;28
1626;57
1626;112
1626;161
1627;4
1627;12
1627;20
1627;59
1627;88
1627;206
1628;5
1628;11
1628;22
1628;54
1628;107
1628;160
1629;4
1629;11
1629;26
1629;52
1629;104
1629;161
1630;4
1630;10
1630;27
1630;55
1630;111
1630;160
1631;5
1631;10
1631;26
1631;53
1631;105
1631;315
1632;4
1632;10
1632;27
1632;54
1632;107
1632;213
1633;4
1633;15
1633;27
1633;55
1633;99
1633;204
1634;4
1634;13
1634;24
1634;47
1634;94
1634;234
1635;4
1635;14
1635;22
1635;45
1635;92
1635;310
1636;4
1636;16
1636;23
1636;40
1636;81
1636;176
1637;4
1637;11
1637;36
1637;53
1637;89
1637;301
1638;4
1638;13
1638;35
1638;70
1638;87
1638;298
1639;9
1639;14
1639;39
1639;58
1639;89
1639;211
1640;5
1640;18
1640;35
1640;69
1640;89
1640;160
1641;4
1641;18
1641;37
1641;73
1641;87
1641;296
1642;6
1642;13
1642;23
1642;44
1642;112
1642;209
1643;4
1643;13
1643;22
1643;45
1643;106
1643;165
1644;4
1644;18
1644;22
1644;44
1644;142
1644;161
1645;4
1645;12
1645;21
1645;41
1645;111
1645;172
1646;4
1646;11
1646;35
1646;47
1646;80
1646;198
1647;4
1647;13
1647;22
1647;67
1647;144
1647;179
1648;4
1648;11
1648;23
1648;40
1648;112
1648;211
1649;4
1649;12
1649;22
1649;45
1649;89
1649;161
1650;4
1650;13
1650;22
1650;45
1650;80
1650;166
1651;4
1651;13
1651;20
1651;75
1651;95
1651;226
1652;4
1652;11
1652;20
1652;52
1652;115
1652;165
1653;4
1653;10
1653;33
1653;44
1653;140
1653;169
1654;9
1654;10
1654;22
1654;47
1654;118
1654;299
1655;4
1655;10
1655;27
1655;53
1655;105
1655;292
1656;4
1656;10
1656;28
1656;55
1656;83
1656;305
1657;3
1657;10
1657;29
1657;57
1657;86
1657;229
1658;3
1658;10
1658;29
1658;58
1658;88
1658;292
1659;3
1659;10
1659;29
1659;58
1659;87
1659;233
1660;3
1660;10
1660;29
1660;58
1660;87
1660;320
1661;3
1661;10
1661;31
1661;62
1661;93
1661;312
1662;3
1662;10
1662;29
1662;59
1662;88
1662;234
1663;3
1663;10
1663;31
1663;62
1663;93
1663;311
1664;3
1664;10
1664;29
1664;59
1664;88
1664;235
1665;3
1665;10
1665;31
1665;62
1665;93
1665;249
1666;3
1666;10
1666;29
1666;58
1666;87
1666;294
1667;3
1667;10
1667;29
1667;55
1667;117
1667;239
1668;3
1668;10
1668;20
1668;52
1668;123
1668;239
1669;3
1669;10
1669;20
1669;76
1669;144
1669;228
1670;3
1670;10
1670;20
1670;40
1670;124
1670;163
1671;3
1671;10
1671;20
1671;40
1671;128
1671;183
1672;3
1672;10
1672;20
1672;40
1672;140
1672;209
1673;3
1673;13
1673;20
1673;40
1673;142
1673;222
1674;3
1674;13
1674;30
1674;60
1674;131
1674;272
1675;4
1675;13
1675;29
1675;58
1675;116
1675;261
1676;7
1676;13
1676;29
1676;59
1676;119
1676;179
1677;8
1677;11
1677;29
1677;59
1677;116
1677;290
1678;5
1678;15
1678;29
1678;58
1678;117
1678;204
1679;5
1679;14
1679;29
1679;59
1679;88
1679;206
1680;5
1680;13
1680;27
1680;79
1680;106
1680;160
1681;4
1681;13
1681;26
1681;53
1681;106
1681;240
1682;4
1682;13
1682;22
1682;52
1682;80
1682;350
1683;4
1683;13
1683;29
1683;53
1683;144
1683;476
1684;4
1684;13
1684;27
1684;53
1684;130
1684;339
1685;4
1685;18
1685;23
1685;55
1685;109
1685;277
1686;4
1686;19
1686;24
1686;47
1686;94
1686;212
1687;4
1687;18
1687;23
1687;47
1687;141
1687;205
1688;4
1688;18
1688;22
1688;44
1688;86
1688;171
1689;4
1689;18
1689;23
1689;46
1689;93
1689;209
1690;4
1690;13
1690;23
1690;69
1690;91
1690;228
1691;4
1691;13
1691;23
1691;46
1691;93
1691;233
1692;4
1692;13
1692;22
1692;44
1692;89
1692;199
1693;4
1693;13
1693;22
1693;44
1693;87
1693;175
1694;4
1694;19
1694;20
1694;41
1694;100
1694;175
1695;4
1695;18
1695;22
1695;44
1695;112
1695;201
1696;4
1696;18
1696;22
1696;44
1696;89
1696;199
1697;4
1697;18
1697;21
1697;44
1697;88
1697;198
1698;4
1698;19
1698;20
1698;60
1698;97
1698;219
1699;4
1699;19
1699;20
1699;40
1699;80
1699;180
1700;9
1700;18
1700;22
1700;60
1700;148
1700;191
1701;6
1701;19
1701;20
1701;40
1701;81
1701;205
1702;5
1702;19
1702;20
1702;60
1702;99
1702;435
1703;5
1703;19
1703;37
1703;40
1703;96
1703;216
1704;5
1704;18
1704;35
1704;53
1704;89
1704;212
1705;5
1705;17
1705;35
1705;52
1705;87
1705;212
1706;5
1706;18
1706;36
1706;55
1706;144
1706;218
1707;5
1707;18
1707;36
1707;53
1707;89
1707;160
1708;5
1708;15
1708;37
1708;52
1708;142
1708;217
1709;5
1709;14
1709;31
1709;45
1709;104
1709;168
1710;5
1710;14
1710;29
1710;43
1710;87
1710;172
1711;5
1711;14
1711;29
1711;43
1711;86
1711;229
1712;5
1712;15
1712;30
1712;44
1712;87
1712;293
1713;5
1713;14
1713;29
1713;43
1713;87
1713;216
1714;5
1714;15
1714;30
1714;46
1714;90
1714;287
1715;5
1715;15
1715;30
1715;46
1715;91
1715;288
1716;5
1716;15
1716;30
1716;45
1716;88
1716;285
1717;5
1717;15
1717;31
1717;46
1717;91
1717;212
1718;5
1718;15
1718;30
1718;45
1718;89
1718;285
1719;5
1719;15
1719;31
1719;46
1719;91
1719;214
1720;5
1720;15
1720;30
1720;45
1720;91
1720;286
1721;5
1721;13
1721;39
1721;40
1721;91
1721;210
1722;5
1722;13
1722;39
1722;52
1722;90
1722;219
1723;0
1723;14
1723;28
1723;42
1723;84
1723;211
1724;1
1724;13
1724;38
1724;50
1724;92
1724;289
1725;9
1725;14
1725;28
1725;42
1725;113
1725;198
1726;3
1726;13
1726;26
1726;51
1726;119
1726;204
1727;9
1727;12
1727;21
1727;51
1727;141
1727;215
1728;6
1728;15
1728;29
1728;43
1728;112
1728;214
1729;1
1729;14
1729;28
1729;42
1729;123
1729;219
1730;1
1730;18
1730;26
1730;54
1730;156
1730;160
1731;0
1731;13
1731;28
1731;55
1731;83
1731;165
1732;0
1732;10
1732;29
1732;59
1732;88
1732;176
1733;2
1733;10
1733;30
1733;59
1733;119
1733;210
1734;1
1734;11
1734;20
1734;58
1734;89
1734;511
1735;2
1735;19
1735;22
1735;79
1735;119
1735;430
1736;4
1736;18
1736;38
1736;54
1736;89
1736;263
1737;4
1737;18
1737;36
1737;72
1737;85
1737;166
1738;1
1738;19
1738;21
1738;76
1738;84
1738;301
1739;5
1739;19
1739;20
1739;41
1739;82
1739;164
1740;1
1740;19
1740;22
1740;44
1740;88
1740;179
1741;1
1741;18
1741;35
1741;71
1741;88
1741;175
1742;2
1742;18
1742;23
1742;47
1742;94
1742;188
1743;8
1743;18
1743;23
1743;47
1743;93
1743;163
1744;4
1744;19
1744;39
1744;40
1744;90
1744;416
1745;1
1745;15
1745;26
1745;52
1745;105
1745;213
1746;2
1746;18
1746;27
1746;56
1746;81
1746;261
1747;8
1747;18
1747;24
1747;69
1747;85
1747;201
1748;6
1748;10
1748;24
1748;53
1748;107
1748;160
1749;4
1749;12
1749;24
1749;76
1749;81
1749;205
1750;4
1750;11
1750;20
1750;74
1750;89
1750;225
1751;4
1751;12
1751;24
1751;62
1751;124
1751;221
1752;4
1752;12
1752;24
1752;71
1752;86
1752;170
1753;4
1753;16
1753;23
1753;53
1753;86
1753;167
1754;4
1754;11
1754;33
1754;59
1754;142
1754;179
1755;4
1755;11
1755;25
1755;60
1755;142
1755;162
1756;4
1756;14
1756;24
1756;71
1756;141
1756;164
1757;5
1757;11
1757;20
1757;58
1757;142
1757;204
1758;4
1758;12
1758;20
1758;71
1758;141
1758;160
1759;4
1759;13
1759;29
1759;78
1759;83
1759;192
1760;5
1760;10
1760;20
1760;45
1760;141
1760;286
1761;4
1761;10
1761;20
1761;46
1761;87
1761;245
1762;5
1762;18
1762;21
1762;47
1762;98
1762;219
1763;5
1763;11
1763;20
1763;47
1763;96
1763;240
1764;5
1764;15
1764;25
1764;71
1764;119
1764;236
1765;5
1765;15
1765;23
1765;47
1765;97
1765;236
1766;5
1766;10
1766;24
1766;47
1766;95
1766;164
1767;5
1767;15
1767;24
1767;72
1767;89
1767;235
1768;4
1768;12
1768;22
1768;70
1768;136
1768;215
1769;4
1769;11
1769;22
1769;45
1769;89
1769;220
1770;9
1770;10
1770;22
1770;77
1770;132
1770;220
1771;9
1771;10
1771;22
1771;70
1771;94
1771;213
1772;5
1772;10
1772;26
1772;76
1772;131
1772;219
1773;4
1773;10
1773;27
1773;79
1773;108
1773;216
1774;4
1774;14
1774;20
1774;44
1774;89
1774;215
1775;4
1775;18
1775;22
1775;46
1775;90
1775;267
1776;4
1776;13
1776;31
1776;64
1776;89
1776;295
1777;5
1777;11
1777;29
1777;66
1777;99
1777;164
1778;4
1778;11
1778;22
1778;71
1778;107
1778;215
1779;4
1779;13
1779;36
1779;72
1779;144
1779;180
1780;6
1780;10
1780;22
1780;70
1780;142
1780;248
1781;4
1781;13
1781;22
1781;70
1781;107
1781;435
1782;3
1782;18
1782;33
1782;71
1782;138
1782;165
1783;6
1783;10
1783;30
1783;59
1783;150
1783;174
1784;4
1784;13
1784;22
1784;45
1784;111
1784;166
1785;5
1785;18
1785;26
1785;56
1785;111
1785;194
1786;4
1786;11
1786;21
1786;58
1786;99
1786;175
1787;4
1787;11
1787;27
1787;54
1787;82
1787;166
1788;4
1788;15
1788;25
1788;51
1788;101
1788;290
1789;4
1789;14
1789;22
1789;54
1789;107
1789;167
1790;4
1790;13
1790;26
1790;52
1790;106
1790;162
1791;4
1791;13
1791;24
1791;61
1791;93
1791;309
1792;9
1792;10
1792;23
1792;58
1792;87
1792;172
1793;4
1793;13
1793;25
1793;51
1793;151
1793;176
1794;8
1794;13
1794;23
1794;59
1794;88
1794;177
1795;5
1795;11
1795;20
1795;56
1795;139
1795;337
1796;4
1796;16
1796;20
1796;70
1796;116
1796;213
1797;4
1797;12
1797;20
1797;62
1797;123
1797;313
1798;4
1798;16
1798;24
1798;59
1798;119
1798;216
1799;4
1799;19
1799;20
1799;63
1799;142
1799;213
1800;4
1800;19
1800;22
1800;47
1800;140
1800;190
1801;4
1801;11
1801;24
1801;45
1801;143
1801;180
1802;4
1802;16
1802;24
1802;71
1802;128
1802;334
1803;4
1803;14
1803;20
1803;47
1803;117
1803;188
1804;5
1804;16
1804;24
1804;49
1804;124
1804;335
1805;4
1805;12
1805;20
1805;70
1805;116
1805;162
1806;9
1806;12
1806;20
1806;79
1806;138
1806;171
1807;5
1807;10
1807;20
1807;47
1807;129
1807;162
1808;4
1808;10
1808;20
1808;65
1808;116
1808;161
1809;9
1809;10
1809;21
1809;41
1809;80
1809;240
1810;5
1810;11
1810;20
1810;47
1810;141
1810;209
1811;5
1811;10
1811;20
1811;45
1811;129
1811;325
1812;6
1812;11
1812;36
1812;47
1812;139
1812;206
1813;5
1813;10
1813;34
1813;47
1813;135
1813;240
1814;5
1814;10
1814;20
1814;47
1814;95
1814;502
1815;5
1815;19
1815;22
1815;48
1815;140
1815;280
1816;4
1816;18
1816;36
1816;72
1816;107
1816;249
1817;4
1817;18
1817;22
1817;71
1817;107
1817;356
1818;6
1818;10
1818;23
1818;68
1818;102
1818;169
1819;4
1819;13
1819;30
1819;61
1819;91
1819;486
1820;4
1820;18
1820;31
1820;59
1820;88
1820;235
1821;4
1821;14
1821;22
1821;59
1821;120
1821;476
1822;4
1822;13
1822;22
1822;71
1822;88
1822;234
1823;4
1823;13
1823;22
1823;56
1823;152
1823;173
1824;5
1824;11
1824;35
1824;60
1824;120
1824;188
1825;4
1825;11
1825;36
1825;62
1825;154
1825;402
1826;4
1826;13
1826;27
1826;55
1826;144
1826;160
1827;6
1827;10
1827;31
1827;72
1827;145
1827;181
1828;4
1828;12
1828;22
1828;71
1828;111
1828;187
1829;4
1829;13
1829;35
1829;79
1829;141
1829;198
1830;6
1830;11
1830;22
1830;79
1830;119
1830;160
1831;4
1831;18
1831;22
1831;63
1831;157
1831;162
1832;5
1832;18
1832;27
1832;56
1832;142
1832;166
1833;4
1833;11
1833;20
1833;79
1833;80
1833;161
1834;4
1834;11
1834;27
1834;78
1834;131
1834;160
1835;4
1835;15
1835;22
1835;50
1835;80
1835;190
1836;4
1836;12
1836;32
1836;63
1836;95
1836;191
1837;4
1837;11
1837;22
1837;78
1837;104
1837;482
1838;4
1838;13
1838;22
1838;40
1838;90
1838;455
1839;6
1839;10
1839;20
1839;64
1839;145
1839;160
1840;4
1840;15
1840;22
1840;52
1840;129
1840;181
1841;5
1841;14
1841;26
1841;63
1841;142
1841;222
1842;5
1842;12
1842;22
1842;46
1842;118
1842;232
1843;4
1843;12
1843;22
1843;48
1843;127
1843;204
1844;4
1844;10
1844;23
1844;40
1844;91
1844;440
1845;4
1845;12
1845;24
1845;40
1845;99
1845;285
1846;4
1846;16
1846;24
1846;73
1846;97
1846;169
1847;4
1847;18
1847;22
1847;70
1847;93
1847;182
1848;4
1848;11
1848;24
1848;76
1848;126
1848;164
1849;4
1849;16
1849;23
1849;69
1849;137
1849;160
1850;9
1850;14
1850;23
1850;78
1850;97
1850;166
1851;5
1851;13
1851;23
1851;75
1851;100
1851;160
1852;4
1852;12
1852;24
1852;49
1852;98
1852;309
1853;9
1853;13
1853;23
1853;43
1853;92
1853;169
1854;5
1854;12
1854;24
1854;47
1854;97
1854;170
1855;5
1855;10
1855;23
1855;47
1855;94
1855;185
1856;5
1856;11
1856;21
1856;74
1856;98
1856;165
1857;5
1857;11
1857;23
1857;75
1857;97
1857;163
1858;5
1858;10
1858;24
1858;66
1858;87
1858;195
1859;5
1859;11
1859;23
1859;79
1859;80
1859;169
1860;5
1860;10
1860;24
1860;60
1860;91
1860;181
1861;5
1861;10
1861;24
1861;60
1861;90
1861;180
1862;5
1862;12
1862;27
1862;54
1862;136
1862;179
1863;4
1863;11
1863;21
1863;52
1863;103
1863;178
1864;4
1864;10
1864;28
1864;57
1864;114
1864;183
1865;6
1865;11
1865;25
1865;51
1865;102
1865;180
1866;4
1866;10
1866;28
1866;55
1866;83
1866;219
1867;5
1867;13
1867;26
1867;53
1867;83
1867;183
1868;4
1868;13
1868;28
1868;45
1868;102
1868;178
1869;4
1869;13
1869;26
1869;45
1869;106
1869;175
1870;4
1870;18
1870;27
1870;41
1870;82
1870;160
1871;4
1871;11
1871;26
1871;53
1871;80
1871;160
1872;4
1872;11
1872;27
1872;54
1872;82
1872;167
1873;4
1873;13
1873;26
1873;59
1873;86
1873;172
1874;6
1874;11
1874;27
1874;62
1874;93
1874;216
1875;4
1875;11
1875;26
1875;53
1875;142
1875;478
1876;5
1876;13
1876;27
1876;54
1876;142
1876;213
1877;6
1877;11
1877;22
1877;64
1877;95
1877;160
1878;4
1878;13
1878;27
1878;79
1878;94
1878;161
1879;4
1879;19
1879;26
1879;40
1879;114
1879;191
1880;4
1880;11
1880;30
1880;59
1880;89
1880;208
1881;4
1881;11
1881;27
1881;58
1881;88
1881;172
1882;4
1882;17
1882;26
1882;53
1882;80
1882;194
1883;4
1883;13
1883;27
1883;53
1883;80
1883;195
1884;4
1884;13
1884;25
1884;54
1884;80
1884;192
1885;4
1885;12
1885;24
1885;48
1885;95
1885;334
1886;4
1886;11
1886;22
1886;48
1886;94
1886;240
1887;4
1887;10
1887;22
1887;48
1887;89
1887;160
1888;5
1888;10
1888;26
1888;52
1888;137
1888;203
1889;5
1889;10
1889;20
1889;54
1889;135
1889;162
1890;9
1890;13
1890;30
1890;60
1890;90
1890;217
1891;9
1891;10
1891;20
1891;59
1891;118
1891;218
1892;3
1892;13
1892;39
1892;59
1892;88
1892;175
1893;3
1893;13
1893;24
1893;79
1893;120
1893;160
1894;3
1894;12
1894;20
1894;58
1894;85
1894;171
1895;3
1895;13
1895;27
1895;52
1895;157
1895;184
1896;3
1896;10
1896;24
1896;71
1896;141
1896;161
1897;6
1897;13
1897;20
1897;58
1897;136
1897;160
1898;5
1898;16
1898;27
1898;59
1898;142
1898;236
1899;4
1899;13
1899;31
1899;40
1899;148
1899;165
1900;6
1900;11
1900;31
1900;52
1900;84
1900;226
1901;4
1901;13
1901;28
1901;56
1901;111
1901;332
1902;4
1902;13
1902;27
1902;60
1902;96
1902;327
1903;4
1903;11
1903;21
1903;56
1903;142
1903;160
1904;3
1904;11
1904;30
1904;62
1904;124
1904;219
1905;3
1905;15
1905;29
1905;58
1905;117
1905;323
1906;3
1906;13
1906;32
1906;71
1906;95
1906;215
1907;3
1907;10
1907;26
1907;53
1907;105
1907;296
1908;3
1908;10
1908;29
1908;59
1908;89
1908;208
1909;4
1909;17
1909;22
1909;60
1909;119
1909;208
1910;5
1910;18
1910;22
1910;55
1910;89
1910;204
1911;4
1911;13
1911;22
1911;78
1911;103
1911;220
1912;6
1912;10
1912;22
1912;54
1912;81
1912;191
1913;4
1913;18
1913;22
1913;54
1913;81
1913;215
1914;5
1914;13
1914;22
1914;70
1914;88
1914;289
1915;4
1915;13
1915;22
1915;45
1915;90
1915;224
1916;4
1916;13
1916;22
1916;45
1916;91
1916;226
1917;4
1917;13
1917;30
1917;41
1917;90
1917;243
1918;5
1918;11
1918;26
1918;44
1918;136
1918;221
1919;4
1919;13
1919;27
1919;55
1919;109
1919;160
1920;4
1920;15
1920;29
1920;70
1920;88
1920;316
1921;5
1921;12
1921;30
1921;59
1921;88
1921;250
1922;4
1922;11
1922;22
1922;45
1922;86
1922;246
1923;4
1923;19
1923;33
1923;40
1923;128
1923;196
1924;5
1924;13
1924;22
1924;71
1924;126
1924;219
1925;4
1925;17
1925;22
1925;52
1925;104
1925;194
1926;4
1926;19
1926;29
1926;41
1926;112
1926;186
1927;4
1927;11
1927;39
1927;41
1927;132
1927;177
1928;4
1928;19
1928;20
1928;41
1928;87
1928;185
1929;4
1929;19
1929;22
1929;41
1929;91
1929;183
1930;4
1930;13
1930;22
1930;47
1930;95
1930;166
1931;4
1931;18
1931;23
1931;46
1931;93
1931;163
1932;9
1932;10
1932;22
1932;44
1932;111
1932;184
1933;5
1933;13
1933;22
1933;52
1933;101
1933;181
1934;4
1934;19
1934;20
1934;45
1934;111
1934;165
1935;9
1935;12
1935;25
1935;52
1935;80
1935;180
1936;5
1936;12
1936;20
1936;79
1936;105
1936;206
1937;4
1937;12
1937;24
1937;59
1937;89
1937;325
1938;4
1938;12
1938;24
1938;62
1938;86
1938;172
1939;4
1939;12
1939;20
1939;72
1939;88
1939;167
1940;4
1940;12
1940;23
1940;58
1940;88
1940;324
1941;4
1941;11
1941;21
1941;56
1941;142
1941;173
1942;4
1942;11
1942;20
1942;79
1942;105
1942;160
1943;4
1943;12
1943;24
1943;69
1943;92
1943;160
1944;6
1944;10
1944;39
1944;60
1944;141
1944;204
1945;5
1945;18
1945;20
1945;40
1945;143
1945;229
1946;4
1946;10
1946;20
1946;40
1946;134
1946;204
1947;6
1947;11
1947;20
1947;48
1947;95
1947;240
1948;5
1948;10
1948;25
1948;71
1948;138
1948;219
1949;5
1949;10
1949;25
1949;50
1949;97
1949;219
1950;5
1950;11
1950;23
1950;47
1950;92
1950;161
1951;5
1951;11
1951;20
1951;47
1951;98
1951;218
1952;5
1952;15
1952;20
1952;47
1952;105
1952;176
1953;5
1953;15
1953;35
1953;48
1953;97
1953;215
1954;5
1954;15
1954;24
1954;71
1954;95
1954;213
1955;5
1955;10
1955;24
1955;45
1955;92
1955;306
1956;5
1956;11
1956;27
1956;78
1956;106
1956;270
1957;5
1957;10
1957;31
1957;79
1957;138
1957;309
1958;4
1958;10
1958;32
1958;71
1958;92
1958;216
1959;5
1959;10
1959;22
1959;45
1959;141
1959;207
1960;4
1960;13
1960;22
1960;45
1960;141
1960;318
1961;4
1961;13
1961;22
1961;78
1961;106
1961;176
1962;4
1962;13
1962;35
1962;70
1962;89
1962;176
1963;4
1963;13
1963;22
1963;67
1963;141
1963;204
1964;4
1964;13
1964;36
1964;40
1964;143
1964;313
1965;4
1965;11
1965;36
1965;71
1965;106
1965;320
1966;4
1966;13
1966;31
1966;64
1966;93
1966;251
1967;4
1967;13
1967;30
1967;58
1967;88
1967;212
1968;5
1968;12
1968;30
1968;44
1968;106
1968;168
1969;4
1969;11
1969;22
1969;44
1969;111
1969;170
1970;4
1970;12
1970;29
1970;45
1970;133
1970;169
1971;5
1971;13
1971;26
1971;52
1971;106
1971;185
1972;4
1972;13
1972;26
1972;53
1972;80
1972;239
1973;4
1973;13
1973;26
1973;61
1973;119
1973;179
1974;4
1974;11
1974;20
1974;59
1974;87
1974;168
1975;4
1975;13
1975;24
1975;45
1975;142
1975;165
1976;4
1976;15
1976;28
1976;56
1976;83
1976;166
1977;4
1977;13
1977;26
1977;52
1977;130
1977;233
1978;4
1978;13
1978;23
1978;44
1978;106
1978;167
1979;4
1979;10
1979;22
1979;57
1979;121
1979;344
1980;9
1980;10
1980;26
1980;62
1980;122
1980;340
1981;8
1981;13
1981;20
1981;44
1981;140
1981;308
1982;9
1982;10
1982;33
1982;60
1982;148
1982;180
1983;5
1983;16
1983;20
1983;79
1983;80
1983;311
1984;4
1984;16
1984;20
1984;72
1984;96
1984;219
1985;4
1985;19
1985;20
1985;70
1985;94
1985;219
1986;4
1986;19
1986;20
1986;79
1986;118
1986;216
1987;4
1987;16
1987;20
1987;79
1987;80
1987;215
1988;4
1988;11
1988;21
1988;45
1988;142
1988;175
1989;4
1989;12
1989;20
1989;46
1989;142
1989;177
1990;4
1990;12
1990;24
1990;51
1990;128
1990;170
1991;6
1991;10
1991;23
1991;46
1991;114
1991;205
1992;4
1992;12
1992;20
1992;50
1992;127
1992;333
1993;4
1993;12
1993;20
1993;47
1993;96
1993;208
1994;6
1994;10
1994;20
1994;47
1994;118
1994;239
1995;5
1995;10
1995;20
1995;47
1995;121
1995;177
1996;5
1996;10
1996;25
1996;47
1996;96
1996;401
1997;5
1997;11
1997;20
1997;74
1997;120
1997;167
1998;5
1998;10
1998;20
1998;75
1998;125
1998;327
1999;5
1999;10
1999;20
1999;79
1999;85
1999;165
2000;4
2000;10
2000;20
2000;63
2000;95
2000;221
2001;5
2001;15
2001;24
2001;72
2001;144
2001;217
2002;5
2002;15
2002;24
2002;47
2002;133
2002;189
2003;5
2003;18
2003;22
2003;48
2003;95
2003;238
2004;4
2004;18
2004;22
2004;70
2004;92
2004;174
2005;5
2005;18
2005;22
2005;71
2005;142
2005;177
2006;5
2006;10
2006;35
2006;70
2006;142
2006;178
2007;4
2007;13
2007;30
2007;60
2007;90
2007;181
2008;4
2008;10
2008;30
2008;59
2008;89
2008;207
2009;4
2009;13
2009;30
2009;60
2009;89
2009;209
2010;4
2010;13
2010;30
2010;60
2010;89
2010;177
2011;4
2011;18
2011;20
2011;40
2011;155
2011;184
2012;4
2012;11
2012;27
2012;58
2012;86
2012;173
2013;4
2013;13
2013;29
2013;56
2013;141
2013;207
2014;9
2014;15
2014;21
2014;62
2014;122
2014;241
2015;5
2015;13
2015;22
2015;60
2015;120
2015;175
2016;4
2016;10
2016;35
2016;59
2016;118
2016;206
2017;9
2017;13
2017;32
2017;56
2017;95
2017;201
2018;5
2018;13
2018;31
2018;53
2018;80
2018;308
2019;4
2019;13
2019;22
2019;53
2019;80
2019;346
2020;9
2020;12
2020;21
2020;53
2020;88
2020;234
2021;4
2021;11
2021;28
2021;53
2021;159
2021;160
2022;4
2022;15
2022;35
2022;53
2022;89
2022;160
2023;4
2023;12
2023;23
2023;54
2023;106
2023;223
2024;4
2024;11
2024;22
2024;53
2024;106
2024;165
2025;4
2025;13
2025;22
2025;52
2025;128
2025;438
2026;4
2026;13
2026;20
2026;53
2026;106
2026;177
2027;9
2027;15
2027;31
2027;54
2027;108
2027;325
2028;4
2028;15
2028;20
2028;53
2028;94
2028;319
2029;6
2029;10
2029;25
2029;48
2029;94
2029;315
2030;4
2030;12
2030;23
2030;47
2030;93
2030;427
2031;4
2031;12
2031;24
2031;48
2031;94
2031;301
2032;4
2032;19
2032;20
2032;47
2032;141
2032;179
2033;4
2033;12
2033;23
2033;47
2033;94
2033;309
2034;4
2034;16
2034;23
2034;71
2034;95
2034;213
2035;4
2035;11
2035;23
2035;69
2035;138
2035;162
2036;4
2036;13
2036;23
2036;73
2036;123
2036;164
2037;4
2037;12
2037;23
2037;70
2037;135
2037;169
2038;6
2038;10
2038;23
2038;69
2038;138
2038;160
2039;4
2039;12
2039;23
2039;49
2039;96
2039;172
2040;4
2040;12
2040;32
2040;69
2040;94
2040;208
2041;6
2041;10
2041;20
2041;50
2041;97
2041;220
2042;4
2042;15
2042;24
2042;47
2042;94
2042;186
2043;5
2043;15
2043;24
2043;74
2043;98
2043;172
2044;5
2044;11
2044;23
2044;74
2044;99
2044;323
2045;5
2045;10
2045;24
2045;68
2045;91
2045;162
2046;5
2046;10
2046;24
2046;71
2046;107
2046;179
2047;5
2047;15
2047;23
2047;47
2047;146
2047;160
2048;5
2048;10
2048;23
2048;79
2048;159
2048;160
2049;5
2049;13
2049;24
2049;79
2049;158
2049;160
2050;9
2050;10
2050;36
2050;71
2050;142
2050;178
2051;5
2051;10
2051;22
2051;70
2051;104
2051;174
2052;4
2052;10
2052;27
2052;72
2052;109
2052;290
2053;5
2053;10
2053;27
2053;72
2053;103
2053;319
2054;4
2054;10
2054;27
2054;72
2054;108
2054;324
2055;4
2055;18
2055;26
2055;49
2055;111
2055;251
2056;4
2056;18
2056;27
2056;44
2056;132
2056;179
2057;4
2057;18
2057;35
2057;45
2057;104
2057;180
2058;4
2058;12
2058;23
2058;52
2058;111
2058;162
2059;4
2059;11
2059;27
2059;53
2059;111
2059;163
2060;4
2060;13
2060;26
2060;60
2060;150
2060;177
2061;9
2061;10
2061;27
2061;60
2061;149
2061;161
2062;5
2062;18
2062;22
2062;45
2062;111
2062;175
2063;4
2063;18
2063;22
2063;45
2063;80
2063;442
2064;6
2064;12
2064;22
2064;65
2064;126
2064;200
2065;5
2065;18
2065;22
2065;63
2065;126
2065;315
2066;4
2066;18
2066;27
2066;44
2066;133
2066;161
2067;4
2067;11
2067;21
2067;44
2067;112
2067;164
2068;4
2068;11
2068;27
2068;59
2068;150
2068;173
2069;4
2069;14
2069;26
2069;48
2069;89
2069;165
2070;4
2070;15
2070;29
2070;56
2070;88
2070;206
2071;4
2071;14
2071;26
2071;56
2071;158
2071;163
2072;4
2072;13
2072;22
2072;58
2072;144
2072;175
2073;4
2073;12
2073;23
2073;48
2073;143
2073;178
2074;4
2074;11
2074;22
2074;48
2074;122
2074;167
2075;5
2075;10
2075;22
2075;42
2075;127
2075;340
2076;6
2076;12
2076;27
2076;43
2076;84
2076;225
2077;4
2077;12
2077;24
2077;55
2077;83
2077;191
2078;4
2078;12
2078;20
2078;47
2078;100
2078;206
2079;4
2079;12
2079;20
2079;40
2079;142
2079;215
2080;4
2080;12
2080;20
2080;55
2080;153
2080;328
2081;4
2081;16
2081;24
2081;40
2081;145
2081;162
2082;4
2082;11
2082;20
2082;52
2082;157
2082;184
2083;4
2083;11
2083;20
2083;58
2083;86
2083;166
2084;4
2084;15
2084;20
2084;60
2084;149
2084;210
2085;5
2085;12
2085;35
2085;59
2085;141
2085;166
2086;4
2086;16
2086;20
2086;59
2086;119
2086;426
2087;4
2087;14
2087;20
2087;60
2087;128
2087;469
2088;6
2088;14
2088;20
2088;64
2088;94
2088;161
2089;4
2089;16
2089;20
2089;61
2089;92
2089;179
2090;4
2090;13
2090;21
2090;62
2090;123
2090;240
2091;4
2091;11
2091;29
2091;40
2091;87
2091;177
2092;4
2092;12
2092;20
2092;40
2092;148
2092;176
2093;4
2093;14
2093;25
2093;52
2093;88
2093;173
2094;4
2094;16
2094;28
2094;56
2094;84
2094;166
2095;4
2095;12
2095;26
2095;56
2095;144
2095;174
2096;3
2096;13
2096;24
2096;49
2096;118
2096;235
2097;4
2097;13
2097;23
2097;46
2097;94
2097;323
2098;4
2098;13
2098;22
2098;67
2098;140
2098;176
2099;9
2099;13
2099;23
2099;58
2099;123
2099;210
2100;5
2100;17
2100;23
2100;45
2100;96
2100;216
2101;4
2101;13
2101;22
2101;45
2101;123
2101;165
2102;4
2102;14
2102;22
2102;44
2102;111
2102;218
2103;4
2103;13
2103;22
2103;45
2103;159
2103;162
2104;4
2104;14
2104;22
2104;45
2104;138
2104;163
2105;4
2105;12
2105;21
2105;53
2105;111
2105;160
2106;4
2106;12
2106;23
2106;56
2106;141
2106;167
2107;4
2107;14
2107;22
2107;58
2107;146
2107;174
2108;6
2108;10
2108;22
2108;58
2108;117
2108;179
2109;5
2109;13
2109;22
2109;67
2109;89
2109;430
2110;4
2110;18
2110;22
2110;45
2110;80
2110;424
2111;7
2111;10
2111;37
2111;56
2111;111
2111;164
2112;5
2112;19
2112;20
2112;79
2112;80
2112;178
2113;4
2113;18
2113;22
2113;44
2113;142
2113;165
2114;4
2114;11
2114;21
2114;40
2114;80
2114;165
2115;4
2115;11
2115;21
2115;43
2115;87
2115;171
2116;4
2116;18
2116;22
2116;44
2116;112
2116;166
2117;4
2117;11
2117;24
2117;48
2117;112
2117;191
2118;4
2118;11
2118;22
2118;48
2118;142
2118;166
2119;4
2119;14
2119;21
2119;44
2119;94
2119;162
2120;5
2120;11
2120;22
2120;52
2120;104
2120;178
2121;4
2121;13
2121;28
2121;55
2121;135
2121;301
2122;5
2122;13
2122;22
2122;44
2122;81
2122;288
2123;9
2123;14
2123;22
2123;54
2123;82
2123;163
2124;9
2124;18
2124;28
2124;56
2124;83
2124;247
2125;9
2125;18
2125;29
2125;59
2125;88
2125;235
2126;9
2126;18
2126;31
2126;62
2126;93
2126;248
2127;9
2127;18
2127;30
2127;59
2127;89
2127;241
2128;1
2128;17
2128;25
2128;52
2128;153
2128;161
2129;9
2129;18
2129;28
2129;56
2129;84
2129;167
2130;2
2130;10
2130;25
2130;73
2130;144
2130;160
2131;1
2131;19
2131;22
2131;65
2131;141
2131;167
2132;9
2132;19
2132;20
2132;60
2132;142
2132;221
2133;2
2133;15
2133;20
2133;70
2133;139
2133;161
2134;1
2134;19
2134;39
2134;75
2134;142
2134;163
2135;0
2135;10
2135;22
2135;69
2135;120
2135;240
2136;1
2136;10
2136;22
2136;66
2136;120
2136;240
2137;1
2137;10
2137;22
2137;68
2137;152
2137;328
2138;1
2138;10
2138;20
2138;71
2138;120
2138;240
2139;0
2139;10
2139;20
2139;73
2139;121
2139;167
2140;0
2140;11
2140;20
2140;65
2140;81
2140;240
