0;9
0;15
0;28
0;53
0;136
0;162
1;6
1;14
1;27
1;42
1;109
1;190
2;7
2;19
2;39
2;40
2;90
2;164
3;5
3;19
3;38
3;40
3;101
3;208
4;7
4;19
4;37
4;50
4;136
4;160
5;2
5;19
5;28
5;50
5;93
5;284
6;2
6;10
6;25
6;47
6;123
6;217
7;2
7;19
7;25
7;50
7;153
7;186
8;6
8;10
8;20
8;50
8;143
8;179
9;3
9;11
9;21
9;47
9;129
9;199
10;7
10;10
10;37
10;58
10;156
10;194
11;7
11;12
11;37
11;44
11;152
11;511
12;2
12;14
12;22
12;60
12;120
12;393
13;7
13;11
13;20
13;60
13;137
13;195
14;5
14;10
14;21
14;55
14;136
14;200
15;9
15;16
15;31
15;40
15;90
15;396
16;9
16;11
16;35
16;55
16;115
16;262
17;2
17;10
17;30
17;52
17;122
17;187
18;5
18;13
18;24
18;42
18;92
18;178
19;8
19;15
19;20
19;45
19;89
19;213
20;6
20;15
20;25
20;50
20;116
20;179
21;7
21;19
21;20
21;41
21;116
21;199
22;9
22;14
22;39
22;40
22;119
22;198
23;8
23;12
23;39
23;40
23;120
23;198
24;2
24;15
24;39
24;40
24;120
24;201
25;2
25;12
25;20
25;40
25;126
25;199
26;8
26;13
26;31
26;48
26;113
26;196
27;7
27;14
27;28
27;44
27;114
27;160
28;6
28;14
28;30
28;59
28;113
28;169
29;6
29;12
29;30
29;59
29;119
29;182
30;8
30;12
30;30
30;60
30;113
30;208
31;2
31;12
31;30
31;60
31;90
31;406
32;9
32;19
32;30
32;59
32;119
32;193
33;9
33;18
33;29
33;45
33;158
33;182
34;9
34;14
34;20
34;59
34;157
34;160
35;5
35;19
35;20
35;47
35;148
35;195
36;2
36;15
36;27
36;46
36;94
36;195
37;6
37;14
37;34
37;71
37;93
37;231
38;8
38;14
38;27
38;67
38;103
38;375
39;8
39;13
39;20
39;51
39;89
39;196
40;3
40;18
40;20
40;51
40;115
40;195
41;9
41;19
41;20
41;50
41;116
41;190
42;5
42;14
42;39
42;40
42;119
42;199
43;9
43;12
43;39
43;40
43;120
43;198
44;2
44;15
44;39
44;40
44;120
44;203
45;9
45;14
45;20
45;49
45;145
45;199
46;8
46;14
46;22
46;46
46;113
46;196
47;5
47;19
47;20
47;56
47;92
47;171
48;9
48;10
48;31
48;42
48;81
48;180
49;9
49;18
49;26
49;41
49;113
49;172
50;6
50;18
50;24
50;42
50;116
50;178
51;7
51;11
51;24
51;64
51;115
51;199
52;6
52;14
52;36
52;64
52;116
52;188
53;2
53;12
53;36
53;46
53;120
53;190
54;5
54;13
54;30
54;48
54;80
54;165
55;7
55;10
55;30
55;41
55;155
55;194
56;5
56;13
56;20
56;44
56;140
56;511
57;8
57;19
57;20
57;45
57;96
57;393
58;7
58;10
58;20
58;43
58;92
58;160
59;9
59;10
59;31
59;57
59;81
59;178
60;9
60;18
60;20
60;43
60;129
60;172
61;7
61;17
61;23
61;41
61;113
61;213
62;6
62;10
62;24
62;64
62;115
62;200
63;5
63;12
63;22
63;64
63;116
63;164
64;2
64;15
64;36
64;70
64;112
64;190
65;6
65;10
65;20
65;43
65;92
65;165
66;2
66;11
66;30
66;42
66;90
66;397
67;9
67;14
67;20
67;47
67;143
67;177
68;7
68;10
68;26
68;45
68;159
68;186
69;5
69;11
69;31
69;40
69;80
69;203
70;5
70;14
70;30
70;40
70;80
70;165
71;6
71;15
71;25
71;40
71;80
71;226
72;9
72;15
72;30
72;40
72;80
72;187
73;3
73;14
73;30
73;40
73;80
73;199
74;7
74;12
74;30
74;41
74;121
74;162
75;7
75;19
75;20
75;76
75;107
75;188
76;8
76;14
76;30
76;40
76;144
76;167
77;7
77;10
77;30
77;40
77;80
77;201
78;8
78;14
78;30
78;40
78;80
78;162
79;8
79;13
79;20
79;60
79;80
79;210
80;5
80;13
80;30
80;40
80;80
80;167
81;4
81;12
81;30
81;40
81;80
81;179
82;6
82;12
82;39
82;40
82;80
82;186
83;8
83;10
83;30
83;40
83;80
83;204
84;5
84;13
84;30
84;40
84;80
84;160
85;6
85;10
85;30
85;40
85;80
85;204
86;9
86;10
86;30
86;40
86;80
86;196
87;8
87;10
87;30
87;40
87;80
87;169
88;8
88;11
88;30
88;60
88;80
88;166
89;6
89;10
89;30
89;40
89;80
89;203
90;8
90;19
90;30
90;40
90;80
90;207
91;8
91;15
91;20
91;60
91;82
91;172
92;8
92;15
92;30
92;45
92;104
92;319
93;8
93;17
93;33
93;50
93;134
93;289
94;9
94;17
94;33
94;50
94;134
94;289
95;8
95;17
95;20
95;40
95;99
95;239
96;8
96;19
96;20
96;40
96;80
96;239
97;9
97;15
97;20
97;40
97;80
97;239
98;7
98;19
98;20
98;40
98;80
98;199
99;8
99;10
99;20
99;40
99;80
99;199
100;5
100;19
100;20
100;40
100;80
100;199
101;9
101;19
101;20
101;79
101;80
101;199
102;9
102;19
102;20
102;40
102;80
102;199
103;9
103;15
103;20
103;59
103;89
103;179
104;9
104;15
104;20
104;40
104;89
104;198
105;9
105;17
105;34
105;40
105;152
105;236
106;9
106;17
106;34
106;41
106;80
106;237
107;8
107;17
107;23
107;46
107;137
107;160
108;8
108;17
108;24
108;49
108;121
108;242
109;0
109;17
109;25
109;50
109;126
109;226
110;9
110;15
110;23
110;50
110;127
110;252
111;7
111;12
111;26
111;53
111;132
111;212
112;4
112;12
112;27
112;53
112;133
112;269
113;8
113;12
113;22
113;45
113;89
113;267
114;0
114;12
114;22
114;45
114;90
114;202
115;4
115;12
115;22
115;45
115;89
115;268
116;2
116;12
116;22
116;40
116;89
116;270
117;8
117;12
117;30
117;40
117;89
117;270
118;8
118;13
118;25
118;40
118;89
118;269
119;5
119;15
119;30
119;45
119;148
119;266
120;8
120;14
120;25
120;40
120;80
120;440
121;1
121;17
121;34
121;59
121;119
121;221
122;9
122;17
122;21
122;73
122;82
122;188
123;1
123;19
123;20
123;40
123;80
123;201
124;6
124;12
124;23
124;45
124;91
124;227
125;6
125;12
125;22
125;45
125;112
125;225
126;9
126;19
126;26
126;51
126;101
126;211
127;9
127;17
127;30
127;40
127;81
127;210
128;8
128;19
128;20
128;41
128;81
128;266
129;9
129;19
129;20
129;40
129;80
129;180
130;8
130;15
130;20
130;40
130;100
130;261
131;5
131;19
131;20
131;59
131;150
131;275
132;5
132;17
132;20
132;40
132;80
132;268
133;9
133;17
133;20
133;40
133;80
133;453
134;8
134;15
134;20
134;45
134;123
134;239
135;7
135;15
135;20
135;40
135;99
135;199
136;8
136;17
136;20
136;50
136;80
136;236
137;8
137;19
137;20
137;40
137;80
137;317
138;8
138;17
138;34
138;52
138;136
138;268
139;8
139;17
139;34
139;51
139;118
139;323
140;8
140;15
140;30
140;45
140;105
140;270
141;8
141;14
141;27
141;45
141;134
141;245
142;8
142;15
142;30
142;45
142;120
142;239
143;5
143;10
143;20
143;60
143;80
143;434
144;9
144;12
144;25
144;51
144;152
144;239
145;9
145;10
145;30
145;60
145;80
145;221
146;9
146;15
146;30
146;45
146;90
146;269
147;9
147;15
147;29
147;45
147;105
147;269
148;9
148;13
148;25
148;75
148;150
148;175
149;9
149;12
149;24
149;49
149;147
149;448
150;9
150;13
150;25
150;51
150;151
150;252
151;9
151;12
151;25
151;62
151;151
151;255
152;9
152;11
152;22
152;68
152;135
152;250
153;9
153;19
153;23
153;73
153;115
153;188
154;9
154;13
154;25
154;50
154;113
154;234
155;9
155;13
155;25
155;50
155;114
155;241
156;9
156;11
156;22
156;55
156;122
156;233
157;9
157;11
157;22
157;45
157;146
157;247
158;9
158;11
158;22
158;45
158;145
158;181
159;9
159;11
159;22
159;45
159;80
159;245
160;9
160;11
160;30
160;40
160;80
160;187
161;8
161;13
161;20
161;40
161;101
161;317
162;6
162;19
162;20
162;40
162;80
162;347
163;9
163;19
163;20
163;40
163;155
163;331
164;9
164;19
164;20
164;40
164;146
164;321
165;9
165;16
165;30
165;45
165;95
165;330
166;9
166;10
166;30
166;59
166;89
166;330
167;9
167;16
167;30
167;59
167;89
167;330
168;9
168;10
168;30
168;59
168;149
168;239
169;8
169;17
169;22
169;46
169;159
169;160
170;8
170;17
170;23
170;45
170;159
170;182
171;9
171;18
171;25
171;50
171;101
171;227
172;7
172;19
172;25
172;51
172;101
172;228
173;8
173;12
173;27
173;53
173;119
173;163
174;5
174;12
174;30
174;50
174;119
174;270
175;8
175;12
175;23
175;46
175;119
175;254
176;1
176;12
176;22
176;67
176;112
176;270
177;0
177;12
177;22
177;45
177;112
177;270
178;2
178;12
178;22
178;45
178;90
178;270
179;9
179;13
179;25
179;61
179;85
179;160
180;6
180;12
180;25
180;60
180;119
180;160
181;3
181;15
181;30
181;45
181;149
181;270
182;9
182;14
182;29
182;44
182;134
182;402
183;2
183;17
183;34
183;51
183;136
183;254
184;0
184;17
184;34
184;40
184;81
184;179
185;7
185;19
185;20
185;40
185;80
185;180
186;2
186;12
186;22
186;43
186;80
186;200
187;3
187;12
187;23
187;45
187;113
187;248
188;9
188;17
188;23
188;60
188;120
188;254
189;8
189;12
189;24
189;60
189;80
189;457
190;9
190;19
190;20
190;60
190;80
190;160
191;9
191;19
191;20
191;61
191;141
191;243
192;9
192;16
192;20
192;60
192;141
192;261
193;7
193;19
193;20
193;60
193;140
193;261
194;4
194;19
194;20
194;58
194;137
194;239
195;9
195;17
195;20
195;50
195;121
195;260
196;9
196;13
196;27
196;59
196;80
196;246
197;8
197;15
197;30
197;60
197;80
197;251
198;8
198;16
198;32
198;60
198;120
198;234
199;0
199;16
199;20
199;60
199;148
199;246
200;9
200;18
200;23
200;76
200;108
200;188
201;8
201;17
201;34
201;50
201;101
201;185
202;5
202;15
202;31
202;50
202;82
202;201
203;2
203;15
203;30
203;45
203;120
203;226
204;8
204;15
204;20
204;46
204;119
204;239
205;5
205;17
205;20
205;52
205;105
205;244
206;9
206;19
206;20
206;60
206;80
206;242
207;9
207;19
207;20
207;40
207;80
207;242
208;9
208;19
208;20
208;40
208;80
208;240
209;9
209;19
209;20
209;40
209;119
209;218
210;9
210;19
210;20
210;40
210;120
210;240
211;9
211;19
211;20
211;40
211;120
211;241
212;9
212;10
212;21
212;44
212;107
212;244
213;9
213;10
213;22
213;40
213;111
213;264
214;9
214;10
214;20
214;40
214;80
214;240
215;9
215;10
215;20
215;40
215;120
215;206
216;9
216;15
216;30
216;45
216;82
216;172
217;9
217;15
217;30
217;45
217;120
217;226
218;9
218;17
218;33
218;50
218;135
218;202
219;9
219;17
219;21
219;50
219;84
219;243
220;8
220;15
220;20
220;40
220;100
220;239
221;9
221;15
221;20
221;40
221;119
221;239
222;9
222;17
222;20
222;51
222;84
222;236
223;7
223;14
223;30
223;40
223;146
223;180
224;8
224;19
224;20
224;40
224;139
224;240
225;5
225;19
225;20
225;60
225;101
225;199
226;9
226;19
226;20
226;60
226;99
226;238
227;9
227;19
227;20
227;40
227;80
227;241
228;9
228;15
228;30
228;40
228;80
228;239
229;9
229;19
229;30
229;60
229;149
229;242
230;9
230;15
230;30
230;40
230;150
230;338
231;9
231;14
231;30
231;40
231;108
231;226
232;8
232;14
232;20
232;40
232;100
232;221
233;8
233;19
233;20
233;60
233;100
233;340
234;7
234;19
234;20
234;60
234;100
234;339
235;6
235;16
235;20
235;60
235;141
235;241
236;7
236;17
236;20
236;60
236;158
236;163
237;8
237;19
237;20
237;60
237;120
237;264
238;8
238;19
238;20
238;40
238;80
238;245
239;8
239;19
239;20
239;77
239;133
239;236
240;8
240;15
240;20
240;60
240;80
240;240
241;8
241;15
241;20
241;60
241;80
241;240
242;8
242;19
242;20
242;60
242;80
242;240
243;8
243;19
243;20
243;59
243;80
243;239
244;8
244;15
244;22
244;60
244;80
244;243
245;8
245;14
245;30
245;50
245;80
245;417
246;8
246;17
246;30
246;60
246;80
246;440
247;8
247;19
247;22
247;73
247;82
247;172
248;9
248;19
248;20
248;60
248;120
248;180
249;8
249;19
249;20
249;60
249;158
249;160
250;8
250;15
250;20
250;60
250;141
250;161
251;9
251;19
251;20
251;60
251;99
251;336
252;8
252;19
252;20
252;60
252;99
252;339
253;1
253;17
253;34
253;50
253;84
253;169
254;8
254;17
254;34
254;51
254;135
254;321
255;8
255;13
255;39
255;40
255;100
255;240
256;5
256;15
256;20
256;60
256;120
256;239
257;4
257;17
257;21
257;60
257;119
257;161
258;8
258;13
258;27
258;40
258;120
258;181
259;8
259;19
259;20
259;40
259;150
259;179
260;8
260;19
260;20
260;40
260;150
260;179
261;8
261;14
261;20
261;40
261;119
261;199
262;8
262;13
262;20
262;40
262;120
262;199
263;8
263;19
263;20
263;60
263;80
263;172
264;8
264;19
264;20
264;79
264;99
264;237
265;8
265;19
265;20
265;60
265;80
265;241
266;8
266;19
266;20
266;79
266;80
266;217
267;8
267;10
267;20
267;79
267;80
267;219
268;5
268;18
268;20
268;59
268;80
268;249
269;9
269;17
269;34
269;51
269;120
269;256
270;9
270;10
270;20
270;60
270;120
270;310
271;9
271;19
271;20
271;40
271;100
271;222
272;9
272;16
272;21
272;42
272;106
272;237
273;9
273;10
273;22
273;45
273;90
273;247
274;9
274;17
274;23
274;44
274;114
274;247
275;9
275;19
275;25
275;50
275;101
275;176
276;9
276;19
276;25
276;51
276;152
276;177
277;9
277;18
277;23
277;51
277;138
277;202
278;9
278;19
278;21
278;73
278;116
278;172
279;9
279;10
279;20
279;60
279;144
279;167
280;9
280;10
280;30
280;60
280;129
280;160
281;9
281;10
281;30
281;60
281;159
281;160
282;9
282;13
282;27
282;40
282;120
282;183
283;9
283;15
283;30
283;60
283;135
283;178
284;9
284;16
284;33
284;60
284;149
284;186
285;9
285;17
285;34
285;60
285;149
285;179
286;8
286;13
286;20
286;60
286;149
286;240
287;6
287;19
287;20
287;40
287;99
287;258
288;4
288;19
288;20
288;40
288;80
288;200
289;9
289;19
289;20
289;60
289;80
289;260
290;9
290;17
290;30
290;40
290;119
290;256
291;8
291;19
291;20
291;60
291;119
291;239
292;9
292;15
292;20
292;60
292;148
292;180
293;9
293;15
293;20
293;41
293;119
293;179
294;8
294;19
294;20
294;77
294;136
294;172
295;8
295;15
295;20
295;79
295;138
295;237
296;8
296;15
296;20
296;79
296;80
296;238
297;8
297;15
297;20
297;79
297;80
297;239
298;8
298;16
298;20
298;40
298;134
298;234
299;5
299;16
299;20
299;40
299;140
299;235
300;8
300;19
300;20
300;40
300;80
300;219
301;8
301;19
301;20
301;40
301;80
301;219
302;8
302;19
302;20
302;59
302;80
302;297
303;8
303;19
303;20
303;59
303;80
303;276
304;8
304;15
304;20
304;61
304;81
304;304
305;8
305;19
305;20
305;59
305;80
305;295
306;8
306;19
306;20
306;60
306;81
306;277
307;8
307;19
307;20
307;40
307;101
307;282
308;9
308;17
308;34
308;51
308;137
308;272
309;8
309;17
309;34
309;41
309;137
309;240
310;8
310;18
310;22
310;46
310;112
310;230
311;8
311;17
311;24
311;48
311;99
311;247
312;8
312;17
312;23
312;47
312;120
312;271
313;8
313;18
313;23
313;45
313;136
313;271
314;8
314;19
314;20
314;41
314;121
314;223
315;8
315;17
315;21
315;41
315;101
315;232
316;9
316;19
316;23
316;45
316;90
316;225
317;9
317;15
317;23
317;45
317;89
317;223
318;7
318;19
318;20
318;45
318;90
318;225
319;4
319;16
319;20
319;45
319;89
319;222
320;0
320;17
320;20
320;50
320;100
320;225
321;9
321;18
321;22
321;45
321;90
321;223
322;8
322;19
322;20
322;41
322;101
322;226
323;8
323;19
323;20
323;59
323;99
323;238
324;9
324;19
324;20
324;51
324;84
324;317
325;9
325;18
325;20
325;76
325;96
325;205
326;8
326;16
326;30
326;50
326;80
326;167
327;8
327;18
327;30
327;60
327;82
327;182
328;8
328;17
328;30
328;40
328;80
328;178
329;8
329;13
329;20
329;40
329;97
329;244
330;5
330;19
330;20
330;40
330;120
330;225
331;9
331;19
331;20
331;40
331;100
331;160
332;9
332;19
332;20
332;40
332;134
332;209
333;9
333;19
333;20
333;40
333;119
333;199
334;9
334;19
334;20
334;40
334;119
334;212
335;9
335;19
335;20
335;40
335;104
335;165
336;9
336;19
336;20
336;40
336;134
336;218
337;9
337;10
337;20
337;40
337;120
337;206
338;9
338;10
338;30
338;40
338;150
338;259
339;9
339;10
339;30
339;40
339;80
339;261
340;9
340;10
340;30
340;40
340;120
340;302
341;9
341;19
341;20
341;79
341;80
341;160
342;9
342;19
342;20
342;60
342;81
342;161
343;9
343;17
343;30
343;67
343;80
343;202
344;9
344;17
344;30
344;67
344;84
344;201
345;8
345;19
345;20
345;41
345;159
345;160
346;8
346;19
346;20
346;60
346;158
346;160
347;9
347;19
347;21
347;40
347;120
347;180
348;9
348;10
348;20
348;40
348;120
348;180
349;8
349;10
349;28
349;40
349;80
349;179
350;4
350;10
350;30
350;60
350;89
350;175
351;5
351;19
351;22
351;67
351;135
351;168
352;6
352;19
352;30
352;40
352;159
352;168
353;4
353;10
353;30
353;61
353;149
353;238
354;5
354;10
354;30
354;60
354;149
354;269
355;5
355;10
355;30
355;60
355;90
355;271
356;5
356;10
356;30
356;60
356;120
356;169
357;5
357;10
357;30
357;61
357;154
357;246
358;5
358;10
358;22
358;67
358;101
358;166
359;9
359;10
359;34
359;60
359;101
359;268
360;9
360;11
360;26
360;49
360;101
360;168
361;4
361;19
361;23
361;69
361;138
361;160
362;8
362;18
362;23
362;70
362;139
362;162
363;4
363;19
363;25
363;75
363;125
363;225
364;8
364;15
364;25
364;75
364;125
364;225
365;8
365;19
365;20
365;75
365;125
365;225
366;8
366;19
366;20
366;75
366;126
366;227
367;8
367;19
367;25
367;75
367;125
367;225
368;8
368;11
368;23
368;48
368;94
368;209
369;8
369;11
369;23
369;48
369;134
369;210
370;8
370;11
370;22
370;45
370;134
370;246
371;8
371;13
371;30
371;45
371;90
371;248
372;8
372;17
372;20
372;60
372;140
372;180
373;8
373;19
373;20
373;59
373;119
373;179
374;8
374;19
374;20
374;61
374;80
374;180
375;8
375;19
375;20
375;40
375;80
375;160
376;8
376;19
376;20
376;60
376;80
376;160
377;8
377;15
377;30
377;60
377;80
377;160
378;8
378;15
378;29
378;60
378;80
378;475
379;4
379;13
379;30
379;60
379;80
379;179
380;8
380;11
380;27
380;60
380;150
380;257
381;3
381;17
381;33
381;51
381;159
381;168
382;3
382;19
382;20
382;40
382;140
382;280
383;3
383;19
383;20
383;40
383;80
383;160
384;3
384;16
384;22
384;68
384;158
384;248
385;3
385;17
385;20
385;67
385;89
385;245
386;3
386;17
386;22
386;60
386;89
386;267
387;3
387;17
387;22
387;67
387;135
387;248
388;3
388;10
388;23
388;60
388;159
388;180
389;3
389;11
389;23
389;45
389;119
389;179
390;3
390;15
390;25
390;50
390;125
390;275
391;3
391;15
391;25
391;59
391;125
391;251
392;5
392;10
392;30
392;50
392;100
392;250
393;5
393;10
393;30
393;50
393;100
393;251
394;5
394;10
394;30
394;50
394;100
394;251
395;5
395;10
395;25
395;50
395;100
395;250
396;5
396;10
396;22
396;67
396;134
396;291
397;5
397;10
397;23
397;45
397;134
397;160
398;5
398;19
398;20
398;40
398;100
398;179
399;7
399;12
399;21
399;49
399;102
399;239
400;4
400;10
400;20
400;45
400;104
400;210
401;5
401;10
401;30
401;45
401;101
401;179
402;5
402;10
402;30
402;45
402;100
402;179
403;5
403;10
403;20
403;41
403;119
403;167
404;5
404;10
404;30
404;45
404;159
404;160
405;5
405;10
405;30
405;45
405;150
405;210
406;5
406;10
406;30
406;45
406;150
406;179
407;5
407;15
407;29
407;40
407;149
407;180
408;5
408;10
408;33
408;50
408;152
408;181
409;5
409;10
409;30
409;50
409;89
409;262
410;5
410;10
410;30
410;60
410;90
410;262
411;8
411;12
411;20
411;60
411;145
411;262
412;4
412;10
412;20
412;60
412;159
412;160
413;5
413;11
413;30
413;60
413;80
413;180
414;2
414;10
414;30
414;60
414;80
414;262
415;8
415;10
415;22
415;44
415;90
415;210
416;4
416;10
416;22
416;44
416;111
416;243
417;5
417;10
417;22
417;45
417;89
417;245
418;5
418;10
418;23
418;45
418;135
418;225
419;5
419;10
419;24
419;50
419;159
419;172
420;5
420;10
420;27
420;53
420;90
420;184
421;5
421;10
421;30
421;60
421;90
421;180
422;5
422;10
422;30
422;59
422;80
422;179
423;5
423;11
423;23
423;59
423;119
423;180
424;3
424;14
424;30
424;46
424;80
424;183
425;4
425;15
425;20
425;49
425;80
425;198
426;4
426;15
426;20
426;50
426;80
426;201
427;4
427;15
427;20
427;50
427;80
427;201
428;4
428;13
428;20
428;50
428;151
428;177
429;4
429;10
429;30
429;60
429;90
429;388
430;4
430;10
430;30
430;50
430;80
430;176
431;4
431;15
431;25
431;50
431;125
431;210
432;4
432;17
432;23
432;46
432;114
432;270
433;4
433;19
433;20
433;60
433;121
433;262
434;8
434;19
434;20
434;40
434;119
434;258
435;8
435;19
435;20
435;60
435;140
435;160
436;8
436;19
436;20
436;59
436;139
436;180
437;8
437;19
437;20
437;40
437;140
437;220
438;8
438;18
438;30
438;40
438;147
438;180
439;4
439;17
439;30
439;50
439;150
439;210
440;4
440;14
440;30
440;40
440;80
440;286
441;4
441;19
441;30
441;40
441;150
441;421
442;4
442;11
442;20
442;41
442;135
442;160
443;4
443;19
443;20
443;40
443;89
443;221
444;3
444;19
444;20
444;40
444;150
444;221
445;3
445;19
445;38
445;41
445;119
445;241
446;3
446;19
446;20
446;65
446;150
446;214
447;3
447;17
447;20
447;67
447;133
447;221
448;3
448;17
448;23
448;68
448;135
448;226
449;3
449;17
449;22
449;66
449;133
449;221
450;3
450;19
450;20
450;46
450;135
450;180
451;3
451;15
451;20
451;50
451;125
451;180
452;3
452;19
452;30
452;40
452;80
452;245
453;3
453;19
453;20
453;40
453;89
453;200
454;9
454;10
454;22
454;45
454;134
454;238
455;5
455;10
455;22
455;45
455;111
455;245
456;5
456;10
456;30
456;45
456;111
456;239
457;5
457;10
457;30
457;60
457;119
457;238
458;5
458;10
458;20
458;60
458;99
458;238
459;5
459;10
459;20
459;40
459;120
459;235
460;5
460;19
460;20
460;40
460;80
460;160
461;3
461;19
461;20
461;59
461;119
461;470
462;8
462;10
462;30
462;40
462;80
462;181
463;3
463;10
463;39
463;40
463;90
463;242
464;5
464;10
464;20
464;40
464;90
464;262
465;5
465;10
465;20
465;60
465;89
465;262
466;5
466;17
466;20
466;60
466;159
466;180
467;5
467;10
467;20
467;40
467;159
467;179
468;5
468;19
468;20
468;40
468;120
468;179
469;5
469;19
469;20
469;40
469;150
469;179
470;5
470;10
470;20
470;60
470;139
470;242
471;5
471;19
471;20
471;59
471;121
471;262
472;5
472;19
472;20
472;60
472;101
472;219
473;5
473;10
473;20
473;60
473;80
473;180
474;8
474;10
474;30
474;60
474;126
474;253
475;4
475;10
475;30
475;67
475;101
475;170
476;5
476;17
476;30
476;67
476;101
476;202
477;7
477;12
477;30
477;60
477;80
477;180
478;4
478;10
478;30
478;60
478;89
478;179
479;5
479;10
479;30
479;60
479;90
479;180
480;5
480;10
480;30
480;60
480;90
480;180
481;5
481;10
481;21
481;58
481;119
481;235
482;5
482;10
482;30
482;60
482;120
482;180
483;5
483;10
483;34
483;67
483;134
483;303
484;5
484;10
484;30
484;60
484;133
484;233
485;9
485;11
485;21
485;47
485;80
485;226
486;4
486;18
486;30
486;46
486;90
486;181
487;8
487;19
487;30
487;49
487;119
487;196
488;4
488;19
488;20
488;50
488;101
488;176
489;8
489;19
489;20
489;50
489;126
489;176
490;8
490;17
490;25
490;50
490;101
490;176
491;8
491;13
491;25
491;50
491;151
491;176
492;8
492;17
492;30
492;40
492;90
492;180
493;8
493;15
493;24
493;50
493;147
493;250
494;8
494;17
494;23
494;45
494;90
494;180
495;8
495;19
495;21
495;59
495;157
495;175
496;8
496;19
496;20
496;60
496;100
496;180
497;8
497;17
497;20
497;61
497;82
497;160
498;8
498;19
498;20
498;60
498;158
498;279
499;8
499;19
499;20
499;60
499;150
499;210
500;8
500;10
500;30
500;40
500;80
500;180
501;8
501;15
501;30
501;40
501;159
501;160
502;8
502;15
502;30
502;79
502;80
502;199
503;4
503;12
503;26
503;40
503;80
503;240
504;4
504;12
504;24
504;49
504;134
504;160
505;5
505;12
505;20
505;59
505;150
505;246
506;3
506;18
506;30
506;54
506;126
506;307
507;3
507;19
507;20
507;40
507;80
507;242
508;3
508;19
508;20
508;40
508;80
508;240
509;3
509;19
509;22
509;45
509;112
509;272
510;3
510;17
510;22
510;45
510;89
510;268
511;3
511;17
511;22
511;45
511;90
511;269
512;3
512;17
512;23
512;67
512;113
512;267
513;3
513;19
513;25
513;50
513;127
513;180
514;3
514;18
514;30
514;50
514;127
514;179
515;3
515;19
515;30
515;51
515;80
515;210
516;3
516;19
516;20
516;60
516;150
516;240
517;5
517;10
517;30
517;54
517;81
517;160
518;5
518;10
518;30
518;79
518;132
518;160
519;5
519;10
519;30
519;75
519;150
519;175
520;5
520;10
520;30
520;75
520;149
520;224
521;5
521;10
521;30
521;75
521;150
521;225
522;5
522;10
522;25
522;75
522;125
522;227
523;5
523;15
523;25
523;75
523;150
523;250
524;7
524;12
524;20
524;75
524;101
524;228
525;4
525;10
525;22
525;45
525;150
525;202
526;5
526;10
526;20
526;40
526;100
526;210
527;5
527;10
527;20
527;40
527;150
527;210
528;5
528;10
528;20
528;41
528;139
528;168
529;5
529;15
529;30
529;60
529;90
529;180
530;5
530;10
530;30
530;45
530;80
530;262
531;5
531;10
531;29
531;60
531;80
531;240
532;5
532;10
532;30
532;60
532;119
532;262
533;5
533;10
533;30
533;60
533;80
533;300
534;5
534;10
534;30
534;79
534;80
534;300
535;5
535;10
535;30
535;79
535;80
535;239
536;8
536;12
536;20
536;40
536;90
536;180
537;4
537;18
537;20
537;60
537;144
537;160
538;5
538;19
538;20
538;40
538;120
538;262
539;2
539;19
539;20
539;60
539;120
539;180
540;8
540;10
540;22
540;45
540;153
540;449
541;4
541;10
541;22
541;67
541;89
541;244
542;5
542;10
542;22
542;67
542;89
542;246
543;5
543;10
543;22
543;67
543;89
543;300
544;5
544;10
544;22
544;60
544;159
544;180
545;5
545;10
545;26
545;53
545;90
545;263
546;5
546;10
546;30
546;60
546;90
546;270
547;5
547;10
547;30
547;60
547;150
547;271
548;5
548;12
548;23
548;60
548;159
548;160
549;3
549;19
549;30
549;60
549;89
549;249
550;4
550;12
550;30
550;75
550;125
550;251
551;4
551;13
551;30
551;75
551;125
551;250
552;4
552;13
552;30
552;50
552;126
552;251
553;4
553;13
553;20
553;50
553;126
553;251
554;4
554;13
554;30
554;75
554;125
554;251
555;8
555;18
555;24
555;50
555;98
555;251
556;8
556;14
556;25
556;50
556;100
556;226
557;8
557;13
557;23
557;45
557;113
557;247
558;8
558;17
558;22
558;45
558;112
558;246
559;8
559;16
559;21
559;43
559;135
559;474
560;8
560;15
560;20
560;41
560;121
560;180
561;8
561;19
561;20
561;40
561;80
561;179
562;8
562;15
562;20
562;40
562;81
562;261
563;8
563;10
563;30
563;60
563;150
563;179
564;4
564;17
564;33
564;50
564;134
564;180
565;4
565;17
565;33
565;50
565;117
565;200
566;4
566;17
566;34
566;50
566;117
566;180
567;8
567;18
567;20
567;40
567;136
567;200
568;4
568;19
568;30
568;60
568;80
568;160
569;3
569;15
569;30
569;40
569;150
569;459
570;3
570;13
570;30
570;60
570;80
570;450
571;3
571;19
571;30
571;60
571;80
571;451
572;3
572;17
572;22
572;45
572;134
572;268
573;3
573;17
573;23
573;45
573;135
573;247
574;3
574;16
574;22
574;44
574;134
574;223
575;3
575;19
575;20
575;46
575;136
575;160
576;3
576;15
576;20
576;60
576;90
576;249
577;3
577;19
577;22
577;64
577;153
577;300
578;3
578;19
578;20
578;60
578;159
578;161
579;9
579;10
579;22
579;69
579;91
579;300
580;5
580;10
580;30
580;66
580;89
580;239
581;5
581;10
581;20
581;60
581;80
581;160
582;5
582;10
582;20
582;60
582;80
582;160
583;5
583;10
583;20
583;60
583;81
583;243
584;5
584;10
584;20
584;60
584;80
584;239
585;5
585;10
585;23
585;60
585;80
585;241
586;9
586;19
586;23
586;69
586;136
586;254
587;8
587;10
587;24
587;60
587;124
587;272
588;3
588;10
588;25
588;50
588;125
588;275
589;5
589;10
589;25
589;50
589;125
589;277
590;5
590;10
590;22
590;60
590;125
590;241
591;5
591;17
591;20
591;50
591;99
591;180
592;5
592;10
592;22
592;45
592;89
592;160
593;5
593;10
593;20
593;40
593;119
593;257
594;5
594;19
594;20
594;40
594;150
594;278
595;5
595;19
595;20
595;40
595;141
595;280
596;5
596;19
596;20
596;60
596;139
596;238
597;5
597;10
597;20
597;40
597;139
597;257
598;5
598;19
598;20
598;60
598;140
598;160
599;8
599;19
599;20
599;60
599;139
599;239
600;9
600;19
600;20
600;60
600;120
600;240
601;9
601;19
601;20
601;60
601;121
601;242
602;9
602;19
602;20
602;60
602;139
602;239
603;9
603;19
603;37
603;60
603;119
603;190
604;8
604;18
604;35
604;45
604;139
604;244
605;9
605;17
605;30
605;40
605;120
605;181
606;9
606;16
606;30
606;40
606;80
606;179
607;8
607;18
607;30
607;40
607;80
607;180
608;8
608;19
608;30
608;60
608;80
608;160
609;7
609;17
609;30
609;60
609;80
609;180
610;7
610;19
610;28
610;60
610;108
610;210
611;8
611;18
611;28
611;59
611;105
611;179
612;9
612;19
612;28
612;40
612;117
612;179
613;8
613;15
613;30
613;40
613;117
613;179
614;8
614;15
614;30
614;40
614;99
614;239
615;9
615;19
615;30
615;60
615;89
615;181
616;8
616;16
616;30
616;40
616;119
616;240
617;8
617;19
617;30
617;59
617;89
617;178
618;8
618;19
618;30
618;40
618;119
618;160
619;8
619;19
619;30
619;40
619;100
619;160
620;8
620;19
620;30
620;40
620;119
620;160
621;8
621;19
621;25
621;40
621;119
621;160
622;8
622;19
622;30
622;40
622;89
622;160
623;8
623;19
623;30
623;40
623;120
623;160
624;8
624;19
624;30
624;40
624;90
624;180
625;8
625;19
625;25
625;40
625;90
625;238
626;9
626;15
626;28
626;40
626;89
626;160
627;9
627;15
627;30
627;40
627;101
627;176
628;7
628;15
628;25
628;60
628;89
628;239
629;9
629;15
629;30
629;60
629;101
629;180
630;8
630;19
630;27
630;44
630;109
630;199
631;9
631;15
631;21
631;42
631;123
631;179
632;8
632;16
632;32
632;43
632;99
632;201
633;5
633;17
633;33
633;42
633;100
633;223
634;8
634;16
634;33
634;44
634;104
634;179
635;8
635;17
635;33
635;67
635;101
635;160
636;8
636;17
636;33
636;40
636;100
636;179
637;3
637;17
637;33
637;43
637;99
637;219
638;9
638;19
638;20
638;40
638;100
638;160
639;7
639;19
639;20
639;40
639;119
639;160
640;7
640;19
640;30
640;40
640;100
640;160
641;8
641;18
641;29
641;40
641;90
641;232
642;9
642;15
642;27
642;45
642;80
642;194
643;9
643;19
643;24
643;45
643;98
643;179
644;9
644;15
644;20
644;45
644;102
644;179
645;9
645;15
645;25
645;45
645;101
645;179
646;9
646;15
646;25
646;45
646;100
646;179
647;9
647;15
647;25
647;60
647;101
647;179
648;9
648;15
648;25
648;40
648;80
648;179
649;9
649;15
649;25
649;40
649;101
649;179
650;9
650;15
650;25
650;40
650;80
650;350
651;9
651;15
651;25
651;79
651;80
651;305
652;9
652;15
652;25
652;60
652;90
652;382
653;9
653;19
653;21
653;45
653;106
653;189
654;8
654;15
654;30
654;60
654;104
654;195
655;8
655;19
655;30
655;60
655;80
655;194
656;8
656;17
656;20
656;60
656;80
656;185
657;8
657;13
657;30
657;79
657;80
657;160
658;6
658;19
658;20
658;79
658;80
658;371
659;4
659;19
659;20
659;40
659;80
659;160
660;8
660;15
660;20
660;40
660;149
660;179
661;9
661;12
661;20
661;40
661;149
661;199
662;5
662;19
662;20
662;40
662;80
662;199
663;4
663;19
663;20
663;40
663;150
663;199
664;9
664;19
664;20
664;40
664;80
664;199
665;8
665;19
665;20
665;40
665;90
665;269
666;9
666;15
666;30
666;40
666;89
666;241
667;9
667;17
667;20
667;40
667;89
667;199
668;9
668;17
668;20
668;40
668;83
668;197
669;9
669;18
669;21
669;40
669;82
669;225
670;8
670;17
670;22
670;45
670;89
670;199
671;8
671;17
671;25
671;50
671;151
671;252
672;9
672;19
672;30
672;40
672;81
672;422
673;9
673;12
673;30
673;40
673;80
673;495
674;5
674;12
674;39
674;40
674;119
674;269
675;4
675;12
675;23
675;47
675;94
675;270
676;1
676;12
676;22
676;44
676;111
676;244
677;8
677;12
677;22
677;45
677;90
677;314
678;3
678;12
678;39
678;40
678;80
678;241
679;2
679;19
679;20
679;41
679;101
679;201
680;7
680;12
680;30
680;40
680;80
680;160
681;9
681;13
681;25
681;40
681;80
681;160
682;0
682;13
682;30
682;40
682;80
682;305
683;9
683;18
683;25
683;40
683;150
683;164
684;9
684;13
684;29
684;40
684;115
684;415
685;8
685;19
685;22
685;44
685;110
685;172
686;8
686;12
686;22
686;45
686;88
686;224
687;0
687;12
687;25
687;50
687;101
687;247
688;7
688;13
688;25
688;75
688;101
688;229
689;8
689;12
689;30
689;40
689;80
689;176
690;9
690;13
690;30
690;40
690;80
690;243
691;8
691;19
691;20
691;59
691;99
691;316
692;9
692;12
692;20
692;60
692;80
692;160
693;7
693;17
693;20
693;67
693;83
693;200
694;4
694;17
694;20
694;40
694;80
694;202
695;3
695;17
695;20
695;40
695;80
695;204
696;9
696;18
696;20
696;60
696;80
696;247
697;8
697;15
697;20
697;40
697;80
697;449
698;7
698;19
698;20
698;40
698;80
698;315
699;9
699;19
699;20
699;40
699;120
699;199
700;9
700;19
700;35
700;76
700;108
700;203
701;8
701;16
701;34
701;51
701;84
701;167
702;8
702;15
702;30
702;40
702;144
702;293
703;7
703;15
703;30
703;45
703;105
703;209
704;9
704;12
704;30
704;45
704;150
704;239
705;5
705;15
705;30
705;45
705;150
705;242
706;4
706;13
706;25
706;50
706;100
706;239
707;9
707;13
707;25
707;51
707;141
707;254
708;9
708;12
708;25
708;50
708;148
708;164
709;9
709;13
709;39
709;51
709;80
709;192
710;9
710;15
710;30
710;45
710;89
710;240
711;9
711;15
711;29
711;45
711;80
711;348
712;9
712;13
712;25
712;51
712;112
712;198
713;9
713;13
713;25
713;40
713;80
713;206
714;9
714;11
714;22
714;44
714;155
714;170
715;9
715;10
715;20
715;40
715;80
715;160
716;6
716;12
716;24
716;46
716;119
716;172
717;9
717;11
717;22
717;44
717;88
717;195
718;9
718;13
718;25
718;51
718;151
718;165
719;9
719;13
719;25
719;50
719;124
719;201
720;9
720;12
720;23
720;56
720;107
720;192
721;9
721;11
721;22
721;56
721;110
721;199
722;9
722;15
722;30
722;45
722;149
722;180
723;9
723;19
723;30
723;40
723;149
723;179
724;8
724;10
724;20
724;40
724;80
724;199
725;4
725;19
725;20
725;40
725;119
725;199
726;9
726;10
726;20
726;40
726;150
726;199
727;9
727;19
727;20
727;40
727;149
727;160
728;9
728;15
728;30
728;59
728;149
728;239
729;9
729;16
729;30
729;59
729;119
729;239
730;9
730;16
730;30
730;59
730;149
730;176
731;9
731;19
731;30
731;76
731;107
731;225
732;8
732;18
732;22
732;44
732;111
732;200
733;8
733;18
733;25
733;50
733;126
733;252
734;9
734;17
734;25
734;50
734;80
734;251
735;9
735;12
735;20
735;40
735;159
735;172
736;6
736;12
736;30
736;50
736;119
736;269
737;4
737;12
737;30
737;50
737;112
737;270
738;3
738;12
738;25
738;67
738;133
738;221
739;5
739;12
739;30
739;67
739;89
739;222
740;2
740;12
740;22
740;67
740;90
740;225
741;9
741;19
741;20
741;40
741;119
741;255
742;9
742;12
742;25
742;59
742;80
742;255
743;1
743;13
743;25
743;40
743;80
743;328
744;8
744;14
744;25
744;40
744;90
744;208
745;9
745;17
745;34
745;51
745;102
745;204
746;6
746;16
746;33
746;49
746;116
746;182
747;9
747;17
747;20
747;73
747;140
747;172
748;7
748;19
748;20
748;60
748;80
748;160
749;8
749;12
749;22
749;67
749;90
749;225
750;0
750;13
750;22
750;68
750;136
750;227
751;8
751;19
751;26
751;51
751;156
751;160
752;9
752;19
752;24
752;72
752;81
752;211
753;8
753;19
753;20
753;40
753;80
753;160
754;8
754;19
754;20
754;59
754;80
754;257
755;9
755;12
755;20
755;56
755;95
755;251
756;5
756;17
756;20
756;50
756;83
756;199
757;3
757;17
757;20
757;50
757;84
757;288
758;7
758;13
758;26
758;40
758;80
758;246
759;8
759;19
759;20
759;60
759;80
759;179
760;8
760;15
760;30
760;60
760;80
760;223
761;8
761;17
761;34
761;60
761;80
761;203
762;9
762;16
762;20
762;45
762;119
762;186
763;8
763;17
763;20
763;40
763;119
763;172
764;8
764;19
764;20
764;59
764;80
764;175
765;8
765;17
765;34
765;51
765;84
765;202
766;9
766;17
766;33
766;50
766;98
766;197
767;7
767;19
767;20
767;44
767;80
767;244
768;4
768;19
768;23
768;47
768;98
768;247
769;9
769;10
769;25
769;51
769;102
769;229
770;9
770;10
770;25
770;49
770;100
770;224
771;9
771;19
771;22
771;45
771;89
771;202
772;9
772;19
772;22
772;44
772;89
772;203
773;9
773;19
773;39
773;40
773;80
773;241
774;9
774;17
774;33
774;50
774;84
774;185
775;9
775;16
775;20
775;67
775;83
775;259
776;9
776;10
776;20
776;40
776;120
776;160
777;9
777;10
777;20
777;40
777;159
777;160
778;9
778;19
778;20
778;41
778;116
778;226
779;9
779;15
779;30
779;45
779;145
779;167
780;9
780;16
780;30
780;60
780;158
780;165
781;9
781;17
781;34
781;50
781;158
781;191
782;9
782;17
782;20
782;40
782;122
782;242
783;8
783;15
783;20
783;45
783;90
783;239
784;9
784;16
784;33
784;50
784;82
784;205
785;9
785;15
785;30
785;60
785;149
785;272
786;9
786;11
786;21
786;40
786;149
786;160
787;5
787;10
787;20
787;40
787;80
787;240
788;5
788;10
788;20
788;40
788;80
788;239
789;5
789;10
789;20
789;40
789;80
789;199
790;5
790;10
790;30
790;40
790;80
790;446
791;5
791;10
791;20
791;40
791;149
791;338
792;5
792;10
792;30
792;40
792;134
792;164
793;5
793;10
793;30
793;40
793;80
793;240
794;5
794;19
794;21
794;40
794;119
794;225
795;5
795;10
795;20
795;60
795;80
795;241
796;5
796;10
796;20
796;60
796;80
796;219
797;5
797;10
797;20
797;60
797;80
797;220
798;8
798;17
798;20
798;60
798;104
798;243
799;8
799;16
799;30
799;40
799;156
799;241
800;8
800;19
800;30
800;40
800;83
800;239
801;8
801;19
801;30
801;60
801;119
801;219
802;8
802;15
802;30
802;60
802;80
802;235
803;8
803;19
803;30
803;79
803;80
803;237
804;8
804;15
804;20
804;60
804;80
804;161
805;8
805;15
805;20
805;40
805;80
805;200
806;8
806;15
806;30
806;59
806;119
806;450
807;8
807;10
807;29
807;40
807;118
807;164
808;8
808;15
808;30
808;60
808;119
808;163
809;8
809;15
809;30
809;74
809;104
809;487
810;8
810;15
810;20
810;40
810;80
810;172
811;8
811;15
811;30
811;60
811;159
811;160
812;8
812;15
812;39
812;59
812;155
812;160
813;8
813;15
813;20
813;61
813;142
813;163
814;8
814;15
814;20
814;60
814;80
814;240
815;8
815;18
815;34
815;50
815;84
815;201
816;8
816;17
816;34
816;50
816;84
816;201
817;9
817;13
817;21
817;40
817;80
817;243
818;7
818;13
818;20
818;60
818;100
818;237
819;7
819;17
819;20
819;60
819;120
819;240
820;7
820;14
820;26
820;75
820;159
820;230
821;7
821;13
821;20
821;59
821;80
821;446
822;7
822;14
822;20
822;50
822;120
822;160
823;7
823;13
823;20
823;60
823;80
823;160
824;7
824;13
824;20
824;60
824;133
824;239
825;7
825;14
825;21
825;76
825;104
825;205
826;7
826;13
826;20
826;60
826;80
826;223
827;7
827;13
827;20
827;60
827;80
827;221
828;7
828;13
828;20
828;61
828;81
828;220
829;9
829;12
829;20
829;59
829;100
829;301
830;5
830;10
830;20
830;50
830;100
830;302
831;5
831;10
831;33
831;47
831;143
831;201
832;5
832;10
832;30
832;45
832;150
832;400
833;5
833;10
833;20
833;41
833;155
833;163
834;5
834;10
834;20
834;40
834;80
834;198
835;5
835;10
835;22
835;45
835;89
835;245
836;5
836;10
836;23
836;45
836;91
836;180
837;5
837;10
837;25
837;50
837;126
837;177
838;5
838;10
838;22
838;45
838;90
838;179
839;5
839;10
839;22
839;45
839;90
839;179
840;5
840;10
840;22
840;44
840;89
840;178
841;5
841;10
841;30
841;60
841;147
841;172
842;5
842;10
842;30
842;60
842;149
842;179
843;5
843;10
843;30
843;59
843;112
843;168
844;5
844;10
844;30
844;60
844;149
844;180
845;5
845;15
845;30
845;45
845;149
845;164
846;5
846;10
846;30
846;40
846;80
846;240
847;5
847;17
847;30
847;40
847;80
847;240
848;6
848;19
848;30
848;40
848;149
848;179
849;8
849;10
849;30
849;59
849;150
849;199
850;4
850;10
850;30
850;61
850;81
850;203
851;5
851;10
851;30
851;40
851;81
851;199
852;5
852;10
852;20
852;59
852;80
852;240
853;5
853;10
853;20
853;40
853;150
853;180
854;5
854;10
854;20
854;40
854;80
854;241
855;5
855;10
855;30
855;40
855;80
855;241
856;5
856;10
856;30
856;40
856;107
856;225
857;5
857;10
857;30
857;79
857;80
857;199
858;5
858;10
858;20
858;60
858;80
858;222
859;5
859;10
859;20
859;79
859;137
859;240
860;9
860;10
860;20
860;60
860;80
860;238
861;7
861;17
861;20
861;60
861;83
861;248
862;8
862;19
862;20
862;60
862;80
862;180
863;8
863;19
863;20
863;60
863;90
863;241
864;8
864;17
864;20
864;59
864;80
864;237
865;8
865;19
865;20
865;60
865;80
865;199
866;8
866;19
866;20
866;60
866;80
866;201
867;8
867;19
867;20
867;59
867;98
867;239
868;8
868;19
868;20
868;59
868;99
868;446
869;8
869;19
869;20
869;60
869;81
869;202
870;8
870;18
870;20
870;56
870;80
870;160
871;8
871;17
871;33
871;40
871;80
871;237
872;8
872;17
872;21
872;40
872;115
872;172
873;8
873;17
873;23
873;49
873;116
873;175
874;8
874;10
874;30
874;50
874;100
874;251
875;8
875;10
875;22
875;66
875;88
875;245
876;8
876;17
876;23
876;45
876;90
876;225
877;8
877;17
877;21
877;62
877;122
877;164
878;8
878;10
878;22
878;45
878;90
878;225
879;8
879;10
879;22
879;44
879;89
879;222
880;9
880;19
880;20
880;45
880;89
880;224
881;8
881;14
881;20
881;45
881;89
881;223
882;2
882;17
882;20
882;45
882;91
882;160
883;1
883;17
883;27
883;50
883;100
883;226
884;8
884;19
884;20
884;50
884;101
884;226
885;8
885;19
885;20
885;50
885;100
885;226
886;0
886;19
886;20
886;54
886;108
886;243
887;1
887;19
887;20
887;53
887;106
887;239
888;8
888;17
888;24
888;48
888;98
888;239
889;8
889;11
889;24
889;48
889;95
889;233
890;8
890;16
890;25
890;50
890;101
890;230
891;7
891;15
891;23
891;68
891;90
891;279
892;8
892;19
892;20
892;63
892;100
892;239
893;9
893;19
893;20
893;59
893;99
893;239
894;9
894;17
894;20
894;50
894;83
894;199
895;9
895;16
895;20
895;49
895;82
895;198
896;9
896;18
896;20
896;73
896;93
896;160
897;9
897;19
897;20
897;79
897;80
897;197
898;9
898;19
898;20
898;67
898;90
898;179
899;9
899;10
899;20
899;68
899;90
899;180
900;9
900;10
900;22
900;66
900;88
900;199
901;9
901;10
901;22
901;67
901;89
901;201
902;9
902;10
902;23
902;45
902;90
902;204
903;9
903;10
903;25
903;50
903;100
903;200
904;9
904;19
904;20
904;60
904;80
904;239
905;9
905;10
905;30
905;44
905;104
905;201
906;9
906;17
906;30
906;67
906;84
906;202
907;9
907;10
907;21
907;40
907;80
907;160
908;8
908;19
908;20
908;40
908;80
908;178
909;9
909;19
909;20
909;40
909;80
909;179
910;9
910;19
910;20
910;40
910;159
910;180
911;7
911;12
911;31
911;45
911;159
911;300
912;5
912;10
912;30
912;60
912;148
912;178
913;3
913;10
913;34
913;67
913;135
913;168
914;3
914;19
914;20
914;40
914;89
914;318
915;9
915;12
915;30
915;40
915;159
915;318
916;4
916;10
916;25
916;40
916;89
916;160
917;5
917;10
917;30
917;59
917;149
917;209
918;5
918;10
918;30
918;60
918;123
918;209
919;5
919;10
919;21
919;60
919;159
919;180
920;5
920;10
920;30
920;60
920;89
920;177
921;9
921;10
921;34
921;68
921;101
921;169
922;5
922;10
922;30
922;40
922;102
922;168
923;5
923;11
923;29
923;60
923;142
923;163
924;3
924;15
924;20
924;66
924;132
924;160
925;4
925;15
925;20
925;76
925;127
925;179
926;4
926;15
926;20
926;75
926;124
926;240
927;4
927;19
927;20
927;76
927;126
927;160
928;8
928;15
928;20
928;75
928;125
928;160
929;8
929;15
929;20
929;76
929;126
929;160
930;8
930;18
930;20
930;48
930;94
930;239
931;8
931;17
931;30
931;49
931;122
931;210
932;8
932;13
932;30
932;67
932;89
932;222
933;8
933;13
933;30
933;67
933;112
933;213
934;8
934;13
934;30
934;68
934;113
934;225
935;4
935;17
935;39
935;59
935;119
935;180
936;8
936;13
936;30
936;60
936;140
936;179
937;8
937;13
937;39
937;60
937;80
937;180
938;8
938;13
938;20
938;40
938;159
938;180
939;8
939;15
939;20
939;60
939;159
939;160
940;4
940;17
940;34
940;50
940;152
940;168
941;8
941;17
941;34
941;60
941;80
941;210
942;8
942;11
942;20
942;40
942;80
942;349
943;4
943;18
943;30
943;54
943;159
943;166
944;3
944;10
944;20
944;40
944;80
944;160
945;3
945;19
945;30
945;67
945;80
945;160
946;3
946;12
946;27
946;47
946;158
946;160
947;3
947;13
947;20
947;67
947;133
947;177
948;3
948;17
948;27
948;67
948;135
948;180
949;3
949;17
949;20
949;44
949;111
949;179
950;3
950;19
950;22
950;40
950;82
950;168
951;3
951;12
951;22
951;45
951;156
951;179
952;3
952;15
952;25
952;50
952;100
952;201
953;3
953;15
953;25
953;75
953;101
953;201
954;7
954;12
954;26
954;75
954;101
954;198
955;5
955;15
955;20
955;74
955;99
955;247
956;5
956;10
956;20
956;50
956;101
956;251
957;5
957;10
957;30
957;50
957;101
957;251
958;5
958;10
958;30
958;75
958;101
958;252
959;5
959;10
959;30
959;67
959;111
959;222
960;5
960;16
960;20
960;66
960;133
960;177
961;9
961;10
961;20
961;60
961;101
961;164
962;8
962;12
962;20
962;40
962;80
962;210
963;3
963;10
963;20
963;40
963;80
963;180
964;5
964;10
964;20
964;40
964;119
964;318
965;5
965;10
965;20
965;45
965;101
965;179
966;5
966;10
966;22
966;44
966;87
966;180
967;9
967;10
967;30
967;45
967;89
967;179
968;9
968;10
968;30
968;45
968;90
968;239
969;5
969;10
969;30
969;44
969;80
969;180
970;5
970;10
970;34
970;40
970;150
970;216
971;5
971;10
971;34
971;60
971;159
971;160
972;5
972;10
972;30
972;60
972;80
972;200
973;4
973;19
973;30
973;40
973;80
973;200
974;5
974;10
974;30
974;50
974;145
974;162
975;5
975;10
975;30
975;59
975;140
975;160
976;5
976;19
976;30
976;60
976;80
976;445
977;8
977;19
977;30
977;60
977;100
977;423
978;5
978;10
978;22
978;45
978;89
978;244
979;5
979;10
979;30
979;67
979;111
979;245
980;5
980;10
980;30
980;67
980;112
980;246
981;5
981;10
981;22
981;45
981;156
981;169
982;5
982;10
982;30
982;60
982;90
982;180
983;5
983;10
983;30
983;40
983;80
983;179
984;5
984;10
984;39
984;40
984;80
984;181
985;8
985;10
985;20
985;48
985;80
985;501
986;4
986;14
986;30
986;46
986;159
986;181
987;4
987;15
987;39
987;50
987;80
987;176
988;4
988;19
988;30
988;50
988;80
988;175
989;4
989;19
989;30
989;50
989;80
989;176
990;4
990;19
990;30
990;50
990;80
990;175
991;4
991;19
991;39
991;40
991;80
991;176
992;4
992;17
992;30
992;40
992;90
992;461
993;4
993;15
993;29
993;59
993;80
993;210
994;4
994;17
994;23
994;46
994;135
994;210
995;4
995;16
995;20
995;41
995;100
995;179
996;8
996;15
996;39
996;40
996;99
996;197
997;8
997;17
997;25
997;60
997;120
997;160
998;8
998;19
998;30
998;60
998;139
998;238
999;8
999;15
999;30
999;59
999;138
999;297
1000;8
1000;15
1000;30
1000;59
1000;139
1000;200
1001;7
1001;17
1001;30
1001;50
1001;80
1001;179
1002;4
1002;17
1002;30
1002;50
1002;104
1002;169
1003;4
1003;16
1003;30
1003;60
1003;104
1003;348
1004;4
1004;11
1004;30
1004;60
1004;150
1004;407
1005;5
1005;12
1005;35
1005;40
1005;80
1005;179
1006;3
1006;19
1006;20
1006;40
1006;119
1006;199
1007;3
1007;19
1007;20
1007;40
1007;80
1007;239
1008;3
1008;19
1008;20
1008;40
1008;98
1008;193
1009;3
1009;11
1009;22
1009;68
1009;113
1009;180
1010;3
1010;11
1010;30
1010;67
1010;111
1010;200
1011;3
1011;11
1011;26
1011;67
1011;112
1011;180
1012;3
1012;11
1012;26
1012;66
1012;111
1012;199
1013;3
1013;14
1013;22
1013;46
1013;123
1013;180
1014;3
1014;15
1014;39
1014;76
1014;126
1014;179
1015;3
1015;16
1015;22
1015;60
1015;119
1015;262
1016;3
1016;18
1016;30
1016;60
1016;159
1016;263
1017;5
1017;10
1017;24
1017;48
1017;119
1017;238
1018;5
1018;10
1018;30
1018;45
1018;90
1018;262
1019;5
1019;10
1019;30
1019;60
1019;99
1019;263
1020;5
1020;10
1020;20
1020;60
1020;119
1020;262
1021;5
1021;10
1021;20
1021;60
1021;120
1021;242
1022;5
1022;10
1022;20
1022;40
1022;80
1022;262
1023;5
1023;19
1023;39
1023;59
1023;80
1023;196
1024;9
1024;11
1024;20
1024;40
1024;80
1024;446
1025;4
1025;10
1025;20
1025;40
1025;80
1025;262
1026;5
1026;10
1026;39
1026;60
1026;80
1026;262
1027;5
1027;10
1027;20
1027;40
1027;119
1027;262
1028;5
1028;10
1028;20
1028;60
1028;140
1028;262
1029;5
1029;10
1029;30
1029;60
1029;159
1029;180
1030;9
1030;10
1030;20
1030;40
1030;80
1030;180
1031;9
1031;10
1031;20
1031;40
1031;100
1031;202
1032;5
1032;10
1032;39
1032;40
1032;99
1032;239
1033;5
1033;10
1033;20
1033;59
1033;117
1033;160
1034;5
1034;10
1034;20
1034;60
1034;101
1034;241
1035;5
1035;10
1035;20
1035;60
1035;80
1035;260
1036;7
1036;12
1036;28
1036;60
1036;118
1036;193
1037;5
1037;10
1037;30
1037;60
1037;121
1037;240
1038;3
1038;10
1038;30
1038;67
1038;135
1038;169
1039;4
1039;19
1039;30
1039;60
1039;80
1039;202
1040;9
1040;12
1040;20
1040;61
1040;152
1040;241
1041;4
1041;10
1041;30
1041;60
1041;149
1041;238
1042;5
1042;10
1042;30
1042;60
1042;149
1042;262
1043;5
1043;10
1043;30
1043;40
1043;117
1043;262
1044;5
1044;10
1044;20
1044;60
1044;119
1044;180
1045;5
1045;10
1045;27
1045;60
1045;126
1045;279
1046;5
1046;10
1046;33
1046;67
1046;134
1046;201
1047;5
1047;10
1047;20
1047;40
1047;80
1047;264
1048;6
1048;12
1048;20
1048;46
1048;159
1048;205
1049;3
1049;18
1049;30
1049;49
1049;148
1049;167
1050;4
1050;19
1050;30
1050;50
1050;151
1050;227
1051;4
1051;19
1051;30
1051;50
1051;150
1051;175
1052;4
1052;15
1052;39
1052;50
1052;150
1052;175
1053;8
1053;15
1053;39
1053;51
1053;153
1053;178
1054;8
1054;17
1054;30
1054;60
1054;90
1054;179
1055;8
1055;19
1055;30
1055;40
1055;80
1055;278
1056;8
1056;17
1056;20
1056;51
1056;148
1056;171
1057;8
1057;17
1057;21
1057;43
1057;152
1057;164
1058;8
1058;15
1058;39
1058;59
1058;159
1058;218
1059;8
1059;19
1059;20
1059;60
1059;159
1059;160
1060;8
1060;17
1060;39
1060;59
1060;157
1060;180
1061;8
1061;10
1061;20
1061;40
1061;142
1061;180
1062;8
1062;16
1062;30
1062;60
1062;80
1062;203
1063;8
1063;18
1063;30
1063;60
1063;148
1063;160
1064;4
1064;15
1064;30
1064;59
1064;150
1064;160
1065;4
1065;15
1065;30
1065;79
1065;80
1065;239
1066;4
1066;17
1066;33
1066;50
1066;134
1066;218
1067;8
1067;11
1067;22
1067;51
1067;151
1067;236
1068;4
1068;15
1068;30
1068;50
1068;119
1068;239
1069;3
1069;15
1069;20
1069;40
1069;120
1069;201
1070;3
1070;19
1070;20
1070;59
1070;80
1070;200
1071;3
1071;19
1071;21
1071;40
1071;128
1071;217
1072;3
1072;15
1072;20
1072;67
1072;111
1072;199
1073;3
1073;19
1073;20
1073;67
1073;112
1073;245
1074;3
1074;17
1074;20
1074;66
1074;88
1074;308
1075;3
1075;19
1075;22
1075;50
1075;151
1075;180
1076;3
1076;15
1076;30
1076;51
1076;120
1076;279
1077;3
1077;19
1077;30
1077;59
1077;112
1077;444
1078;3
1078;19
1078;30
1078;60
1078;159
1078;245
1079;9
1079;10
1079;21
1079;54
1079;106
1079;160
1080;5
1080;10
1080;30
1080;79
1080;132
1080;185
1081;5
1081;10
1081;30
1081;75
1081;150
1081;226
1082;5
1082;10
1082;30
1082;75
1082;150
1082;250
1083;5
1083;10
1083;30
1083;76
1083;151
1083;176
1084;5
1084;10
1084;30
1084;75
1084;151
1084;227
1085;5
1085;10
1085;30
1085;75
1085;149
1085;224
1086;8
1086;19
1086;30
1086;72
1086;150
1086;167
1087;8
1087;12
1087;20
1087;44
1087;89
1087;222
1088;3
1088;10
1088;20
1088;60
1088;150
1088;253
1089;5
1089;10
1089;20
1089;75
1089;80
1089;209
1090;5
1090;10
1090;20
1090;79
1090;80
1090;252
1091;5
1091;16
1091;30
1091;44
1091;80
1091;180
1092;5
1092;10
1092;30
1092;45
1092;159
1092;180
1093;5
1093;10
1093;30
1093;40
1093;149
1093;279
1094;9
1094;10
1094;30
1094;40
1094;80
1094;180
1095;5
1095;10
1095;33
1095;50
1095;83
1095;167
1096;5
1096;10
1096;30
1096;40
1096;80
1096;300
1097;5
1097;10
1097;30
1097;60
1097;80
1097;477
1098;4
1098;18
1098;30
1098;60
1098;80
1098;345
1099;5
1099;10
1099;20
1099;54
1099;158
1099;160
1100;5
1100;10
1100;20
1100;60
1100;80
1100;340
1101;5
1101;19
1101;20
1101;61
1101;80
1101;160
1102;9
1102;11
1102;23
1102;46
1102;159
1102;230
1103;4
1103;10
1103;30
1103;67
1103;134
1103;210
1104;5
1104;10
1104;30
1104;67
1104;134
1104;223
1105;5
1105;10
1105;30
1105;68
1105;90
1105;209
1106;5
1106;10
1106;21
1106;40
1106;140
1106;179
1107;5
1107;10
1107;26
1107;52
1107;80
1107;180
1108;5
1108;10
1108;30
1108;59
1108;89
1108;177
1109;5
1109;10
1109;30
1109;60
1109;150
1109;240
1110;7
1110;10
1110;26
1110;69
1110;159
1110;160
1111;4
1111;19
1111;30
1111;69
1111;138
1111;160
1112;4
1112;19
1112;20
1112;76
1112;126
1112;160
1113;4
1113;19
1113;20
1113;75
1113;125
1113;179
1114;4
1114;15
1114;20
1114;75
1114;125
1114;226
1115;4
1115;19
1115;20
1115;75
1115;125
1115;226
1116;4
1116;15
1116;30
1116;75
1116;126
1116;227
1117;4
1117;19
1117;30
1117;47
1117;98
1117;210
1118;8
1118;15
1118;25
1118;50
1118;101
1118;210
1119;8
1119;15
1119;22
1119;67
1119;111
1119;180
1120;8
1120;14
1120;34
1120;67
1120;134
1120;201
1121;8
1121;13
1121;22
1121;44
1121;80
1121;355
1122;8
1122;17
1122;20
1122;40
1122;118
1122;179
1123;8
1123;19
1123;39
1123;59
1123;99
1123;279
1124;8
1124;15
1124;20
1124;60
1124;80
1124;239
1125;8
1125;15
1125;20
1125;60
1125;101
1125;239
1126;7
1126;17
1126;20
1126;41
1126;149
1126;199
1127;4
1127;17
1127;33
1127;50
1127;117
1127;179
1128;4
1128;17
1128;34
1128;50
1128;84
1128;160
1129;4
1129;17
1129;33
1129;50
1129;117
1129;167
1130;8
1130;12
1130;30
1130;67
1130;100
1130;166
1131;3
1131;15
1131;30
1131;60
1131;139
1131;160
1132;3
1132;14
1132;30
1132;60
1132;150
1132;451
1133;3
1133;16
1133;30
1133;60
1133;80
1133;478
1134;3
1134;14
1134;20
1134;46
1134;134
1134;356
1135;3
1135;16
1135;27
1135;44
1135;111
1135;201
1136;3
1136;17
1136;22
1136;45
1136;89
1136;201
1137;3
1137;19
1137;22
1137;44
1137;89
1137;200
1138;3
1138;15
1138;22
1138;68
1138;135
1138;180
1139;3
1139;15
1139;30
1139;75
1139;146
1139;179
1140;3
1140;15
1140;39
1140;40
1140;140
1140;179
1141;3
1141;15
1141;39
1141;40
1141;137
1141;180
1142;5
1142;10
1142;30
1142;68
1142;134
1142;161
1143;5
1143;10
1143;30
1143;67
1143;90
1143;179
1144;5
1144;10
1144;30
1144;59
1144;139
1144;160
1145;5
1145;10
1145;39
1145;40
1145;80
1145;178
1146;5
1146;10
1146;20
1146;60
1146;80
1146;180
1147;5
1147;10
1147;30
1147;60
1147;80
1147;262
1148;5
1148;18
1148;22
1148;67
1148;112
1148;198
1149;9
1149;11
1149;24
1149;73
1149;123
1149;180
1150;4
1150;10
1150;20
1150;75
1150;125
1150;210
1151;5
1151;10
1151;20
1151;75
1151;125
1151;180
1152;5
1152;10
1152;25
1152;59
1152;100
1152;203
1153;5
1153;10
1153;21
1153;60
1153;140
1153;179
1154;5
1154;10
1154;20
1154;49
1154;117
1154;180
1155;5
1155;10
1155;22
1155;67
1155;119
1155;179
1156;5
1156;10
1156;39
1156;40
1156;120
1156;160
1157;5
1157;10
1157;39
1157;40
1157;119
1157;239
1158;5
1158;10
1158;30
1158;60
1158;99
1158;160
1159;5
1159;10
1159;30
1159;60
1159;120
1159;262
1160;5
1160;10
1160;39
1160;59
1160;99
1160;262
1161;8
1161;12
1161;38
1161;60
1161;100
1161;262
1162;5
1162;10
1162;39
1162;60
1162;119
1162;262
1163;3
1163;10
1163;20
1163;60
1163;120
1163;434
1164;3
1164;15
1164;30
1164;61
1164;100
1164;318
1165;9
1165;10
1165;30
1165;40
1165;100
1165;201
1166;4
1166;10
1166;34
1166;46
1166;119
1166;201
1167;5
1167;10
1167;30
1167;50
1167;119
1167;200
1168;5
1168;10
1168;30
1168;50
1168;80
1168;201
1169;5
1169;10
1169;21
1169;60
1169;118
1169;166
1170;5
1170;10
1170;25
1170;50
1170;100
1170;200
1171;9
1171;10
1171;25
1171;50
1171;100
1171;179
1172;5
1172;10
1172;25
1172;50
1172;100
1172;262
1173;5
1173;11
1173;28
1173;50
1173;119
1173;201
1174;3
1174;17
1174;28
1174;50
1174;80
1174;201
1175;4
1175;19
1175;29
1175;50
1175;100
1175;200
1176;4
1176;19
1176;30
1176;60
1176;118
1176;201
1177;4
1177;19
1177;30
1177;45
1177;119
1177;179
1178;8
1178;10
1178;25
1178;50
1178;120
1178;200
1179;8
1179;19
1179;30
1179;60
1179;119
1179;201
1180;8
1180;17
1180;30
1180;40
1180;80
1180;279
1181;8
1181;19
1181;30
1181;45
1181;89
1181;210
1182;8
1182;19
1182;20
1182;40
1182;89
1182;179
1183;8
1183;19
1183;20
1183;40
1183;89
1183;179
1184;8
1184;16
1184;20
1184;40
1184;120
1184;179
1185;4
1185;17
1185;30
1185;40
1185;80
1185;180
1186;8
1186;19
1186;30
1186;40
1186;80
1186;160
1187;8
1187;19
1187;39
1187;40
1187;119
1187;160
1188;8
1188;18
1188;29
1188;59
1188;119
1188;160
1189;8
1189;15
1189;30
1189;60
1189;102
1189;179
1190;8
1190;15
1190;30
1190;60
1190;100
1190;272
1191;8
1191;15
1191;25
1191;40
1191;100
1191;180
1192;8
1192;10
1192;20
1192;51
1192;89
1192;179
1193;4
1193;15
1193;25
1193;40
1193;107
1193;298
1194;3
1194;16
1194;26
1194;43
1194;150
1194;160
1195;3
1195;16
1195;33
1195;50
1195;80
1195;179
1196;3
1196;17
1196;27
1196;40
1196;119
1196;232
1197;3
1197;17
1197;33
1197;40
1197;100
1197;299
1198;3
1198;17
1198;33
1198;40
1198;101
1198;297
1199;3
1199;17
1199;33
1199;40
1199;100
1199;298
1200;3
1200;15
1200;33
1200;45
1200;89
1200;172
1201;3
1201;15
1201;30
1201;45
1201;89
1201;179
1202;3
1202;15
1202;20
1202;45
1202;89
1202;179
1203;3
1203;19
1203;30
1203;45
1203;89
1203;180
1204;7
1204;12
1204;29
1204;44
1204;89
1204;180
1205;5
1205;10
1205;20
1205;45
1205;89
1205;160
1206;5
1206;10
1206;20
1206;75
1206;150
1206;200
1207;5
1207;10
1207;25
1207;60
1207;80
1207;200
1208;5
1208;10
1208;20
1208;50
1208;150
1208;200
1209;5
1209;10
1209;25
1209;50
1209;80
1209;239
1210;5
1210;15
1210;25
1210;50
1210;100
1210;201
1211;9
1211;15
1211;25
1211;66
1211;111
1211;177
1212;6
1212;12
1212;30
1212;49
1212;121
1212;194
1213;3
1213;10
1213;30
1213;50
1213;100
1213;200
1214;5
1214;10
1214;25
1214;76
1214;100
1214;202
1215;5
1215;10
1215;25
1215;50
1215;100
1215;179
1216;5
1216;17
1216;24
1216;50
1216;80
1216;172
1217;5
1217;10
1217;23
1217;68
1217;90
1217;179
1218;5
1218;10
1218;20
1218;40
1218;99
1218;179
1219;5
1219;10
1219;20
1219;40
1219;80
1219;199
1220;5
1220;10
1220;21
1220;40
1220;159
1220;160
1221;5
1221;10
1221;23
1221;45
1221;90
1221;180
1222;5
1222;10
1222;30
1222;67
1222;89
1222;179
1223;4
1223;19
1223;30
1223;67
1223;112
1223;179
1224;5
1224;10
1224;30
1224;67
1224;111
1224;179
1225;5
1225;10
1225;30
1225;60
1225;80
1225;179
1226;5
1226;15
1226;30
1226;79
1226;80
1226;179
1227;8
1227;16
1227;30
1227;59
1227;80
1227;179
1228;4
1228;10
1228;27
1228;53
1228;119
1228;201
1229;5
1229;10
1229;27
1229;53
1229;80
1229;200
1230;5
1230;10
1230;25
1230;50
1230;126
1230;200
1231;5
1231;10
1231;25
1231;50
1231;100
1231;201
1232;5
1232;10
1232;22
1232;45
1232;89
1232;201
1233;5
1233;10
1233;20
1233;40
1233;100
1233;200
1234;5
1234;10
1234;39
1234;50
1234;119
1234;178
1235;8
1235;10
1235;20
1235;40
1235;100
1235;201
1236;4
1236;18
1236;23
1236;45
1236;91
1236;201
1237;4
1237;19
1237;29
1237;45
1237;90
1237;201
1238;4
1238;19
1238;30
1238;44
1238;88
1238;297
1239;4
1239;15
1239;23
1239;45
1239;90
1239;201
1240;4
1240;10
1240;22
1240;44
1240;89
1240;178
1241;4
1241;10
1241;30
1241;45
1241;89
1241;179
1242;4
1242;10
1242;30
1242;46
1242;89
1242;200
1243;4
1243;15
1243;30
1243;76
1243;101
1243;209
1244;4
1244;19
1244;30
1244;45
1244;90
1244;210
1245;4
1245;19
1245;22
1245;45
1245;90
1245;201
1246;4
1246;19
1246;20
1246;40
1246;90
1246;179
1247;8
1247;17
1247;20
1247;60
1247;119
1247;202
1248;8
1248;19
1248;30
1248;60
1248;119
1248;199
1249;8
1249;19
1249;30
1249;60
1249;120
1249;199
1250;8
1250;19
1250;30
1250;40
1250;80
1250;199
1251;7
1251;15
1251;30
1251;60
1251;119
1251;199
1252;4
1252;15
1252;30
1252;60
1252;119
1252;199
1253;4
1253;15
1253;25
1253;40
1253;119
1253;199
1254;4
1254;15
1254;26
1254;40
1254;119
1254;199
1255;8
1255;12
1255;27
1255;40
1255;80
1255;179
1256;3
1256;19
1256;30
1256;60
1256;107
1256;160
1257;3
1257;19
1257;33
1257;67
1257;106
1257;210
1258;3
1258;13
1258;33
1258;67
1258;106
1258;179
1259;3
1259;14
1259;39
1259;40
1259;119
1259;199
1260;3
1260;17
1260;33
1260;40
1260;101
1260;199
1261;3
1261;17
1261;33
1261;60
1261;100
1261;180
1262;3
1262;16
1262;33
1262;40
1262;101
1262;199
1263;3
1263;19
1263;20
1263;60
1263;119
1263;240
1264;3
1264;19
1264;30
1264;60
1264;80
1264;359
1265;3
1265;19
1265;30
1265;40
1265;106
1265;239
1266;3
1266;19
1266;30
1266;45
1266;106
1266;240
1267;5
1267;10
1267;29
1267;60
1267;119
1267;239
1268;5
1268;10
1268;24
1268;60
1268;119
1268;160
1269;5
1269;10
1269;30
1269;59
1269;80
1269;239
1270;5
1270;10
1270;30
1270;40
1270;100
1270;199
1271;5
1271;10
1271;25
1271;60
1271;99
1271;199
1272;5
1272;10
1272;25
1272;60
1272;80
1272;239
1273;5
1273;15
1273;25
1273;60
1273;101
1273;179
1274;7
1274;12
1274;30
1274;59
1274;102
1274;298
1275;4
1275;10
1275;30
1275;60
1275;80
1275;298
1276;5
1276;10
1276;30
1276;60
1276;119
1276;298
1277;5
1277;10
1277;30
1277;40
1277;119
1277;298
1278;5
1278;18
1278;20
1278;41
1278;100
1278;230
1279;5
1279;10
1279;30
1279;40
1279;119
1279;179
1280;5
1280;10
1280;30
1280;60
1280;150
1280;179
1281;5
1281;10
1281;30
1281;60
1281;80
1281;160
1282;5
1282;10
1282;20
1282;59
1282;120
1282;299
1283;5
1283;10
1283;20
1283;60
1283;159
1283;160
1284;5
1284;10
1284;20
1284;60
1284;120
1284;160
1285;5
1285;10
1285;30
1285;79
1285;139
1285;238
1286;8
1286;13
1286;20
1286;60
1286;150
1286;225
1287;5
1287;19
1287;20
1287;75
1287;150
1287;188
1288;6
1288;13
1288;30
1288;40
1288;150
1288;226
1289;6
1289;13
1289;30
1289;75
1289;80
1289;301
1290;6
1290;13
1290;30
1290;75
1290;113
1290;226
1291;6
1291;13
1291;30
1291;75
1291;80
1291;226
1292;6
1292;13
1292;30
1292;75
1292;120
1292;300
1293;6
1293;13
1293;30
1293;60
1293;150
1293;188
1294;6
1294;12
1294;30
1294;60
1294;119
1294;226
1295;5
1295;12
1295;30
1295;75
1295;112
1295;209
1296;6
1296;13
1296;30
1296;75
1296;150
1296;224
1297;6
1297;13
1297;30
1297;76
1297;120
1297;179
1298;6
1298;13
1298;37
1298;47
1298;90
1298;209
1299;6
1299;13
1299;37
1299;53
1299;80
1299;301
1300;6
1300;13
1300;30
1300;60
1300;90
1300;270
1301;6
1301;13
1301;30
1301;60
1301;89
1301;268
1302;6
1302;11
1302;30
1302;60
1302;90
1302;268
1303;4
1303;13
1303;30
1303;59
1303;89
1303;267
1304;6
1304;13
1304;30
1304;60
1304;89
1304;268
1305;6
1305;13
1305;30
1305;60
1305;90
1305;269
1306;6
1306;13
1306;30
1306;60
1306;89
1306;268
1307;6
1307;12
1307;30
1307;59
1307;89
1307;268
1308;6
1308;12
1308;30
1308;59
1308;90
1308;246
1309;6
1309;13
1309;30
1309;40
1309;88
1309;175
1310;7
1310;16
1310;30
1310;75
1310;89
1310;172
1311;6
1311;13
1311;30
1311;59
1311;89
1311;300
1312;6
1312;13
1312;30
1312;59
1312;89
1312;160
1313;6
1313;13
1313;30
1313;59
1313;90
1313;209
1314;6
1314;13
1314;20
1314;50
1314;101
1314;198
1315;6
1315;12
1315;30
1315;60
1315;89
1315;242
1316;6
1316;13
1316;30
1316;61
1316;151
1316;239
1317;7
1317;16
1317;30
1317;60
1317;80
1317;161
1318;4
1318;13
1318;32
1318;60
1318;119
1318;240
1319;7
1319;13
1319;27
1319;67
1319;134
1319;167
1320;7
1320;13
1320;35
1320;40
1320;80
1320;169
1321;7
1321;13
1321;30
1321;60
1321;89
1321;179
1322;7
1322;13
1322;29
1322;59
1322;80
1322;181
1323;7
1323;13
1323;30
1323;52
1323;129
1323;161
1324;7
1324;19
1324;21
1324;59
1324;89
1324;179
1325;6
1325;12
1325;30
1325;40
1325;80
1325;180
1326;5
1326;17
1326;30
1326;60
1326;150
1326;239
1327;7
1327;13
1327;30
1327;60
1327;150
1327;180
1328;7
1328;13
1328;30
1328;51
1328;158
1328;160
1329;7
1329;16
1329;27
1329;50
1329;150
1329;176
1330;7
1330;19
1330;22
1330;79
1330;80
1330;199
1331;7
1331;19
1331;22
1331;60
1331;80
1331;239
1332;7
1332;19
1332;27
1332;79
1332;80
1332;238
1333;6
1333;12
1333;22
1333;45
1333;89
1333;178
1334;5
1334;19
1334;30
1334;50
1334;80
1334;251
1335;7
1335;19
1335;25
1335;50
1335;89
1335;252
1336;7
1336;17
1336;22
1336;45
1336;80
1336;223
1337;7
1337;19
1337;22
1337;44
1337;80
1337;178
1338;7
1338;19
1338;20
1338;40
1338;80
1338;179
1339;7
1339;19
1339;30
1339;40
1339;80
1339;199
1340;7
1340;19
1340;30
1340;40
1340;80
1340;406
1341;6
1341;17
1341;20
1341;40
1341;80
1341;172
1342;4
1342;19
1342;20
1342;58
1342;119
1342;238
1343;7
1343;16
1343;22
1343;45
1343;90
1343;201
1344;7
1344;13
1344;22
1344;45
1344;80
1344;201
1345;7
1345;19
1345;22
1345;45
1345;112
1345;246
1346;7
1346;18
1346;22
1346;44
1346;89
1346;200
1347;7
1347;19
1347;30
1347;48
1347;93
1347;195
1348;7
1348;15
1348;30
1348;50
1348;80
1348;201
1349;5
1349;10
1349;30
1349;46
1349;150
1349;226
1350;6
1350;19
1350;22
1350;45
1350;150
1350;226
1351;6
1351;19
1351;24
1351;75
1351;80
1351;299
1352;6
1352;19
1352;30
1352;75
1352;80
1352;160
1353;6
1353;19
1353;30
1353;75
1353;80
1353;299
1354;6
1354;19
1354;30
1354;60
1354;80
1354;179
1355;6
1355;19
1355;30
1355;75
1355;80
1355;179
1356;6
1356;10
1356;30
1356;40
1356;80
1356;227
1357;7
1357;10
1357;30
1357;75
1357;80
1357;180
1358;6
1358;19
1358;30
1358;79
1358;80
1358;181
1359;6
1359;19
1359;30
1359;59
1359;80
1359;226
1360;6
1360;17
1360;30
1360;75
1360;80
1360;227
1361;6
1361;19
1361;26
1361;79
1361;80
1361;199
1362;6
1362;10
1362;30
1362;59
1362;89
1362;179
1363;6
1363;10
1363;30
1363;59
1363;89
1363;298
1364;7
1364;11
1364;30
1364;60
1364;89
1364;298
1365;5
1365;10
1365;30
1365;60
1365;89
1365;179
1366;6
1366;12
1366;30
1366;60
1366;89
1366;179
1367;6
1367;13
1367;30
1367;60
1367;90
1367;179
1368;6
1368;16
1368;30
1368;59
1368;89
1368;268
1369;6
1369;12
1369;38
1369;60
1369;89
1369;457
1370;6
1370;16
1370;38
1370;60
1370;90
1370;179
1371;6
1371;19
1371;30
1371;59
1371;89
1371;465
1372;7
1372;17
1372;20
1372;41
1372;116
1372;172
1373;5
1373;12
1373;37
1373;75
1373;89
1373;225
1374;6
1374;13
1374;30
1374;59
1374;90
1374;225
1375;6
1375;13
1375;30
1375;75
1375;90
1375;180
1376;6
1376;13
1376;25
1376;50
1376;89
1376;224
1377;6
1377;13
1377;25
1377;50
1377;152
1377;228
1378;6
1378;12
1378;30
1378;60
1378;150
1378;180
1379;6
1379;13
1379;26
1379;59
1379;80
1379;179
1380;6
1380;12
1380;27
1380;66
1380;89
1380;160
1381;5
1381;10
1381;29
1381;60
1381;80
1381;239
1382;7
1382;19
1382;30
1382;60
1382;80
1382;179
1383;7
1383;13
1383;30
1383;67
1383;101
1383;160
1384;7
1384;15
1384;30
1384;59
1384;90
1384;160
1385;7
1385;15
1385;30
1385;59
1385;89
1385;179
1386;7
1386;19
1386;30
1386;79
1386;80
1386;160
1387;7
1387;19
1387;30
1387;59
1387;120
1387;297
1388;5
1388;11
1388;29
1388;40
1388;90
1388;263
1389;4
1389;19
1389;30
1389;60
1389;120
1389;240
1390;7
1390;19
1390;26
1390;50
1390;124
1390;174
1391;7
1391;13
1391;26
1391;50
1391;125
1391;175
1392;7
1392;13
1392;25
1392;40
1392;151
1392;175
1393;7
1393;13
1393;20
1393;40
1393;150
1393;175
1394;7
1394;13
1394;30
1394;60
1394;151
1394;202
1395;7
1395;11
1395;30
1395;47
1395;100
1395;196
1396;7
1396;10
1396;20
1396;70
1396;139
1396;160
1397;7
1397;13
1397;20
1397;75
1397;125
1397;175
1398;7
1398;13
1398;20
1398;50
1398;152
1398;177
1399;7
1399;19
1399;30
1399;40
1399;80
1399;479
1400;7
1400;19
1400;30
1400;40
1400;80
1400;484
1401;7
1401;13
1401;30
1401;45
1401;157
1401;247
1402;7
1402;19
1402;39
1402;40
1402;157
1402;163
1403;7
1403;18
1403;20
1403;40
1403;120
1403;179
1404;4
1404;15
1404;21
1404;60
1404;80
1404;202
1405;7
1405;15
1405;22
1405;45
1405;156
1405;200
1406;7
1406;17
1406;22
1406;45
1406;80
1406;200
1407;7
1407;19
1407;22
1407;45
1407;90
1407;202
1408;7
1408;19
1408;20
1408;45
1408;89
1408;224
1409;7
1409;19
1409;20
1409;40
1409;88
1409;199
1410;7
1410;19
1410;20
1410;60
1410;80
1410;219
1411;6
1411;13
1411;20
1411;40
1411;80
1411;217
1412;6
1412;11
1412;20
1412;71
1412;91
1412;181
1413;4
1413;19
1413;20
1413;71
1413;90
1413;201
1414;3
1414;19
1414;20
1414;57
1414;89
1414;200
1415;9
1415;19
1415;20
1415;71
1415;89
1415;225
1416;8
1416;10
1416;22
1416;45
1416;89
1416;224
1417;9
1417;10
1417;22
1417;71
1417;91
1417;226
1418;9
1418;19
1418;20
1418;70
1418;89
1418;163
1419;6
1419;19
1419;20
1419;76
1419;82
1419;188
1420;8
1420;17
1420;21
1420;72
1420;88
1420;171
1421;9
1421;18
1421;22
1421;44
1421;90
1421;201
1422;8
1422;10
1422;32
1422;40
1422;100
1422;315
1423;8
1423;11
1423;39
1423;40
1423;99
1423;246
1424;5
1424;19
1424;20
1424;59
1424;98
1424;258
1425;4
1425;19
1425;22
1425;45
1425;137
1425;270
1426;7
1426;19
1426;22
1426;44
1426;88
1426;199
1427;9
1427;19
1427;24
1427;51
1427;130
1427;175
1428;0
1428;19
1428;27
1428;53
1428;133
1428;187
1429;8
1429;18
1429;25
1429;50
1429;101
1429;176
1430;9
1430;19
1430;25
1430;50
1430;125
1430;176
1431;6
1431;19
1431;23
1431;45
1431;158
1431;180
1432;0
1432;19
1432;21
1432;42
1432;157
1432;170
1433;1
1433;19
1433;20
1433;60
1433;158
1433;160
1434;8
1434;19
1434;20
1434;60
1434;159
1434;160
1435;3
1435;19
1435;20
1435;59
1435;158
1435;178
1436;8
1436;19
1436;20
1436;59
1436;142
1436;161
1437;9
1437;19
1437;20
1437;59
1437;159
1437;447
1438;9
1438;17
1438;34
1438;50
1438;135
1438;223
1439;9
1439;17
1439;34
1439;51
1439;101
1439;167
1440;5
1440;17
1440;34
1440;40
1440;139
1440;180
1441;9
1441;15
1441;30
1441;60
1441;149
1441;179
1442;7
1442;13
1442;20
1442;40
1442;80
1442;262
1443;7
1443;10
1443;30
1443;60
1443;89
1443;179
1444;3
1444;10
1444;30
1444;68
1444;101
1444;169
1445;4
1445;15
1445;30
1445;67
1445;135
1445;168
1446;7
1446;12
1446;30
1446;60
1446;159
1446;168
1447;4
1447;10
1447;30
1447;60
1447;150
1447;240
1448;5
1448;10
1448;30
1448;60
1448;149
1448;238
1449;5
1449;10
1449;39
1449;60
1449;90
1449;241
1450;5
1450;10
1450;20
1450;59
1450;135
1450;160
1451;5
1451;10
1451;31
1451;62
1451;155
1451;279
1452;9
1452;10
1452;34
1452;68
1452;102
1452;169
1453;5
1453;10
1453;33
1453;67
1453;101
1453;268
1454;9
1454;12
1454;21
1454;50
1454;94
1454;168
1455;4
1455;19
1455;23
1455;69
1455;115
1455;160
1456;4
1456;19
1456;39
1456;74
1456;146
1456;243
1457;4
1457;19
1457;25
1457;75
1457;125
1457;226
1458;4
1458;19
1458;25
1458;75
1458;125
1458;225
1459;8
1459;19
1459;25
1459;75
1459;125
1459;224
1460;8
1460;19
1460;20
1460;75
1460;126
1460;226
1461;8
1461;12
1461;24
1461;48
1461;124
1461;239
1462;8
1462;11
1462;24
1462;49
1462;123
1462;210
1463;8
1463;11
1463;23
1463;45
1463;134
1463;180
1464;8
1464;11
1464;22
1464;45
1464;135
1464;247
1465;8
1465;13
1465;22
1465;44
1465;135
1465;244
1466;4
1466;17
1466;20
1466;60
1466;150
1466;180
1467;8
1467;19
1467;20
1467;59
1467;159
1467;179
1468;8
1468;19
1468;20
1468;40
1468;158
1468;180
1469;8
1469;19
1469;20
1469;60
1469;159
1469;160
1470;8
1470;15
1470;21
1470;79
1470;159
1470;160
1471;8
1471;15
1471;30
1471;60
1471;159
1471;484
1472;4
1472;15
1472;30
1472;59
1472;80
1472;258
1473;4
1473;13
1473;20
1473;40
1473;80
1473;387
1474;4
1474;16
1474;33
1474;45
1474;80
1474;257
1475;3
1475;17
1475;34
1475;40
1475;159
1475;160
1476;3
1476;19
1476;20
1476;40
1476;140
1476;280
1477;3
1477;19
1477;20
1477;59
1477;80
1477;160
1478;3
1478;17
1478;22
1478;68
1478;158
1478;248
1479;3
1479;17
1479;20
1479;67
1479;90
1479;225
1480;3
1480;17
1480;22
1480;67
1480;133
1480;222
1481;3
1481;15
1481;21
1481;40
1481;132
1481;223
1482;3
1482;17
1482;23
1482;46
1482;120
1482;161
1483;3
1483;12
1483;24
1483;50
1483;125
1483;275
1484;3
1484;13
1484;25
1484;50
1484;125
1484;275
1485;7
1485;12
1485;25
1485;49
1485;100
1485;250
1486;4
1486;15
1486;20
1486;50
1486;100
1486;250
1487;5
1487;10
1487;30
1487;50
1487;101
1487;252
1488;5
1488;10
1488;30
1488;50
1488;100
1488;251
1489;5
1489;10
1489;24
1489;49
1489;99
1489;250
1490;5
1490;10
1490;22
1490;67
1490;134
1490;242
1491;5
1491;10
1491;24
1491;40
1491;80
1491;200
1492;3
1492;10
1492;20
1492;45
1492;100
1492;262
1493;8
1493;12
1493;20
1493;48
1493;85
1493;279
1494;4
1494;10
1494;30
1494;45
1494;80
1494;318
1495;5
1495;10
1495;20
1495;45
1495;80
1495;318
1496;5
1496;10
1496;20
1496;60
1496;80
1496;318
1497;5
1497;17
1497;29
1497;42
1497;159
1497;180
1498;5
1498;10
1498;30
1498;45
1498;159
1498;279
1499;5
1499;10
1499;30
1499;45
1499;80
1499;210
1500;5
1500;10
1500;30
1500;45
1500;80
1500;210
1501;5
1501;16
1501;34
1501;50
1501;80
1501;240
1502;5
1502;10
1502;33
1502;50
1502;80
1502;181
1503;5
1503;10
1503;20
1503;50
1503;80
1503;242
1504;5
1504;15
1504;30
1504;79
1504;80
1504;180
1505;8
1505;12
1505;20
1505;62
1505;80
1505;160
1506;3
1506;10
1506;20
1506;60
1506;80
1506;160
1507;5
1507;19
1507;30
1507;40
1507;80
1507;241
1508;9
1508;10
1508;30
1508;60
1508;80
1508;182
1509;5
1509;10
1509;22
1509;45
1509;90
1509;247
1510;3
1510;10
1510;22
1510;45
1510;112
1510;246
1511;5
1511;10
1511;22
1511;44
1511;132
1511;242
1512;5
1512;10
1512;23
1512;45
1512;158
1512;225
1513;5
1513;10
1513;26
1513;52
1513;80
1513;185
1514;5
1514;10
1514;30
1514;54
1514;149
1514;178
1515;5
1515;10
1515;30
1515;60
1515;150
1515;180
1516;9
1516;10
1516;30
1516;44
1516;159
1516;180
1517;5
1517;10
1517;24
1517;47
1517;119
1517;191
1518;4
1518;18
1518;23
1518;46
1518;80
1518;184
1519;4
1519;15
1519;20
1519;50
1519;80
1519;201
1520;4
1520;15
1520;20
1520;50
1520;80
1520;201
1521;4
1521;15
1521;25
1521;50
1521;126
1521;201
1522;4
1522;19
1522;25
1522;50
1522;151
1522;177
1523;4
1523;17
1523;30
1523;50
1523;90
1523;457
1524;4
1524;17
1524;30
1524;50
1524;80
1524;465
1525;4
1525;15
1525;25
1525;50
1525;122
1525;228
1526;4
1526;15
1526;23
1526;46
1526;115
1526;229
1527;4
1527;19
1527;20
1527;60
1527;121
1527;261
1528;8
1528;19
1528;20
1528;40
1528;119
1528;257
1529;8
1529;19
1529;20
1529;60
1529;140
1529;180
1530;8
1530;19
1530;20
1530;40
1530;139
1530;219
1531;8
1531;19
1531;20
1531;50
1531;140
1531;160
1532;7
1532;17
1532;30
1532;68
1532;113
1532;161
1533;4
1533;17
1533;30
1533;50
1533;140
1533;179
1534;4
1534;15
1534;30
1534;60
1534;104
1534;444
1535;4
1535;19
1535;30
1535;60
1535;150
1535;384
1536;9
1536;11
1536;20
1536;40
1536;80
1536;180
1537;4
1537;19
1537;20
1537;50
1537;150
1537;221
1538;3
1538;19
1538;20
1538;40
1538;150
1538;219
1539;3
1539;18
1539;36
1539;53
1539;80
1539;225
1540;3
1540;14
1540;21
1540;67
1540;112
1540;225
1541;3
1541;15
1541;20
1541;66
1541;88
1541;221
1542;3
1542;17
1542;30
1542;45
1542;135
1542;180
1543;3
1543;17
1543;30
1543;67
1543;135
1543;202
1544;3
1544;19
1544;22
1544;45
1544;135
1544;180
1545;3
1545;15
1545;20
1545;50
1545;126
1545;179
1546;3
1546;19
1546;20
1546;40
1546;119
1546;185
1547;3
1547;19
1547;20
1547;40
1547;90
1547;200
1548;5
1548;11
1548;22
1548;46
1548;135
1548;160
1549;5
1549;10
1549;22
1549;45
1549;112
1549;245
1550;5
1550;10
1550;30
1550;59
1550;119
1550;179
1551;5
1551;10
1551;30
1551;60
1551;119
1551;238
1552;5
1552;10
1552;20
1552;60
1552;99
1552;239
1553;5
1553;10
1553;20
1553;40
1553;158
1553;235
1554;5
1554;19
1554;32
1554;40
1554;80
1554;221
1555;7
1555;12
1555;31
1555;45
1555;104
1555;187
1556;5
1556;10
1556;33
1556;60
1556;100
1556;200
1557;3
1557;10
1557;34
1557;60
1557;101
1557;202
1558;5
1558;10
1558;34
1558;40
1558;119
1558;238
1559;5
1559;10
1559;33
1559;60
1559;105
1559;176
1560;5
1560;10
1560;20
1560;60
1560;120
1560;180
1561;5
1561;10
1561;20
1561;40
1561;90
1561;160
1562;9
1562;10
1562;20
1562;60
1562;89
1562;239
1563;5
1563;19
1563;20
1563;41
1563;149
1563;241
1564;5
1564;10
1564;25
1564;60
1564;138
1564;238
1565;5
1565;19
1565;20
1565;59
1565;100
1565;300
1566;5
1566;10
1566;20
1566;55
1566;109
1566;300
1567;7
1567;13
1567;21
1567;51
1567;127
1567;300
1568;7
1568;10
1568;30
1568;50
1568;140
1568;245
1569;3
1569;10
1569;30
1569;50
1569;80
1569;161
1570;4
1570;10
1570;39
1570;40
1570;111
1570;199
1571;7
1571;12
1571;20
1571;59
1571;80
1571;241
1572;4
1572;10
1572;30
1572;68
1572;100
1572;167
1573;5
1573;10
1573;38
1573;76
1573;114
1573;191
1574;5
1574;10
1574;30
1574;75
1574;150
1574;264
1575;5
1575;19
1575;20
1575;60
1575;140
1575;172
1576;5
1576;10
1576;20
1576;60
1576;120
1576;180
1577;5
1577;10
1577;20
1577;40
1577;120
1577;239
1578;5
1578;10
1578;20
1578;60
1578;150
1578;262
1579;9
1579;12
1579;23
1579;49
1579;151
1579;239
1580;4
1580;19
1580;23
1580;46
1580;92
1580;182
1581;4
1581;17
1581;25
1581;50
1581;100
1581;250
1582;4
1582;15
1582;25
1582;50
1582;100
1582;251
1583;8
1583;15
1583;25
1583;50
1583;100
1583;251
1584;8
1584;15
1584;25
1584;75
1584;101
1584;251
1585;8
1585;14
1585;39
1585;40
1585;150
1585;179
1586;8
1586;17
1586;30
1586;40
1586;80
1586;239
1587;8
1587;13
1587;25
1587;49
1587;99
1587;173
1588;8
1588;14
1588;22
1588;45
1588;90
1588;247
1589;8
1589;19
1589;20
1589;60
1589;80
1589;179
1590;8
1590;19
1590;20
1590;60
1590;100
1590;200
1591;8
1591;17
1591;21
1591;61
1591;150
1591;180
1592;8
1592;19
1592;20
1592;60
1592;159
1592;179
1593;8
1593;19
1593;20
1593;60
1593;150
1593;247
1594;8
1594;19
1594;30
1594;60
1594;80
1594;199
1595;4
1595;15
1595;30
1595;60
1595;150
1595;160
1596;4
1596;15
1596;30
1596;79
1596;80
1596;199
1597;4
1597;13
1597;25
1597;40
1597;80
1597;238
1598;8
1598;13
1598;25
1598;49
1598;149
1598;250
1599;4
1599;12
1599;20
1599;71
1599;126
1599;235
1600;3
1600;19
1600;20
1600;40
1600;109
1600;254
1601;3
1601;19
1601;20
1601;40
1601;80
1601;241
1602;3
1602;19
1602;20
1602;40
1602;80
1602;241
1603;3
1603;17
1603;20
1603;45
1603;113
1603;249
1604;3
1604;17
1604;22
1604;45
1604;89
1604;268
1605;3
1605;17
1605;22
1605;67
1605;90
1605;269
1606;3
1606;17
1606;23
1606;68
1606;114
1606;267
1607;3
1607;19
1607;25
1607;51
1607;126
1607;279
1608;3
1608;19
1608;30
1608;50
1608;127
1608;179
1609;3
1609;19
1609;30
1609;79
1609;80
1609;179
1610;8
1610;10
1610;26
1610;48
1610;159
1610;263
1611;4
1611;10
1611;20
1611;79
1611;81
1611;160
1612;5
1612;10
1612;20
1612;78
1612;127
1612;237
1613;5
1613;10
1613;30
1613;75
1613;100
1613;225
1614;5
1614;10
1614;25
1614;75
1614;125
1614;225
1615;5
1615;10
1615;25
1615;60
1615;99
1615;247
1616;5
1616;10
1616;20
1616;76
1616;126
1616;227
1617;3
1617;15
1617;30
1617;75
1617;150
1617;250
1618;8
1618;12
1618;20
1618;74
1618;99
1618;244
1619;4
1619;10
1619;22
1619;45
1619;150
1619;262
1620;5
1620;10
1620;30
1620;40
1620;80
1620;262
1621;5
1621;10
1621;30
1621;60
1621;80
1621;262
1622;5
1622;17
1622;30
1622;45
1622;150
1622;262
1623;5
1623;10
1623;30
1623;45
1623;80
1623;179
1624;5
1624;10
1624;30
1624;60
1624;80
1624;179
1625;9
1625;10
1625;39
1625;60
1625;80
1625;180
1626;5
1626;10
1626;34
1626;50
1626;150
1626;167
1627;5
1627;10
1627;20
1627;60
1627;126
1627;180
1628;5
1628;10
1628;20
1628;60
1628;120
1628;178
1629;5
1629;19
1629;20
1629;60
1629;80
1629;175
1630;6
1630;12
1630;20
1630;52
1630;152
1630;262
1631;3
1631;10
1631;20
1631;60
1631;80
1631;180
1632;5
1632;19
1632;20
1632;40
1632;80
1632;262
1633;9
1633;10
1633;30
1633;40
1633;159
1633;210
1634;5
1634;10
1634;30
1634;67
1634;134
1634;210
1635;3
1635;10
1635;30
1635;67
1635;89
1635;210
1636;5
1636;10
1636;30
1636;67
1636;90
1636;262
1637;5
1637;10
1637;30
1637;60
1637;150
1637;179
1638;5
1638;10
1638;26
1638;51
1638;80
1638;180
1639;5
1639;10
1639;30
1639;59
1639;89
1639;178
1640;5
1640;10
1640;30
1640;60
1640;90
1640;180
1641;5
1641;10
1641;26
1641;50
1641;119
1641;160
1642;4
1642;18
1642;30
1642;68
1642;90
1642;160
1643;4
1643;19
1643;30
1643;76
1643;126
1643;176
1644;4
1644;19
1644;20
1644;75
1644;125
1644;175
1645;4
1645;15
1645;20
1645;75
1645;126
1645;226
1646;4
1646;15
1646;30
1646;75
1646;125
1646;225
1647;4
1647;15
1647;30
1647;75
1647;125
1647;226
1648;4
1648;19
1648;30
1648;75
1648;99
1648;262
1649;8
1649;13
1649;29
1649;50
1649;101
1649;210
1650;8
1650;15
1650;22
1650;67
1650;111
1650;210
1651;8
1651;14
1651;22
1651;67
1651;134
1651;201
1652;8
1652;13
1652;23
1652;45
1652;90
1652;227
1653;8
1653;19
1653;20
1653;42
1653;116
1653;352
1654;8
1654;19
1654;20
1654;60
1654;80
1654;180
1655;8
1655;15
1655;30
1655;60
1655;80
1655;181
1656;8
1656;15
1656;20
1656;60
1656;101
1656;160
1657;7
1657;10
1657;20
1657;60
1657;150
1657;446
1658;4
1658;17
1658;33
1658;50
1658;117
1658;179
1659;4
1659;17
1659;34
1659;50
1659;84
1659;180
1660;4
1660;17
1660;33
1660;50
1660;117
1660;167
1661;9
1661;11
1661;34
1661;51
1661;84
1661;178
1662;4
1662;19
1662;30
1662;60
1662;139
1662;160
1663;3
1663;19
1663;30
1663;59
1663;150
1663;359
1664;3
1664;17
1664;30
1664;60
1664;80
1664;463
1665;3
1665;15
1665;30
1665;45
1665;133
1665;262
1666;3
1666;15
1666;27
1666;45
1666;111
1666;200
1667;3
1667;17
1667;22
1667;44
1667;89
1667;201
1668;3
1668;19
1668;22
1668;45
1668;89
1668;200
1669;3
1669;19
1669;22
1669;67
1669;113
1669;180
1670;3
1670;15
1670;30
1670;75
1670;125
1670;179
1671;3
1671;19
1671;39
1671;40
1671;139
1671;160
1672;3
1672;19
1672;39
1672;40
1672;137
1672;180
1673;5
1673;10
1673;30
1673;68
1673;134
1673;160
1674;5
1674;10
1674;30
1674;67
1674;89
1674;239
1675;5
1675;10
1675;30
1675;60
1675;80
1675;160
1676;5
1676;10
1676;39
1676;59
1676;80
1676;177
1677;5
1677;10
1677;20
1677;60
1677;80
1677;262
1678;5
1678;10
1678;20
1678;60
1678;80
1678;262
1679;5
1679;18
1679;22
1679;45
1679;111
1679;198
1680;9
1680;19
1680;24
1680;67
1680;112
1680;178
1681;5
1681;10
1681;20
1681;76
1681;126
1681;240
1682;5
1682;10
1682;20
1682;76
1682;126
1682;301
1683;5
1683;10
1683;25
1683;40
1683;100
1683;180
1684;5
1684;10
1684;30
1684;60
1684;138
1684;179
1685;5
1685;10
1685;26
1685;51
1685;121
1685;180
1686;5
1686;10
1686;22
1686;67
1686;90
1686;179
1687;5
1687;10
1687;20
1687;40
1687;119
1687;210
1688;5
1688;10
1688;39
1688;40
1688;119
1688;238
1689;5
1689;10
1689;20
1689;60
1689;80
1689;179
1690;5
1690;10
1690;30
1690;60
1690;119
1690;240
1691;5
1691;10
1691;39
1691;60
1691;99
1691;200
1692;7
1692;11
1692;39
1692;60
1692;100
1692;262
1693;7
1693;10
1693;20
1693;60
1693;119
1693;262
1694;3
1694;10
1694;30
1694;60
1694;120
1694;262
1695;4
1695;10
1695;30
1695;60
1695;120
1695;262
1696;7
1696;11
1696;30
1696;40
1696;100
1696;262
1697;4
1697;10
1697;34
1697;40
1697;119
1697;262
1698;5
1698;10
1698;30
1698;60
1698;119
1698;200
1699;5
1699;10
1699;25
1699;60
1699;80
1699;200
1700;5
1700;10
1700;20
1700;75
1700;118
1700;262
1701;5
1701;10
1701;25
1701;50
1701;100
1701;201
1702;9
1702;10
1702;25
1702;50
1702;100
1702;262
1703;5
1703;10
1703;25
1703;50
1703;150
1703;262
1704;9
1704;12
1704;28
1704;50
1704;101
1704;200
1705;4
1705;18
1705;23
1705;50
1705;105
1705;261
1706;4
1706;19
1706;30
1706;50
1706;100
1706;200
1707;4
1707;19
1707;30
1707;50
1707;117
1707;200
1708;4
1708;18
1708;30
1708;45
1708;119
1708;201
1709;8
1709;13
1709;30
1709;50
1709;120
1709;200
1710;8
1710;13
1710;30
1710;60
1710;119
1710;201
1711;8
1711;15
1711;30
1711;40
1711;120
1711;239
1712;8
1712;19
1712;30
1712;45
1712;89
1712;210
1713;8
1713;19
1713;30
1713;60
1713;89
1713;210
1714;8
1714;19
1714;30
1714;60
1714;89
1714;210
1715;8
1715;19
1715;25
1715;40
1715;119
1715;262
1716;4
1716;17
1716;30
1716;40
1716;80
1716;172
1717;8
1717;19
1717;30
1717;60
1717;80
1717;160
1718;8
1718;19
1718;39
1718;40
1718;119
1718;239
1719;8
1719;19
1719;39
1719;40
1719;119
1719;210
1720;8
1720;15
1720;20
1720;60
1720;103
1720;210
1721;8
1721;15
1721;20
1721;40
1721;119
1721;160
1722;4
1722;15
1722;25
1722;40
1722;101
1722;199
1723;8
1723;10
1723;25
1723;61
1723;80
1723;239
1724;4
1724;15
1724;20
1724;40
1724;106
1724;195
1725;3
1725;15
1725;21
1725;43
1725;106
1725;160
1726;3
1726;16
1726;33
1726;67
1726;80
1726;160
1727;3
1727;17
1727;33
1727;67
1727;106
1727;178
1728;3
1728;16
1728;33
1728;60
1728;100
1728;262
1729;3
1729;17
1729;33
1729;40
1729;101
1729;179
1730;3
1730;17
1730;33
1730;40
1730;100
1730;179
1731;3
1731;16
1731;33
1731;44
1731;100
1731;223
1732;3
1732;15
1732;30
1732;45
1732;89
1732;179
1733;3
1733;15
1733;20
1733;45
1733;89
1733;178
1734;3
1734;19
1734;20
1734;45
1734;89
1734;240
1735;7
1735;12
1735;20
1735;44
1735;88
1735;223
1736;4
1736;19
1736;20
1736;45
1736;89
1736;179
1737;5
1737;15
1737;24
1737;60
1737;150
1737;200
1738;5
1738;10
1738;25
1738;60
1738;80
1738;200
1739;5
1739;10
1739;20
1739;50
1739;80
1739;200
1740;5
1740;10
1740;25
1740;50
1740;80
1740;200
1741;5
1741;10
1741;25
1741;50
1741;100
1741;201
1742;3
1742;15
1742;22
1742;66
1742;111
1742;177
1743;8
1743;12
1743;20
1743;69
1743;115
1743;195
1744;4
1744;10
1744;20
1744;50
1744;125
1744;200
1745;5
1745;10
1745;25
1745;50
1745;101
1745;201
1746;5
1746;10
1746;24
1746;74
1746;99
1746;179
1747;5
1747;17
1747;20
1747;50
1747;135
1747;166
1748;5
1748;10
1748;23
1748;68
1748;90
1748;180
1749;9
1749;10
1749;20
1749;59
1749;103
1749;180
1750;5
1750;10
1750;20
1750;40
1750;80
1750;199
1751;5
1751;10
1751;20
1751;40
1751;159
1751;160
1752;5
1752;10
1752;23
1752;45
1752;113
1752;228
1753;5
1753;10
1753;22
1753;44
1753;89
1753;222
1754;5
1754;19
1754;22
1754;45
1754;112
1754;262
1755;8
1755;12
1755;30
1755;67
1755;111
1755;262
1756;3
1756;10
1756;30
1756;60
1756;101
1756;262
1757;5
1757;15
1757;30
1757;60
1757;100
1757;262
1758;2
1758;15
1758;30
1758;60
1758;100
1758;179
1759;5
1759;10
1759;26
1759;45
1759;89
1759;201
1760;3
1760;10
1760;27
1760;53
1760;80
1760;201
1761;5
1761;10
1761;25
1761;50
1761;127
1761;200
1762;5
1762;10
1762;25
1762;50
1762;126
1762;263
1763;5
1763;10
1763;22
1763;45
1763;111
1763;175
1764;5
1764;10
1764;21
1764;42
1764;100
1764;200
1765;5
1765;10
1765;39
1765;50
1765;100
1765;240
1766;9
1766;10
1766;20
1766;40
1766;100
1766;262
1767;4
1767;18
1767;22
1767;45
1767;91
1767;201
1768;4
1768;18
1768;28
1768;45
1768;89
1768;201
1769;4
1769;19
1769;30
1769;50
1769;89
1769;200
1770;4
1770;17
1770;29
1770;45
1770;90
1770;179
1771;4
1771;19
1771;30
1771;44
1771;89
1771;179
1772;4
1772;19
1772;30
1772;45
1772;90
1772;200
1773;4
1773;19
1773;30
1773;44
1773;89
1773;200
1774;4
1774;15
1774;30
1774;50
1774;119
1774;180
1775;4
1775;15
1775;30
1775;51
1775;89
1775;253
1776;4
1776;19
1776;30
1776;45
1776;89
1776;179
1777;4
1777;19
1777;30
1777;40
1777;89
1777;179
1778;8
1778;17
1778;25
1778;60
1778;119
1778;230
1779;8
1779;17
1779;30
1779;60
1779;119
1779;199
1780;8
1780;16
1780;30
1780;40
1780;90
1780;199
1781;8
1781;19
1781;30
1781;40
1781;159
1781;199
1782;8
1782;16
1782;29
1782;40
1782;119
1782;199
1783;4
1783;15
1783;30
1783;60
1783;102
1783;199
1784;4
1784;15
1784;30
1784;60
1784;119
1784;199
1785;4
1785;12
1785;25
1785;60
1785;119
1785;199
1786;9
1786;11
1786;27
1786;74
1786;105
1786;178
1787;4
1787;19
1787;30
1787;40
1787;90
1787;268
1788;3
1788;14
1788;32
1788;40
1788;90
1788;268
1789;3
1789;13
1789;33
1789;45
1789;100
1789;268
1790;3
1790;14
1790;22
1790;60
1790;119
1790;176
1791;3
1791;17
1791;33
1791;45
1791;157
1791;160
1792;3
1792;17
1792;33
1792;51
1792;152
1792;178
1793;3
1793;17
1793;33
1793;50
1793;101
1793;268
1794;3
1794;19
1794;34
1794;67
1794;133
1794;269
1795;3
1795;15
1795;20
1795;60
1795;80
1795;253
1796;3
1796;15
1796;30
1796;40
1796;152
1796;267
1797;3
1797;19
1797;30
1797;67
1797;89
1797;267
1798;5
1798;11
1798;39
1798;40
1798;119
1798;279
1799;5
1799;10
1799;30
1799;40
1799;80
1799;278
1800;5
1800;10
1800;30
1800;60
1800;80
1800;239
1801;5
1801;10
1801;30
1801;60
1801;80
1801;272
1802;5
1802;10
1802;25
1802;60
1802;100
1802;239
1803;5
1803;10
1803;25
1803;60
1803;101
1803;199
1804;5
1804;15
1804;25
1804;40
1804;100
1804;266
1805;7
1805;15
1805;25
1805;40
1805;100
1805;199
1806;5
1806;10
1806;30
1806;60
1806;100
1806;179
1807;5
1807;10
1807;25
1807;60
1807;99
1807;179
1808;5
1808;10
1808;25
1808;40
1808;101
1808;179
1809;5
1809;10
1809;30
1809;60
1809;100
1809;162
1810;5
1810;19
1810;20
1810;45
1810;105
1810;180
1811;5
1811;10
1811;20
1811;40
1811;150
1811;161
1812;5
1812;10
1812;20
1812;40
1812;101
1812;260
1813;5
1813;10
1813;29
1813;60
1813;150
1813;449
1814;5
1814;10
1814;37
1814;75
1814;112
1814;263
1815;5
1815;10
1815;38
1815;75
1815;113
1815;188
1816;5
1816;10
1816;39
1816;40
1816;80
1816;160
1817;7
1817;12
1817;39
1817;79
1817;80
1817;262
1818;7
1818;10
1818;30
1818;40
1818;80
1818;160
1819;3
1819;10
1819;39
1819;79
1819;80
1819;238
1820;4
1820;19
1820;39
1820;40
1820;80
1820;160
1821;8
1821;12
1821;39
1821;77
1821;117
1821;201
1822;4
1822;10
1822;37
1822;75
1822;113
1822;201
1823;5
1823;10
1823;38
1823;77
1823;155
1823;200
1824;5
1824;10
1824;39
1824;40
1824;80
1824;160
1825;5
1825;19
1825;39
1825;77
1825;118
1825;202
1826;5
1826;10
1826;38
1826;75
1826;113
1826;201
1827;5
1827;10
1827;38
1827;75
1827;113
1827;227
1828;5
1828;10
1828;38
1828;75
1828;113
1828;160
1829;9
1829;12
1829;20
1829;50
1829;108
1829;200
1830;4
1830;17
1830;34
1830;68
1830;101
1830;201
1831;4
1831;19
1831;24
1831;50
1831;150
1831;201
1832;4
1832;19
1832;38
1832;67
1832;151
1832;188
1833;8
1833;13
1833;36
1833;67
1833;90
1833;201
1834;8
1834;17
1834;34
1834;67
1834;101
1834;200
1835;8
1835;19
1835;34
1835;67
1835;101
1835;201
1836;8
1836;17
1836;30
1836;67
1836;101
1836;168
1837;8
1837;12
1837;31
1837;60
1837;89
1837;210
1838;4
1838;19
1838;30
1838;60
1838;90
1838;180
1839;4
1839;17
1839;33
1839;67
1839;89
1839;168
1840;8
1840;17
1840;33
1840;67
1840;134
1840;168
1841;8
1841;16
1841;30
1841;40
1841;120
1841;178
1842;8
1842;19
1842;22
1842;60
1842;90
1842;246
1843;8
1843;19
1843;30
1843;60
1843;90
1843;228
1844;8
1844;19
1844;30
1844;59
1844;89
1844;267
1845;4
1845;15
1845;23
1845;46
1845;138
1845;254
1846;4
1846;15
1846;23
1846;46
1846;92
1846;275
1847;4
1847;19
1847;20
1847;51
1847;127
1847;279
1848;4
1848;19
1848;25
1848;49
1848;149
1848;239
1849;4
1849;19
1849;20
1849;50
1849;125
1849;179
1850;3
1850;16
1850;30
1850;46
1850;137
1850;274
1851;3
1851;16
1851;33
1851;45
1851;112
1851;271
1852;3
1852;19
1852;33
1852;50
1852;80
1852;200
1853;3
1853;19
1853;20
1853;60
1853;101
1853;262
1854;3
1854;19
1854;20
1854;40
1854;101
1854;298
1855;3
1855;19
1855;20
1855;60
1855;100
1855;300
1856;3
1856;19
1856;33
1856;60
1856;99
1856;168
1857;3
1857;17
1857;30
1857;45
1857;89
1857;270
1858;3
1858;17
1858;34
1858;45
1858;89
1858;286
1859;3
1859;17
1859;34
1859;45
1859;89
1859;268
1860;7
1860;17
1860;39
1860;45
1860;88
1860;240
1861;4
1861;19
1861;23
1861;45
1861;135
1861;249
1862;5
1862;10
1862;30
1862;50
1862;125
1862;240
1863;5
1863;10
1863;25
1863;49
1863;123
1863;172
1864;5
1864;10
1864;25
1864;51
1864;127
1864;229
1865;5
1865;10
1865;25
1865;50
1865;124
1865;222
1866;5
1866;10
1866;25
1866;50
1866;125
1866;252
1867;3
1867;15
1867;25
1867;50
1867;127
1867;253
1868;8
1868;12
1868;31
1868;49
1868;126
1868;184
1869;4
1869;10
1869;30
1869;60
1869;126
1869;239
1870;5
1870;10
1870;30
1870;50
1870;125
1870;243
1871;5
1871;10
1871;25
1871;50
1871;100
1871;278
1872;5
1872;17
1872;26
1872;51
1872;82
1872;231
1873;5
1873;10
1873;30
1873;68
1873;114
1873;160
1874;5
1874;10
1874;20
1874;40
1874;119
1874;179
1875;5
1875;10
1875;20
1875;40
1875;120
1875;240
1876;5
1876;10
1876;37
1876;75
1876;113
1876;266
1877;5
1877;10
1877;36
1877;73
1877;110
1877;256
1878;5
1878;10
1878;39
1878;40
1878;114
1878;193
1879;5
1879;19
1879;39
1879;40
1879;80
1879;160
1880;6
1880;11
1880;39
1880;40
1880;119
1880;262
1881;3
1881;10
1881;39
1881;40
1881;80
1881;160
1882;5
1882;15
1882;39
1882;40
1882;80
1882;160
1883;9
1883;19
1883;39
1883;40
1883;80
1883;160
1884;5
1884;10
1884;38
1884;76
1884;115
1884;201
1885;3
1885;10
1885;38
1885;75
1885;113
1885;226
1886;5
1886;10
1886;39
1886;40
1886;80
1886;200
1887;5
1887;10
1887;39
1887;40
1887;80
1887;160
1888;5
1888;10
1888;38
1888;76
1888;114
1888;178
1889;5
1889;10
1889;38
1889;75
1889;113
1889;226
1890;5
1890;10
1890;38
1890;75
1890;113
1890;226
1891;9
1891;10
1891;38
1891;75
1891;113
1891;226
1892;8
1892;17
1892;33
1892;67
1892;80
1892;201
1893;4
1893;18
1893;34
1893;68
1893;102
1893;201
1894;4
1894;19
1894;30
1894;50
1894;150
1894;188
1895;4
1895;10
1895;38
1895;75
1895;113
1895;189
1896;4
1896;19
1896;35
1896;69
1896;89
1896;179
1897;4
1897;10
1897;30
1897;67
1897;100
1897;201
1898;4
1898;19
1898;30
1898;67
1898;101
1898;201
1899;4
1899;11
1899;30
1899;66
1899;99
1899;265
1900;4
1900;15
1900;30
1900;60
1900;90
1900;179
1901;4
1901;19
1901;30
1901;60
1901;89
1901;201
1902;8
1902;19
1902;34
1902;67
1902;101
1902;168
1903;8
1903;19
1903;33
1903;67
1903;100
1903;168
1904;8
1904;19
1904;30
1904;60
1904;90
1904;161
1905;8
1905;19
1905;30
1905;60
1905;90
1905;199
1906;8
1906;19
1906;30
1906;60
1906;90
1906;160
1907;8
1907;16
1907;26
1907;58
1907;150
1907;262
1908;4
1908;15
1908;23
1908;68
1908;136
1908;272
1909;4
1909;15
1909;24
1909;49
1909;99
1909;270
1910;4
1910;15
1910;25
1910;50
1910;100
1910;276
1911;9
1911;12
1911;27
1911;50
1911;126
1911;277
1912;4
1912;15
1912;30
1912;60
1912;126
1912;278
1913;3
1913;15
1913;27
1913;53
1913;133
1913;266
1914;3
1914;13
1914;33
1914;53
1914;106
1914;239
1915;3
1915;15
1915;28
1915;56
1915;84
1915;255
1916;7
1916;15
1916;25
1916;50
1916;101
1916;276
1917;7
1917;17
1917;23
1917;46
1917;100
1917;199
1918;7
1918;17
1918;33
1918;45
1918;105
1918;269
1919;7
1919;19
1919;23
1919;45
1919;80
1919;270
1920;7
1920;15
1920;22
1920;67
1920;90
1920;269
1921;7
1921;19
1921;20
1921;60
1921;120
1921;259
1922;7
1922;19
1922;20
1922;40
1922;149
1922;179
1923;6
1923;10
1923;22
1923;60
1923;150
1923;179
1924;3
1924;10
1924;23
1924;60
1924;80
1924;180
1925;5
1925;10
1925;25
1925;50
1925;152
1925;239
1926;5
1926;10
1926;25
1926;50
1926;150
1926;199
1927;5
1927;10
1927;23
1927;45
1927;100
1927;249
1928;5
1928;10
1928;22
1928;44
1928;133
1928;250
1929;9
1929;10
1929;20
1929;40
1929;100
1929;239
1930;5
1930;19
1930;20
1930;40
1930;80
1930;239
1931;5
1931;10
1931;21
1931;40
1931;80
1931;179
1932;5
1932;19
1932;20
1932;40
1932;99
1932;179
1933;5
1933;10
1933;20
1933;40
1933;101
1933;162
1934;5
1934;19
1934;20
1934;60
1934;80
1934;160
1935;5
1935;10
1935;30
1935;40
1935;100
1935;180
1936;5
1936;10
1936;30
1936;40
1936;100
1936;180
1937;5
1937;10
1937;30
1937;40
1937;101
1937;239
1938;5
1938;10
1938;39
1938;40
1938;100
1938;177
1939;5
1939;10
1939;30
1939;40
1939;100
1939;180
1940;5
1940;10
1940;39
1940;40
1940;101
1940;241
1941;5
1941;10
1941;30
1941;40
1941;80
1941;178
1942;5
1942;10
1942;30
1942;40
1942;100
1942;179
1943;5
1943;10
1943;30
1943;60
1943;80
1943;241
1944;5
1944;10
1944;30
1944;60
1944;101
1944;240
1945;5
1945;10
1945;30
1945;40
1945;99
1945;242
1946;5
1946;10
1946;30
1946;60
1946;100
1946;240
1947;5
1947;10
1947;30
1947;60
1947;101
1947;241
1948;5
1948;10
1948;29
1948;60
1948;80
1948;240
1949;5
1949;10
1949;30
1949;60
1949;100
1949;177
1950;5
1950;10
1950;30
1950;60
1950;101
1950;240
1951;5
1951;10
1951;30
1951;60
1951;120
1951;180
1952;5
1952;10
1952;39
1952;40
1952;80
1952;239
1953;5
1953;10
1953;30
1953;40
1953;80
1953;240
1954;5
1954;10
1954;30
1954;60
1954;80
1954;180
1955;5
1955;10
1955;30
1955;59
1955;80
1955;179
1956;5
1956;10
1956;30
1956;59
1956;120
1956;240
1957;5
1957;10
1957;30
1957;60
1957;120
1957;240
1958;5
1958;10
1958;30
1958;59
1958;80
1958;240
1959;5
1959;10
1959;30
1959;40
1959;120
1959;240
1960;5
1960;10
1960;30
1960;40
1960;80
1960;177
1961;5
1961;10
1961;29
1961;40
1961;80
1961;240
1962;5
1962;10
1962;20
1962;60
1962;80
1962;177
1963;5
1963;10
1963;30
1963;40
1963;80
1963;240
1964;5
1964;10
1964;30
1964;40
1964;80
1964;240
1965;5
1965;10
1965;30
1965;40
1965;80
1965;179
1966;5
1966;10
1966;30
1966;60
1966;120
1966;240
1967;5
1967;10
1967;30
1967;40
1967;80
1967;240
1968;5
1968;10
1968;39
1968;40
1968;120
1968;240
1969;5
1969;10
1969;30
1969;40
1969;80
1969;240
1970;5
1970;10
1970;30
1970;40
1970;80
1970;169
1971;5
1971;10
1971;30
1971;40
1971;119
1971;240
1972;5
1972;10
1972;34
1972;41
1972;82
1972;232
1973;5
1973;10
1973;20
1973;40
1973;83
1973;222
1974;5
1974;10
1974;30
1974;41
1974;141
1974;169
1975;5
1975;10
1975;36
1975;54
1975;109
1975;226
1976;5
1976;10
1976;20
1976;52
1976;108
1976;178
1977;5
1977;10
1977;33
1977;48
1977;156
1977;160
1978;5
1978;10
1978;39
1978;41
1978;156
1978;160
1979;5
1979;10
1979;29
1979;55
1979;150
1979;270
1980;5
1980;10
1980;39
1980;52
1980;121
1980;268
1981;5
1981;10
1981;34
1981;51
1981;123
1981;240
1982;5
1982;10
1982;31
1982;67
1982;82
1982;244
1983;5
1983;10
1983;32
1983;48
1983;96
1983;245
1984;5
1984;10
1984;20
1984;40
1984;89
1984;165
1985;5
1985;10
1985;33
1985;44
1985;143
1985;165
1986;5
1986;10
1986;39
1986;53
1986;136
1986;160
1987;5
1987;10
1987;34
1987;61
1987;134
1987;169
1988;5
1988;16
1988;29
1988;45
1988;157
1988;222
1989;5
1989;17
1989;35
1989;53
1989;158
1989;211
1990;9
1990;14
1990;32
1990;42
1990;150
1990;195
1991;9
1991;15
1991;37
1991;59
1991;148
1991;220
1992;9
1992;15
1992;38
1992;41
1992;151
1992;160
1993;9
1993;10
1993;38
1993;56
1993;144
1993;222
1994;9
1994;15
1994;31
1994;62
1994;125
1994;223
1995;9
1995;18
1995;38
1995;65
1995;151
1995;213
1996;5
1996;17
1996;39
1996;59
1996;135
1996;209
1997;5
1997;19
1997;20
1997;60
1997;146
1997;165
1998;5
1998;19
1998;31
1998;62
1998;132
1998;163
1999;5
1999;19
1999;20
1999;54
1999;82
1999;213
2000;5
2000;16
2000;29
2000;44
2000;153
2000;160
2001;5
2001;16
2001;33
2001;50
2001;149
2001;165
2002;5
2002;13
2002;38
2002;47
2002;159
2002;163
2003;9
2003;10
2003;23
2003;46
2003;158
2003;162
2004;5
2004;18
2004;36
2004;48
2004;157
2004;170
2005;5
2005;13
2005;29
2005;45
2005;156
2005;167
2006;5
2006;17
2006;34
2006;48
2006;155
2006;166
2007;9
2007;15
2007;32
2007;51
2007;154
2007;163
2008;9
2008;12
2008;33
2008;46
2008;131
2008;181
2009;5
2009;13
2009;27
2009;44
2009;148
2009;162
2010;5
2010;13
2010;28
2010;44
2010;144
2010;163
2011;5
2011;13
2011;27
2011;46
2011;159
2011;164
2012;5
2012;18
2012;28
2012;43
2012;130
2012;268
2013;5
2013;14
2013;28
2013;49
2013;124
2013;218
2014;4
2014;12
2014;36
2014;40
2014;133
2014;216
2015;5
2015;14
2015;32
2015;45
2015;124
2015;211
2016;5
2016;16
2016;33
2016;49
2016;146
2016;162
2017;3
2017;14
2017;37
2017;61
2017;135
2017;188
2018;5
2018;14
2018;32
2018;45
2018;139
2018;161
2019;5
2019;18
2019;22
2019;44
2019;139
2019;183
2020;2
2020;15
2020;31
2020;48
2020;141
2020;170
2021;3
2021;14
2021;29
2021;59
2021;132
2021;191
2022;5
2022;11
2022;24
2022;59
2022;113
2022;207
2023;4
2023;10
2023;24
2023;57
2023;122
2023;207
2024;3
2024;10
2024;24
2024;46
2024;111
2024;207
2025;4
2025;16
2025;33
2025;49
2025;134
2025;215
