0;7
0;16
0;26
0;46
0;119
0;186
1;5
1;15
1;25
1;45
1;85
1;345
2;5
2;15
2;24
2;44
2;122
2;365
3;5
3;11
3;25
3;44
3;122
3;166
4;6
4;16
4;26
4;46
4;119
4;178
5;5
5;15
5;35
5;44
5;84
5;160
6;5
6;15
6;35
6;44
6;84
6;169
7;5
7;15
7;24
7;45
7;118
7;161
8;4
8;16
8;35
8;40
8;118
8;182
9;8
9;16
9;25
9;44
9;120
9;170
10;7
10;18
10;30
10;42
10;86
10;166
11;6
11;18
11;29
11;41
11;88
11;167
12;6
12;18
12;29
12;41
12;118
12;167
13;6
13;18
13;29
13;41
13;90
13;160
14;6
14;18
14;35
14;44
14;119
14;227
15;6
15;18
15;30
15;48
15;92
15;161
16;5
16;12
16;20
16;52
16;84
16;350
17;4
17;12
17;20
17;59
17;107
17;350
18;4
18;11
18;20
18;51
18;86
18;196
19;4
19;11
19;20
19;55
19;83
19;175
20;5
20;12
20;20
20;44
20;84
20;163
21;4
21;12
21;20
21;43
21;83
21;204
22;4
22;12
22;20
22;60
22;94
22;165
23;4
23;17
23;20
23;56
23;116
23;192
24;4
24;15
24;21
24;44
24;83
24;184
25;8
25;18
25;39
25;43
25;109
25;161
26;9
26;16
26;36
26;49
26;119
26;161
27;9
27;13
27;24
27;41
27;89
27;171
28;8
28;16
28;37
28;52
28;119
28;176
29;7
29;17
29;24
29;49
29;83
29;208
30;9
30;15
30;32
30;53
30;118
30;190
31;6
31;13
31;20
31;43
31;85
31;167
32;4
32;12
32;20
32;44
32;83
32;205
33;4
33;12
33;20
33;43
33;82
33;166
34;4
34;11
34;20
34;53
34;82
34;163
35;5
35;13
35;36
35;44
35;96
35;164
36;4
36;19
36;20
36;43
36;90
36;165
37;4
37;12
37;20
37;43
37;83
37;173
38;4
38;11
38;20
38;55
38;81
38;190
39;3
39;16
39;35
39;49
39;103
39;162
40;6
40;15
40;33
40;55
40;81
40;164
41;9
41;19
41;24
41;43
41;109
41;166
42;7
42;14
42;24
42;61
42;104
42;166
43;8
43;16
43;23
43;72
43;80
43;170
44;9
44;15
44;20
44;47
44;80
44;160
45;8
45;15
45;24
45;42
45;80
45;180
46;8
46;12
46;37
46;59
46;104
46;161
47;5
47;12
47;20
47;44
47;90
47;161
48;4
48;12
48;20
48;51
48;83
48;160
49;4
49;19
49;20
49;53
49;85
49;193
50;4
50;17
50;37
50;68
50;81
50;201
51;6
51;18
51;30
51;42
51;90
51;203
52;6
52;17
52;29
52;41
52;89
52;167
53;6
53;16
53;29
53;41
53;89
53;179
54;6
54;15
54;30
54;41
54;82
54;171
55;5
55;13
55;22
55;58
55;84
55;164
56;4
56;13
56;22
56;40
56;94
56;167
57;4
57;13
57;22
57;40
57;100
57;163
58;9
58;10
58;27
58;44
58;85
58;173
59;9
59;10
59;27
59;44
59;80
59;379
60;9
60;10
60;27
60;44
60;80
60;361
61;8
61;10
61;25
61;44
61;87
61;170
62;6
62;15
62;30
62;45
62;159
62;189
63;5
63;15
63;25
63;55
63;150
63;444
64;5
64;15
64;24
64;45
64;159
64;379
65;4
65;13
65;27
65;53
65;80
65;212
66;6
66;16
66;39
66;40
66;80
66;194
67;5
67;15
67;35
67;45
67;80
67;181
68;5
68;15
68;35
68;45
68;80
68;324
69;5
69;13
69;27
69;45
69;80
69;298
70;5
70;15
70;39
70;40
70;141
70;364
71;7
71;15
71;29
71;43
71;85
71;365
72;7
72;18
72;29
72;40
72;85
72;303
73;6
73;18
73;29
73;41
73;85
73;303
74;6
74;17
74;23
74;41
74;83
74;256
75;6
75;14
75;25
75;40
75;88
75;249
76;6
76;18
76;38
76;78
76;106
76;310
77;6
77;14
77;26
77;40
77;80
77;186
78;4
78;12
78;20
78;40
78;80
78;170
79;4
79;12
79;20
79;40
79;80
79;184
80;4
80;11
80;27
80;40
80;84
80;378
81;3
81;13
81;39
81;40
81;92
81;160
82;4
82;12
82;20
82;40
82;92
82;185
83;4
83;12
83;20
83;53
83;134
83;160
84;4
84;12
84;39
84;40
84;134
84;160
85;4
85;18
85;39
85;40
85;134
85;160
86;4
86;15
86;39
86;40
86;134
86;160
87;9
87;15
87;24
87;40
87;96
87;160
88;8
88;14
88;24
88;40
88;86
88;160
89;9
89;11
89;24
89;73
89;97
89;162
90;9
90;10
90;24
90;47
90;90
90;169
91;7
91;15
91;24
91;59
91;95
91;166
92;9
92;13
92;24
92;63
92;89
92;162
93;5
93;19
93;20
93;43
93;85
93;173
94;4
94;19
94;20
94;43
94;83
94;205
95;4
95;19
95;20
95;62
95;83
95;167
96;4
96;11
96;24
96;48
96;94
96;173
97;5
97;12
97;28
97;44
97;83
97;163
98;4
98;12
98;20
98;43
98;90
98;169
99;4
99;12
99;20
99;51
99;93
99;225
100;4
100;11
100;24
100;51
100;100
100;166
101;4
101;19
101;20
101;43
101;85
101;167
102;9
102;19
102;24
102;44
102;100
102;160
103;9
103;19
103;20
103;43
103;97
103;175
104;8
104;19
104;35
104;46
104;91
104;160
105;9
105;12
105;35
105;47
105;83
105;165
106;9
106;12
106;37
106;49
106;83
106;196
107;7
107;14
107;27
107;40
107;83
107;186
108;9
108;13
108;27
108;48
108;83
108;186
109;4
109;12
109;20
109;44
109;83
109;175
110;4
110;12
110;20
110;44
110;83
110;180
111;4
111;11
111;20
111;40
111;82
111;160
112;7
112;12
112;24
112;47
112;90
112;167
113;6
113;17
113;30
113;42
113;90
113;167
114;6
114;18
114;30
114;41
114;83
114;342
115;5
115;18
115;29
115;79
115;81
115;175
116;6
116;15
116;39
116;79
116;80
116;197
117;5
117;13
117;22
117;47
117;95
117;187
118;4
118;13
118;23
118;48
118;95
118;378
119;4
119;13
119;24
119;44
119;116
119;374
120;9
120;10
120;27
120;41
120;156
120;386
121;9
121;10
121;26
121;44
121;97
121;365
122;9
122;10
122;26
122;45
122;153
122;289
123;8
123;19
123;20
123;59
123;118
123;335
124;5
124;19
124;20
124;60
124;80
124;200
125;5
125;15
125;21
125;42
125;80
125;201
126;5
126;19
126;20
126;40
126;80
126;163
127;9
127;19
127;20
127;40
127;119
127;175
128;5
128;15
128;35
128;45
128;159
128;177
129;5
129;15
129;36
129;40
129;80
129;230
130;5
130;15
130;36
130;59
130;118
130;229
131;2
131;17
131;36
131;41
131;147
131;162
132;6
132;19
132;20
132;79
132;80
132;162
133;8
133;10
133;35
133;40
133;153
133;175
134;6
134;17
134;34
134;50
134;82
134;189
135;6
135;17
135;36
135;53
135;88
135;193
136;6
136;16
136;32
136;63
136;81
136;187
137;6
137;17
137;32
137;48
137;146
137;277
138;6
138;15
138;29
138;44
138;88
138;175
139;5
139;15
139;30
139;45
139;89
139;193
140;4
140;12
140;30
140;45
140;90
140;179
141;4
141;15
141;30
141;45
141;89
141;193
142;3
142;15
142;29
142;45
142;135
142;192
143;5
143;15
143;30
143;68
143;136
143;214
144;4
144;13
144;39
144;40
144;80
144;174
145;6
145;13
145;39
145;40
145;80
145;186
146;5
146;14
146;39
146;40
146;154
146;161
147;6
147;15
147;35
147;41
147;146
147;173
148;8
148;15
148;38
148;74
148;85
148;209
149;9
149;12
149;37
149;55
149;117
149;204
150;4
150;12
150;37
150;48
150;87
150;204
151;7
151;13
151;26
151;40
151;80
151;173
152;9
152;13
152;27
152;40
152;80
152;173
153;4
153;13
153;26
153;40
153;132
153;173
154;4
154;13
154;20
154;40
154;150
154;181
155;4
155;13
155;27
155;40
155;132
155;198
156;4
156;13
156;27
156;40
156;119
156;186
157;3
157;13
157;39
157;40
157;142
157;160
158;8
158;13
158;39
158;52
158;88
158;222
159;4
159;13
159;39
159;40
159;136
159;212
160;4
160;13
160;39
160;40
160;92
160;198
161;4
161;12
161;39
161;41
161;92
161;212
162;2
162;12
162;37
162;48
162;120
162;168
163;8
163;13
163;39
163;40
163;120
163;176
164;9
164;13
164;39
164;40
164;99
164;506
165;5
165;13
165;39
165;40
165;90
165;161
166;6
166;13
166;39
166;40
166;91
166;196
167;0
167;13
167;39
167;40
167;94
167;228
168;9
168;13
168;39
168;40
168;94
168;226
169;5
169;13
169;39
169;40
169;84
169;229
170;5
170;14
170;39
170;53
170;159
170;172
171;4
171;13
171;39
171;53
171;80
171;212
172;4
172;12
172;39
172;40
172;145
172;200
173;3
173;15
173;30
173;45
173;119
173;164
174;7
174;15
174;30
174;46
174;81
174;225
175;6
175;12
175;35
175;47
175;83
175;206
176;6
176;12
176;36
176;48
176;84
176;204
177;2
177;12
177;36
177;47
177;105
177;203
178;5
178;14
178;39
178;40
178;117
178;196
179;4
179;17
179;35
179;40
179;124
179;231
180;4
180;13
180;30
180;44
180;156
180;239
181;4
181;15
181;30
181;47
181;132
181;206
182;4
182;15
182;31
182;45
182;148
182;194
183;4
183;15
183;22
183;44
183;119
183;193
184;4
184;13
184;26
184;40
184;119
184;199
185;6
185;13
185;26
185;40
185;119
185;199
186;5
186;15
186;25
186;40
186;92
186;162
187;5
187;13
187;39
187;40
187;119
187;200
188;5
188;13
188;27
188;40
188;102
188;176
189;9
189;11
189;33
189;44
189;130
189;192
190;5
190;11
190;35
190;45
190;127
190;191
191;5
191;15
191;25
191;44
191;125
191;280
192;5
192;15
192;25
192;74
192;96
192;161
193;8
193;11
193;35
193;44
193;97
193;181
194;7
194;16
194;30
194;41
194;118
194;186
195;7
195;16
195;31
195;44
195;120
195;194
196;6
196;18
196;30
196;41
196;88
196;219
197;6
197;18
197;36
197;42
197;85
197;183
198;6
198;15
198;29
198;45
198;119
198;179
199;6
199;13
199;39
199;40
199;94
199;189
200;6
200;18
200;39
200;40
200;95
200;202
201;5
201;13
201;28
201;40
201;132
201;181
202;4
202;13
202;39
202;40
202;132
202;201
203;4
203;12
203;20
203;40
203;133
203;198
204;2
204;14
204;27
204;41
204;132
204;225
205;5
205;13
205;20
205;40
205;157
205;170
206;4
206;12
206;20
206;43
206;139
206;173
207;4
207;12
207;20
207;43
207;119
207;185
208;4
208;11
208;39
208;40
208;113
208;186
209;8
209;12
209;35
209;47
209;94
209;412
210;8
210;12
210;36
210;47
210;108
210;181
211;8
211;14
211;27
211;40
211;124
211;226
212;9
212;13
212;26
212;40
212;92
212;238
213;8
213;13
213;39
213;40
213;106
213;210
214;5
214;13
214;27
214;40
214;132
214;212
215;8
215;13
215;26
215;40
215;107
215;359
216;3
216;13
216;27
216;40
216;121
216;162
217;4
217;12
217;38
217;40
217;146
217;211
218;4
218;12
218;20
218;40
218;126
218;334
219;4
219;13
219;27
219;40
219;136
219;213
220;5
220;13
220;26
220;40
220;118
220;210
221;4
221;12
221;20
221;40
221;93
221;199
222;4
222;12
222;29
222;44
222;90
222;200
223;4
223;13
223;27
223;40
223;90
223;217
224;8
224;10
224;33
224;44
224;98
224;285
225;8
225;13
225;39
225;40
225;150
225;222
226;4
226;13
226;26
226;40
226;119
226;211
227;8
227;13
227;39
227;40
227;93
227;199
228;9
228;13
228;38
228;42
228;100
228;207
229;9
229;14
229;27
229;53
229;129
229;196
230;7
230;14
230;38
230;53
230;146
230;311
231;8
231;13
231;26
231;40
231;144
231;215
232;5
232;12
232;27
232;40
232;150
232;492
233;4
233;12
233;39
233;40
233;118
233;197
234;4
234;13
234;26
234;40
234;119
234;357
235;2
235;13
235;26
235;40
235;120
235;186
236;6
236;19
236;30
236;42
236;127
236;230
237;6
237;13
237;27
237;41
237;80
237;228
238;6
238;13
238;27
238;41
238;146
238;300
239;9
239;13
239;39
239;40
239;157
239;170
240;5
240;13
240;31
240;40
240;158
240;193
241;4
241;13
241;31
241;49
241;159
241;193
242;4
242;18
242;35
242;41
242;155
242;174
243;3
243;18
243;32
243;43
243;155
243;494
244;9
244;10
244;27
244;45
244;80
244;378
245;9
245;16
245;30
245;45
245;151
245;165
246;8
246;14
246;29
246;42
246;142
246;237
247;9
247;13
247;26
247;41
247;95
247;212
248;5
248;13
248;27
248;40
248;91
248;249
249;5
249;14
249;28
249;42
249;84
249;189
250;5
250;13
250;38
250;51
250;140
250;177
251;6
251;14
251;27
251;55
251;82
251;222
252;5
252;12
252;35
252;47
252;80
252;194
253;5
253;10
253;20
253;51
253;110
253;172
254;5
254;11
254;25
254;51
254;101
254;194
255;8
255;10
255;34
255;43
255;97
255;161
256;8
256;16
256;31
256;49
256;152
256;391
257;7
257;19
257;20
257;41
257;151
257;160
258;6
258;18
258;30
258;45
258;135
258;180
259;6
259;17
259;30
259;45
259;137
259;233
260;6
260;15
260;29
260;45
260;137
260;181
261;6
261;15
261;29
261;40
261;128
261;187
262;6
262;13
262;39
262;40
262;80
262;226
263;5
263;13
263;39
263;40
263;145
263;160
264;4
264;13
264;39
264;53
264;93
264;185
265;4
265;13
265;26
265;52
265;115
265;178
266;9
266;13
266;39
266;41
266;121
266;165
267;4
267;12
267;20
267;48
267;142
267;188
268;4
268;12
268;20
268;49
268;119
268;188
269;4
269;12
269;20
269;51
269;84
269;171
270;4
270;10
270;30
270;77
270;83
270;177
271;9
271;18
271;35
271;53
271;115
271;188
272;9
272;17
272;36
272;53
272;100
272;399
273;9
273;18
273;35
273;44
273;114
273;220
274;9
274;18
274;35
274;44
274;114
274;235
275;7
275;10
275;36
275;45
275;92
275;236
276;9
276;10
276;37
276;45
276;153
276;293
277;9
277;17
277;27
277;45
277;143
277;292
278;5
278;13
278;35
278;42
278;106
278;298
279;4
279;12
279;29
279;43
279;86
279;185
280;4
280;15
280;31
280;45
280;80
280;219
281;4
281;13
281;27
281;40
281;119
281;160
282;5
282;13
282;27
282;42
282;119
282;169
283;4
283;12
283;20
283;40
283;145
283;160
284;4
284;12
284;20
284;40
284;136
284;373
285;4
285;13
285;26
285;40
285;80
285;208
286;8
286;13
286;26
286;40
286;98
286;184
287;8
287;13
287;26
287;40
287;80
287;225
288;6
288;13
288;27
288;40
288;81
288;387
289;4
289;13
289;28
289;44
289;81
289;161
290;4
290;12
290;20
290;40
290;80
290;399
291;4
291;13
291;26
291;40
291;80
291;240
292;4
292;13
292;27
292;41
292;159
292;169
293;7
293;13
293;26
293;40
293;145
293;213
294;5
294;13
294;39
294;40
294;148
294;175
295;4
295;13
295;38
295;52
295;128
295;190
296;4
296;14
296;27
296;41
296;120
296;181
297;3
297;13
297;28
297;41
297;129
297;180
298;8
298;13
298;24
298;40
298;129
298;175
299;7
299;11
299;23
299;46
299;128
299;439
300;8
300;10
300;20
300;40
300;118
300;332
301;8
301;10
301;33
301;45
301;151
301;256
302;9
302;10
302;39
302;40
302;91
302;162
303;5
303;19
303;39
303;40
303;80
303;161
304;8
304;11
304;39
304;40
304;80
304;161
305;8
305;10
305;30
305;40
305;120
305;181
306;8
306;19
306;39
306;40
306;140
306;161
307;7
307;19
307;39
307;40
307;140
307;160
308;8
308;10
308;39
308;40
308;80
308;160
309;9
309;10
309;39
309;75
309;114
309;200
310;9
310;11
310;30
310;40
310;120
310;191
311;4
311;12
311;30
311;40
311;120
311;211
312;4
312;12
312;36
312;48
312;84
312;191
313;3
313;12
313;35
313;47
313;82
313;200
314;5
314;12
314;36
314;47
314;83
314;202
315;3
315;12
315;24
315;40
315;83
315;161
316;3
316;11
316;39
316;40
316;140
316;266
317;3
317;13
317;39
317;40
317;92
317;226
318;6
318;13
318;30
318;53
318;90
318;215
319;4
319;13
319;39
319;40
319;105
319;183
320;4
320;13
320;39
320;40
320;93
320;185
321;4
321;13
321;39
321;40
321;80
321;171
322;7
322;14
322;39
322;40
322;80
322;189
323;7
323;14
323;27
323;40
323;80
323;179
324;8
324;14
324;39
324;45
324;90
324;161
325;7
325;15
325;29
325;47
325;86
325;177
326;6
326;15
326;30
326;47
326;120
326;351
327;6
327;15
327;30
327;45
327;104
327;180
328;4
328;15
328;30
328;45
328;89
328;180
329;3
329;15
329;30
329;45
329;89
329;179
330;8
330;15
330;29
330;47
330;87
330;167
331;6
331;14
331;29
331;47
331;95
331;179
332;9
332;18
332;36
332;47
332;120
332;297
333;6
333;17
333;35
333;53
333;143
333;180
334;5
334;18
334;36
334;53
334;119
334;180
335;9
335;18
335;35
335;53
335;106
335;177
336;8
336;18
336;35
336;53
336;123
336;175
337;9
337;18
337;36
337;54
337;123
337;199
338;9
338;18
338;36
338;60
338;95
338;186
339;9
339;19
339;32
339;48
339;120
339;181
340;9
340;10
340;35
340;53
340;85
340;346
341;9
341;10
341;31
341;53
341;107
341;303
342;6
342;19
342;20
342;40
342;80
342;496
343;3
343;19
343;20
343;41
343;81
343;163
344;4
344;17
344;32
344;47
344;81
344;364
345;4
345;18
345;36
345;53
345;80
345;178
346;7
346;17
346;36
346;48
346;96
346;473
347;9
347;15
347;30
347;45
347;80
347;198
348;9
348;15
348;30
348;46
348;90
348;226
349;7
349;13
349;39
349;40
349;80
349;209
350;9
350;13
350;39
350;40
350;94
350;160
351;9
351;12
351;32
351;48
351;94
351;163
352;4
352;12
352;36
352;40
352;118
352;166
353;5
353;12
353;31
353;48
353;80
353;166
354;9
354;12
354;32
354;48
354;80
354;169
355;9
355;12
355;32
355;47
355;94
355;483
356;7
356;12
356;32
356;48
356;81
356;468
357;7
357;10
357;35
357;44
357;96
357;178
358;9
358;18
358;31
358;53
358;97
358;172
359;9
359;10
359;20
359;49
359;98
359;418
360;9
360;10
360;20
360;47
360;80
360;177
361;9
361;10
361;32
361;40
361;80
361;177
362;9
362;10
362;32
362;48
362;80
362;190
363;9
363;10
363;31
363;47
363;80
363;165
364;7
364;19
364;32
364;47
364;143
364;249
365;8
365;19
365;32
365;47
365;94
365;168
366;9
366;10
366;31
366;48
366;80
366;200
367;8
367;19
367;32
367;48
367;80
367;199
368;6
368;19
368;32
368;47
368;95
368;222
369;7
369;19
369;32
369;47
369;95
369;160
370;8
370;19
370;32
370;47
370;80
370;213
371;9
371;10
371;20
371;75
371;114
371;161
372;5
372;10
372;23
372;47
372;110
372;164
373;6
373;12
373;30
373;47
373;109
373;195
374;3
374;12
374;30
374;48
374;84
374;179
375;4
375;12
375;39
375;40
375;82
375;165
376;5
376;12
376;24
376;45
376;83
376;211
377;5
377;12
377;30
377;46
377;82
377;202
378;7
378;12
378;30
378;47
378;80
378;181
379;6
379;13
379;31
379;40
379;106
379;266
380;5
380;13
380;30
380;45
380;80
380;266
381;5
381;13
381;35
381;40
381;105
381;184
382;9
382;18
382;36
382;53
382;80
382;200
383;9
383;18
383;39
383;40
383;80
383;178
384;9
384;13
384;39
384;40
384;80
384;211
385;6
385;13
385;26
385;45
385;80
385;234
386;9
386;15
386;35
386;45
386;89
386;180
387;8
387;12
387;30
387;48
387;142
387;236
388;8
388;15
388;23
388;40
388;89
388;200
389;9
389;15
389;29
389;45
389;89
389;233
390;4
390;15
390;24
390;45
390;89
390;206
391;9
391;15
391;30
391;47
391;93
391;206
392;5
392;15
392;30
392;47
392;89
392;195
393;7
393;15
393;30
393;47
393;95
393;212
394;6
394;19
394;35
394;47
394;89
394;166
395;5
395;18
395;36
395;53
395;89
395;193
396;4
396;18
396;35
396;53
396;89
396;179
397;6
397;18
397;36
397;54
397;107
397;178
398;9
398;18
398;35
398;53
398;142
398;178
399;8
399;18
399;37
399;55
399;124
399;179
400;8
400;18
400;36
400;47
400;125
400;172
401;9
401;18
401;35
401;47
401;106
401;178
402;9
402;19
402;37
402;55
402;86
402;184
403;6
403;19
403;20
403;40
403;95
403;172
404;6
404;18
404;20
404;60
404;80
404;200
405;3
405;11
405;20
405;40
405;80
405;162
406;4
406;18
406;36
406;54
406;107
406;161
407;4
407;18
407;36
407;54
407;108
407;162
408;8
408;16
408;31
408;54
408;80
408;195
409;4
409;16
409;31
409;40
409;80
409;161
410;4
410;15
410;36
410;40
410;80
410;240
411;5
411;13
411;39
411;40
411;80
411;210
412;5
412;13
412;31
412;40
412;119
412;203
413;5
413;12
413;35
413;47
413;128
413;203
414;5
414;12
414;36
414;59
414;106
414;205
415;5
415;12
415;32
415;40
415;152
415;204
416;5
416;14
416;34
416;40
416;152
416;197
417;5
417;13
417;39
417;40
417;131
417;203
418;8
418;13
418;27
418;40
418;123
418;406
419;9
419;17
419;35
419;52
419;96
419;177
420;9
420;18
420;37
420;45
420;117
420;181
421;9
421;10
421;20
421;40
421;100
421;181
422;9
422;10
422;20
422;40
422;89
422;177
423;9
423;11
423;21
423;40
423;89
423;176
424;9
424;10
424;22
424;40
424;89
424;176
425;5
425;11
425;20
425;40
425;89
425;176
426;3
426;10
426;20
426;42
426;81
426;186
427;5
427;10
427;20
427;40
427;80
427;176
428;4
428;13
428;20
428;40
428;83
428;172
429;5
429;10
429;20
429;40
429;83
429;167
430;6
430;11
430;20
430;40
430;81
430;169
431;7
431;14
431;20
431;40
431;82
431;163
432;8
432;16
432;23
432;40
432;105
432;164
433;6
433;15
433;20
433;50
433;85
433;475
434;3
434;12
434;21
434;40
434;84
434;491
435;2
435;10
435;20
435;40
435;84
435;477
436;5
436;10
436;27
436;40
436;80
436;202
437;5
437;10
437;39
437;40
437;93
437;198
438;5
438;15
438;20
438;40
438;80
438;192
439;5
439;10
439;34
439;44
439;91
439;178
440;5
440;10
440;20
440;44
440;150
440;399
441;5
441;10
441;39
441;41
441;89
441;161
442;5
442;15
442;30
442;46
442;89
442;394
443;6
443;13
443;26
443;40
443;106
443;173
444;6
444;12
444;23
444;41
444;89
444;189
445;6
445;12
445;24
445;59
445;88
445;172
446;6
446;12
446;24
446;41
446;109
446;207
447;6
447;12
447;39
447;40
447;80
447;190
448;7
448;14
448;20
448;49
448;108
448;173
449;3
449;10
449;20
449;41
449;92
449;366
450;2
450;12
450;28
450;67
450;134
450;272
451;4
451;14
451;39
451;40
451;91
451;170
452;4
452;13
452;20
452;40
452;93
452;160
453;4
453;13
453;39
453;53
453;80
453;185
454;4
454;12
454;39
454;40
454;86
454;177
455;4
455;12
455;20
455;40
455;86
455;184
456;4
456;12
456;39
456;73
456;80
456;192
457;4
457;12
457;20
457;53
457;89
457;169
458;4
458;11
458;20
458;40
458;93
458;163
459;4
459;12
459;39
459;40
459;106
459;180
460;4
460;12
460;39
460;40
460;89
460;175
461;4
461;13
461;39
461;40
461;148
461;186
462;4
462;16
462;20
462;43
462;102
462;166
463;9
463;19
463;20
463;42
463;131
463;184
464;5
464;15
464;20
464;40
464;92
464;484
465;3
465;15
465;32
465;40
465;134
465;205
466;4
466;12
466;20
466;40
466;82
466;184
467;4
467;12
467;20
467;43
467;82
467;172
468;4
468;15
468;30
468;67
468;104
468;199
469;4
469;12
469;20
469;71
469;86
469;205
470;4
470;12
470;20
470;47
470;118
470;376
471;4
471;14
471;27
471;40
471;80
471;247
472;4
472;13
472;27
472;41
472;88
472;178
473;4
473;13
473;27
473;42
473;101
473;183
474;5
474;13
474;39
474;40
474;119
474;197
475;4
475;12
475;39
475;40
475;135
475;401
476;4
476;12
476;24
476;51
476;82
476;253
477;4
477;13
477;27
477;40
477;82
477;175
478;4
478;12
478;27
478;43
478;147
478;397
479;7
479;14
479;20
479;41
479;129
479;474
480;3
480;12
480;39
480;40
480;82
480;421
481;2
481;12
481;30
481;42
481;86
481;197
482;4
482;13
482;27
482;40
482;81
482;162
483;4
483;13
483;26
483;41
483;81
483;195
484;6
484;12
484;24
484;48
484;83
484;189
485;6
485;12
485;38
485;59
485;83
485;164
486;6
486;12
486;26
486;40
486;82
486;184
487;6
487;13
487;26
487;73
487;87
487;179
488;4
488;13
488;22
488;77
488;92
488;180
489;4
489;13
489;22
489;40
489;86
489;197
490;4
490;13
490;22
490;44
490;87
490;177
491;9
491;10
491;20
491;44
491;94
491;176
492;9
492;18
492;35
492;53
492;80
492;167
493;9
493;18
493;26
493;44
493;88
493;167
494;9
494;18
494;26
494;44
494;88
494;167
495;5
495;15
495;20
495;41
495;80
495;428
496;2
496;10
496;20
496;40
496;84
496;207
497;2
497;10
497;20
497;40
497;84
497;177
498;5
498;10
498;20
498;44
498;83
498;167
499;5
499;10
499;20
499;46
499;80
499;198
500;5
500;10
500;39
500;40
500;84
500;281
501;5
501;10
501;20
501;44
501;153
501;179
502;5
502;10
502;30
502;40
502;81
502;173
503;5
503;14
503;31
503;62
503;88
503;161
504;5
504;10
504;31
504;48
504;94
504;175
505;6
505;12
505;24
505;60
505;95
505;315
506;6
506;12
506;24
506;41
506;82
506;189
507;6
507;12
507;29
507;60
507;91
507;227
508;6
508;12
508;24
508;45
508;89
508;178
509;6
509;12
509;30
509;57
509;89
509;440
510;7
510;15
510;20
510;50
510;89
510;174
511;3
511;12
511;27
511;47
511;89
511;162
512;2
512;12
512;36
512;47
512;82
512;161
513;4
513;12
513;27
513;40
513;81
513;231
514;4
514;13
514;27
514;40
514;119
514;182
515;4
515;12
515;39
515;40
515;80
515;172
516;4
516;15
516;30
516;44
516;89
516;163
517;4
517;12
517;20
517;40
517;86
517;163
518;4
518;15
518;39
518;70
518;80
518;192
519;4
519;12
519;20
519;44
519;89
519;163
520;4
520;12
520;27
520;44
520;82
520;163
521;4
521;12
521;27
521;42
521;89
521;160
522;4
522;15
522;30
522;42
522;90
522;163
523;4
523;15
523;21
523;46
523;149
523;181
524;4
524;15
524;27
524;46
524;148
524;203
525;6
525;15
525;20
525;41
525;131
525;161
526;4
526;13
526;20
526;48
526;80
526;395
527;2
527;11
527;32
527;71
527;86
527;197
528;2
528;12
528;20
528;47
528;86
528;193
529;4
529;12
529;20
529;43
529;86
529;195
530;4
530;12
530;20
530;51
530;87
530;169
531;4
531;16
531;36
531;48
531;96
531;192
532;4
532;16
532;20
532;47
532;96
532;189
533;4
533;13
533;38
533;73
533;149
533;173
534;4
534;15
534;30
534;41
534;89
534;192
535;4
535;16
535;32
535;47
535;80
535;184
536;4
536;12
536;32
536;40
536;94
536;392
537;4
537;12
537;31
537;55
537;122
537;169
538;4
538;15
538;20
538;40
538;122
538;170
539;4
539;12
539;30
539;40
539;118
539;208
540;4
540;14
540;27
540;41
540;117
540;369
541;6
541;13
541;20
541;49
541;83
541;196
542;3
542;12
542;31
542;47
542;128
542;172
543;2
543;12
543;24
543;42
543;83
543;260
544;4
544;12
544;20
544;40
544;82
544;204
545;6
545;13
545;27
545;40
545;80
545;172
546;6
546;12
546;24
546;42
546;147
546;211
547;6
547;12
547;29
547;65
547;135
547;207
548;6
548;12
548;23
548;47
548;87
548;206
549;5
549;14
549;23
549;69
549;106
549;192
550;4
550;13
550;22
550;40
550;129
550;163
551;4
551;13
551;22
551;40
551;86
551;167
552;4
552;13
552;22
552;44
552;83
552;204
553;9
553;10
553;27
553;53
553;88
553;204
554;9
554;18
554;35
554;53
554;80
554;211
555;9
555;18
555;26
555;44
555;88
555;205
556;8
556;18
556;26
556;44
556;123
556;190
557;4
557;12
557;20
557;45
557;80
557;190
558;2
558;10
558;20
558;40
558;84
558;428
559;5
559;10
559;26
559;40
559;92
559;173
560;5
560;10
560;26
560;41
560;81
560;161
561;5
561;15
561;30
561;45
561;90
561;179
562;5
562;15
562;20
562;40
562;90
562;168
563;5
563;10
563;39
563;40
563;80
563;324
564;5
564;10
564;27
564;77
564;80
564;246
565;5
565;10
565;30
565;46
565;89
565;227
566;5
566;14
566;28
566;58
566;89
566;359
567;6
567;12
567;24
567;47
567;88
567;189
568;6
568;12
568;24
568;41
568;82
568;187
569;6
569;12
569;35
569;47
569;82
569;176
570;6
570;12
570;23
570;41
570;88
570;393
571;6
571;12
571;26
571;41
571;80
571;395
572;6
572;15
572;20
572;66
572;80
572;428
573;3
573;15
573;20
573;60
573;80
573;173
574;2
574;12
574;32
574;43
574;120
574;250
575;4
575;13
575;39
575;40
575;92
575;172
576;4
576;13
576;27
576;40
576;93
576;161
577;4
577;12
577;39
577;40
577;133
577;199
578;4
578;13
578;20
578;40
578;119
578;202
579;4
579;12
579;20
579;51
579;134
579;176
580;4
580;16
580;27
580;59
580;89
580;192
581;4
581;12
581;20
581;52
581;89
581;196
582;4
582;12
582;24
582;41
582;92
582;175
583;4
583;12
583;23
583;53
583;146
583;219
584;4
584;14
584;27
584;40
584;111
584;175
585;4
585;17
585;27
585;43
585;122
585;187
586;4
586;13
586;24
586;51
586;94
586;162
587;7
587;14
587;20
587;42
587;133
587;161
588;4
588;12
588;20
588;50
588;80
588;500
589;2
589;12
589;20
589;71
589;86
589;181
590;4
590;12
590;20
590;43
590;86
590;493
591;4
591;13
591;21
591;40
591;140
591;498
592;4
592;12
592;39
592;67
592;117
592;184
593;4
593;12
593;31
593;45
593;91
593;184
594;4
594;12
594;28
594;45
594;91
594;202
595;4
595;14
595;27
595;77
595;80
595;191
596;4
596;12
596;28
596;42
596;89
596;180
597;4
597;13
597;39
597;40
597;80
597;160
598;4
598;15
598;30
598;45
598;92
598;169
599;4
599;12
599;39
599;41
599;93
599;161
600;4
600;12
600;35
600;46
600;82
600;174
601;4
601;13
601;26
601;40
601;93
601;173
602;4
602;11
602;39
602;53
602;81
602;185
603;6
603;15
603;20
603;67
603;92
603;510
604;3
604;12
604;39
604;40
604;134
604;225
605;2
605;12
605;30
605;43
605;86
605;168
606;4
606;15
606;27
606;43
606;159
606;223
607;6
607;12
607;27
607;40
607;89
607;201
608;6
608;12
608;24
608;41
608;82
608;446
609;6
609;12
609;29
609;48
609;94
609;217
610;6
610;12
610;29
610;58
610;81
610;246
611;5
611;13
611;35
611;70
611;88
611;185
612;4
612;13
612;39
612;40
612;80
612;198
613;4
613;13
613;30
613;61
613;92
613;162
614;4
614;13
614;26
614;53
614;86
614;177
615;9
615;10
615;27
615;53
615;80
615;255
616;9
616;18
616;35
616;53
616;80
616;167
617;9
617;18
617;35
617;44
617;88
617;202
618;8
618;14
618;20
618;50
618;102
618;167
619;3
619;10
619;20
619;45
619;156
619;167
620;2
620;10
620;20
620;40
620;84
620;167
621;5
621;10
621;20
621;44
621;89
621;172
622;5
622;10
622;20
622;41
622;148
622;252
623;5
623;10
623;20
623;55
623;107
623;213
624;5
624;12
624;20
624;58
624;89
624;231
625;5
625;10
625;39
625;40
625;126
625;254
626;5
626;14
626;32
626;60
626;95
626;191
627;5
627;10
627;32
627;63
627;95
627;252
628;5
628;15
628;30
628;63
628;95
628;166
629;6
629;12
629;24
629;47
629;89
629;178
630;6
630;12
630;31
630;41
630;88
630;210
631;6
631;12
631;30
631;60
631;90
631;181
632;6
632;12
632;31
632;60
632;90
632;210
633;6
633;12
633;27
633;54
633;80
633;182
634;5
634;15
634;22
634;40
634;93
634;496
635;3
635;12
635;24
635;43
635;143
635;216
636;4
636;13
636;27
636;40
636;155
636;392
637;4
637;14
637;27
637;66
637;105
637;160
638;4
638;13
638;27
638;41
638;81
638;187
639;4
639;12
639;32
639;55
639;81
639;187
640;4
640;15
640;20
640;45
640;119
640;193
641;4
641;12
641;29
641;44
641;88
641;178
642;4
642;12
642;29
642;44
642;88
642;161
643;4
643;16
643;31
643;45
643;104
643;213
644;4
644;16
644;31
644;60
644;89
644;193
645;4
645;14
645;31
645;74
645;120
645;176
646;4
646;14
646;31
646;44
646;104
646;176
647;4
647;15
647;32
647;45
647;89
647;167
648;4
648;16
648;26
648;45
648;154
648;265
649;7
649;14
649;20
649;50
649;86
649;187
650;3
650;10
650;28
650;47
650;82
650;495
651;2
651;12
651;20
651;48
651;86
651;201
652;4
652;12
652;20
652;43
652;117
652;223
653;3
653;16
653;30
653;40
653;86
653;210
654;4
654;12
654;24
654;47
654;134
654;237
655;4
655;12
655;24
655;47
655;93
655;211
656;4
656;12
656;23
656;48
656;95
656;197
657;4
657;15
657;36
657;70
657;80
657;192
658;4
658;15
658;30
658;59
658;89
658;207
659;5
659;15
659;30
659;46
659;135
659;180
660;4
660;15
660;30
660;45
660;150
660;165
661;4
661;12
661;30
661;44
661;147
661;221
662;4
662;12
662;29
662;59
662;147
662;207
663;4
663;12
663;20
663;59
663;147
663;425
664;4
664;12
664;27
664;40
664;147
664;418
665;4
665;13
665;20
665;60
665;80
665;495
666;2
666;11
666;27
666;48
666;134
666;183
667;2
667;12
667;27
667;47
667;80
667;211
668;4
668;12
668;27
668;43
668;106
668;239
669;6
669;12
669;26
669;78
669;91
669;178
670;6
670;12
670;29
670;53
670;88
670;190
671;6
671;12
671;30
671;44
671;89
671;207
672;6
672;14
672;29
672;44
672;151
672;173
673;4
673;13
673;29
673;44
673;89
673;184
674;4
674;14
674;22
674;40
674;85
674;198
675;4
675;13
675;31
675;44
675;88
675;176
676;4
676;13
676;22
676;40
676;86
676;162
677;9
677;18
677;26
677;44
677;88
677;176
678;9
678;18
678;35
678;44
678;88
678;169
679;9
679;18
679;35
679;44
679;88
679;176
680;7
680;13
680;20
680;49
680;86
680;460
681;3
681;13
681;20
681;45
681;84
681;444
682;2
682;10
682;20
682;40
682;84
682;380
683;5
683;10
683;26
683;40
683;80
683;212
684;5
684;10
684;39
684;40
684;80
684;193
685;5
685;15
685;39
685;45
685;80
685;207
686;5
686;10
686;20
686;40
686;84
686;187
687;5
687;10
687;27
687;54
687;84
687;410
688;5
688;13
688;27
688;69
688;80
688;192
689;5
689;15
689;29
689;43
689;89
689;206
690;5
690;14
690;28
690;41
690;82
690;374
691;6
691;12
691;24
691;41
691;89
691;189
692;6
692;18
692;24
692;59
692;88
692;252
693;6
693;12
693;23
693;41
693;82
693;188
694;6
694;12
694;23
694;47
694;97
694;406
695;6
695;14
695;23
695;40
695;80
695;190
696;4
696;14
696;26
696;40
696;80
696;496
697;2
697;15
697;31
697;60
697;94
697;170
698;2
698;12
698;20
698;55
698;86
698;195
699;4
699;13
699;39
699;40
699;92
699;168
700;4
700;13
700;39
700;40
700;92
700;186
701;4
701;12
701;28
701;53
701;134
701;186
702;4
702;12
702;20
702;53
702;80
702;187
703;4
703;12
703;28
703;79
703;150
703;246
704;4
704;12
704;27
704;41
704;89
704;179
705;4
705;12
705;20
705;53
705;118
705;231
706;4
706;12
706;20
706;53
706;119
706;234
707;4
707;12
707;20
707;53
707;118
707;221
708;4
708;14
708;20
708;53
708;119
708;183
709;4
709;14
709;39
709;40
709;118
709;203
710;4
710;12
710;20
710;55
710;121
710;267
711;6
711;15
711;20
711;50
711;86
711;496
712;3
712;13
712;20
712;67
712;82
712;270
713;2
713;12
713;31
713;48
713;86
713;223
714;4
714;12
714;20
714;43
714;82
714;160
715;4
715;13
715;20
715;63
715;87
715;198
716;4
716;12
716;20
716;43
716;86
716;196
717;4
717;12
717;20
717;47
717;86
717;164
718;4
718;12
718;20
718;43
718;97
718;175
719;4
719;12
719;33
719;69
719;89
719;192
720;4
720;11
720;20
720;41
720;89
720;180
721;4
721;10
721;20
721;41
721;151
721;193
722;4
722;12
722;20
722;67
722;94
722;182
723;4
723;12
723;35
723;47
723;83
723;165
724;4
724;16
724;20
724;48
724;83
724;165
725;4
725;13
725;20
725;40
725;83
725;186
726;4
726;15
726;20
726;41
726;137
726;172
727;4
727;12
727;22
727;44
727;80
727;496
728;2
728;12
728;20
728;48
728;87
728;196
729;4
729;12
729;20
729;47
729;86
729;164
730;4
730;12
730;20
730;43
730;141
730;290
731;6
731;12
731;23
731;47
731;88
731;166
732;6
732;12
732;24
732;41
732;88
732;176
733;6
733;12
733;35
733;41
733;82
733;342
734;6
734;15
734;20
734;42
734;80
734;160
735;3
735;11
735;20
735;47
735;94
735;253
736;2
736;10
736;39
736;47
736;94
736;284
737;4
737;13
737;22
737;44
737;88
737;452
738;5
738;12
738;22
738;46
738;91
738;270
739;9
739;18
739;35
739;41
739;81
739;176
740;9
740;18
740;39
740;40
740;88
740;211
741;9
741;18
741;39
741;40
741;87
741;195
742;9
742;17
742;39
742;40
742;80
742;196
743;9
743;17
743;39
743;40
743;81
743;165
744;9
744;10
744;39
744;40
744;81
744;161
745;9
745;10
745;39
745;41
745;81
745;394
746;9
746;10
746;32
746;41
746;81
746;366
747;8
747;18
747;35
747;70
747;106
747;176
748;8
748;18
748;36
748;72
748;141
748;216
749;9
749;17
749;35
749;70
749;143
749;164
750;9
750;13
750;36
750;72
750;149
750;167
751;9
751;11
751;35
751;40
751;80
751;211
752;5
752;19
752;35
752;71
752;106
752;174
753;8
753;18
753;36
753;72
753;107
753;215
754;9
754;18
754;32
754;64
754;158
754;191
755;8
755;15
755;32
755;63
755;95
755;254
756;7
756;11
756;30
756;60
756;89
756;178
757;7
757;14
757;30
757;59
757;89
757;178
758;9
758;12
758;30
758;59
758;88
758;177
759;9
759;15
759;29
759;58
759;88
759;184
760;8
760;13
760;33
760;58
760;159
760;365
761;7
761;14
761;32
761;58
761;81
761;377
762;5
762;15
762;27
762;53
762;80
762;186
763;9
763;14
763;27
763;54
763;80
763;161
764;8
764;19
764;26
764;53
764;81
764;395
765;9
765;10
765;36
765;45
765;151
765;160
766;5
766;14
766;39
766;41
766;89
766;248
767;6
767;18
767;39
767;41
767;146
767;209
768;6
768;14
768;22
768;47
768;96
768;194
769;5
769;19
769;23
769;46
769;93
769;186
770;7
770;13
770;24
770;47
770;96
770;189
771;7
771;14
771;27
771;53
771;80
771;186
772;0
772;18
772;26
772;47
772;80
772;367
773;5
773;15
773;20
773;41
773;86
773;377
774;3
774;11
774;26
774;53
774;159
774;160
775;2
775;12
775;26
775;53
775;80
775;186
776;1
776;10
776;27
776;54
776;80
776;189
777;4
777;12
777;27
777;53
777;80
777;240
778;4
778;12
778;26
778;53
778;80
778;160
779;4
779;12
779;27
779;53
779;80
779;213
780;1
780;18
780;26
780;53
780;150
780;211
781;5
781;13
781;27
781;53
781;80
781;185
782;7
782;10
782;27
782;53
782;80
782;211
783;5
783;13
783;27
783;55
783;82
783;164
784;4
784;12
784;20
784;51
784;107
784;477
785;4
785;12
785;20
785;51
785;99
785;180
786;4
786;12
786;26
786;53
786;108
786;161
787;2
787;13
787;26
787;40
787;80
787;214
788;7
788;14
788;20
788;40
788;103
788;207
789;3
789;10
789;24
789;53
789;81
789;174
790;2
790;12
790;27
790;53
790;81
790;187
791;2
791;12
791;25
791;54
791;80
791;180
792;1
792;10
792;30
792;60
792;119
792;211
793;6
793;18
793;29
793;41
793;91
793;243
794;6
794;18
794;36
794;48
794;101
794;254
795;1
795;10
795;24
795;47
795;142
795;166
796;6
796;16
796;24
796;47
796;80
796;191
797;4
797;13
797;28
797;52
797;89
797;184
798;4
798;10
798;22
798;47
798;139
798;295
799;4
799;13
799;30
799;60
799;89
799;209
800;9
800;10
800;36
800;61
800;159
800;160
801;9
801;10
801;30
801;60
801;119
801;208
802;9
802;10
802;26
802;51
802;109
802;223
803;3
803;16
803;27
803;53
803;80
803;214
804;5
804;16
804;22
804;58
804;86
804;499
805;3
805;10
805;27
805;53
805;80
805;215
806;2
806;15
806;27
806;52
806;80
806;236
807;1
807;19
807;23
807;46
807;90
807;203
808;5
808;15
808;20
808;41
808;80
808;179
809;5
809;15
809;25
809;45
809;159
809;166
810;5
810;15
810;25
810;40
810;154
810;172
811;1
811;19
811;39
811;40
811;81
811;160
812;5
812;19
812;26
812;56
812;88
812;161
813;6
813;13
813;35
813;71
813;106
813;170
814;7
814;19
814;34
814;40
814;83
814;179
815;6
815;18
815;30
815;60
815;150
815;241
816;6
816;18
816;31
816;61
816;91
816;229
817;6
817;18
817;29
817;58
817;85
817;173
818;6
818;18
818;26
818;53
818;104
818;236
819;7
819;14
819;20
819;50
819;94
819;203
820;3
820;10
820;27
820;54
820;81
820;164
821;2
821;12
821;26
821;52
821;80
821;185
822;2
822;11
822;27
822;68
822;81
822;204
823;1
823;14
823;27
823;54
823;80
823;160
824;4
824;12
824;27
824;52
824;80
824;212
825;4
825;12
825;35
825;43
825;157
825;160
826;4
826;12
826;20
826;51
826;80
826;285
827;1
827;16
827;37
827;69
827;80
827;192
828;5
828;12
828;26
828;53
828;105
828;185
829;6
829;19
829;27
829;79
829;81
829;216
830;8
830;13
830;27
830;53
830;80
830;264
831;5
831;12
831;27
831;47
831;108
831;166
832;4
832;19
832;23
832;47
832;140
832;163
833;4
833;19
833;25
833;49
833;80
833;229
834;5
834;16
834;26
834;54
834;81
834;216
835;4
835;15
835;22
835;79
835;80
835;189
836;2
836;12
836;27
836;53
836;105
836;210
837;2
837;12
837;20
837;79
837;80
837;387
838;1
838;10
838;27
838;53
838;80
838;164
839;1
839;11
839;26
839;52
839;157
839;270
840;1
840;12
840;27
840;53
840;81
840;160
841;4
841;12
841;27
841;54
841;81
841;162
842;1
842;10
842;26
842;79
842;150
842;246
843;5
843;19
843;27
843;53
843;80
843;185
844;4
844;14
844;26
844;53
844;89
844;235
845;4
845;12
845;28
845;55
845;136
845;163
846;4
846;12
846;20
846;51
846;82
846;207
847;4
847;12
847;27
847;53
847;80
847;160
848;4
848;19
848;20
848;53
848;80
848;380
849;4
849;12
849;26
849;40
849;80
849;182
850;7
850;17
850;20
850;50
850;128
850;258
851;3
851;12
851;27
851;54
851;81
851;188
852;2
852;12
852;20
852;40
852;95
852;356
853;1
853;11
853;27
853;54
853;81
853;161
854;1
854;18
854;26
854;53
854;80
854;160
855;6
855;18
855;29
855;41
855;89
855;161
856;6
856;18
856;29
856;41
856;156
856;175
857;1
857;11
857;24
857;75
857;152
857;165
858;6
858;15
858;36
858;68
858;105
858;192
859;4
859;13
859;35
859;73
859;110
859;180
860;4
860;13
860;22
860;70
860;88
860;161
861;4
861;19
861;30
861;60
861;86
861;176
862;5
862;14
862;35
862;53
862;80
862;332
863;4
863;13
863;22
863;40
863;102
863;480
864;4
864;13
864;30
864;59
864;88
864;162
865;6
865;15
865;20
865;52
865;81
865;196
866;4
866;15
866;27
866;44
866;80
866;265
867;2
867;15
867;27
867;53
867;80
867;160
868;2
868;10
868;26
868;52
868;80
868;162
869;1
869;10
869;24
869;72
869;96
869;166
870;5
870;19
870;20
870;59
870;98
870;197
871;5
871;19
871;20
871;58
871;81
871;239
872;5
872;15
872;24
872;59
872;119
872;286
873;2
873;15
873;37
873;77
873;150
873;246
874;5
874;16
874;30
874;59
874;88
874;184
875;7
875;10
875;30
875;61
875;118
875;268
876;6
876;18
876;29
876;54
876;104
876;209
877;6
877;18
877;30
877;58
877;120
877;311
878;6
878;18
878;24
878;48
878;96
878;191
879;6
879;19
879;20
879;47
879;119
879;210
880;6
880;11
880;28
880;54
880;81
880;190
881;6
881;17
881;20
881;49
881;83
881;237
882;3
882;10
882;20
882;79
882;80
882;239
883;2
883;10
883;25
883;52
883;80
883;238
884;1
884;10
884;25
884;73
884;81
884;228
885;1
885;12
885;26
885;79
885;105
885;183
886;4
886;12
886;20
886;53
886;80
886;238
887;4
887;12
887;20
887;53
887;105
887;290
888;1
888;11
888;27
888;59
888;80
888;175
889;1
889;15
889;33
889;77
889;89
889;162
890;5
890;19
890;29
890;58
890;83
890;232
891;7
891;17
891;30
891;57
891;81
891;267
892;9
892;19
892;25
892;53
892;133
892;270
893;7
893;15
893;24
893;48
893;96
893;191
894;6
894;19
894;24
894;48
894;94
894;211
895;5
895;19
895;28
895;55
895;108
895;238
896;7
896;15
896;21
896;43
896;82
896;166
897;4
897;12
897;20
897;53
897;80
897;238
898;2
898;12
898;27
898;53
898;106
898;239
899;2
899;11
899;20
899;79
899;80
899;493
900;1
900;10
900;27
900;54
900;82
900;162
901;4
901;12
901;26
901;53
901;106
901;160
902;4
902;12
902;20
902;60
902;106
902;489
903;1
903;11
903;27
903;54
903;80
903;160
904;2
904;17
904;26
904;52
904;150
904;173
905;5
905;18
905;38
905;45
905;89
905;180
906;8
906;13
906;26
906;79
906;105
906;161
907;5
907;12
907;24
907;47
907;95
907;169
908;4
908;12
908;20
908;46
908;154
908;168
909;4
909;19
909;24
909;47
909;118
909;213
910;4
910;10
910;24
910;47
910;95
910;190
911;5
911;14
911;27
911;54
911;81
911;216
912;6
912;17
912;20
912;47
912;104
912;221
913;3
913;11
913;26
913;79
913;80
913;185
914;2
914;12
914;24
914;54
914;135
914;162
915;1
915;11
915;26
915;53
915;155
915;259
916;1
916;10
916;28
916;54
916;80
916;216
917;1
917;15
917;23
917;40
917;155
917;161
918;1
918;19
918;21
918;47
918;82
918;205
919;8
919;16
919;23
919;78
919;150
919;247
920;6
920;15
920;33
920;70
920;91
920;189
921;5
921;13
921;33
921;71
921;129
921;181
922;7
922;12
922;33
922;78
922;92
922;162
923;4
923;18
923;34
923;76
923;86
923;169
924;5
924;17
924;22
924;78
924;130
924;187
925;7
925;14
925;20
925;61
925;81
925;161
926;4
926;10
926;23
926;51
926;95
926;190
927;9
927;11
927;24
927;47
927;96
927;238
928;9
928;11
928;30
928;71
928;94
928;188
929;4
929;15
929;30
929;40
929;122
929;170
930;4
930;15
930;23
930;47
930;94
930;210
931;3
931;15
931;23
931;46
931;91
931;212
932;5
932;15
932;24
932;48
932;97
932;220
933;3
933;15
933;24
933;48
933;98
933;221
934;3
934;10
934;23
934;40
934;96
934;215
935;3
935;19
935;20
935;40
935;107
935;234
936;6
936;15
936;27
936;54
936;107
936;218
937;4
937;15
937;26
937;53
937;80
937;234
938;4
938;15
938;27
938;54
938;80
938;215
939;4
939;15
939;27
939;55
939;81
939;217
940;3
940;15
940;26
940;53
940;80
940;208
941;7
941;11
941;26
941;53
941;81
941;236
942;3
942;11
942;27
942;50
942;82
942;242
943;9
943;12
943;26
943;47
943;88
943;247
944;6
944;15
944;30
944;47
944;148
944;206
945;6
945;15
945;30
945;47
945;89
945;208
946;8
946;15
946;30
946;60
946;119
946;210
947;7
947;15
947;30
947;60
947;90
947;209
948;7
948;15
948;30
948;60
948;90
948;241
949;8
949;15
949;29
949;59
949;120
949;222
950;5
950;15
950;24
950;47
950;90
950;243
951;7
951;15
951;31
951;62
951;155
951;255
952;5
952;15
952;35
952;71
952;105
952;180
953;3
953;15
953;36
953;72
953;108
953;250
954;8
954;15
954;35
954;71
954;105
954;178
955;4
955;15
955;35
955;71
955;141
955;211
956;4
956;15
956;33
956;40
956;95
956;167
957;4
957;15
957;32
957;47
957;96
957;181
958;9
958;10
958;37
958;58
958;152
958;174
959;9
959;11
959;37
959;70
959;106
959;176
960;7
960;16
960;32
960;40
960;80
960;161
961;6
961;16
961;32
961;41
961;80
961;161
962;8
962;16
962;32
962;48
962;80
962;179
963;8
963;16
963;35
963;71
963;106
963;280
964;8
964;16
964;24
964;48
964;95
964;477
965;8
965;16
965;31
965;60
965;143
965;234
966;8
966;16
966;39
966;56
966;92
966;250
967;8
967;16
967;26
967;53
967;80
967;262
968;8
968;16
968;27
968;53
968;80
968;165
969;8
969;16
969;24
969;48
969;118
969;165
970;8
970;16
970;24
970;48
970;143
970;166
971;8
971;16
971;26
971;51
971;80
971;186
972;8
972;16
972;27
972;47
972;80
972;161
973;8
973;16
973;32
973;40
973;80
973;344
974;7
974;12
974;32
974;44
974;86
974;284
975;6
975;18
975;35
975;70
975;122
975;209
976;6
976;19
976;20
976;60
976;151
976;160
977;4
977;19
977;20
977;40
977;80
977;189
978;8
978;19
978;20
978;47
978;80
978;219
979;4
979;19
979;20
979;47
979;82
979;215
980;6
980;16
980;22
980;48
980;80
980;199
981;8
981;16
981;32
981;47
981;80
981;160
982;7
982;16
982;32
982;47
982;143
982;249
983;8
983;16
983;20
983;47
983;95
983;175
984;5
984;16
984;31
984;48
984;80
984;160
985;4
985;16
985;32
985;48
985;80
985;202
986;8
986;16
986;31
986;47
986;80
986;169
987;3
987;16
987;32
987;47
987;80
987;161
988;8
988;16
988;31
988;46
988;80
988;195
989;9
989;10
989;27
989;66
989;122
989;188
990;5
990;15
990;30
990;47
990;110
990;195
991;6
991;15
991;23
991;47
991;110
991;234
992;6
992;12
992;24
992;48
992;95
992;167
993;9
993;12
993;24
993;40
993;95
993;237
994;9
994;12
994;24
994;46
994;91
994;229
995;9
995;12
995;24
995;46
995;83
995;166
996;9
996;12
996;23
996;48
996;85
996;221
997;9
997;13
997;31
997;40
997;106
997;194
998;5
998;13
998;27
998;45
998;133
998;213
999;7
999;14
999;35
999;40
999;105
999;212
1000;4
1000;18
1000;39
1000;53
1000;80
1000;214
1001;6
1001;18
1001;39
1001;54
1001;80
1001;213
1002;6
1002;14
1002;39
1002;40
1002;80
1002;212
1003;6
1003;13
1003;26
1003;52
1003;80
1003;234
1004;9
1004;14
1004;35
1004;53
1004;80
1004;234
1005;7
1005;12
1005;29
1005;48
1005;149
1005;236
1006;6
1006;15
1006;30
1006;40
1006;89
1006;213
1007;9
1007;15
1007;29
1007;45
1007;89
1007;233
1008;4
1008;15
1008;24
1008;45
1008;120
1008;212
1009;9
1009;15
1009;31
1009;44
1009;93
1009;216
1010;4
1010;15
1010;30
1010;60
1010;87
1010;233
1011;4
1011;15
1011;30
1011;47
1011;88
1011;232
1012;4
1012;17
1012;28
1012;47
1012;86
1012;167
1013;4
1013;18
1013;31
1013;60
1013;89
1013;190
1014;8
1014;18
1014;35
1014;53
1014;88
1014;210
1015;7
1015;18
1015;36
1015;53
1015;108
1015;178
1016;7
1016;18
1016;35
1016;71
1016;142
1016;178
1017;7
1017;18
1017;35
1017;55
1017;142
1017;178
1018;8
1018;18
1018;35
1018;60
1018;119
1018;290
1019;7
1019;18
1019;35
1019;60
1019;95
1019;174
1020;9
1020;19
1020;37
1020;55
1020;110
1020;184
1021;9
1021;19
1021;20
1021;55
1021;95
1021;191
1022;6
1022;19
1022;20
1022;40
1022;80
1022;180
1023;8
1023;16
1023;20
1023;40
1023;80
1023;175
1024;8
1024;18
1024;32
1024;63
1024;80
1024;192
1025;8
1025;18
1025;36
1025;54
1025;108
1025;180
1026;8
1026;16
1026;32
1026;54
1026;108
1026;200
1027;8
1027;16
1027;32
1027;40
1027;119
1027;253
1028;8
1028;17
1028;32
1028;40
1028;80
1028;284
1029;8
1029;13
1029;39
1029;40
1029;80
1029;175
1030;9
1030;13
1030;27
1030;40
1030;80
1030;161
1031;8
1031;12
1031;35
1031;47
1031;80
1031;176
1032;8
1032;12
1032;24
1032;40
1032;118
1032;166
1033;8
1033;12
1033;32
1033;40
1033;154
1033;176
1034;8
1034;13
1034;27
1034;41
1034;80
1034;172
1035;8
1035;13
1035;20
1035;40
1035;158
1035;161
1036;5
1036;13
1036;27
1036;40
1036;80
1036;240
1037;9
1037;17
1037;35
1037;52
1037;96
1037;178
1038;9
1038;18
1038;35
1038;54
1038;117
1038;175
1039;9
1039;10
1039;20
1039;40
1039;80
1039;162
1040;9
1040;10
1040;20
1040;40
1040;126
1040;178
1041;9
1041;10
1041;34
1041;44
1041;130
1041;219
1042;9
1042;10
1042;34
1042;46
1042;80
1042;177
1043;5
1043;10
1043;20
1043;40
1043;80
1043;173
1044;3
1044;11
1044;20
1044;40
1044;130
1044;186
1045;6
1045;10
1045;20
1045;42
1045;89
1045;176
1046;3
1046;12
1046;20
1046;50
1046;92
1046;184
1047;5
1047;10
1047;20
1047;40
1047;80
1047;177
1048;5
1048;11
1048;21
1048;40
1048;88
1048;185
1049;6
1049;13
1049;20
1049;41
1049;139
1049;194
1050;8
1050;16
1050;24
1050;40
1050;82
1050;202
1051;6
1051;17
1051;20
1051;50
1051;95
1051;511
1052;3
1052;11
1052;22
1052;44
1052;84
1052;331
1053;2
1053;10
1053;20
1053;45
1053;86
1053;481
1054;5
1054;10
1054;27
1054;40
1054;80
1054;202
1055;5
1055;10
1055;39
1055;40
1055;80
1055;171
1056;5
1056;15
1056;20
1056;40
1056;80
1056;163
1057;5
1057;10
1057;20
1057;40
1057;94
1057;291
1058;5
1058;10
1058;27
1058;44
1058;88
1058;398
1059;5
1059;14
1059;39
1059;69
1059;89
1059;192
1060;5
1060;14
1060;27
1060;41
1060;89
1060;452
1061;5
1061;13
1061;26
1061;40
1061;80
1061;173
1062;6
1062;13
1062;35
1062;47
1062;89
1062;189
1063;6
1063;12
1063;24
1063;41
1063;82
1063;231
1064;6
1064;12
1064;24
1064;41
1064;88
1064;172
1065;6
1065;12
1065;39
1065;54
1065;81
1065;162
1066;6
1066;13
1066;20
1066;42
1066;120
1066;198
1067;4
1067;11
1067;20
1067;41
1067;89
1067;487
1068;2
1068;12
1068;20
1068;51
1068;87
1068;162
1069;4
1069;15
1069;39
1069;40
1069;82
1069;177
1070;4
1070;13
1070;20
1070;40
1070;93
1070;164
1071;4
1071;15
1071;39
1071;53
1071;93
1071;184
1072;4
1072;13
1072;39
1072;40
1072;92
1072;197
1073;4
1073;12
1073;39
1073;40
1073;86
1073;184
1074;4
1074;15
1074;31
1074;77
1074;80
1074;192
1075;4
1075;12
1075;39
1075;53
1075;89
1075;238
1076;4
1076;12
1076;20
1076;55
1076;93
1076;452
1077;4
1077;11
1077;35
1077;55
1077;145
1077;484
1078;4
1078;11
1078;35
1078;55
1078;107
1078;419
1079;4
1079;13
1079;37
1079;55
1079;150
1079;213
1080;4
1080;15
1080;20
1080;40
1080;100
1080;368
1081;4
1081;12
1081;27
1081;77
1081;152
1081;396
1082;6
1082;17
1082;20
1082;50
1082;94
1082;483
1083;3
1083;13
1083;31
1083;47
1083;134
1083;170
1084;2
1084;12
1084;20
1084;47
1084;86
1084;184
1085;4
1085;12
1085;20
1085;43
1085;92
1085;191
1086;4
1086;12
1086;31
1086;40
1086;87
1086;198
1087;4
1087;16
1087;31
1087;47
1087;99
1087;197
1088;4
1088;12
1088;39
1088;40
1088;118
1088;408
1089;4
1089;13
1089;27
1089;40
1089;80
1089;175
1090;4
1090;13
1090;27
1090;41
1090;88
1090;192
1091;4
1091;15
1091;27
1091;60
1091;89
1091;435
1092;5
1092;13
1092;39
1092;40
1092;80
1092;401
1093;4
1093;16
1093;39
1093;40
1093;94
1093;162
1094;4
1094;12
1094;35
1094;40
1094;82
1094;185
1095;4
1095;13
1095;20
1095;40
1095;83
1095;190
1096;4
1096;16
1096;20
1096;43
1096;92
1096;418
1097;4
1097;16
1097;20
1097;50
1097;86
1097;474
1098;4
1098;10
1098;20
1098;40
1098;82
1098;421
1099;2
1099;15
1099;30
1099;43
1099;90
1099;196
1100;4
1100;13
1100;27
1100;40
1100;86
1100;164
1101;4
1101;13
1101;27
1101;66
1101;81
1101;195
1102;6
1102;12
1102;27
1102;47
1102;82
1102;189
1103;6
1103;12
1103;24
1103;49
1103;84
1103;160
1104;6
1104;18
1104;39
1104;52
1104;148
1104;184
1105;5
1105;13
1105;39
1105;46
1105;150
1105;179
1106;4
1106;18
1106;22
1106;53
1106;93
1106;170
1107;4
1107;13
1107;39
1107;40
1107;89
1107;169
1108;4
1108;13
1108;22
1108;40
1108;102
1108;162
1109;5
1109;10
1109;20
1109;45
1109;91
1109;179
1110;9
1110;18
1110;26
1110;44
1110;80
1110;241
1111;9
1111;18
1111;35
1111;44
1111;80
1111;187
1112;9
1112;17
1112;26
1112;53
1112;80
1112;169
1113;5
1113;17
1113;20
1113;41
1113;80
1113;428
1114;3
1114;10
1114;20
1114;40
1114;84
1114;164
1115;5
1115;10
1115;20
1115;45
1115;94
1115;231
1116;5
1116;10
1116;20
1116;40
1116;80
1116;180
1117;5
1117;10
1117;20
1117;45
1117;80
1117;163
1118;5
1118;10
1118;20
1118;40
1118;84
1118;261
1119;5
1119;10
1119;35
1119;45
1119;155
1119;179
1120;5
1120;15
1120;31
1120;54
1120;81
1120;173
1121;5
1121;16
1121;31
1121;62
1121;88
1121;178
1122;5
1122;10
1122;31
1122;47
1122;95
1122;175
1123;7
1123;15
1123;30
1123;64
1123;80
1123;316
1124;6
1124;12
1124;35
1124;47
1124;88
1124;189
1125;6
1125;12
1125;24
1125;41
1125;107
1125;227
1126;6
1126;12
1126;35
1126;45
1126;89
1126;163
1127;6
1127;12
1127;30
1127;58
1127;118
1127;290
1128;7
1128;14
1128;20
1128;49
1128;89
1128;214
1129;3
1129;10
1129;20
1129;51
1129;89
1129;366
1130;2
1130;16
1130;35
1130;46
1130;82
1130;161
1131;4
1131;16
1131;39
1131;40
1131;81
1131;164
1132;4
1132;13
1132;27
1132;40
1132;119
1132;182
1133;4
1133;12
1133;39
1133;40
1133;86
1133;172
1134;4
1134;15
1134;36
1134;44
1134;86
1134;163
1135;4
1135;15
1135;20
1135;40
1135;82
1135;163
1136;4
1136;15
1136;30
1136;77
1136;80
1136;192
1137;4
1137;15
1137;20
1137;45
1137;89
1137;180
1138;4
1138;11
1138;35
1138;55
1138;146
1138;435
1139;4
1139;11
1139;20
1139;55
1139;145
1139;452
1140;4
1140;15
1140;35
1140;55
1140;144
1140;435
1141;4
1141;15
1141;37
1141;55
1141;98
1141;450
1142;4
1142;16
1142;21
1142;40
1142;89
1142;368
1143;5
1143;16
1143;20
1143;44
1143;128
1143;169
1144;5
1144;15
1144;20
1144;50
1144;80
1144;496
1145;3
1145;12
1145;20
1145;47
1145;91
1145;196
1146;4
1146;12
1146;39
1146;40
1146;86
1146;164
1147;4
1147;12
1147;20
1147;43
1147;85
1147;164
1148;4
1148;12
1148;20
1148;52
1148;87
1148;182
1149;4
1149;12
1149;24
1149;48
1149;96
1149;169
1150;4
1150;16
1150;39
1150;40
1150;83
1150;164
1151;4
1151;12
1151;20
1151;78
1151;80
1151;246
1152;4
1152;12
1152;30
1152;73
1152;88
1152;177
1153;4
1153;16
1153;31
1153;46
1153;93
1153;183
1154;4
1154;16
1154;32
1154;40
1154;87
1154;182
1155;4
1155;15
1155;31
1155;40
1155;122
1155;183
1156;4
1156;12
1156;20
1156;40
1156;154
1156;164
1157;4
1157;15
1157;30
1157;47
1157;118
1157;208
1158;4
1158;14
1158;28
1158;43
1158;81
1158;369
1159;7
1159;14
1159;20
1159;50
1159;94
1159;182
1160;3
1160;12
1160;31
1160;47
1160;127
1160;369
1161;2
1161;12
1161;36
1161;47
1161;83
1161;219
1162;4
1162;12
1162;20
1162;40
1162;81
1162;163
1163;6
1163;13
1163;20
1163;41
1163;80
1163;187
1164;6
1164;12
1164;39
1164;41
1164;147
1164;172
1165;6
1165;12
1165;24
1165;41
1165;135
1165;211
1166;6
1166;12
1166;35
1166;41
1166;88
1166;203
1167;6
1167;14
1167;36
1167;77
1167;91
1167;192
1168;4
1168;13
1168;22
1168;49
1168;93
1168;180
1169;4
1169;13
1169;22
1169;40
1169;84
1169;160
1170;4
1170;13
1170;22
1170;48
1170;92
1170;180
1171;9
1171;10
1171;20
1171;44
1171;83
1171;170
1172;9
1172;18
1172;35
1172;44
1172;80
1172;206
1173;9
1173;18
1173;26
1173;44
1173;80
1173;205
1174;9
1174;10
1174;27
1174;53
1174;80
1174;188
1175;4
1175;15
1175;26
1175;42
1175;80
1175;180
1176;2
1176;10
1176;20
1176;40
1176;84
1176;455
1177;5
1177;10
1177;26
1177;40
1177;92
1177;200
1178;5
1178;10
1178;26
1178;41
1178;80
1178;172
1179;5
1179;10
1179;30
1179;45
1179;90
1179;181
1180;5
1180;10
1180;20
1180;45
1180;90
1180;192
1181;5
1181;10
1181;39
1181;40
1181;80
1181;162
1182;5
1182;10
1182;20
1182;79
1182;80
1182;246
1183;5
1183;15
1183;20
1183;73
1183;89
1183;227
1184;5
1184;14
1184;28
1184;58
1184;80
1184;479
1185;6
1185;13
1185;27
1185;41
1185;80
1185;175
1186;6
1186;12
1186;35
1186;47
1186;88
1186;176
1187;6
1187;12
1187;24
1187;41
1187;158
1187;172
1188;6
1188;12
1188;23
1188;42
1188;88
1188;358
1189;6
1189;12
1189;23
1189;40
1189;80
1189;173
1190;7
1190;14
1190;20
1190;50
1190;80
1190;491
1191;3
1191;11
1191;29
1191;59
1191;88
1191;181
1192;2
1192;15
1192;32
1192;47
1192;95
1192;170
1193;4
1193;13
1193;39
1193;40
1193;105
1193;172
1194;4
1194;14
1194;27
1194;40
1194;94
1194;161
1195;4
1195;12
1195;39
1195;40
1195;119
1195;186
1196;4
1196;13
1196;36
1196;40
1196;119
1196;183
1197;4
1197;12
1197;20
1197;51
1197;120
1197;196
1198;4
1198;12
1198;36
1198;69
1198;97
1198;192
1199;4
1199;12
1199;20
1199;79
1199;89
1199;452
1200;4
1200;11
1200;37
1200;79
1200;80
1200;435
1201;4
1201;11
1201;39
1201;79
1201;119
1201;435
1202;4
1202;12
1202;39
1202;79
1202;158
1202;495
1203;4
1203;12
1203;39
1203;79
1203;80
1203;457
1204;4
1204;15
1204;39
1204;40
1204;80
1204;370
1205;6
1205;15
1205;20
1205;40
1205;86
1205;162
1206;4
1206;12
1206;20
1206;52
1206;86
1206;474
1207;2
1207;16
1207;31
1207;47
1207;90
1207;181
1208;2
1208;12
1208;31
1208;43
1208;82
1208;500
1209;4
1209;11
1209;20
1209;43
1209;84
1209;491
1210;4
1210;16
1210;39
1210;40
1210;144
1210;197
1211;4
1211;15
1211;31
1211;45
1211;121
1211;172
1212;4
1212;15
1212;20
1212;45
1212;91
1212;192
1213;4
1213;15
1213;27
1213;77
1213;150
1213;192
1214;4
1214;12
1214;27
1214;41
1214;89
1214;182
1215;4
1215;13
1215;39
1215;79
1215;80
1215;172
1216;4
1216;15
1216;30
1216;45
1216;92
1216;182
1217;4
1217;16
1217;39
1217;40
1217;80
1217;200
1218;4
1218;12
1218;39
1218;40
1218;82
1218;164
1219;4
1219;12
1219;20
1219;54
1219;93
1219;200
1220;4
1220;15
1220;39
1220;53
1220;93
1220;185
1221;6
1221;17
1221;20
1221;40
1221;92
1221;489
1222;3
1222;14
1222;20
1222;43
1222;92
1222;165
1223;2
1223;12
1223;28
1223;41
1223;86
1223;203
1224;4
1224;12
1224;20
1224;43
1224;86
1224;244
1225;6
1225;12
1225;27
1225;40
1225;88
1225;200
1226;6
1226;12
1226;29
1226;47
1226;89
1226;189
1227;6
1227;12
1227;24
1227;41
1227;82
1227;490
1228;6
1228;12
1228;23
1228;58
1228;116
1228;175
1229;5
1229;12
1229;35
1229;69
1229;107
1229;192
1230;4
1230;13
1230;39
1230;79
1230;80
1230;174
1231;4
1231;13
1231;39
1231;40
1231;80
1231;162
1232;4
1232;13
1232;26
1232;48
1232;102
1232;180
1233;9
1233;10
1233;27
1233;44
1233;152
1233;170
1234;9
1234;18
1234;35
1234;44
1234;80
1234;167
1235;9
1235;18
1235;26
1235;44
1235;81
1235;205
1236;8
1236;14
1236;20
1236;44
1236;133
1236;197
1237;4
1237;11
1237;23
1237;45
1237;80
1237;301
1238;2
1238;10
1238;20
1238;40
1238;84
1238;168
1239;5
1239;10
1239;20
1239;44
1239;89
1239;212
1240;5
1240;10
1240;20
1240;40
1240;86
1240;234
1241;5
1241;12
1241;20
1241;59
1241;107
1241;213
1242;5
1242;10
1242;35
1242;57
1242;88
1242;212
1243;5
1243;10
1243;39
1243;40
1243;92
1243;221
1244;5
1244;10
1244;31
1244;63
1244;95
1244;191
1245;5
1245;10
1245;32
1245;63
1245;95
1245;253
1246;5
1246;14
1246;30
1246;63
1246;95
1246;249
1247;6
1247;15
1247;29
1247;41
1247;89
1247;207
1248;6
1248;12
1248;35
1248;47
1248;88
1248;205
1249;6
1249;12
1249;30
1249;60
1249;90
1249;182
1250;6
1250;12
1250;27
1250;40
1250;89
1250;210
1251;6
1251;12
1251;27
1251;53
1251;80
1251;182
1252;6
1252;17
1252;20
1252;40
1252;85
1252;495
1253;3
1253;12
1253;24
1253;48
1253;144
1253;192
1254;2
1254;16
1254;27
1254;47
1254;86
1254;408
1255;4
1255;14
1255;20
1255;41
1255;92
1255;408
1256;4
1256;13
1256;27
1256;40
1256;81
1256;400
1257;4
1257;16
1257;32
1257;66
1257;81
1257;187
1258;4
1258;12
1258;39
1258;45
1258;86
1258;209
1259;4
1259;15
1259;29
1259;44
1259;89
1259;209
1260;4
1260;16
1260;32
1260;44
1260;88
1260;192
1261;4
1261;15
1261;20
1261;45
1261;104
1261;176
1262;4
1262;15
1262;31
1262;60
1262;84
1262;199
1263;4
1263;14
1263;29
1263;55
1263;105
1263;468
1264;4
1264;14
1264;31
1264;44
1264;106
1264;460
1265;4
1265;15
1265;31
1265;45
1265;144
1265;457
1266;4
1266;14
1266;20
1266;45
1266;139
1266;492
1267;7
1267;14
1267;20
1267;50
1267;86
1267;161
1268;4
1268;11
1268;20
1268;52
1268;83
1268;174
1269;2
1269;16
1269;35
1269;47
1269;86
1269;178
1270;4
1270;12
1270;20
1270;51
1270;94
1270;164
1271;4
1271;12
1271;20
1271;40
1271;88
1271;492
1272;4
1272;12
1272;24
1272;51
1272;87
1272;163
1273;4
1273;12
1273;36
1273;47
1273;83
1273;188
1274;4
1274;12
1274;36
1274;40
1274;94
1274;197
1275;4
1275;12
1275;36
1275;77
1275;80
1275;192
1276;4
1276;15
1276;32
1276;41
1276;89
1276;209
1277;5
1277;15
1277;31
1277;45
1277;91
1277;180
1278;4
1278;15
1278;30
1278;45
1278;91
1278;165
1279;4
1279;15
1279;30
1279;44
1279;147
1279;369
1280;4
1280;12
1280;20
1280;44
1280;147
1280;162
1281;4
1281;15
1281;27
1281;47
1281;147
1281;418
1282;4
1282;15
1282;24
1282;43
1282;147
1282;418
1283;5
1283;15
1283;20
1283;44
1283;86
1283;484
1284;3
1284;12
1284;35
1284;47
1284;94
1284;205
1285;4
1285;12
1285;31
1285;47
1285;106
1285;165
1286;4
1286;12
1286;20
1286;43
1286;92
1286;166
1287;4
1287;12
1287;39
1287;40
1287;91
1287;183
1288;4
1288;14
1288;29
1288;44
1288;85
1288;190
1289;4
1289;15
1289;30
1289;44
1289;89
1289;207
1290;4
1290;15
1290;20
1290;44
1290;149
1290;179
1291;4
1291;11
1291;21
1291;45
1291;89
1291;194
1292;2
1292;13
1292;39
1292;44
1292;88
1292;232
1293;4
1293;13
1293;26
1293;40
1293;89
1293;162
1294;4
1294;13
1294;22
1294;44
1294;83
1294;178
1295;4
1295;13
1295;26
1295;49
1295;91
1295;183
1296;4
1296;13
1296;22
1296;74
1296;88
1296;190
1297;4
1297;14
1297;30
1297;44
1297;89
1297;207
1298;9
1298;17
1298;39
1298;40
1298;89
1298;162
1299;5
1299;19
1299;39
1299;40
1299;89
1299;232
1300;4
1300;10
1300;39
1300;40
1300;122
1300;168
1301;4
1301;14
1301;24
1301;48
1301;118
1301;283
1302;4
1302;10
1302;24
1302;47
1302;94
1302;259
1303;5
1303;10
1303;24
1303;47
1303;119
1303;233
1304;3
1304;12
1304;24
1304;48
1304;118
1304;165
1305;3
1305;10
1305;24
1305;40
1305;119
1305;166
1306;3
1306;19
1306;39
1306;40
1306;120
1306;234
1307;3
1307;12
1307;24
1307;47
1307;119
1307;164
1308;4
1308;12
1308;26
1308;53
1308;121
1308;184
1309;3
1309;17
1309;27
1309;53
1309;80
1309;186
1310;4
1310;12
1310;27
1310;53
1310;80
1310;160
1311;3
1311;15
1311;26
1311;53
1311;80
1311;160
1312;4
1312;17
1312;27
1312;55
1312;82
1312;184
1313;5
1313;12
1313;26
1313;53
1313;119
1313;232
1314;4
1314;15
1314;28
1314;40
1314;119
1314;160
1315;4
1315;16
1315;26
1315;53
1315;117
1315;183
1316;5
1316;17
1316;30
1316;60
1316;80
1316;161
1317;4
1317;13
1317;30
1317;60
1317;119
1317;179
1318;4
1318;18
1318;30
1318;60
1318;90
1318;160
1319;4
1319;15
1319;30
1319;59
1319;89
1319;180
1320;8
1320;16
1320;30
1320;60
1320;118
1320;180
1321;9
1321;15
1321;30
1321;60
1321;89
1321;234
1322;8
1322;16
1322;31
1322;60
1322;80
1322;315
1323;8
1323;16
1323;33
1323;64
1323;119
1323;161
1324;8
1324;15
1324;35
1324;71
1324;80
1324;160
1325;8
1325;16
1325;35
1325;70
1325;106
1325;176
1326;9
1326;16
1326;35
1326;70
1326;140
1326;176
1327;8
1327;18
1327;36
1327;71
1327;109
1327;175
1328;9
1328;17
1328;36
1328;70
1328;106
1328;176
1329;7
1329;12
1329;35
1329;60
1329;106
1329;235
1330;3
1330;16
1330;35
1330;71
1330;106
1330;176
1331;8
1331;12
1331;37
1331;72
1331;106
1331;189
1332;9
1332;18
1332;39
1332;40
1332;80
1332;161
1333;9
1333;10
1333;38
1333;78
1333;80
1333;259
1334;8
1334;12
1334;39
1334;40
1334;81
1334;389
1335;8
1335;11
1335;35
1335;70
1335;106
1335;175
1336;7
1336;15
1336;39
1336;40
1336;141
1336;182
1337;2
1337;16
1337;30
1337;60
1337;120
1337;235
1338;9
1338;16
1338;30
1338;60
1338;89
1338;179
1339;9
1339;17
1339;26
1339;53
1339;105
1339;185
1340;9
1340;16
1340;25
1340;60
1340;80
1340;160
1341;8
1341;18
1341;23
1341;47
1341;90
1341;163
1342;8
1342;14
1342;24
1342;48
1342;106
1342;168
1343;9
1343;16
1343;24
1343;48
1343;118
1343;167
1344;7
1344;14
1344;27
1344;54
1344;80
1344;164
1345;8
1345;14
1345;24
1345;60
1345;118
1345;318
1346;7
1346;11
1346;24
1346;40
1346;95
1346;286
1347;9
1347;18
1347;35
1347;40
1347;88
1347;160
1348;9
1348;18
1348;35
1348;71
1348;88
1348;161
1349;9
1349;19
1349;20
1349;40
1349;119
1349;160
1350;0
1350;19
1350;20
1350;40
1350;159
1350;160
1351;6
1351;19
1351;22
1351;60
1351;118
1351;177
1352;8
1352;18
1352;20
1352;40
1352;121
1352;234
1353;7
1353;19
1353;27
1353;40
1353;80
1353;160
1354;6
1354;17
1354;20
1354;40
1354;88
1354;160
1355;8
1355;19
1355;20
1355;40
1355;119
1355;161
1356;9
1356;19
1356;39
1356;40
1356;80
1356;259
1357;9
1357;19
1357;20
1357;40
1357;80
1357;166
1358;7
1358;19
1358;20
1358;40
1358;80
1358;160
1359;6
1359;19
1359;39
1359;40
1359;121
1359;167
1360;6
1360;19
1360;39
1360;79
1360;80
1360;235
1361;6
1361;19
1361;20
1361;61
1361;92
1361;187
1362;8
1362;19
1362;22
1362;42
1362;88
1362;197
1363;2
1363;19
1363;23
1363;47
1363;93
1363;164
1364;7
1364;19
1364;24
1364;47
1364;94
1364;164
1365;9
1365;19
1365;23
1365;47
1365;93
1365;187
1366;8
1366;12
1366;25
1366;74
1366;95
1366;197
1367;2
1367;12
1367;24
1367;47
1367;96
1367;208
1368;6
1368;19
1368;23
1368;47
1368;82
1368;246
1369;1
1369;12
1369;24
1369;48
1369;93
1369;213
1370;1
1370;13
1370;26
1370;53
1370;81
1370;239
1371;9
1371;14
1371;27
1371;53
1371;80
1371;186
1372;4
1372;12
1372;26
1372;79
1372;80
1372;185
1373;0
1373;14
1373;27
1373;78
1373;80
1373;194
1374;7
1374;13
1374;26
1374;52
1374;80
1374;185
1375;6
1375;15
1375;27
1375;79
1375;106
1375;185
1376;7
1376;12
1376;26
1376;53
1376;80
1376;213
1377;8
1377;17
1377;27
1377;54
1377;80
1377;187
1378;6
1378;19
1378;30
1378;59
1378;118
1378;177
1379;9
1379;19
1379;30
1379;59
1379;89
1379;185
1380;8
1380;11
1380;30
1380;59
1380;88
1380;208
1381;8
1381;16
1381;30
1381;61
1381;117
1381;185
1382;7
1382;18
1382;30
1382;61
1382;88
1382;185
1383;8
1383;18
1383;31
1383;59
1383;118
1383;234
1384;5
1384;13
1384;33
1384;59
1384;118
1384;190
1385;5
1385;14
1385;36
1385;71
1385;118
1385;179
1386;8
1386;17
1386;35
1386;70
1386;118
1386;176
1387;9
1387;19
1387;36
1387;71
1387;141
1387;255
1388;9
1388;16
1388;35
1388;71
1388;106
1388;211
1389;5
1389;12
1389;37
1389;71
1389;111
1389;263
1390;8
1390;19
1390;36
1390;40
1390;110
1390;318
1391;7
1391;18
1391;38
1391;70
1391;107
1391;402
1392;7
1392;13
1392;35
1392;71
1392;106
1392;283
1393;8
1393;18
1393;36
1393;68
1393;83
1393;184
1394;9
1394;13
1394;36
1394;48
1394;80
1394;190
1395;8
1395;18
1395;35
1395;70
1395;82
1395;364
1396;8
1396;17
1396;35
1396;71
1396;106
1396;176
1397;7
1397;14
1397;34
1397;79
1397;98
1397;187
1398;9
1398;13
1398;37
1398;79
1398;107
1398;174
1399;6
1399;19
1399;36
1399;70
1399;105
1399;283
1400;9
1400;17
1400;35
1400;70
1400;106
1400;176
1401;9
1401;15
1401;36
1401;69
1401;85
1401;254
1402;9
1402;12
1402;38
1402;70
1402;106
1402;197
1403;9
1403;13
1403;36
1403;71
1403;105
1403;282
1404;9
1404;19
1404;35
1404;71
1404;106
1404;177
1405;8
1405;13
1405;38
1405;61
1405;83
1405;187
1406;9
1406;19
1406;36
1406;70
1406;106
1406;363
1407;7
1407;19
1407;36
1407;71
1407;107
1407;282
1408;9
1408;15
1408;36
1408;71
1408;107
1408;177
1409;9
1409;19
1409;38
1409;79
1409;80
1409;172
1410;8
1410;17
1410;35
1410;71
1410;106
1410;361
1411;7
1411;12
1411;36
1411;71
1411;106
1411;282
1412;9
1412;17
1412;36
1412;71
1412;107
1412;176
1413;8
1413;17
1413;39
1413;79
1413;80
1413;161
1414;9
1414;15
1414;35
1414;71
1414;106
1414;364
1415;9
1415;14
1415;35
1415;71
1415;106
1415;282
1416;8
1416;14
1416;37
1416;72
1416;108
1416;176
1417;9
1417;13
1417;39
1417;79
1417;80
1417;160
1418;7
1418;14
1418;35
1418;71
1418;106
1418;364
1419;9
1419;12
1419;35
1419;71
1419;106
1419;247
1420;4
1420;17
1420;38
1420;75
1420;113
1420;176
1421;7
1421;17
1421;39
1421;79
1421;80
1421;176
1422;6
1422;10
1422;20
1422;70
1422;106
1422;180
1423;5
1423;10
1423;20
1423;40
1423;106
1423;177
1424;5
1424;10
1424;20
1424;40
1424;84
1424;192
1425;5
1425;10
1425;20
1425;44
1425;84
1425;187
1426;5
1426;10
1426;20
1426;45
1426;105
1426;163
1427;5
1427;10
1427;20
1427;40
1427;105
1427;168
1428;5
1428;10
1428;20
1428;44
1428;89
1428;173
1429;5
1429;10
1429;20
1429;44
1429;107
1429;162
1430;5
1430;10
1430;20
1430;71
1430;105
1430;280
1431;5
1431;10
1431;35
1431;70
1431;106
1431;177
1432;6
1432;12
1432;24
1432;42
1432;100
1432;201
1433;6
1433;12
1433;24
1433;41
1433;106
1433;189
1434;6
1434;12
1434;35
1434;73
1434;105
1434;172
1435;6
1435;12
1435;24
1435;41
1435;105
1435;201
1436;6
1436;12
1436;23
1436;59
1436;89
1436;172
1437;6
1437;12
1437;23
1437;71
1437;106
1437;162
1438;6
1438;10
1438;35
1438;71
1438;107
1438;283
1439;4
1439;12
1439;20
1439;67
1439;134
1439;205
1440;4
1440;12
1440;20
1440;47
1440;86
1440;168
1441;4
1441;12
1441;20
1441;71
1441;106
1441;161
1442;4
1442;12
1442;20
1442;71
1442;106
1442;283
1443;4
1443;12
1443;20
1443;71
1443;86
1443;197
1444;4
1444;12
1444;20
1444;47
1444;86
1444;189
1445;4
1445;12
1445;20
1445;70
1445;106
1445;180
1446;4
1446;12
1446;35
1446;71
1446;106
1446;283
1447;4
1447;12
1447;20
1447;71
1447;107
1447;175
1448;4
1448;12
1448;20
1448;40
1448;80
1448;160
1449;4
1449;18
1449;35
1449;70
1449;106
1449;180
1450;4
1450;19
1450;35
1450;71
1450;106
1450;176
1451;4
1451;12
1451;36
1451;71
1451;109
1451;504
1452;4
1452;12
1452;36
1452;74
1452;105
1452;211
1453;5
1453;10
1453;20
1453;74
1453;90
1453;174
1454;4
1454;12
1454;20
1454;70
1454;106
1454;176
1455;4
1455;12
1455;20
1455;43
1455;82
1455;176
1456;4
1456;12
1456;20
1456;43
1456;105
1456;160
1457;4
1457;12
1457;20
1457;67
1457;91
1457;179
1458;4
1458;12
1458;20
1458;70
1458;105
1458;201
1459;4
1459;12
1459;20
1459;47
1459;86
1459;161
1460;4
1460;12
1460;20
1460;43
1460;106
1460;160
1461;4
1461;12
1461;35
1461;71
1461;108
1461;282
1462;4
1462;11
1462;35
1462;71
1462;106
1462;177
1463;5
1463;10
1463;32
1463;63
1463;86
1463;193
1464;4
1464;12
1464;20
1464;67
1464;106
1464;161
1465;4
1465;12
1465;20
1465;72
1465;107
1465;177
1466;4
1466;12
1466;20
1466;43
1466;107
1466;161
1467;4
1467;12
1467;20
1467;43
1467;107
1467;161
1468;4
1468;11
1468;26
1468;60
1468;90
1468;160
1469;4
1469;12
1469;20
1469;71
1469;106
1469;182
1470;4
1470;12
1470;20
1470;48
1470;86
1470;187
1471;4
1471;12
1471;20
1471;43
1471;85
1471;166
1472;4
1472;13
1472;20
1472;71
1472;106
1472;177
1473;6
1473;12
1473;24
1473;71
1473;89
1473;177
1474;6
1474;12
1474;35
1474;59
1474;81
1474;207
1475;6
1475;12
1475;23
1475;41
1475;99
1475;187
1476;6
1476;14
1476;31
1476;60
1476;123
1476;223
1477;4
1477;13
1477;32
1477;63
1477;94
1477;189
1478;4
1478;13
1478;36
1478;71
1478;88
1478;179
1479;4
1479;13
1479;35
1479;70
1479;107
1479;175
1480;9
1480;10
1480;27
1480;71
1480;89
1480;176
1481;9
1481;18
1481;35
1481;53
1481;80
1481;167
1482;9
1482;18
1482;26
1482;44
1482;88
1482;167
1483;9
1483;18
1483;26
1483;44
1483;88
1483;167
1484;5
1484;15
1484;23
1484;72
1484;82
1484;510
1485;2
1485;10
1485;20
1485;49
1485;106
1485;177
1486;5
1486;10
1486;39
1486;44
1486;88
1486;230
1487;5
1487;10
1487;29
1487;44
1487;140
1487;240
1488;5
1488;10
1488;30
1488;45
1488;109
1488;270
1489;5
1489;10
1489;39
1489;44
1489;83
1489;167
1490;5
1490;10
1490;39
1490;44
1490;88
1490;191
1491;5
1491;10
1491;34
1491;40
1491;106
1491;352
1492;5
1492;10
1492;36
1492;71
1492;91
1492;177
1493;5
1493;10
1493;20
1493;71
1493;107
1493;417
1494;7
1494;13
1494;23
1494;41
1494;88
1494;200
1495;6
1495;12
1495;29
1495;47
1495;88
1495;187
1496;6
1496;12
1496;24
1496;71
1496;107
1496;178
1497;6
1497;12
1497;35
1497;47
1497;82
1497;195
1498;6
1498;12
1498;23
1498;41
1498;89
1498;177
1499;6
1499;17
1499;20
1499;50
1499;141
1499;188
1500;3
1500;13
1500;35
1500;71
1500;106
1500;283
1501;2
1501;12
1501;31
1501;47
1501;90
1501;219
1502;4
1502;12
1502;31
1502;40
1502;155
1502;164
1503;4
1503;11
1503;20
1503;71
1503;106
1503;184
1504;4
1504;16
1504;31
1504;71
1504;106
1504;176
1505;4
1505;16
1505;31
1505;47
1505;87
1505;220
1506;4
1506;12
1506;20
1506;55
1506;83
1506;193
1507;4
1507;16
1507;32
1507;79
1507;124
1507;167
1508;4
1508;12
1508;35
1508;71
1508;106
1508;176
1509;4
1509;12
1509;36
1509;79
1509;80
1509;417
1510;4
1510;12
1510;36
1510;69
1510;83
1510;417
1511;4
1511;12
1511;35
1511;70
1511;106
1511;179
1512;4
1512;12
1512;35
1512;71
1512;105
1512;176
1513;4
1513;12
1513;31
1513;63
1513;91
1513;369
1514;6
1514;15
1514;20
1514;40
1514;141
1514;166
1515;4
1515;12
1515;20
1515;72
1515;89
1515;282
1516;2
1516;16
1516;35
1516;47
1516;105
1516;292
1517;2
1517;16
1517;31
1517;40
1517;101
1517;163
1518;4
1518;16
1518;20
1518;47
1518;106
1518;163
1519;4
1519;12
1519;20
1519;71
1519;107
1519;251
1520;4
1520;16
1520;35
1520;47
1520;82
1520;195
1521;4
1521;16
1521;39
1521;55
1521;93
1521;164
1522;4
1522;15
1522;32
1522;40
1522;107
1522;352
1523;4
1523;11
1523;36
1523;71
1523;106
1523;177
1524;4
1524;12
1524;20
1524;71
1524;107
1524;417
1525;4
1525;12
1525;20
1525;51
1525;86
1525;188
1526;4
1526;16
1526;35
1526;47
1526;107
1526;176
1527;4
1527;16
1527;39
1527;71
1527;106
1527;177
1528;4
1528;16
1528;20
1528;40
1528;82
1528;165
1529;4
1529;16
1529;27
1529;55
1529;84
1529;169
1530;6
1530;15
1530;20
1530;50
1530;106
1530;161
1531;3
1531;13
1531;20
1531;71
1531;106
1531;248
1532;2
1532;12
1532;35
1532;47
1532;86
1532;177
1533;4
1533;12
1533;20
1533;47
1533;86
1533;180
1534;4
1534;16
1534;20
1534;40
1534;106
1534;364
1535;4
1535;12
1535;35
1535;71
1535;106
1535;176
1536;4
1536;12
1536;23
1536;56
1536;107
1536;397
1537;4
1537;12
1537;36
1537;40
1537;91
1537;350
1538;6
1538;16
1538;32
1538;76
1538;95
1538;223
1539;4
1539;13
1539;22
1539;49
1539;105
1539;180
1540;4
1540;13
1540;22
1540;40
1540;80
1540;226
1541;4
1541;13
1541;22
1541;53
1541;97
1541;206
1542;4
1542;13
1542;22
1542;44
1542;82
1542;165
1543;4
1543;13
1543;20
1543;70
1543;102
1543;172
1544;4
1544;13
1544;23
1544;48
1544;92
1544;184
1545;4
1545;16
1545;20
1545;49
1545;95
1545;166
1546;4
1546;10
1546;23
1546;72
1546;108
1546;399
1547;2
1547;10
1547;20
1547;45
1547;106
1547;163
1548;5
1548;10
1548;39
1548;44
1548;89
1548;211
1549;5
1549;10
1549;20
1549;49
1549;119
1549;163
1550;5
1550;10
1550;25
1550;73
1550;106
1550;177
1551;5
1551;10
1551;39
1551;44
1551;84
1551;240
1552;5
1552;10
1552;39
1552;44
1552;88
1552;179
1553;5
1553;10
1553;32
1553;77
1553;123
1553;167
1554;5
1554;10
1554;35
1554;71
1554;106
1554;248
1555;5
1555;10
1555;20
1555;71
1555;118
1555;270
1556;6
1556;12
1556;24
1556;41
1556;119
1556;200
1557;6
1557;12
1557;35
1557;47
1557;88
1557;233
1558;6
1558;12
1558;23
1558;71
1558;106
1558;195
1559;6
1559;12
1559;35
1559;65
1559;88
1559;202
1560;6
1560;12
1560;35
1560;41
1560;118
1560;195
1561;6
1561;17
1561;20
1561;50
1561;108
1561;164
1562;3
1562;13
1562;20
1562;71
1562;105
1562;177
1563;2
1563;16
1563;31
1563;47
1563;91
1563;219
1564;4
1564;16
1564;39
1564;40
1564;118
1564;180
1565;4
1565;16
1565;20
1565;40
1565;118
1565;174
1566;4
1566;12
1566;20
1566;71
1566;105
1566;188
1567;4
1567;12
1567;31
1567;47
1567;86
1567;219
1568;4
1568;12
1568;20
1568;55
1568;83
1568;351
1569;4
1569;16
1569;20
1569;70
1569;124
1569;168
1570;4
1570;12
1570;35
1570;71
1570;106
1570;417
1571;4
1571;15
1571;23
1571;77
1571;119
1571;417
1572;4
1572;16
1572;30
1572;60
1572;118
1572;270
1573;4
1573;12
1573;31
1573;60
1573;89
1573;186
1574;4
1574;12
1574;32
1574;64
1574;94
1574;315
1575;4
1575;12
1575;36
1575;71
1575;107
1575;178
1576;7
1576;14
1576;20
1576;40
1576;105
1576;179
1577;4
1577;10
1577;20
1577;72
1577;107
1577;284
1578;2
1578;16
1578;31
1578;47
1578;90
1578;219
1579;4
1579;16
1579;31
1579;43
1579;93
1579;179
1580;4
1580;11
1580;20
1580;59
1580;106
1580;165
1581;4
1581;16
1581;31
1581;71
1581;107
1581;247
1582;4
1582;16
1582;31
1582;47
1582;85
1582;202
1583;4
1583;12
1583;20
1583;54
1583;86
1583;190
1584;4
1584;15
1584;32
1584;78
1584;123
1584;167
1585;4
1585;11
1585;35
1585;71
1585;106
1585;283
1586;4
1586;15
1586;36
1586;71
1586;118
1586;417
1587;5
1587;12
1587;20
1587;51
1587;86
1587;252
1588;4
1588;16
1588;31
1588;47
1588;106
1588;163
1589;4
1589;16
1589;31
1589;71
1589;106
1589;177
1590;4
1590;12
1590;20
1590;47
1590;118
1590;180
1591;4
1591;15
1591;31
1591;47
1591;120
1591;193
1592;6
1592;13
1592;22
1592;59
1592;108
1592;173
1593;3
1593;16
1593;31
1593;71
1593;105
1593;247
1594;2
1594;16
1594;31
1594;47
1594;86
1594;203
1595;4
1595;16
1595;20
1595;43
1595;86
1595;168
1596;6
1596;13
1596;23
1596;42
1596;89
1596;201
1597;6
1597;12
1597;29
1597;47
1597;106
1597;189
1598;6
1598;12
1598;24
1598;41
1598;106
1598;184
1599;6
1599;12
1599;24
1599;47
1599;82
1599;352
1600;5
1600;13
1600;31
1600;60
1600;119
1600;168
1601;4
1601;13
1601;31
1601;44
1601;94
1601;268
1602;4
1602;13
1602;36
1602;71
1602;80
1602;179
1603;4
1603;13
1603;22
1603;71
1603;106
1603;164
1604;9
1604;10
1604;36
1604;44
1604;83
1604;207
1605;9
1605;18
1605;26
1605;53
1605;88
1605;168
1606;9
1606;18
1606;27
1606;44
1606;94
1606;188
1607;7
1607;14
1607;20
1607;51
1607;95
1607;188
1608;3
1608;10
1608;20
1608;41
1608;82
1608;476
1609;2
1609;13
1609;25
1609;42
1609;80
1609;172
1610;2
1610;10
1610;21
1610;69
1610;83
1610;480
1611;1
1611;10
1611;20
1611;63
1611;93
1611;480
1612;1
1612;10
1612;37
1612;79
1612;80
1612;272
1613;1
1613;10
1613;31
1613;68
1613;85
1613;272
1614;1
1614;11
1614;22
1614;65
1614;102
1614;272
1615;2
1615;16
1615;32
1615;79
1615;124
1615;167
1616;2
1616;13
1616;22
1616;60
1616;89
1616;417
1617;5
1617;10
1617;35
1617;59
1617;82
1617;417
1618;6
1618;12
1618;35
1618;47
1618;82
1618;178
1619;6
1619;12
1619;35
1619;53
1619;88
1619;198
1620;6
1620;12
1620;35
1620;47
1620;106
1620;177
1621;6
1621;12
1621;35
1621;47
1621;82
1621;184
1622;6
1622;12
1622;34
1622;40
1622;81
1622;194
1623;5
1623;15
1623;20
1623;46
1623;89
1623;174
1624;3
1624;12
1624;20
1624;51
1624;106
1624;176
1625;2
1625;16
1625;31
1625;47
1625;86
1625;188
1626;4
1626;15
1626;31
1626;59
1626;91
1626;163
1627;4
1627;12
1627;20
1627;40
1627;86
1627;181
1628;4
1628;12
1628;31
1628;47
1628;106
1628;169
1629;4
1629;12
1629;31
1629;47
1629;94
1629;163
1630;4
1630;12
1630;32
1630;55
1630;107
1630;352
1631;4
1631;12
1631;36
1631;71
1631;91
1631;169
1632;4
1632;12
1632;36
1632;59
1632;106
1632;417
1633;4
1633;11
1633;20
1633;59
1633;84
1633;417
1634;4
1634;17
1634;29
1634;60
1634;91
1634;270
1635;4
1635;18
1635;31
1635;60
1635;89
1635;284
1636;4
1636;18
1636;33
1636;64
1636;94
1636;283
1637;4
1637;12
1637;35
1637;71
1637;106
1637;178
1638;7
1638;14
1638;20
1638;40
1638;104
1638;179
1639;3
1639;11
1639;23
1639;71
1639;106
1639;248
1640;2
1640;16
1640;36
1640;48
1640;87
1640;169
1641;2
1641;16
1641;20
1641;47
1641;86
1641;220
1642;4
1642;16
1642;20
1642;71
1642;106
1642;172
1643;4
1643;16
1643;32
1643;71
1643;106
1643;248
1644;4
1644;16
1644;31
1644;47
1644;133
1644;204
1645;4
1645;16
1645;31
1645;47
1645;82
1645;188
1646;4
1646;17
1646;32
1646;79
1646;124
1646;167
1647;4
1647;12
1647;35
1647;71
1647;106
1647;417
1648;5
1648;13
1648;27
1648;40
1648;86
1648;170
1649;4
1649;16
1649;20
1649;67
1649;86
1649;219
1650;4
1650;16
1650;31
1650;47
1650;94
1650;184
1651;4
1651;12
1651;20
1651;55
1651;105
1651;176
1652;4
1652;16
1652;23
1652;47
1652;80
1652;165
1653;4
1653;12
1653;20
1653;44
1653;85
1653;178
1654;2
1654;18
1654;38
1654;40
1654;81
1654;197
1655;8
1655;18
1655;36
1655;46
1655;85
1655;182
1656;8
1656;18
1656;24
1656;40
1656;81
1656;187
1657;9
1657;18
1657;36
1657;46
1657;87
1657;177
1658;8
1658;18
1658;24
1658;42
1658;81
1658;169
1659;9
1659;18
1659;36
1659;52
1659;91
1659;207
1660;9
1660;18
1660;34
1660;44
1660;81
1660;160
1661;6
1661;10
1661;20
1661;59
1661;93
1661;207
1662;3
1662;11
1662;20
1662;72
1662;156
1662;313
1663;7
1663;10
1663;20
1663;40
1663;101
1663;304
1664;3
1664;10
1664;21
1664;43
1664;158
1664;314
1665;5
1665;10
1665;20
1665;41
1665;82
1665;317
1666;3
1666;10
1666;20
1666;51
1666;81
1666;240
1667;5
1667;10
1667;22
1667;45
1667;80
1667;482
1668;9
1668;10
1668;26
1668;53
1668;107
1668;497
1669;7
1669;15
1669;20
1669;41
1669;86
1669;204
1670;3
1670;13
1670;21
1670;45
1670;84
1670;408
1671;2
1671;10
1671;20
1671;40
1671;84
1671;491
1672;5
1672;10
1672;27
1672;40
1672;80
1672;201
1673;5
1673;13
1673;39
1673;40
1673;80
1673;495
1674;5
1674;15
1674;29
1674;40
1674;80
1674;207
1675;5
1675;10
1675;20
1675;40
1675;84
1675;300
1676;5
1676;10
1676;20
1676;40
1676;83
1676;398
1677;5
1677;13
1677;27
1677;77
1677;80
1677;192
1678;5
1678;10
1678;27
1678;40
1678;89
1678;200
1679;5
1679;14
1679;26
1679;40
1679;87
1679;172
1680;6
1680;12
1680;23
1680;41
1680;88
1680;189
1681;6
1681;11
1681;24
1681;41
1681;88
1681;211
1682;6
1682;12
1682;23
1682;41
1682;82
1682;184
1683;6
1683;12
1683;24
1683;41
1683;108
1683;397
1684;6
1684;13
1684;27
1684;42
1684;108
1684;160
1685;4
1685;14
1685;26
1685;41
1685;104
1685;496
1686;2
1686;15
1686;27
1686;67
1686;83
1686;183
1687;2
1687;13
1687;39
1687;40
1687;82
1687;172
1688;4
1688;13
1688;20
1688;40
1688;93
1688;160
1689;4
1689;13
1689;39
1689;53
1689;105
1689;171
1690;4
1690;13
1690;39
1690;40
1690;106
1690;172
1691;4
1691;16
1691;20
1691;40
1691;86
1691;184
1692;4
1692;12
1692;28
1692;77
1692;150
1692;246
1693;4
1693;12
1693;39
1693;73
1693;89
1693;184
1694;4
1694;12
1694;20
1694;53
1694;83
1694;164
1695;4
1695;11
1695;39
1695;77
1695;101
1695;174
1696;4
1696;12
1696;39
1696;71
1696;89
1696;461
1697;4
1697;13
1697;39
1697;79
1697;82
1697;495
1698;4
1698;17
1698;27
1698;79
1698;92
1698;173
1699;4
1699;15
1699;21
1699;79
1699;80
1699;162
1700;6
1700;15
1700;20
1700;50
1700;85
1700;174
1701;3
1701;13
1701;20
1701;59
1701;82
1701;164
1702;2
1702;12
1702;20
1702;51
1702;82
1702;184
1703;4
1703;12
1703;20
1703;43
1703;102
1703;162
1704;4
1704;15
1704;30
1704;63
1704;113
1704;198
1705;4
1705;12
1705;28
1705;40
1705;86
1705;205
1706;4
1706;12
1706;39
1706;40
1706;117
1706;409
1707;4
1707;13
1707;26
1707;40
1707;117
1707;380
1708;4
1708;13
1708;27
1708;79
1708;80
1708;192
1709;4
1709;15
1709;29
1709;60
1709;115
1709;183
1710;4
1710;13
1710;39
1710;40
1710;80
1710;475
1711;4
1711;11
1711;39
1711;40
1711;134
1711;401
1712;4
1712;12
1712;20
1712;40
1712;82
1712;167
1713;4
1713;16
1713;20
1713;40
1713;83
1713;190
1714;4
1714;11
1714;20
1714;43
1714;101
1714;418
1715;4
1715;15
1715;20
1715;40
1715;101
1715;475
1716;4
1716;12
1716;23
1716;42
1716;81
1716;425
1717;2
1717;15
1717;30
1717;43
1717;117
1717;196
1718;4
1718;13
1718;27
1718;41
1718;121
1718;161
1719;4
1719;13
1719;27
1719;41
1719;145
1719;464
1720;6
1720;12
1720;23
1720;47
1720;82
1720;189
1721;6
1721;12
1721;37
1721;49
1721;82
1721;172
1722;6
1722;12
1722;39
1722;40
1722;82
1722;184
1723;6
1723;13
1723;37
1723;77
1723;150
1723;192
1724;4
1724;13
1724;22
1724;78
1724;88
1724;177
1725;4
1725;13
1725;22
1725;40
1725;87
1725;197
1726;4
1726;13
1726;22
1726;44
1726;87
1726;175
1727;4
1727;12
1727;22
1727;40
1727;86
1727;161
1728;9
1728;18
1728;26
1728;53
1728;88
1728;176
1729;9
1729;18
1729;35
1729;44
1729;88
1729;167
1730;9
1730;18
1730;26
1730;44
1730;87
1730;183
1731;6
1731;17
1731;20
1731;40
1731;82
1731;461
1732;3
1732;13
1732;20
1732;40
1732;82
1732;160
1733;2
1733;10
1733;20
1733;40
1733;89
1733;232
1734;5
1734;10
1734;20
1734;44
1734;88
1734;174
1735;5
1735;10
1735;21
1735;50
1735;108
1735;240
1736;5
1736;12
1736;35
1736;56
1736;85
1736;212
1737;5
1737;12
1737;36
1737;48
1737;96
1737;225
1738;5
1738;10
1738;30
1738;45
1738;95
1738;253
1739;5
1739;15
1739;32
1739;45
1739;95
1739;192
1740;5
1740;15
1740;32
1740;63
1740;127
1740;251
1741;6
1741;15
1741;29
1741;45
1741;90
1741;165
1742;6
1742;12
1742;24
1742;41
1742;118
1742;188
1743;6
1743;12
1743;30
1743;60
1743;141
1743;392
1744;6
1744;12
1744;29
1744;41
1744;89
1744;208
1745;6
1745;12
1745;29
1745;60
1745;80
1745;208
1746;5
1746;13
1746;20
1746;41
1746;89
1746;211
1747;4
1747;11
1747;23
1747;40
1747;141
1747;166
1748;2
1748;12
1748;24
1748;43
1748;86
1748;435
1749;4
1749;13
1749;27
1749;40
1749;133
1749;214
1750;4
1750;12
1750;26
1750;53
1750;90
1750;409
1751;4
1751;12
1751;27
1751;65
1751;91
1751;185
1752;4
1752;12
1752;31
1752;45
1752;106
1752;195
1753;4
1753;15
1753;20
1753;45
1753;89
1753;194
1754;4
1754;12
1754;32
1754;77
1754;80
1754;191
1755;4
1755;15
1755;30
1755;60
1755;89
1755;187
1756;4
1756;16
1756;32
1756;48
1756;80
1756;192
1757;4
1757;16
1757;33
1757;60
1757;89
1757;193
1758;4
1758;15
1758;33
1758;74
1758;80
1758;461
1759;4
1759;16
1759;31
1759;74
1759;87
1759;465
1760;4
1760;14
1760;27
1760;67
1760;86
1760;369
1761;5
1761;16
1761;36
1761;40
1761;80
1761;504
1762;6
1762;15
1762;20
1762;46
1762;86
1762;496
1763;3
1763;12
1763;31
1763;55
1763;98
1763;198
1764;2
1764;12
1764;20
1764;47
1764;117
1764;163
1765;4
1765;12
1765;20
1765;43
1765;117
1765;181
1766;5
1766;10
1766;30
1766;47
1766;86
1766;222
1767;4
1767;12
1767;24
1767;59
1767;97
1767;242
1768;4
1768;16
1768;23
1768;47
1768;94
1768;232
1769;4
1769;16
1769;23
1769;43
1769;150
1769;248
1770;4
1770;16
1770;38
1770;41
1770;88
1770;209
1771;4
1771;15
1771;30
1771;40
1771;149
1771;254
1772;4
1772;15
1772;30
1772;46
1772;90
1772;179
1773;4
1773;15
1773;28
1773;45
1773;90
1773;165
1774;4
1774;12
1774;31
1774;45
1774;151
1774;181
1775;4
1775;12
1775;20
1775;60
1775;148
1775;494
1776;4
1776;12
1776;31
1776;45
1776;89
1776;424
1777;7
1777;14
1777;20
1777;41
1777;103
1777;420
1778;3
1778;10
1778;20
1778;47
1778;93
1778;475
1779;2
1779;12
1779;20
1779;47
1779;86
1779;189
1780;4
1780;13
1780;26
1780;47
1780;82
1780;211
1781;4
1781;13
1781;39
1781;40
1781;93
1781;161
1782;6
1782;12
1782;24
1782;78
1782;91
1782;169
1783;6
1783;12
1783;29
1783;74
1783;89
1783;192
1784;6
1784;12
1784;30
1784;45
1784;89
1784;208
1785;5
1785;14
1785;30
1785;44
1785;89
1785;192
1786;4
1786;14
1786;22
1786;67
1786;86
1786;163
1787;4
1787;13
1787;22
1787;40
1787;88
1787;167
1788;4
1788;13
1788;22
1788;40
1788;88
1788;180
1789;4
1789;10
1789;20
1789;66
1789;80
1789;481
1790;9
1790;18
1790;26
1790;53
1790;80
1790;202
1791;9
1791;18
1791;26
1791;44
1791;88
1791;167
1792;9
1792;18
1792;35
1792;44
1792;123
1792;161
1793;5
1793;15
1793;22
1793;41
1793;81
1793;484
1794;3
1794;10
1794;21
1794;40
1794;84
1794;349
1795;2
1795;10
1795;20
1795;40
1795;84
1795;212
1796;5
1796;10
1796;27
1796;53
1796;80
1796;212
1797;5
1797;10
1797;39
1797;40
1797;98
1797;193
1798;5
1798;15
1798;39
1798;45
1798;93
1798;168
1799;5
1799;10
1799;20
1799;45
1799;94
1799;173
1800;5
1800;10
1800;20
1800;40
1800;150
1800;351
1801;5
1801;10
1801;27
1801;42
1801;88
1801;161
1802;5
1802;15
1802;31
1802;60
1802;80
1802;364
1803;6
1803;13
1803;27
1803;40
1803;93
1803;201
1804;6
1804;12
1804;24
1804;41
1804;82
1804;188
1805;6
1805;18
1805;29
1805;59
1805;94
1805;178
1806;6
1806;12
1806;23
1806;41
1806;88
1806;207
1807;6
1807;12
1807;23
1807;40
1807;90
1807;182
1808;7
1808;14
1808;20
1808;50
1808;89
1808;174
1809;3
1809;10
1809;21
1809;40
1809;81
1809;174
1810;2
1810;15
1810;20
1810;67
1810;134
1810;205
1811;4
1811;12
1811;39
1811;51
1811;90
1811;172
1812;4
1812;13
1812;39
1812;40
1812;93
1812;160
1813;4
1813;13
1813;39
1813;40
1813;93
1813;172
1814;4
1814;12
1814;20
1814;53
1814;106
1814;160
1815;4
1815;15
1815;20
1815;43
1815;118
1815;196
1816;4
1816;14
1816;37
1816;77
1816;91
1816;192
1817;4
1817;12
1817;20
1817;53
1817;89
1817;169
1818;4
1818;12
1818;20
1818;53
1818;90
1818;181
1819;4
1819;12
1819;20
1819;63
1819;89
1819;254
1820;4
1820;11
1820;20
1820;78
1820;95
1820;464
1821;4
1821;15
1821;21
1821;64
1821;82
1821;173
1822;4
1822;12
1822;20
1822;67
1822;80
1822;173
1823;5
1823;16
1823;20
1823;40
1823;85
1823;174
1824;5
1824;15
1824;20
1824;41
1824;80
1824;397
1825;3
1825;15
1825;31
1825;43
1825;98
1825;196
1826;4
1826;12
1826;20
1826;40
1826;82
1826;160
1827;4
1827;12
1827;20
1827;40
1827;80
1827;499
1828;4
1828;12
1828;20
1828;43
1828;94
1828;212
1829;4
1829;12
1829;20
1829;43
1829;83
1829;180
1830;4
1830;12
1830;20
1830;47
1830;86
1830;161
1831;4
1831;12
1831;20
1831;79
1831;150
1831;246
1832;4
1832;12
1832;34
1832;41
1832;88
1832;161
1833;4
1833;11
1833;20
1833;78
1833;80
1833;173
1834;5
1834;10
1834;20
1834;63
1834;90
1834;172
1835;4
1835;12
1835;34
1835;46
1835;80
1835;160
1836;4
1836;12
1836;20
1836;48
1836;83
1836;178
1837;4
1837;13
1837;39
1837;60
1837;83
1837;197
1838;4
1838;15
1838;20
1838;40
1838;80
1838;199
1839;7
1839;15
1839;20
1839;51
1839;90
1839;172
1840;3
1840;10
1840;20
1840;51
1840;86
1840;184
1841;2
1841;16
1841;35
1841;47
1841;83
1841;219
1842;4
1842;12
1842;20
1842;43
1842;82
1842;164
1843;4
1843;12
1843;20
1843;47
1843;82
1843;170
1844;4
1844;12
1844;20
1844;52
1844;91
1844;173
1845;4
1845;11
1845;28
1845;52
1845;92
1845;162
1846;4
1846;12
1846;30
1846;40
1846;86
1846;174
1847;6
1847;15
1847;20
1847;47
1847;89
1847;191
1848;3
1848;13
1848;39
1848;40
1848;80
1848;178
1849;4
1849;13
1849;22
1849;40
1849;84
1849;162
1850;4
1850;13
1850;22
1850;48
1850;84
1850;165
1851;4
1851;13
1851;22
1851;40
1851;80
1851;179
1852;4
1852;13
1852;22
1852;40
1852;99
1852;164
1853;4
1853;10
1853;20
1853;44
1853;104
1853;236
1854;4
1854;10
1854;26
1854;45
1854;97
1854;188
1855;4
1855;13
1855;22
1855;40
1855;81
1855;161
1856;4
1856;13
1856;22
1856;41
1856;92
1856;177
1857;4
1857;13
1857;22
1857;44
1857;81
1857;184
1858;4
1858;13
1858;27
1858;57
1858;80
1858;478
1859;9
1859;13
1859;22
1859;40
1859;92
1859;397
1860;9
1860;13
1860;22
1860;48
1860;113
1860;261
1861;4
1861;13
1861;22
1861;40
1861;141
1861;200
1862;4
1862;10
1862;21
1862;42
1862;83
1862;196
1863;9
1863;17
1863;35
1863;51
1863;106
1863;186
1864;9
1864;10
1864;35
1864;44
1864;83
1864;217
1865;9
1865;10
1865;35
1865;78
1865;112
1865;381
1866;9
1866;10
1866;35
1866;43
1866;113
1866;233
1867;9
1867;10
1867;26
1867;52
1867;80
1867;171
1868;9
1868;14
1868;26
1868;64
1868;81
1868;199
