0;9
0;13
0;25
0;50
0;108
0;240
1;9
1;12
1;21
1;70
1;99
1;239
2;9
2;12
2;24
2;67
2;106
2;239
3;6
3;12
3;25
3;75
3;105
3;236
4;9
4;12
4;22
4;60
4;105
4;239
5;9
5;12
5;22
5;43
5;119
5;238
6;8
6;13
6;25
6;51
6;133
6;237
7;9
7;13
7;37
7;67
7;84
7;239
8;9
8;12
8;30
8;67
8;84
8;238
9;9
9;12
9;25
9;67
9;134
9;238
10;9
10;13
10;30
10;60
10;90
10;236
11;0
11;12
11;25
11;60
11;90
11;238
12;5
12;12
12;25
12;60
12;90
12;179
13;9
13;12
13;37
13;56
13;90
13;207
14;9
14;13
14;38
14;56
14;94
14;206
15;9
15;19
15;20
15;56
15;94
15;206
16;9
16;10
16;20
16;60
16;120
16;187
17;9
17;10
17;20
17;45
17;90
17;202
18;9
18;10
18;20
18;45
18;90
18;202
19;9
19;15
19;20
19;44
19;89
19;178
20;9
20;15
20;20
20;44
20;154
20;160
21;9
21;15
21;20
21;45
21;104
21;200
22;9
22;10
22;20
22;65
22;100
22;210
23;9
23;10
23;30
23;66
23;91
23;210
24;9
24;15
24;30
24;67
24;101
24;210
25;9
25;10
25;30
25;66
25;100
25;210
26;9
26;10
26;30
26;67
26;100
26;167
27;9
27;10
27;30
27;67
27;100
27;210
28;9
28;10
28;30
28;67
28;101
28;168
29;9
29;10
29;25
29;67
29;100
29;167
30;9
30;10
30;30
30;67
30;101
30;167
31;9
31;10
31;30
31;67
31;100
31;167
32;9
32;19
32;20
32;75
32;101
32;189
33;9
33;10
33;20
33;75
33;150
33;188
34;9
34;10
34;20
34;67
34;100
34;188
35;9
35;10
35;20
35;66
35;158
35;170
36;9
36;10
36;20
36;50
36;100
36;175
37;9
37;10
37;20
37;50
37;125
37;175
38;9
38;10
38;20
38;50
38;125
38;175
39;9
39;10
39;20
39;50
39;90
39;210
40;9
40;10
40;20
40;50
40;90
40;210
41;9
41;10
41;25
41;50
41;90
41;210
42;9
42;10
42;20
42;50
42;90
42;210
43;9
43;10
43;20
43;57
43;95
43;179
44;9
44;10
44;30
44;67
44;90
44;215
45;9
45;11
45;22
45;67
45;112
45;179
46;9
46;11
46;20
46;66
46;84
46;175
47;9
47;11
47;39
47;60
47;99
47;169
48;9
48;11
48;39
48;79
48;80
48;179
49;9
49;11
49;28
49;40
49;84
49;179
50;9
50;11
50;34
50;60
50;101
50;160
51;9
51;11
51;34
51;60
51;101
51;160
52;9
52;11
52;34
52;40
52;101
52;180
53;9
53;11
53;34
53;67
53;101
53;169
54;9
54;11
54;33
54;50
54;100
54;169
55;9
55;10
55;34
55;41
55;85
55;177
56;9
56;11
56;39
56;59
56;138
56;179
57;9
57;12
57;38
57;56
57;131
57;169
58;9
58;13
58;38
58;56
58;113
58;169
59;9
59;12
59;25
59;56
59;112
59;169
60;8
60;12
60;37
60;56
60;93
60;168
61;9
61;13
61;22
61;50
61;83
61;224
62;9
62;12
62;22
62;50
62;83
62;224
63;9
63;13
63;22
63;75
63;89
63;224
64;9
64;13
64;22
64;44
64;89
64;210
65;9
65;13
65;22
65;60
65;90
65;179
66;3
66;12
66;22
66;60
66;89
66;211
67;7
67;13
67;25
67;56
67;100
67;168
68;9
68;13
68;25
68;50
68;134
68;169
69;9
69;13
69;22
69;50
69;90
69;217
70;9
70;12
70;22
70;41
70;134
70;227
71;9
71;19
71;20
71;50
71;141
71;217
72;9
72;10
72;20
72;49
72;141
72;162
73;9
73;10
73;20
73;49
73;100
73;162
74;9
74;10
74;20
74;50
74;100
74;227
75;9
75;10
75;20
75;50
75;126
75;176
76;9
76;10
76;20
76;50
76;126
76;176
77;9
77;10
77;20
77;50
77;126
77;176
78;9
78;19
78;20
78;45
78;105
78;210
79;9
79;19
79;20
79;46
79;91
79;210
80;9
80;10
80;30
80;50
80;84
80;210
81;9
81;10
81;30
81;50
81;135
81;167
82;9
82;10
82;25
82;50
82;151
82;167
83;9
83;10
83;30
83;50
83;148
83;167
84;9
84;10
84;30
84;50
84;146
84;163
85;9
85;10
85;30
85;50
85;90
85;168
86;9
86;10
86;30
86;50
86;90
86;210
87;9
87;10
87;20
87;50
87;125
87;168
88;9
88;19
88;20
88;50
88;90
88;167
89;9
89;10
89;20
89;50
89;90
89;168
90;9
90;10
90;20
90;50
90;90
90;167
91;9
91;10
91;20
91;50
91;90
91;167
92;9
92;10
92;20
92;50
92;90
92;210
93;9
93;10
93;20
93;60
93;90
93;210
94;9
94;10
94;20
94;60
94;90
94;210
95;9
95;10
95;20
95;60
95;90
95;210
96;9
96;10
96;20
96;50
96;150
96;220
97;9
97;10
97;20
97;50
97;139
97;220
98;9
98;10
98;21
98;79
98;101
98;165
99;9
99;11
99;22
99;43
99;101
99;220
100;9
100;11
100;22
100;44
100;101
100;220
101;9
101;11
101;33
101;44
101;101
101;169
102;9
102;11
102;20
102;44
102;101
102;169
103;9
103;11
103;28
103;56
103;84
103;169
104;9
104;11
104;28
104;56
104;84
104;169
105;9
105;11
105;28
105;56
105;84
105;169
106;9
106;11
106;34
106;45
106;134
106;179
107;9
107;11
107;28
107;45
107;134
107;179
108;9
108;11
108;28
108;45
108;134
108;179
109;9
109;11
109;28
109;45
109;134
109;179
110;9
110;10
110;34
110;45
110;134
110;179
111;8
111;15
111;34
111;43
111;85
111;165
112;9
112;18
112;38
112;40
112;114
112;164
113;9
113;12
113;25
113;40
113;134
113;218
114;9
114;13
114;25
114;50
114;134
114;441
115;7
115;12
115;25
115;40
115;134
115;179
116;1
116;13
116;25
116;69
116;85
116;171
117;9
117;12
117;25
117;44
117;89
117;224
118;9
118;13
118;25
118;67
118;89
118;178
119;2
119;13
119;25
119;76
119;126
119;177
120;9
120;13
120;25
120;75
120;126
120;176
121;9
121;13
121;30
121;60
121;149
121;162
122;8
122;13
122;25
122;60
122;90
122;161
123;9
123;13
123;25
123;60
123;90
123;210
124;9
124;12
124;22
124;46
124;135
124;248
125;9
125;12
125;23
125;67
125;90
125;246
126;9
126;12
126;22
126;67
126;111
126;402
127;9
127;19
127;20
127;45
127;135
127;252
128;9
128;10
128;20
128;40
128;90
128;244
129;9
129;10
129;20
129;66
129;90
129;244
130;9
130;10
130;20
130;67
130;112
130;475
131;9
131;10
131;33
131;50
131;132
131;248
132;9
132;10
132;20
132;52
132;86
132;240
133;9
133;10
133;38
133;56
133;113
133;246
134;9
134;10
134;30
134;56
134;111
134;162
135;9
135;10
135;30
135;60
135;90
135;210
136;9
136;10
136;30
136;60
136;90
136;210
137;9
137;10
137;30
137;60
137;90
137;210
138;9
138;17
138;33
138;50
138;83
138;210
139;9
139;17
139;30
139;50
139;90
139;235
140;9
140;15
140;20
140;44
140;90
140;176
141;9
141;15
141;30
141;45
141;90
141;180
142;9
142;15
142;30
142;44
142;90
142;192
143;9
143;15
143;30
143;45
143;90
143;195
144;9
144;15
144;30
144;44
144;90
144;191
145;9
145;19
145;20
145;44
145;90
145;253
146;9
146;10
146;20
146;60
146;90
146;180
147;9
147;10
147;20
147;60
147;90
147;180
148;9
148;10
148;25
148;79
148;137
148;163
149;9
149;10
149;20
149;75
149;100
149;176
150;9
150;10
150;20
150;50
150;90
150;195
151;9
151;10
151;20
151;50
151;119
151;210
152;9
152;10
152;20
152;50
152;90
152;210
153;9
153;10
153;25
153;50
153;90
153;210
154;9
154;16
154;27
154;60
154;90
154;210
155;9
155;19
155;20
155;40
155;148
155;174
156;9
156;15
156;30
156;45
156;90
156;210
157;9
157;15
157;29
157;44
157;90
157;225
158;9
158;11
158;22
158;44
158;101
158;299
159;9
159;11
159;33
159;44
159;84
159;168
160;9
160;11
160;34
160;51
160;85
160;169
161;9
161;11
161;38
161;56
161;84
161;377
162;9
162;11
162;39
162;75
162;138
162;163
163;9
163;11
163;38
163;76
163;94
163;168
164;9
164;11
164;34
164;51
164;83
164;168
165;0
165;11
165;34
165;50
165;84
165;201
166;9
166;17
166;33
166;50
166;83
166;169
167;9
167;17
167;34
167;67
167;84
167;169
168;9
168;19
168;37
168;57
168;113
168;207
169;9
169;19
169;37
169;57
169;101
169;208
170;9
170;13
170;25
170;50
170;134
170;168
171;9
171;13
171;25
171;40
171;134
171;170
172;8
172;13
172;25
172;50
172;112
172;217
173;9
173;13
173;22
173;45
173;153
173;174
174;9
174;13
174;23
174;47
174;115
174;371
175;2
175;13
175;25
175;50
175;100
175;378
176;9
176;13
176;25
176;49
176;99
176;163
177;9
177;13
177;30
177;60
177;90
177;287
178;9
178;12
178;30
178;60
178;90
178;186
179;7
179;12
179;30
179;60
179;90
179;169
180;9
180;19
180;22
180;46
180;90
180;229
181;9
181;19
181;22
181;44
181;89
181;177
182;0
182;19
182;22
182;44
182;88
182;177
183;9
183;19
183;21
183;40
183;80
183;176
184;9
184;19
184;20
184;60
184;89
184;180
185;9
185;19
185;20
185;40
185;89
185;177
186;9
186;10
186;20
186;45
186;90
186;177
187;9
187;17
187;34
187;50
187;140
187;188
188;9
188;17
188;34
188;52
188;140
188;204
189;9
189;19
189;38
189;57
189;140
189;208
190;9
190;10
190;37
190;50
190;140
190;163
191;9
191;10
191;30
191;60
191;90
191;207
192;9
192;10
192;30
192;60
192;90
192;180
193;9
193;10
193;30
193;60
193;90
193;210
194;9
194;17
194;34
194;51
194;90
194;235
195;9
195;17
195;33
195;50
195;90
195;235
196;9
196;16
196;30
196;45
196;90
196;194
197;9
197;15
197;30
197;45
197;90
197;194
198;9
198;15
198;30
198;44
198;90
198;237
199;9
199;15
199;30
199;45
199;90
199;239
200;9
200;15
200;30
200;60
200;90
200;193
201;9
201;19
201;20
201;50
201;90
201;204
202;9
202;10
202;20
202;40
202;90
202;164
203;9
203;10
203;20
203;40
203;90
203;240
204;9
204;10
204;20
204;60
204;138
204;163
205;9
205;10
205;20
205;50
205;100
205;200
206;9
206;10
206;20
206;50
206;100
206;201
207;9
207;10
207;20
207;50
207;100
207;193
208;8
208;19
208;30
208;60
208;149
208;209
209;9
209;10
209;30
209;60
209;89
209;209
210;9
210;15
210;30
210;60
210;149
210;224
211;9
211;15
211;20
211;45
211;88
211;220
212;9
212;10
212;20
212;45
212;112
212;444
213;9
213;11
213;20
213;44
213;139
213;218
214;9
214;11
214;33
214;49
214;132
214;233
215;9
215;11
215;34
215;50
215;83
215;169
216;9
216;11
216;22
216;67
216;84
216;184
217;9
217;11
217;38
217;75
217;94
217;226
218;9
218;18
218;37
218;56
218;135
218;163
219;9
219;19
219;34
219;56
219;131
219;224
220;9
220;11
220;34
220;56
220;134
220;241
221;9
221;11
221;34
221;50
221;83
221;232
222;9
222;11
222;20
222;67
222;134
222;234
223;9
223;17
223;33
223;67
223;134
223;234
224;9
224;17
224;33
224;50
224;134
224;236
225;9
225;17
225;34
225;45
225;112
225;201
226;9
226;13
226;25
226;50
226;101
226;205
227;9
227;12
227;25
227;50
227;134
227;179
228;0
228;12
228;25
228;50
228;134
228;161
229;9
229;12
229;22
229;70
229;134
229;179
230;9
230;12
230;25
230;45
230;89
230;177
231;5
231;13
231;22
231;76
231;126
231;177
232;3
232;13
232;25
232;50
232;125
232;200
233;9
233;12
233;30
233;60
233;90
233;199
234;9
234;12
234;22
234;60
234;90
234;179
235;8
235;12
235;22
235;60
235;90
235;179
236;6
236;13
236;25
236;60
236;90
236;446
237;3
237;13
237;22
237;45
237;133
237;222
238;9
238;12
238;22
238;45
238;134
238;224
239;9
239;13
239;22
239;44
239;134
239;177
240;9
240;19
240;20
240;40
240;147
240;259
241;9
241;10
241;20
241;45
241;90
241;178
242;9
242;10
242;20
242;60
242;89
242;456
243;9
243;10
243;20
243;51
243;150
243;369
244;9
244;15
244;33
244;50
244;85
244;167
245;9
245;10
245;38
245;56
245;94
245;169
246;9
246;19
246;38
246;56
246;95
246;188
247;9
247;19
247;20
247;76
247;111
247;174
248;9
248;10
248;25
248;60
248;89
248;210
249;9
249;10
249;25
249;60
249;90
249;210
250;9
250;10
250;25
250;60
250;89
250;210
251;9
251;10
251;39
251;60
251;80
251;160
252;9
252;10
252;39
252;59
252;157
252;236
253;9
253;10
253;37
253;56
253;93
253;168
254;9
254;10
254;38
254;56
254;150
254;169
255;9
255;10
255;38
255;56
255;150
255;169
256;9
256;10
256;25
256;54
256;83
256;165
257;9
257;19
257;20
257;50
257;84
257;168
258;9
258;10
258;20
258;44
258;89
258;178
259;9
259;15
259;20
259;60
259;90
259;193
260;9
260;10
260;20
260;56
260;90
260;168
261;9
261;10
261;20
261;50
261;84
261;175
262;9
262;19
262;20
262;50
262;125
262;175
263;9
263;10
263;20
263;50
263;125
263;175
264;9
264;10
264;25
264;50
264;95
264;210
265;9
265;11
265;33
265;44
265;89
265;210
266;9
266;12
266;25
266;60
266;90
266;210
267;9
267;10
267;25
267;50
267;90
267;210
268;9
268;10
268;33
268;44
268;144
268;233
269;9
269;11
269;33
269;44
269;112
269;382
270;9
270;11
270;22
270;40
270;126
270;236
271;9
271;11
271;39
271;49
271;83
271;400
272;9
272;11
272;32
272;63
272;94
272;169
273;9
273;11
273;38
273;57
273;94
273;169
274;9
274;11
274;37
274;56
274;84
274;168
275;9
275;15
275;34
275;45
275;101
275;175
276;9
276;15
276;34
276;76
276;101
276;210
277;9
277;11
277;34
277;67
277;84
277;168
278;9
278;11
278;34
278;67
278;84
278;219
279;9
279;17
279;33
279;50
279;100
279;169
280;9
280;18
280;36
280;50
280;85
280;199
281;7
281;19
281;37
281;40
281;116
281;206
282;9
282;12
282;37
282;40
282;101
282;191
283;9
283;13
283;25
283;50
283;100
283;308
284;9
284;12
284;25
284;50
284;100
284;190
285;8
285;12
285;25
285;50
285;85
285;169
286;9
286;12
286;22
286;45
286;134
286;224
287;9
287;12
287;22
287;45
287;134
287;224
288;9
288;13
288;22
288;45
288;134
288;224
289;9
289;12
289;22
289;73
289;89
289;175
290;9
290;13
290;22
290;60
290;90
290;210
291;9
291;13
291;22
291;59
291;134
291;211
292;7
292;13
292;33
292;49
292;90
292;221
293;9
293;12
293;33
293;49
293;83
293;411
294;9
294;15
294;30
294;45
294;90
294;241
295;9
295;13
295;22
295;42
295;112
295;399
296;9
296;19
296;20
296;44
296;100
296;441
297;9
297;14
297;20
297;43
297;100
297;171
298;9
298;10
298;33
298;49
298;100
298;217
299;9
299;10
299;20
299;49
299;100
299;226
300;9
300;15
300;29
300;43
300;100
300;203
301;9
301;10
301;20
301;50
301;124
301;176
302;9
302;10
302;20
302;50
302;83
302;166
303;9
303;19
303;20
303;50
303;145
303;174
304;9
304;14
304;20
304;41
304;90
304;189
305;9
305;12
305;25
305;50
305;90
305;190
306;9
306;13
306;30
306;50
306;90
306;210
307;9
307;10
307;30
307;50
307;100
307;210
308;9
308;10
308;30
308;50
308;90
308;210
309;9
309;10
309;30
309;50
309;90
309;210
310;9
310;10
310;30
310;50
310;90
310;176
311;9
311;10
311;30
311;50
311;90
311;210
312;9
312;10
312;30
312;50
312;90
312;210
313;9
313;19
313;20
313;50
313;90
313;210
314;9
314;10
314;20
314;50
314;90
314;177
315;9
315;10
315;20
315;50
315;90
315;160
316;9
316;10
316;20
316;60
316;90
316;179
317;9
317;10
317;20
317;77
317;137
317;162
318;9
318;10
318;20
318;60
318;90
318;210
319;9
319;10
319;20
319;60
319;90
319;210
320;9
320;10
320;20
320;60
320;90
320;210
321;9
321;17
321;34
321;50
321;150
321;220
322;9
322;15
322;29
322;43
322;146
322;220
323;9
323;11
323;20
323;79
323;101
323;418
324;9
324;11
324;33
324;44
324;101
324;318
325;9
325;11
325;30
325;45
325;101
325;163
326;9
326;11
326;34
326;51
326;85
326;187
327;9
327;11
327;32
327;49
327;101
327;213
328;9
328;11
328;29
328;45
328;84
328;162
329;9
329;11
329;33
329;50
329;84
329;170
330;9
330;11
330;33
330;49
330;149
330;183
331;9
331;11
331;34
331;45
331;135
331;162
332;9
332;13
332;27
332;41
332;135
332;161
333;9
333;12
333;25
333;45
333;134
333;175
334;9
334;13
334;25
334;45
334;134
334;190
335;9
335;10
335;34
335;45
335;134
335;179
336;9
336;15
336;34
336;43
336;85
336;165
337;9
337;18
337;38
337;40
337;114
337;165
338;6
338;10
338;25
338;45
338;87
338;389
339;3
339;12
339;25
339;45
339;135
339;219
340;8
340;12
340;25
340;40
340;135
340;216
341;9
341;12
341;25
341;45
341;134
341;390
342;9
342;12
342;27
342;40
342;112
342;462
343;9
343;12
343;25
343;45
343;156
343;462
344;5
344;13
344;25
344;45
344;134
344;503
345;9
345;12
345;25
345;60
345;137
345;162
346;9
346;12
346;29
346;40
346;90
346;233
347;6
347;13
347;25
347;60
347;90
347;210
348;9
348;11
348;21
348;45
348;90
348;210
349;4
349;11
349;22
349;51
349;137
349;179
350;3
350;17
350;33
350;49
350;151
350;218
351;9
351;12
351;39
351;40
351;135
351;169
352;9
352;19
352;20
352;40
352;90
352;398
353;9
353;10
353;20
353;45
353;156
353;160
354;9
354;10
354;20
354;49
354;148
354;165
355;9
355;10
355;20
355;50
355;101
355;186
356;9
356;10
356;20
356;67
356;100
356;201
357;9
357;10
357;20
357;40
357;135
357;401
358;9
358;10
358;20
358;67
358;83
358;183
359;8
359;19
359;20
359;67
359;83
359;163
360;9
360;10
360;30
360;60
360;150
360;210
361;9
361;10
361;30
361;60
361;150
361;210
362;9
362;10
362;30
362;60
362;150
362;210
363;9
363;10
363;30
363;60
363;150
363;210
364;9
364;10
364;30
364;60
364;90
364;210
365;9
365;19
365;20
365;60
365;90
365;210
366;9
366;19
366;30
366;63
366;150
366;397
367;9
367;10
367;20
367;67
367;84
367;201
368;9
368;15
368;30
368;66
368;81
368;209
369;9
369;14
369;30
369;44
369;83
369;163
370;9
370;19
370;20
370;69
370;85
370;462
371;9
371;10
371;20
371;51
371;100
371;462
372;9
372;10
372;20
372;49
372;149
372;462
373;9
373;10
373;25
373;76
373;137
373;163
374;9
374;10
374;35
374;53
374;88
374;176
375;9
375;10
375;20
375;46
375;81
375;195
376;9
376;10
376;25
376;51
376;119
376;484
377;4
377;12
377;25
377;52
377;136
377;210
378;3
378;10
378;25
378;66
378;150
378;210
379;9
379;10
379;30
379;46
379;90
379;210
380;6
380;10
380;20
380;47
380;89
380;397
381;3
381;10
381;21
381;74
381;103
381;221
382;5
382;13
382;25
382;67
382;101
382;174
383;3
383;11
383;22
383;49
383;100
383;210
384;9
384;11
384;22
384;67
384;141
384;197
385;9
385;11
385;20
385;73
385;84
385;350
386;9
386;11
386;29
386;58
386;87
386;258
387;9
387;19
387;34
387;77
387;123
387;163
388;9
388;11
388;33
388;67
388;83
388;269
389;9
389;11
389;33
389;68
389;84
389;168
390;9
390;11
390;34
390;66
390;83
390;168
391;5
391;13
391;33
391;49
391;134
391;169
392;3
392;15
392;29
392;44
392;141
392;170
393;9
393;13
393;38
393;40
393;134
393;228
394;9
394;10
394;20
394;46
394;88
394;174
395;3
395;13
395;25
395;50
395;101
395;200
396;3
396;13
396;25
396;40
396;135
396;168
397;9
397;13
397;25
397;45
397;134
397;217
398;9
398;13
398;25
398;45
398;91
398;462
399;0
399;13
399;33
399;50
399;83
399;187
400;8
400;13
400;33
400;51
400;135
400;462
401;9
401;13
401;25
401;79
401;140
401;163
402;9
402;13
402;30
402;66
402;83
402;230
403;9
403;13
403;30
403;60
403;90
403;210
404;9
404;12
404;30
404;60
404;90
404;169
405;5
405;13
405;24
405;50
405;84
405;265
406;3
406;19
406;33
406;49
406;83
406;265
407;9
407;19
407;20
407;49
407;112
407;220
408;9
408;19
408;20
408;46
408;144
408;497
409;9
409;19
409;20
409;59
409;88
409;248
410;9
410;19
410;20
410;68
410;85
410;187
411;9
411;10
411;20
411;50
411;84
411;202
412;9
412;19
412;20
412;75
412;131
412;176
413;9
413;10
413;20
413;50
413;140
413;221
414;9
414;10
414;35
414;52
414;122
414;221
415;9
415;10
415;33
415;67
415;83
415;163
416;9
416;10
416;30
416;60
416;92
416;210
417;9
417;10
417;30
417;60
417;90
417;210
418;9
418;10
418;30
418;60
418;90
418;210
419;9
419;10
419;30
419;60
419;90
419;498
420;9
420;10
420;30
420;60
420;90
420;210
421;9
421;10
421;30
421;60
421;90
421;333
422;9
422;10
422;30
422;50
422;90
422;396
423;9
423;10
423;33
423;51
423;89
423;209
424;9
424;10
424;39
424;41
424;90
424;180
425;9
425;10
425;30
425;60
425;90
425;432
426;9
426;19
426;20
426;41
426;90
426;452
427;9
427;10
427;33
427;52
427;84
427;188
428;9
428;10
428;20
428;40
428;90
428;443
429;9
429;10
429;20
429;59
429;139
429;163
430;9
430;10
430;33
430;50
430;150
430;167
431;9
431;10
431;20
431;50
431;100
431;434
432;9
432;10
432;34
432;67
432;83
432;168
433;5
433;13
433;24
433;66
433;83
433;209
434;3
434;16
434;30
434;67
434;83
434;209
435;9
435;15
435;30
435;44
435;149
435;209
436;9
436;11
436;20
436;40
436;88
436;209
437;4
437;11
437;20
437;41
437;83
437;188
438;6
438;10
438;25
438;45
438;87
438;175
439;3
439;11
439;23
439;44
439;147
439;365
440;9
440;11
440;32
440;46
440;141
440;498
441;9
441;15
441;30
441;45
441;119
441;385
442;9
442;11
442;30
442;74
442;133
442;354
443;9
443;11
443;32
443;44
443;134
443;269
444;9
444;11
444;33
444;50
444;134
444;224
445;9
445;11
445;34
445;45
445;134
445;224
446;1
446;11
446;34
446;45
446;134
446;224
447;5
447;13
447;25
447;46
447;134
447;269
448;3
448;10
448;22
448;45
448;134
448;224
449;9
449;11
449;22
449;45
449;134
449;224
450;9
450;12
450;23
450;44
450;89
450;230
451;4
451;12
451;20
451;46
451;134
451;269
452;3
452;12
452;25
452;50
452;134
452;179
453;9
453;12
453;25
453;45
453;135
453;375
454;9
454;12
454;25
454;41
454;139
454;442
455;9
455;12
455;22
455;66
455;85
455;462
456;9
456;13
456;22
456;67
456;90
456;246
457;9
457;12
457;22
457;45
457;91
457;180
458;9
458;12
458;37
458;40
458;90
458;175
459;9
459;13
459;33
459;50
459;133
459;233
460;0
460;12
460;34
460;50
460;84
460;235
461;6
461;13
461;25
461;46
461;87
461;497
462;3
462;13
462;33
462;50
462;83
462;179
463;9
463;12
463;34
463;51
463;84
463;252
464;9
464;13
464;25
464;51
464;148
464;394
465;9
465;19
465;20
465;45
465;149
465;224
466;9
466;19
466;20
466;45
466;104
466;237
467;9
467;10
467;20
467;49
467;86
467;411
468;9
468;10
468;20
468;44
468;151
468;397
469;9
469;15
469;20
469;45
469;150
469;413
470;9
470;15
470;38
470;40
470;144
470;437
471;9
471;10
471;20
471;57
471;131
471;170
472;9
472;18
472;20
472;56
472;132
472;175
473;9
473;10
473;25
473;60
473;150
473;210
474;9
474;10
474;25
474;60
474;159
474;210
475;9
475;10
475;25
475;60
475;90
475;397
476;9
476;10
476;30
476;60
476;90
476;210
477;9
477;10
477;25
477;60
477;90
477;210
478;9
478;10
478;25
478;60
478;90
478;210
479;9
479;10
479;25
479;45
479;133
479;237
480;9
480;15
480;31
480;59
480;91
480;194
481;9
481;15
481;30
481;44
481;148
481;194
482;9
482;19
482;20
482;60
482;89
482;442
483;9
483;10
483;38
483;56
483;114
483;226
484;9
484;10
484;20
484;43
484;133
484;462
485;9
485;10
485;20
485;44
485;158
485;180
486;9
486;10
486;20
486;41
486;151
486;175
487;9
487;10
487;20
487;50
487;135
487;175
488;9
488;17
488;33
488;50
488;84
488;175
489;7
489;10
489;25
489;46
489;82
489;210
490;3
490;17
490;33
490;60
490;150
490;210
491;9
491;17
491;33
491;50
491;83
491;210
492;9
492;17
492;33
492;50
492;150
492;210
493;4
493;13
493;33
493;48
493;145
493;178
494;9
494;11
494;33
494;51
494;91
494;186
495;4
495;10
495;33
495;51
495;84
495;209
496;2
496;11
496;33
496;44
496;84
496;397
497;9
497;17
497;33
497;50
497;84
497;169
498;5
498;18
498;37
498;56
498;93
498;169
499;9
499;11
499;37
499;56
499;131
499;187
500;9
500;19
500;34
500;56
500;132
500;175
501;9
501;11
501;34
501;67
501;101
501;236
502;9
502;11
502;34
502;67
502;101
502;236
503;7
503;11
503;24
503;46
503;89
503;175
504;3
504;10
504;34
504;56
504;133
504;169
505;9
505;11
505;34
505;57
505;85
505;170
506;8
506;17
506;22
506;40
506;116
506;217
507;5
507;13
507;21
507;40
507;101
507;217
508;3
508;13
508;25
508;50
508;101
508;190
509;9
509;12
509;25
509;50
509;139
509;216
510;9
510;12
510;25
510;50
510;138
510;397
511;9
511;13
511;39
511;59
511;134
511;233
512;9
512;12
512;23
512;45
512;135
512;224
513;9
513;13
513;22
513;45
513;134
513;443
514;9
514;17
514;22
514;53
514;87
514;175
515;9
515;13
515;22
515;49
515;83
515;233
516;3
516;13
516;22
516;50
516;151
516;414
517;9
517;10
517;25
517;46
517;89
517;397
518;4
518;16
518;34
518;50
518;83
518;254
519;9
519;17
519;34
519;49
519;83
519;201
520;9
520;17
520;33
520;50
520;84
520;184
521;9
521;19
521;20
521;50
521;141
521;498
522;9
522;15
522;20
522;45
522;135
522;225
523;9
523;19
523;20
523;50
523;84
523;169
524;9
524;17
524;20
524;50
524;148
524;397
525;9
525;17
525;20
525;51
525;100
525;176
526;9
526;19
526;20
526;40
526;95
526;226
527;9
527;10
527;37
527;56
527;150
527;225
528;9
528;10
528;38
528;56
528;94
528;174
529;9
529;19
529;20
529;57
529;148
529;225
530;9
530;10
530;20
530;60
530;155
530;210
531;9
531;10
531;30
531;50
531;90
531;397
532;9
532;10
532;30
532;50
532;151
532;210
533;9
533;10
533;25
533;60
533;90
533;210
534;9
534;11
534;25
534;60
534;151
534;210
535;9
535;10
535;35
535;40
535;152
535;160
536;9
536;10
536;25
536;75
536;149
536;225
537;9
537;10
537;20
537;79
537;80
537;179
538;9
538;19
538;20
538;79
538;80
538;160
539;9
539;10
539;20
539;60
539;80
539;179
540;9
540;10
540;20
540;40
540;99
540;199
541;9
541;10
541;20
541;79
541;80
541;179
542;9
542;10
542;20
542;51
542;82
542;174
543;9
543;19
543;20
543;50
543;84
543;210
544;9
544;10
544;20
544;57
544;94
544;210
545;9
545;10
545;20
545;56
545;94
545;219
546;9
546;10
546;37
546;56
546;94
546;220
547;9
547;10
547;20
547;51
547;83
547;220
548;9
548;17
548;33
548;50
548;84
548;217
549;9
549;11
549;33
549;50
549;83
549;233
550;9
550;11
550;33
550;49
550;84
550;177
551;9
551;11
551;30
551;45
551;94
551;210
552;9
552;11
552;30
552;45
552;134
552;225
553;8
553;11
553;28
553;77
553;94
553;169
554;9
554;11
554;28
554;56
554;84
554;169
555;9
555;11
555;28
555;50
555;84
555;169
556;9
556;11
556;34
556;45
556;135
556;162
557;9
557;11
557;28
557;45
557;134
557;179
558;9
558;11
558;28
558;45
558;134
558;179
559;9
559;11
559;28
559;45
559;134
559;179
560;9
560;10
560;34
560;45
560;134
560;236
561;8
561;19
561;34
561;42
561;84
561;213
562;9
562;18
562;20
562;40
562;135
562;201
563;9
563;13
563;25
563;68
563;107
563;219
564;9
564;13
564;25
564;67
564;81
564;219
565;0
565;12
565;25
565;72
565;86
565;227
566;0
566;13
566;25
566;60
566;104
566;239
567;9
567;13
567;25
567;60
567;105
567;224
568;9
568;13
568;25
568;45
568;134
568;224
569;3
569;13
569;25
569;67
569;133
569;249
570;9
570;13
570;30
570;67
570;84
570;162
571;9
571;13
571;25
571;67
571;84
571;210
572;3
572;13
572;25
572;67
572;133
572;210
573;9
573;13
573;34
573;60
573;90
573;217
574;9
574;16
574;33
574;45
574;156
574;246
575;9
575;18
575;35
575;70
575;90
575;241
576;9
576;19
576;38
576;56
576;94
576;226
577;9
577;19
577;20
577;57
577;94
577;207
578;9
578;10
578;37
578;57
578;94
578;206
579;9
579;10
579;20
579;40
579;158
579;246
580;9
580;10
580;20
580;45
580;89
580;200
581;9
581;10
581;20
581;45
581;90
581;201
582;9
582;10
582;20
582;44
582;156
582;178
583;9
583;10
583;20
583;50
583;100
583;245
584;8
584;19
584;30
584;64
584;137
584;162
585;9
585;10
585;30
585;61
585;91
585;210
586;9
586;10
586;34
586;67
586;134
586;210
587;9
587;10
587;34
587;67
587;101
587;210
588;9
588;10
588;34
588;68
588;101
588;210
589;9
589;10
589;33
589;67
589;100
589;210
590;9
590;19
590;33
590;67
590;100
590;210
591;9
591;10
591;34
591;67
591;101
591;210
592;9
592;10
592;33
592;67
592;100
592;180
593;9
593;10
593;33
593;67
593;101
593;235
594;9
594;10
594;34
594;69
594;102
594;241
595;9
595;19
595;38
595;76
595;152
595;191
596;9
596;10
596;38
596;75
596;151
596;189
597;9
597;10
597;20
597;40
597;150
597;170
598;9
598;10
598;25
598;68
598;137
598;163
599;9
599;10
599;20
599;75
599;101
599;201
600;9
600;10
600;20
600;50
600;100
600;188
601;9
601;10
601;25
601;50
601;100
601;210
602;9
602;10
602;25
602;75
602;90
602;210
603;9
603;10
603;25
603;60
603;90
603;210
604;9
604;10
604;25
604;60
604;90
604;210
605;9
605;19
605;20
605;67
605;100
605;209
606;9
606;10
606;33
606;67
606;100
606;200
607;9
607;11
607;38
607;76
607;114
607;233
608;9
608;11
608;37
608;75
608;112
608;188
609;9
609;11
609;38
609;73
609;141
609;197
610;2
610;11
610;33
610;67
610;100
610;197
611;9
611;11
611;33
611;67
611;84
611;169
612;9
612;11
612;34
612;68
612;134
612;163
613;9
613;11
613;28
613;56
613;134
613;197
614;9
614;11
614;28
614;56
614;134
614;169
615;9
615;11
615;28
615;57
615;134
615;168
616;9
616;11
616;34
616;56
616;141
616;169
617;9
617;14
617;28
617;60
617;141
617;206
618;8
618;19
618;30
618;59
618;148
618;236
619;9
619;12
619;25
619;60
619;150
619;240
620;9
620;13
620;30
620;60
620;119
620;238
621;6
621;13
621;25
621;60
621;119
621;239
622;9
622;13
622;30
622;59
622;119
622;238
623;9
623;13
623;26
623;51
623;80
623;179
624;9
624;13
624;25
624;75
624;80
624;179
625;9
625;13
625;25
625;50
625;102
625;189
626;9
626;13
626;22
626;60
626;138
626;163
627;9
627;13
627;30
627;60
627;90
627;210
628;9
628;13
628;30
628;60
628;90
628;210
629;9
629;12
629;30
629;60
629;90
629;169
630;9
630;19
630;22
630;44
630;134
630;266
631;9
631;19
631;20
631;67
631;90
631;265
632;9
632;19
632;20
632;67
632;112
632;218
633;9
633;19
633;34
633;67
633;90
633;160
634;9
634;19
634;20
634;67
634;100
634;266
635;9
635;19
635;20
635;75
635;113
635;265
636;9
636;10
636;20
636;75
636;113
636;189
637;9
637;10
637;35
637;75
637;140
637;176
638;9
638;19
638;34
638;67
638;100
638;220
639;9
639;10
639;20
639;67
639;101
639;221
640;9
640;10
640;31
640;60
640;138
640;163
641;9
641;10
641;28
641;56
641;84
641;226
642;9
642;10
642;28
642;56
642;84
642;225
643;9
643;10
643;28
643;56
643;85
643;210
644;9
644;10
644;27
644;60
644;90
644;271
645;9
645;10
645;30
645;60
645;90
645;495
646;9
646;10
646;30
646;59
646;90
646;236
647;9
647;19
647;30
647;60
647;90
647;240
648;9
648;10
648;30
648;59
648;119
648;237
649;9
649;10
649;30
649;60
649;90
649;238
650;9
650;10
650;30
650;59
650;119
650;237
651;9
651;19
651;20
651;61
651;92
651;217
652;9
652;19
652;34
652;67
652;100
652;234
653;9
653;10
653;20
653;67
653;100
653;236
654;9
654;10
654;20
654;67
654;138
654;163
655;9
655;10
655;20
655;50
655;111
655;200
656;9
656;10
656;20
656;50
656;100
656;201
657;9
657;10
657;20
657;60
657;89
657;233
658;9
658;19
658;20
658;60
658;149
658;209
659;9
659;10
659;30
659;60
659;149
659;209
660;9
660;10
660;30
660;60
660;149
660;209
661;9
661;19
661;20
661;59
661;148
661;210
662;9
662;10
662;20
662;40
662;112
662;210
663;9
663;11
663;20
663;44
663;95
663;234
664;9
664;11
664;22
664;44
664;147
664;171
665;9
665;11
665;22
665;44
665;141
665;170
666;9
666;11
666;22
666;45
666;85
666;208
667;9
667;11
667;28
667;44
667;85
667;210
668;9
668;11
668;20
668;44
668;134
668;269
669;9
669;11
669;34
669;45
669;134
669;224
670;9
670;11
670;34
670;45
670;134
670;224
671;3
671;11
671;34
671;45
671;134
671;224
672;9
672;19
672;34
672;45
672;134
672;224
673;9
673;11
673;22
673;67
673;134
673;224
674;9
674;11
674;22
674;45
674;134
674;224
675;9
675;19
675;22
675;44
675;134
675;230
676;9
676;13
676;26
676;40
676;134
676;184
677;9
677;12
677;25
677;43
677;89
677;177
678;2
678;13
678;25
678;45
678;149
678;164
679;9
679;12
679;25
679;45
679;150
679;225
680;9
680;13
680;25
680;45
680;134
680;224
681;9
681;12
681;34
681;50
681;134
681;185
682;3
682;12
682;34
682;50
682;84
682;235
683;9
683;12
683;33
683;50
683;120
683;199
684;9
684;12
684;34
684;51
684;90
684;239
685;9
685;13
685;22
685;60
685;90
685;240
686;8
686;13
686;25
686;60
686;90
686;430
687;9
687;13
687;33
687;51
687;84
687;166
688;4
688;13
688;37
688;55
688;126
688;198
689;9
689;19
689;37
689;56
689;131
689;224
690;9
690;19
690;20
690;56
690;134
690;373
691;9
691;19
691;20
691;40
691;90
691;501
692;9
692;10
692;20
692;45
692;156
692;178
693;9
693;10
693;20
693;45
693;90
693;179
694;9
694;15
694;22
694;44
694;89
694;178
695;9
695;15
695;20
695;45
695;150
695;399
696;9
696;15
696;20
696;45
696;139
696;161
697;9
697;19
697;20
697;60
697;90
697;209
698;9
698;15
698;30
698;60
698;89
698;210
699;9
699;15
699;33
699;68
699;135
699;210
700;9
700;15
700;34
700;68
700;134
700;210
701;9
701;15
701;33
701;67
701;134
701;210
702;9
702;10
702;33
702;67
702;134
702;209
703;9
703;10
703;33
703;67
703;134
703;234
704;9
704;10
704;33
704;67
704;134
704;235
705;9
705;10
705;33
705;67
705;100
705;234
706;9
706;10
706;33
706;67
706;133
706;234
707;9
707;19
707;20
707;68
707;138
707;177
708;9
708;10
708;38
708;75
708;113
708;189
709;9
709;10
709;38
709;75
709;151
709;189
710;9
710;10
710;20
710;60
710;159
710;164
711;9
711;10
711;20
711;50
711;84
711;175
712;9
712;10
712;20
712;50
712;125
712;175
713;9
713;10
713;20
713;50
713;125
713;175
714;9
714;10
714;20
714;50
714;150
714;210
715;9
715;10
715;25
715;60
715;90
715;210
716;9
716;10
716;25
716;60
716;90
716;210
717;9
717;10
717;20
717;50
717;149
717;210
718;9
718;10
718;33
718;67
718;100
718;238
719;9
719;10
719;35
719;69
719;103
719;212
720;9
720;11
720;38
720;75
720;113
720;190
721;9
721;11
721;38
721;75
721;111
721;210
722;9
722;11
722;34
722;69
722;84
722;197
723;9
723;11
723;33
723;66
723;84
723;169
724;9
724;11
724;33
724;67
724;84
724;169
725;9
725;11
725;28
725;57
725;100
725;175
726;9
726;11
726;28
726;56
726;85
726;169
727;9
727;11
727;28
727;56
727;84
727;236
728;9
728;11
728;28
728;56
728;101
728;233
729;9
729;11
729;33
729;56
729;101
729;169
730;9
730;10
730;30
730;60
730;85
730;237
731;7
731;17
731;30
731;60
731;149
731;239
732;9
732;12
732;30
732;60
732;90
732;239
733;9
733;13
733;30
733;59
733;89
733;238
734;6
734;12
734;30
734;60
734;119
734;238
735;9
735;13
735;29
735;59
735;119
735;238
736;9
736;13
736;25
736;76
736;134
736;224
737;9
737;12
737;22
737;75
737;134
737;224
738;0
738;13
738;22
738;45
738;134
738;224
739;9
739;12
739;22
739;68
739;90
739;175
740;9
740;12
740;22
740;60
740;134
740;210
741;4
741;13
741;22
741;59
741;89
741;212
742;9
742;13
742;22
742;60
742;134
742;169
743;9
743;13
743;25
743;67
743;134
743;170
744;9
744;13
744;25
744;60
744;90
744;224
745;9
745;12
745;23
745;41
745;112
745;227
746;9
746;19
746;20
746;67
746;99
746;217
747;9
747;19
747;20
747;68
747;105
747;261
748;9
748;10
748;38
748;75
748;113
748;263
749;9
749;10
749;38
749;76
749;111
749;227
750;9
750;10
750;34
750;66
750;99
750;176
751;9
751;10
751;20
751;67
751;101
751;176
752;9
752;10
752;33
752;50
752;126
752;176
753;9
753;19
753;28
753;58
753;137
753;190
754;9
754;19
754;28
754;56
754;84
754;169
755;9
755;10
755;28
755;56
755;84
755;210
756;9
756;10
756;28
756;56
756;84
756;210
757;9
757;10
757;30
757;50
757;90
757;210
758;9
758;10
758;31
758;60
758;89
758;210
759;9
759;10
759;29
759;59
759;88
759;234
760;9
760;10
760;30
760;60
760;120
760;241
761;9
761;10
761;30
761;59
761;89
761;237
762;9
762;10
762;30
762;60
762;119
762;240
763;9
763;19
763;20
763;59
763;89
763;237
764;9
764;10
764;34
764;68
764;101
764;236
765;9
765;10
765;33
765;67
765;100
765;234
766;9
766;10
766;33
766;69
766;100
766;268
767;9
767;10
767;20
767;59
767;111
767;162
768;9
768;19
768;20
768;60
768;90
768;210
769;9
769;10
769;20
769;60
769;90
769;210
770;9
770;10
770;20
770;60
770;90
770;210
771;9
771;10
771;20
771;50
771;150
771;220
772;9
772;10
772;20
772;77
772;139
772;220
773;9
773;11
773;20
773;79
773;101
773;177
774;9
774;11
774;22
774;77
774;101
774;220
775;9
775;11
775;22
775;44
775;101
775;220
776;9
776;11
776;22
776;78
776;101
776;160
777;9
777;11
777;20
777;77
777;155
777;180
778;9
778;11
778;28
778;77
778;141
778;169
779;9
779;11
779;28
779;77
779;141
779;169
780;9
780;11
780;28
780;56
780;84
780;169
781;9
781;19
781;20
781;41
781;134
781;179
782;9
782;19
782;20
782;45
782;134
782;209
783;9
783;11
783;22
783;44
783;134
783;202
784;1
784;11
784;22
784;45
784;134
784;200
785;9
785;10
785;22
785;45
785;134
785;223
786;8
786;19
786;23
786;43
786;90
786;202
787;9
787;18
787;22
787;45
787;89
787;245
788;6
788;13
788;25
788;46
788;89
788;238
789;6
789;13
789;25
789;67
789;89
789;239
790;6
790;19
790;38
790;75
790;94
790;237
791;6
791;19
791;38
791;56
791;132
791;225
792;6
792;12
792;38
792;56
792;150
792;238
793;6
793;13
793;38
793;56
793;94
793;169
794;6
794;13
794;37
794;57
794;134
794;168
795;6
795;13
795;30
795;60
795;137
795;160
796;6
796;13
796;25
796;60
796;90
796;239
797;6
797;13
797;25
797;60
797;90
797;239
798;6
798;13
798;38
798;60
798;90
798;238
799;4
799;12
799;22
799;44
799;90
799;179
800;5
800;10
800;22
800;56
800;113
800;226
801;5
801;10
801;39
801;40
801;114
801;273
802;5
802;19
802;20
802;50
802;130
802;389
803;5
803;17
803;33
803;50
803;134
803;203
804;5
804;15
804;20
804;44
804;152
804;184
805;5
805;15
805;20
805;45
805;101
805;397
806;5
806;19
806;34
806;50
806;100
806;166
807;5
807;19
807;20
807;45
807;100
807;354
808;5
808;15
808;30
808;60
808;89
808;244
809;5
809;15
809;29
809;75
809;137
809;162
810;5
810;10
810;33
810;50
810;117
810;217
811;5
811;10
811;30
811;50
811;134
811;219
812;5
812;10
812;33
812;50
812;134
812;252
813;5
813;10
813;33
813;50
813;134
813;250
814;5
814;10
814;30
814;49
814;85
814;210
815;5
815;10
815;29
815;45
815;149
815;210
816;5
816;10
816;30
816;67
816;105
816;497
817;5
817;10
817;33
817;50
817;83
817;233
818;5
818;10
818;34
818;50
818;84
818;269
819;5
819;10
819;33
819;50
819;84
819;235
820;5
820;19
820;20
820;50
820;84
820;234
821;9
821;10
821;34
821;51
821;84
821;170
822;9
822;10
822;38
822;56
822;94
822;170
823;9
823;18
823;38
823;57
823;137
823;163
824;9
824;10
824;20
824;50
824;100
824;164
825;9
825;10
825;20
825;50
825;84
825;171
826;9
826;10
826;25
826;50
826;101
826;171
827;4
827;12
827;20
827;45
827;90
827;389
828;5
828;10
828;30
828;50
828;90
828;389
829;5
829;10
829;30
829;57
829;90
829;170
830;6
830;10
830;20
830;46
830;89
830;397
831;3
831;11
831;22
831;40
831;116
831;170
832;5
832;13
832;25
832;48
832;87
832;175
833;3
833;10
833;22
833;44
833;101
833;170
834;6
834;15
834;29
834;45
834;104
834;223
835;6
835;11
835;30
835;60
835;90
835;194
836;6
836;11
836;29
836;43
836;84
836;197
837;6
837;11
837;34
837;79
837;138
837;163
838;6
838;11
838;39
838;58
838;113
838;167
839;6
839;11
839;34
839;67
839;89
839;168
840;6
840;11
840;33
840;67
840;89
840;469
841;4
841;13
841;21
841;67
841;112
841;169
842;6
842;11
842;22
842;44
842;89
842;179
843;6
843;11
843;20
843;44
843;112
843;199
844;6
844;12
844;20
844;45
844;90
844;175
845;3
845;12
845;22
845;44
845;154
845;223
846;6
846;13
846;23
846;45
846;135
846;226
847;6
847;13
847;22
847;44
847;87
847;224
848;6
848;13
848;37
848;45
848;108
848;442
849;6
849;12
849;34
849;52
849;155
849;223
850;6
850;13
850;38
850;57
850;151
850;170
851;6
851;13
851;37
851;52
851;138
851;163
852;6
852;13
852;30
852;60
852;90
852;223
853;6
853;13
853;30
853;60
853;90
853;226
854;6
854;12
854;30
854;60
854;90
854;226
855;5
855;13
855;22
855;44
855;90
855;498
856;5
856;19
856;20
856;51
856;90
856;223
857;5
857;19
857;38
857;57
857;112
857;170
858;5
858;10
858;20
858;40
858;90
858;397
859;5
859;10
859;20
859;50
859;84
859;419
860;5
860;10
860;20
860;51
860;84
860;231
861;5
861;10
861;29
861;44
861;148
861;162
862;5
862;10
862;34
862;50
862;82
862;185
863;5
863;10
863;20
863;49
863;83
863;183
864;5
864;15
864;20
864;74
864;104
864;192
865;5
865;15
865;20
865;77
865;139
865;163
866;5
866;17
866;30
866;67
866;83
866;229
867;5
867;15
867;30
867;67
867;84
867;234
868;5
868;15
868;30
868;50
868;84
868;235
869;5
869;17
869;33
869;50
869;133
869;498
870;5
870;17
870;34
870;50
870;84
870;185
871;5
871;16
871;33
871;60
871;90
871;210
872;5
872;10
872;30
872;44
872;89
872;397
873;5
873;10
873;33
873;50
873;83
873;500
874;5
874;10
874;34
874;50
874;85
874;477
875;5
875;10
875;33
875;50
875;101
875;504
876;5
876;19
876;20
876;50
876;151
876;442
877;9
877;10
877;20
877;51
877;84
877;185
878;9
878;10
878;38
878;57
878;95
878;171
879;9
879;19
879;20
879;56
879;94
879;168
880;9
880;10
880;20
880;50
880;100
880;200
881;9
881;10
881;20
881;50
881;100
881;170
882;9
882;10
882;20
882;50
882;100
882;169
883;5
883;11
883;20
883;46
883;90
883;398
884;5
884;10
884;20
884;50
884;89
884;397
885;5
885;10
885;30
885;57
885;90
885;209
886;5
886;10
886;20
886;40
886;89
886;210
887;4
887;11
887;20
887;40
887;112
887;209
888;6
888;10
888;25
888;45
888;87
888;175
889;4
889;11
889;22
889;44
889;101
889;208
890;4
890;11
890;39
890;45
890;85
890;498
891;4
891;11
891;30
891;45
891;90
891;195
892;4
892;11
892;29
892;44
892;88
892;205
893;4
893;13
893;20
893;45
893;134
893;163
894;4
894;12
894;39
894;40
894;80
894;180
895;4
895;13
895;34
895;43
895;86
895;224
896;4
896;12
896;34
896;45
896;90
896;245
897;5
897;13
897;24
897;44
897;135
897;498
898;3
898;12
898;34
898;45
898;85
898;169
899;4
899;12
899;22
899;45
899;134
899;246
900;9
900;11
900;23
900;44
900;101
900;201
901;4
901;13
901;33
901;45
901;133
901;238
902;6
902;12
902;25
902;44
902;111
902;243
903;6
903;13
903;25
903;45
903;113
903;236
904;6
904;13
904;25
904;45
904;156
904;442
905;6
905;13
905;37
905;46
905;91
905;238
906;6
906;13
906;25
906;51
906;152
906;177
907;6
907;12
907;25
907;50
907;150
907;177
908;6
908;13
908;30
908;50
908;90
908;175
909;6
909;13
909;25
909;60
909;90
909;239
910;6
910;13
910;25
910;60
910;90
910;237
911;5
911;10
911;25
911;45
911;87
911;497
912;3
912;10
912;22
912;52
912;90
912;184
913;5
913;10
913;37
913;56
913;94
913;189
914;5
914;10
914;38
914;41
914;112
914;251
915;5
915;10
915;20
915;45
915;155
915;177
916;5
916;10
916;20
916;44
916;157
916;245
917;5
917;10
917;20
917;40
917;89
917;178
918;5
918;10
918;20
918;46
918;111
918;497
919;5
919;10
919;20
919;45
919;89
919;178
920;5
920;10
920;20
920;44
920;90
920;224
921;5
921;10
921;22
921;40
921;89
921;178
922;5
922;10
922;22
922;44
922;89
922;176
923;5
923;10
923;30
923;45
923;134
923;245
924;5
924;10
924;30
924;46
924;89
924;210
925;5
925;10
925;30
925;60
925;90
925;397
926;5
926;10
926;30
926;40
926;89
926;180
927;5
927;10
927;30
927;60
927;90
927;210
928;5
928;10
928;30
928;56
928;90
928;179
929;5
929;10
929;30
929;45
929;89
929;246
930;5
930;10
930;22
930;45
930;90
930;247
931;5
931;10
931;30
931;60
931;90
931;180
932;5
932;19
932;23
932;44
932;90
932;388
933;9
933;10
933;20
933;47
933;92
933;183
934;9
934;10
934;20
934;50
934;101
934;176
935;9
935;10
935;20
935;50
935;89
935;164
936;9
936;10
936;20
936;76
936;100
936;161
937;9
937;10
937;20
937;50
937;100
937;440
938;9
938;10
938;20
938;50
938;90
938;177
939;6
939;10
939;25
939;46
939;90
939;398
940;3
940;10
940;30
940;46
940;90
940;210
941;5
941;10
941;25
941;50
941;90
941;498
942;5
942;10
942;20
942;49
942;89
942;209
943;4
943;11
943;38
943;40
943;80
943;249
944;6
944;13
944;25
944;46
944;117
944;232
945;4
945;10
945;23
945;42
945;101
945;171
946;6
946;11
946;20
946;45
946;85
946;397
947;6
947;11
947;22
947;45
947;84
947;381
948;6
948;11
948;23
948;68
948;84
948;203
949;6
949;11
949;22
949;67
949;84
949;201
950;6
950;11
950;22
950;44
950;134
950;178
951;6
951;11
951;22
951;45
951;134
951;201
952;6
952;11
952;22
952;44
952;134
952;201
953;6
953;10
953;24
953;43
953;88
953;195
954;3
954;11
954;39
954;40
954;119
954;169
955;6
955;19
955;20
955;40
955;99
955;239
956;5
956;18
956;20
956;40
956;112
956;202
957;5
957;13
957;21
957;51
957;84
957;498
958;6
958;12
958;38
958;56
958;93
958;223
959;6
959;13
959;38
959;57
959;90
959;207
960;6
960;13
960;37
960;40
960;90
960;397
961;6
961;12
961;34
961;50
961;84
961;168
962;6
962;13
962;34
962;50
962;84
962;167
963;6
963;13
963;33
963;66
963;83
963;248
964;6
964;12
964;34
964;51
964;90
964;175
965;6
965;12
965;30
965;60
965;90
965;164
966;6
966;13
966;30
966;60
966;90
966;201
967;7
967;10
967;20
967;46
967;89
967;237
968;4
968;15
968;29
968;44
968;133
968;370
969;5
969;15
969;30
969;45
969;119
969;168
970;5
970;15
970;30
970;45
970;135
970;489
971;5
971;19
971;20
971;45
971;149
971;498
972;5
972;15
972;20
972;45
972;149
972;226
973;5
973;15
973;20
973;74
973;89
973;161
974;5
974;10
974;20
974;65
974;155
974;163
975;5
975;19
975;20
975;50
975;140
975;176
976;5
976;10
976;20
976;50
976;140
976;220
977;5
977;10
977;20
977;40
977;140
977;220
978;5
978;16
978;35
978;40
978;119
978;190
979;5
979;17
979;34
979;50
979;90
979;205
980;5
980;10
980;38
980;57
980;90
980;207
981;5
981;10
981;38
981;56
981;94
981;207
982;5
982;10
982;37
982;56
982;90
982;206
983;5
983;10
983;38
983;54
983;145
983;200
984;5
984;10
984;34
984;51
984;111
984;237
985;5
985;10
985;38
985;57
985;94
985;245
986;5
986;10
986;37
986;56
986;94
986;243
987;5
987;10
987;37
987;56
987;93
987;244
988;5
988;10
988;33
988;50
988;83
988;390
989;9
989;10
989;20
989;45
989;89
989;443
990;9
990;10
990;20
990;45
990;89
990;462
991;9
991;10
991;20
991;51
991;90
991;462
992;9
992;10
992;20
992;76
992;137
992;174
993;9
993;10
993;20
993;50
993;94
993;243
994;9
994;10
994;20
994;50
994;94
994;245
995;9
995;10
995;23
995;40
995;83
995;174
996;4
996;11
996;20
996;60
996;90
996;209
997;5
997;10
997;30
997;50
997;90
997;389
998;5
998;10
998;34
998;51
998;84
998;185
999;5
999;13
999;25
999;60
999;100
999;498
1000;3
1000;13
1000;39
1000;60
1000;99
1000;238
1001;4
1001;12
1001;39
1001;59
1001;99
1001;238
1002;4
1002;11
1002;37
1002;56
1002;93
1002;396
1003;4
1003;11
1003;38
1003;59
1003;96
1003;169
1004;4
1004;11
1004;22
1004;44
1004;85
1004;209
1005;4
1005;11
1005;33
1005;50
1005;99
1005;249
1006;4
1006;12
1006;34
1006;50
1006;135
1006;162
1007;4
1007;13
1007;34
1007;50
1007;84
1007;224
1008;4
1008;12
1008;34
1008;50
1008;100
1008;224
1009;9
1009;13
1009;20
1009;50
1009;84
1009;224
1010;4
1010;12
1010;23
1010;45
1010;90
1010;169
1011;4
1011;15
1011;29
1011;44
1011;134
1011;179
1012;8
1012;12
1012;22
1012;50
1012;134
1012;179
1013;4
1013;12
1013;25
1013;40
1013;134
1013;238
1014;9
1014;12
1014;25
1014;50
1014;100
1014;240
1015;9
1015;13
1015;25
1015;50
1015;83
1015;237
1016;9
1016;13
1016;25
1016;50
1016;100
1016;240
1017;9
1017;12
1017;27
1017;40
1017;112
1017;238
1018;9
1018;13
1018;25
1018;45
1018;153
1018;239
1019;9
1019;13
1019;25
1019;45
1019;112
1019;478
1020;9
1020;13
1020;25
1020;60
1020;90
1020;210
1021;9
1021;13
1021;29
1021;60
1021;90
1021;233
1022;9
1022;12
1022;28
1022;60
1022;90
1022;238
1023;9
1023;13
1023;22
1023;60
1023;90
1023;237
1024;9
1024;13
1024;22
1024;51
1024;137
1024;179
1025;9
1025;17
1025;33
1025;49
1025;151
1025;218
1026;9
1026;12
1026;39
1026;40
1026;151
1026;238
1027;9
1027;19
1027;20
1027;40
1027;80
1027;302
1028;9
1028;19
1028;20
1028;56
1028;156
1028;160
1029;9
1029;10
1029;20
1029;49
1029;148
1029;230
1030;9
1030;10
1030;20
1030;50
1030;84
1030;186
1031;9
1031;10
1031;20
1031;45
1031;112
1031;201
1032;9
1032;10
1032;20
1032;45
1032;134
1032;201
1033;9
1033;10
1033;20
1033;68
1033;84
1033;166
1034;9
1034;19
1034;30
1034;67
1034;83
1034;162
1035;9
1035;10
1035;30
1035;60
1035;150
1035;210
1036;9
1036;10
1036;30
1036;60
1036;150
1036;210
1037;9
1037;10
1037;30
1037;60
1037;150
1037;210
1038;9
1038;10
1038;30
1038;60
1038;150
1038;210
1039;9
1039;10
1039;30
1039;60
1039;90
1039;210
1040;9
1040;10
1040;20
1040;60
1040;150
1040;210
1041;6
1041;10
1041;24
1041;46
1041;89
1041;398
1042;3
1042;11
1042;30
1042;67
1042;84
1042;183
1043;5
1043;15
1043;30
1043;60
1043;120
1043;210
1044;5
1044;15
1044;30
1044;60
1044;85
1044;209
1045;5
1045;19
1045;20
1045;70
1045;85
1045;462
1046;5
1046;19
1046;20
1046;50
1046;101
1046;462
1047;5
1047;19
1047;20
1047;45
1047;131
1047;462
1048;5
1048;15
1048;24
1048;79
1048;137
1048;163
1049;5
1049;19
1049;36
1049;53
1049;87
1049;176
1050;5
1050;10
1050;25
1050;45
1050;81
1050;192
1051;5
1051;10
1051;26
1051;50
1051;90
1051;482
1052;4
1052;12
1052;35
1052;52
1052;136
1052;210
1053;5
1053;10
1053;20
1053;66
1053;149
1053;210
1054;5
1054;10
1054;25
1054;43
1054;90
1054;210
1055;7
1055;10
1055;20
1055;46
1055;89
1055;397
1056;3
1056;11
1056;21
1056;74
1056;103
1056;222
1057;5
1057;13
1057;22
1057;67
1057;98
1057;233
1058;6
1058;11
1058;22
1058;49
1058;100
1058;209
1059;6
1059;11
1059;20
1059;67
1059;141
1059;197
1060;6
1060;11
1060;20
1060;66
1060;84
1060;477
1061;6
1061;11
1061;28
1061;58
1061;87
1061;258
1062;6
1062;11
1062;34
1062;77
1062;122
1062;163
1063;6
1063;11
1063;34
1063;67
1063;83
1063;269
1064;6
1064;11
1064;34
1064;67
1064;85
1064;168
1065;6
1065;11
1065;33
1065;66
1065;133
1065;168
1066;5
1066;13
1066;28
1066;49
1066;141
1066;169
1067;6
1067;15
1067;28
1067;43
1067;141
1067;206
1068;6
1068;13
1068;38
1068;60
1068;111
1068;228
1069;6
1069;11
1069;24
1069;40
1069;82
1069;397
1070;3
1070;12
1070;25
1070;50
1070;134
1070;214
1071;6
1071;13
1071;25
1071;40
1071;85
1071;169
1072;6
1072;13
1072;25
1072;66
1072;139
1072;216
1073;6
1073;13
1073;25
1073;45
1073;91
1073;179
1074;6
1074;13
1074;33
1074;50
1074;84
1074;187
1075;6
1075;13
1075;33
1075;51
1075;134
1075;462
1076;6
1076;13
1076;25
1076;40
1076;138
1076;163
1077;6
1077;13
1077;30
1077;66
1077;82
1077;229
1078;6
1078;13
1078;30
1078;60
1078;90
1078;180
1079;6
1079;12
1079;30
1079;60
1079;90
1079;219
1080;5
1080;13
1080;22
1080;50
1080;84
1080;265
1081;5
1081;19
1081;33
1081;49
1081;101
1081;265
1082;5
1082;19
1082;20
1082;45
1082;120
1082;218
1083;5
1083;15
1083;21
1083;44
1083;144
1083;397
1084;5
1084;19
1084;20
1084;59
1084;88
1084;248
1085;5
1085;19
1085;20
1085;68
1085;85
1085;187
1086;5
1086;17
1086;20
1086;50
1086;84
1086;202
1087;5
1087;19
1087;20
1087;50
1087;140
1087;176
1088;5
1088;19
1088;20
1088;50
1088;140
1088;220
1089;5
1089;19
1089;35
1089;52
1089;122
1089;221
1090;5
1090;17
1090;20
1090;67
1090;139
1090;163
1091;5
1091;10
1091;30
1091;60
1091;90
1091;210
1092;5
1092;15
1092;30
1092;60
1092;90
1092;210
1093;5
1093;10
1093;30
1093;60
1093;90
1093;210
1094;5
1094;10
1094;30
1094;60
1094;90
1094;498
1095;5
1095;10
1095;30
1095;60
1095;90
1095;210
1096;5
1096;10
1096;30
1096;60
1096;90
1096;341
1097;5
1097;10
1097;30
1097;60
1097;90
1097;494
1098;5
1098;10
1098;33
1098;51
1098;89
1098;208
1099;5
1099;10
1099;30
1099;41
1099;90
1099;181
1100;5
1100;10
1100;30
1100;60
1100;90
1100;457
1101;5
1101;19
1101;20
1101;42
1101;90
1101;462
1102;9
1102;10
1102;33
1102;52
1102;90
1102;187
1103;9
1103;10
1103;28
1103;40
1103;90
1103;443
1104;9
1104;10
1104;20
1104;59
1104;138
1104;163
1105;9
1105;10
1105;33
1105;50
1105;150
1105;167
1106;9
1106;10
1106;20
1106;50
1106;90
1106;426
1107;9
1107;10
1107;34
1107;67
1107;83
1107;168
1108;5
1108;13
1108;34
1108;66
1108;83
1108;209
1109;5
1109;10
1109;30
1109;66
1109;83
1109;209
1110;5
1110;10
1110;30
1110;44
1110;149
1110;209
1111;5
1111;19
1111;20
1111;43
1111;89
1111;209
1112;4
1112;12
1112;20
1112;43
1112;85
1112;190
1113;8
1113;10
1113;25
1113;46
1113;87
1113;175
1114;3
1114;11
1114;22
1114;44
1114;147
1114;366
1115;4
1115;11
1115;32
1115;45
1115;85
1115;498
1116;4
1116;15
1116;30
1116;45
1116;119
1116;386
1117;4
1117;11
1117;38
1117;74
1117;133
1117;354
1118;4
1118;12
1118;32
1118;44
1118;135
1118;269
1119;4
1119;13
1119;33
1119;50
1119;134
1119;224
1120;4
1120;12
1120;34
1120;50
1120;134
1120;224
1121;4
1121;11
1121;34
1121;45
1121;134
1121;269
1122;6
1122;13
1122;24
1122;46
1122;134
1122;269
1123;3
1123;13
1123;22
1123;67
1123;134
1123;269
1124;4
1124;12
1124;22
1124;44
1124;134
1124;224
1125;4
1125;12
1125;22
1125;44
1125;112
1125;495
1126;9
1126;13
1126;25
1126;50
1126;134
1126;239
1127;9
1127;13
1127;25
1127;45
1127;101
1127;237
1128;2
1128;12
1128;25
1128;50
1128;133
1128;236
1129;9
1129;12
1129;20
1129;41
1129;134
1129;238
1130;8
1130;12
1130;22
1130;67
1130;85
1130;239
1131;9
1131;12
1131;22
1131;67
1131;90
1131;246
1132;9
1132;12
1132;22
1132;43
1132;134
1132;163
1133;9
1133;12
1133;37
1133;60
1133;90
1133;176
1134;9
1134;13
1134;33
1134;50
1134;133
1134;233
1135;3
1135;12
1135;34
1135;50
1135;84
1135;436
1136;6
1136;13
1136;32
1136;51
1136;90
1136;497
1137;9
1137;13
1137;33
1137;50
1137;83
1137;260
1138;9
1138;12
1138;34
1138;51
1138;84
1138;407
1139;9
1139;13
1139;25
1139;51
1139;140
1139;395
1140;9
1140;19
1140;20
1140;45
1140;148
1140;209
1141;9
1141;19
1141;20
1141;45
1141;105
1141;227
1142;9
1142;10
1142;20
1142;49
1142;84
1142;184
1143;9
1143;10
1143;20
1143;45
1143;105
1143;397
1144;9
1144;10
1144;20
1144;45
1144;105
1144;413
1145;9
1145;10
1145;38
1145;40
1145;144
1145;420
1146;9
1146;15
1146;38
1146;75
1146;94
1146;206
1147;9
1147;19
1147;20
1147;75
1147;93
1147;175
1148;9
1148;10
1148;25
1148;60
1148;90
1148;210
1149;9
1149;15
1149;30
1149;60
1149;90
1149;160
1150;9
1150;15
1150;30
1150;60
1150;90
1150;497
1151;9
1151;15
1151;30
1151;60
1151;105
1151;210
1152;9
1152;10
1152;30
1152;50
1152;100
1152;210
1153;9
1153;10
1153;30
1153;50
1153;90
1153;394
1154;9
1154;15
1154;30
1154;45
1154;133
1154;237
1155;9
1155;15
1155;30
1155;51
1155;119
1155;209
1156;9
1156;15
1156;30
1156;57
1156;133
1156;194
1157;9
1157;19
1157;20
1157;50
1157;89
1157;397
1158;9
1158;10
1158;38
1158;57
1158;114
1158;227
1159;9
1159;10
1159;20
1159;44
1159;133
1159;231
1160;9
1160;10
1160;20
1160;44
1160;158
1160;224
1161;9
1161;10
1161;20
1161;41
1161;80
1161;175
1162;9
1162;10
1162;20
1162;50
1162;135
1162;175
1163;9
1163;17
1163;33
1163;50
1163;100
1163;167
1164;9
1164;17
1164;34
1164;50
1164;90
1164;397
1165;9
1165;16
1165;33
1165;50
1165;90
1165;210
1166;9
1166;17
1166;33
1166;50
1166;149
1166;210
1167;9
1167;17
1167;33
1167;60
1167;90
1167;210
1168;9
1168;10
1168;32
1168;48
1168;150
1168;170
1169;9
1169;17
1169;34
1169;51
1169;85
1169;238
1170;9
1170;11
1170;33
1170;51
1170;84
1170;202
1171;9
1171;11
1171;32
1171;51
1171;84
1171;397
1172;9
1172;17
1172;33
1172;50
1172;84
1172;169
1173;9
1173;18
1173;37
1173;40
1173;84
1173;169
1174;9
1174;11
1174;37
1174;56
1174;131
1174;187
1175;9
1175;19
1175;34
1175;56
1175;100
1175;170
1176;9
1176;11
1176;34
1176;50
1176;101
1176;177
1177;9
1177;11
1177;34
1177;50
1177;101
1177;202
1178;9
1178;11
1178;33
1178;67
1178;101
1178;397
1179;9
1179;10
1179;34
1179;56
1179;100
1179;169
1180;9
1180;10
1180;39
1180;42
1180;85
1180;170
1181;9
1181;11
1181;38
1181;56
1181;131
1181;188
1182;9
1182;12
1182;25
1182;51
1182;84
1182;498
1183;9
1183;12
1183;25
1183;50
1183;84
1183;185
1184;9
1184;13
1184;25
1184;50
1184;83
1184;165
1185;9
1185;12
1185;25
1185;51
1185;135
1185;494
1186;9
1186;13
1186;39
1186;59
1186;135
1186;233
1187;9
1187;12
1187;22
1187;45
1187;135
1187;248
1188;9
1188;13
1188;22
1188;45
1188;134
1188;450
1189;9
1189;18
1189;37
1189;52
1189;84
1189;174
1190;9
1190;13
1190;33
1190;49
1190;83
1190;233
1191;7
1191;13
1191;33
1191;50
1191;151
1191;506
1192;6
1192;13
1192;25
1192;45
1192;134
1192;397
1193;9
1193;17
1193;34
1193;50
1193;83
1193;254
1194;9
1194;17
1194;34
1194;50
1194;101
1194;201
1195;9
1195;17
1195;33
1195;50
1195;84
1195;184
1196;9
1196;19
1196;20
1196;45
1196;90
1196;498
1197;9
1197;10
1197;20
1197;45
1197;119
1197;179
1198;9
1198;10
1198;20
1198;50
1198;84
1198;169
1199;9
1199;17
1199;20
1199;50
1199;151
1199;397
1200;9
1200;17
1200;33
1200;51
1200;85
1200;176
1201;9
1201;10
1201;20
1201;50
1201;94
1201;176
1202;9
1202;19
1202;20
1202;56
1202;150
1202;224
1203;9
1203;19
1203;20
1203;56
1203;151
1203;175
1204;9
1204;10
1204;20
1204;57
1204;90
1204;224
1205;9
1205;10
1205;30
1205;50
1205;155
1205;161
1206;9
1206;10
1206;30
1206;50
1206;90
1206;397
1207;9
1207;10
1207;30
1207;50
1207;90
1207;160
1208;9
1208;10
1208;30
1208;60
1208;90
1208;210
1209;9
1209;10
1209;30
1209;50
1209;90
1209;168
1210;9
1210;10
1210;35
1210;40
1210;157
1210;239
1211;9
1211;10
1211;30
1211;75
1211;148
1211;224
1212;9
1212;10
1212;20
1212;79
1212;80
1212;179
1213;9
1213;19
1213;20
1213;79
1213;80
1213;179
1214;9
1214;10
1214;20
1214;79
1214;80
1214;180
1215;9
1215;10
1215;20
1215;40
1215;99
1215;199
1216;9
1216;10
1216;20
1216;79
1216;80
1216;179
1217;9
1217;10
1217;20
1217;50
1217;83
1217;162
1218;9
1218;10
1218;20
1218;50
1218;84
1218;217
1219;9
1219;10
1219;38
1219;57
1219;93
1219;227
1220;9
1220;10
1220;20
1220;56
1220;94
1220;389
1221;9
1221;10
1221;37
1221;56
1221;93
1221;397
1222;9
1222;10
1222;34
1222;50
1222;84
1222;389
1223;9
1223;17
1223;33
1223;50
1223;134
1223;217
1224;9
1224;11
1224;34
1224;50
1224;150
1224;233
1225;9
1225;11
1225;33
1225;50
1225;84
1225;219
1226;9
1226;11
1226;30
1226;45
1226;101
1226;177
1227;9
1227;11
1227;30
1227;45
1227;134
1227;397
1228;9
1228;11
1228;28
1228;77
1228;84
1228;169
1229;9
1229;11
1229;28
1229;77
1229;84
1229;169
1230;9
1230;11
1230;28
1230;50
1230;84
1230;177
1231;9
1231;11
1231;39
1231;44
1231;145
1231;162
1232;9
1232;11
1232;28
1232;45
1232;134
1232;179
1233;9
1233;11
1233;28
1233;45
1233;134
1233;179
1234;9
1234;11
1234;28
1234;45
1234;134
1234;496
1235;9
1235;10
1235;34
1235;45
1235;134
1235;177
1236;8
1236;19
1236;34
1236;43
1236;85
1236;179
1237;9
1237;18
1237;38
1237;40
1237;93
1237;175
1238;9
1238;12
1238;24
1238;68
1238;107
1238;218
1239;9
1239;13
1239;25
1239;67
1239;81
1239;223
1240;8
1240;13
1240;25
1240;72
1240;101
1240;229
1241;1
1241;13
1241;25
1241;75
1241;105
1241;239
1242;9
1242;13
1242;22
1242;60
1242;105
1242;224
1243;9
1243;13
1243;25
1243;45
1243;112
1243;224
1244;0
1244;13
1244;22
1244;67
1244;133
1244;249
1245;9
1245;13
1245;22
1245;67
1245;84
1245;162
1246;9
1246;13
1246;22
1246;67
1246;84
1246;210
1247;9
1247;12
1247;25
1247;67
1247;134
1247;210
1248;9
1248;13
1248;33
1248;60
1248;90
1248;217
1249;9
1249;13
1249;33
1249;45
1249;156
1249;179
1250;9
1250;18
1250;35
1250;70
1250;87
1250;240
1251;9
1251;19
1251;38
1251;56
1251;94
1251;226
1252;9
1252;19
1252;20
1252;56
1252;94
1252;207
1253;9
1253;10
1253;37
1253;56
1253;94
1253;206
1254;9
1254;10
1254;20
1254;40
1254;86
1254;246
1255;9
1255;10
1255;20
1255;45
1255;89
1255;200
1256;9
1256;10
1256;20
1256;45
1256;90
1256;203
1257;9
1257;10
1257;20
1257;44
1257;154
1257;180
1258;9
1258;10
1258;20
1258;50
1258;100
1258;363
1259;9
1259;19
1259;31
1259;64
1259;137
1259;162
1260;9
1260;10
1260;30
1260;61
1260;91
1260;210
1261;9
1261;10
1261;33
1261;67
1261;101
1261;210
1262;9
1262;10
1262;33
1262;67
1262;101
1262;210
1263;9
1263;10
1263;34
1263;67
1263;101
1263;210
1264;9
1264;17
1264;33
1264;67
1264;100
1264;210
1265;9
1265;17
1265;33
1265;66
1265;100
1265;210
1266;9
1266;17
1266;34
1266;67
1266;101
1266;210
1267;9
1267;17
1267;33
1267;67
1267;100
1267;234
1268;9
1268;17
1268;33
1268;67
1268;101
1268;235
1269;9
1269;17
1269;34
1269;68
1269;102
1269;243
1270;9
1270;19
1270;38
1270;76
1270;152
1270;190
1271;9
1271;19
1271;38
1271;75
1271;134
1271;189
1272;9
1272;10
1272;20
1272;67
1272;152
1272;160
1273;9
1273;10
1273;25
1273;76
1273;137
1273;163
1274;9
1274;10
1274;20
1274;67
1274;100
1274;176
1275;9
1275;10
1275;25
1275;67
1275;150
1275;179
1276;9
1276;10
1276;25
1276;50
1276;150
1276;210
1277;9
1277;10
1277;30
1277;75
1277;90
1277;210
1278;9
1278;10
1278;25
1278;60
1278;90
1278;210
1279;9
1279;10
1279;30
1279;60
1279;90
1279;210
1280;9
1280;19
1280;20
1280;67
1280;148
1280;209
1281;9
1281;10
1281;33
1281;67
1281;100
1281;233
1282;9
1282;11
1282;38
1282;76
1282;114
1282;233
1283;9
1283;11
1283;37
1283;75
1283;113
1283;487
1284;9
1284;11
1284;37
1284;40
1284;89
1284;197
1285;9
1285;11
1285;33
1285;67
1285;100
1285;169
1286;3
1286;11
1286;33
1286;67
1286;89
1286;210
1287;9
1287;19
1287;33
1287;79
1287;137
1287;163
1288;9
1288;11
1288;28
1288;56
1288;134
1288;168
1289;9
1289;11
1289;28
1289;57
1289;134
1289;168
1290;9
1290;11
1290;28
1290;56
1290;134
1290;168
1291;9
1291;10
1291;27
1291;56
1291;141
1291;169
1292;9
1292;14
1292;28
1292;57
1292;140
1292;206
1293;9
1293;15
1293;30
1293;59
1293;148
1293;236
1294;9
1294;12
1294;30
1294;60
1294;90
1294;240
1295;9
1295;13
1295;30
1295;60
1295;119
1295;238
1296;9
1296;13
1296;30
1296;60
1296;119
1296;239
1297;0
1297;13
1297;30
1297;60
1297;119
1297;238
1298;9
1298;13
1298;26
1298;45
1298;90
1298;179
1299;9
1299;13
1299;25
1299;75
1299;89
1299;178
1300;9
1300;13
1300;25
1300;67
1300;89
1300;272
1301;9
1301;13
1301;25
1301;44
1301;138
1301;163
1302;9
1302;13
1302;30
1302;60
1302;90
1302;210
1303;9
1303;13
1303;30
1303;56
1303;90
1303;168
1304;9
1304;12
1304;30
1304;60
1304;90
1304;170
1305;9
1305;19
1305;22
1305;56
1305;93
1305;168
1306;9
1306;19
1306;20
1306;57
1306;95
1306;170
1307;9
1307;19
1307;20
1307;60
1307;112
1307;218
1308;9
1308;19
1308;21
1308;67
1308;93
1308;170
1309;9
1309;19
1309;20
1309;67
1309;100
1309;267
1310;9
1310;19
1310;20
1310;75
1310;110
1310;264
1311;9
1311;19
1311;38
1311;75
1311;114
1311;188
1312;9
1312;19
1312;37
1312;50
1312;140
1312;176
1313;9
1313;10
1313;33
1313;67
1313;100
1313;220
1314;9
1314;10
1314;34
1314;67
1314;89
1314;220
1315;9
1315;10
1315;31
1315;69
1315;140
1315;163
1316;9
1316;10
1316;28
1316;56
1316;84
1316;226
1317;9
1317;14
1317;28
1317;56
1317;84
1317;169
1318;9
1318;10
1318;28
1318;57
1318;85
1318;210
1319;9
1319;10
1319;28
1319;60
1319;90
1319;505
1320;9
1320;10
1320;30
1320;60
1320;90
1320;511
1321;9
1321;15
1321;30
1321;59
1321;89
1321;236
1322;9
1322;15
1322;30
1322;60
1322;90
1322;240
1323;9
1323;15
1323;30
1323;59
1323;119
1323;237
1324;9
1324;15
1324;30
1324;60
1324;89
1324;238
1325;9
1325;15
1325;30
1325;59
1325;89
1325;237
1326;9
1326;19
1326;20
1326;61
1326;92
1326;225
1327;9
1327;19
1327;34
1327;67
1327;101
1327;234
1328;9
1328;10
1328;33
1328;67
1328;100
1328;177
1329;9
1329;10
1329;20
1329;67
1329;89
1329;163
1330;9
1330;10
1330;20
1330;50
1330;81
1330;200
1331;9
1331;10
1331;20
1331;50
1331;100
1331;169
1332;9
1332;10
1332;20
1332;56
1332;149
1332;168
1333;9
1333;19
1333;30
1333;50
1333;149
1333;209
1334;9
1334;10
1334;30
1334;50
1334;149
1334;209
1335;9
1335;10
1335;30
1335;50
1335;90
1335;209
1336;9
1336;19
1336;20
1336;50
1336;150
1336;209
1337;9
1337;10
1337;20
1337;40
1337;112
1337;210
1338;9
1338;11
1338;20
1338;44
1338;95
1338;229
1339;8
1339;11
1339;22
1339;44
1339;147
1339;171
1340;9
1340;11
1340;22
1340;44
1340;141
1340;169
1341;9
1341;11
1341;22
1341;45
1341;85
1341;209
1342;9
1342;11
1342;20
1342;44
1342;85
1342;209
1343;9
1343;11
1343;20
1343;44
1343;134
1343;269
1344;9
1344;11
1344;34
1344;45
1344;134
1344;224
1345;9
1345;11
1345;34
1345;45
1345;134
1345;224
1346;1
1346;11
1346;34
1346;45
1346;134
1346;224
1347;9
1347;19
1347;34
1347;44
1347;134
1347;269
1348;9
1348;11
1348;22
1348;67
1348;134
1348;224
1349;9
1349;11
1349;22
1349;44
1349;134
1349;224
1350;9
1350;10
1350;22
1350;45
1350;112
1350;224
1351;9
1351;12
1351;26
1351;40
1351;134
1351;184
1352;9
1352;13
1352;25
1352;43
1352;89
1352;177
1353;0
1353;13
1353;25
1353;45
1353;149
1353;163
1354;9
1354;12
1354;22
1354;45
1354;134
1354;225
1355;9
1355;12
1355;22
1355;45
1355;134
1355;224
1356;9
1356;13
1356;34
1356;51
1356;134
1356;185
1357;8
1357;12
1357;34
1357;50
1357;134
1357;185
1358;9
1358;12
1358;33
1358;50
1358;120
1358;199
1359;9
1359;12
1359;34
1359;51
1359;90
1359;239
1360;8
1360;12
1360;23
1360;60
1360;90
1360;180
1361;9
1361;13
1361;25
1361;60
1361;90
1361;349
1362;9
1362;12
1362;34
1362;51
1362;84
1362;167
1363;0
1363;13
1363;36
1363;55
1363;126
1363;164
1364;9
1364;19
1364;38
1364;56
1364;132
1364;169
1365;9
1365;19
1365;20
1365;56
1365;134
1365;417
1366;9
1366;19
1366;20
1366;56
1366;134
1366;486
1367;9
1367;10
1367;20
1367;45
1367;156
1367;245
1368;9
1368;10
1368;20
1368;45
1368;89
1368;179
1369;9
1369;15
1369;22
1369;44
1369;89
1369;178
1370;9
1370;15
1370;20
1370;45
1370;150
1370;401
1371;9
1371;15
1371;20
1371;60
1371;137
1371;164
1372;9
1372;19
1372;20
1372;60
1372;91
1372;174
1373;9
1373;10
1373;30
1373;61
1373;90
1373;210
1374;9
1374;10
1374;33
1374;68
1374;135
1374;210
1375;9
1375;10
1375;34
1375;68
1375;101
1375;210
1376;9
1376;10
1376;33
1376;67
1376;134
1376;210
1377;9
1377;10
1377;33
1377;67
1377;134
1377;210
1378;9
1378;15
1378;33
1378;67
1378;134
1378;234
1379;9
1379;17
1379;34
1379;67
1379;134
1379;184
1380;9
1380;17
1380;33
1380;50
1380;134
1380;170
1381;9
1381;17
1381;33
1381;60
1381;133
1381;179
1382;9
1382;19
1382;20
1382;60
1382;90
1382;179
1383;9
1383;10
1383;38
1383;75
1383;152
1383;189
1384;9
1384;10
1384;38
1384;44
1384;151
1384;190
1385;9
1385;10
1385;20
1385;50
1385;101
1385;176
1386;9
1386;10
1386;20
1386;56
1386;84
1386;175
1387;9
1387;10
1387;20
1387;50
1387;125
1387;200
1388;9
1388;10
1388;20
1388;50
1388;150
1388;175
1389;9
1389;10
1389;20
1389;51
1389;150
1389;210
1390;9
1390;10
1390;20
1390;50
1390;149
1390;210
1391;9
1391;10
1391;25
1391;75
1391;150
1391;210
1392;9
1392;19
1392;20
1392;75
1392;150
1392;210
1393;9
1393;10
1393;34
1393;67
1393;100
1393;179
1394;9
1394;10
1394;34
1394;68
1394;103
1394;215
1395;9
1395;11
1395;38
1395;75
1395;113
1395;177
1396;9
1396;11
1396;36
1396;46
1396;112
1396;182
1397;9
1397;11
1397;34
1397;50
1397;84
1397;176
1398;9
1398;11
1398;33
1398;66
1398;89
1398;169
1399;5
1399;11
1399;33
1399;67
1399;84
1399;169
1400;9
1400;11
1400;28
1400;56
1400;101
1400;175
1401;9
1401;11
1401;28
1401;56
1401;94
1401;169
1402;0
1402;14
1402;28
1402;56
1402;94
1402;236
1403;9
1403;11
1403;28
1403;56
1403;113
1403;233
1404;9
1404;10
1404;33
1404;56
1404;113
1404;169
1405;9
1405;15
1405;31
1405;59
1405;112
1405;237
1406;9
1406;15
1406;30
1406;60
1406;149
1406;239
1407;9
1407;12
1407;30
1407;60
1407;90
1407;239
1408;9
1408;13
1408;30
1408;59
1408;119
1408;238
1409;8
1409;13
1409;30
1409;60
1409;119
1409;238
1410;9
1410;13
1410;28
1410;59
1410;118
1410;238
1411;9
1411;13
1411;25
1411;75
1411;134
1411;224
1412;9
1412;13
1412;22
1412;75
1412;134
1412;224
1413;9
1413;13
1413;22
1413;45
1413;134
1413;224
1414;9
1414;12
1414;22
1414;60
1414;90
1414;175
1415;9
1415;13
1415;22
1415;60
1415;90
1415;210
1416;8
1416;13
1416;22
1416;60
1416;120
1416;212
1417;9
1417;13
1417;22
1417;67
1417;134
1417;224
1418;9
1418;12
1418;25
1418;60
1418;89
1418;212
1419;9
1419;13
1419;25
1419;67
1419;90
1419;217
1420;9
1420;19
1420;23
1420;60
1420;134
1420;227
1421;9
1421;19
1421;20
1421;67
1421;101
1421;216
1422;9
1422;19
1422;20
1422;70
1422;105
1422;262
1423;9
1423;19
1423;38
1423;75
1423;113
1423;188
1424;9
1424;18
1424;38
1424;75
1424;113
1424;226
1425;9
1425;10
1425;34
1425;67
1425;89
1425;176
1426;9
1426;10
1426;20
1426;67
1426;101
1426;176
1427;9
1427;19
1427;20
1427;50
1427;89
1427;226
1428;9
1428;19
1428;28
1428;56
1428;111
1428;175
1429;9
1429;10
1429;28
1429;56
1429;85
1429;226
1430;9
1430;10
1430;28
1430;56
1430;84
1430;210
1431;9
1431;10
1431;28
1431;56
1431;113
1431;210
1432;9
1432;10
1432;25
1432;50
1432;90
1432;210
1433;9
1433;10
1433;30
1433;60
1433;90
1433;172
1434;9
1434;10
1434;30
1434;59
1434;88
1434;234
1435;9
1435;10
1435;30
1435;60
1435;120
1435;241
1436;9
1436;10
1436;30
1436;59
1436;89
1436;237
1437;9
1437;15
1437;30
1437;60
1437;120
1437;240
1438;9
1438;19
1438;20
1438;60
1438;89
1438;239
1439;9
1439;10
1439;33
1439;67
1439;99
1439;237
1440;9
1440;10
1440;34
1440;67
1440;100
1440;234
1441;9
1441;10
1441;20
1441;69
1441;100
1441;269
1442;9
1442;10
1442;20
1442;74
1442;137
1442;162
1443;9
1443;19
1443;20
1443;60
1443;90
1443;210
1444;9
1444;10
1444;20
1444;60
1444;102
1444;210
1445;9
1445;10
1445;20
1445;60
1445;100
1445;210
1446;9
1446;10
1446;20
1446;50
1446;140
1446;220
1447;9
1447;10
1447;20
1447;60
1447;139
1447;220
1448;9
1448;11
1448;21
1448;60
1448;101
1448;178
1449;9
1449;11
1449;22
1449;77
1449;101
1449;220
1450;9
1450;11
1450;22
1450;44
1450;101
1450;220
1451;9
1451;11
1451;22
1451;77
1451;100
1451;177
1452;9
1452;11
1452;21
1452;77
1452;127
1452;225
1453;9
1453;11
1453;28
1453;77
1453;84
1453;169
1454;9
1454;11
1454;28
1454;77
1454;141
1454;169
1455;9
1455;11
1455;28
1455;56
1455;141
1455;169
1456;9
1456;11
1456;22
1456;43
1456;135
1456;179
1457;9
1457;11
1457;22
1457;45
1457;134
1457;179
1458;9
1458;11
1458;22
1458;67
1458;134
1458;224
1459;9
1459;11
1459;22
1459;67
1459;134
1459;177
1460;9
1460;10
1460;22
1460;67
1460;134
1460;236
1461;8
1461;11
1461;22
1461;44
1461;89
1461;201
1462;9
1462;18
1462;22
1462;67
1462;89
1462;201
1463;5
1463;13
1463;25
1463;45
1463;90
1463;238
1464;6
1464;13
1464;25
1464;66
1464;89
1464;238
1465;6
1465;12
1465;23
1465;44
1465;100
1465;236
1466;6
1466;13
1466;23
1466;45
1466;134
1466;179
1467;6
1467;12
1467;37
1467;51
1467;126
1467;177
1468;6
1468;13
1468;22
1468;50
1468;125
1468;175
1469;6
1469;12
1469;25
1469;45
1469;90
1469;224
1470;6
1470;13
1470;30
1470;44
1470;90
1470;174
1471;6
1471;13
1471;38
1471;56
1471;90
1471;186
1472;6
1472;13
1472;38
1472;56
1472;90
1472;226
1473;6
1473;12
1473;25
1473;56
1473;90
1473;168
1474;4
1474;11
1474;37
1474;45
1474;89
1474;179
1475;5
1475;10
1475;33
1475;50
1475;112
1475;218
1476;5
1476;10
1476;39
1476;40
1476;118
1476;176
1477;5
1477;19
1477;20
1477;40
1477;90
1477;397
1478;5
1478;10
1478;30
1478;45
1478;113
1478;176
1479;5
1479;10
1479;34
1479;50
1479;84
1479;224
1480;5
1480;10
1480;33
1480;40
1480;80
1480;165
1481;5
1481;10
1481;34
1481;50
1481;84
1481;233
1482;5
1482;10
1482;20
1482;50
1482;83
1482;166
1483;5
1483;10
1483;20
1483;40
1483;80
1483;198
1484;5
1484;19
1484;30
1484;60
1484;137
1484;162
1485;5
1485;15
1485;39
1485;40
1485;90
1485;210
1486;5
1486;15
1486;30
1486;40
1486;80
1486;185
1487;5
1487;15
1487;33
1487;76
1487;90
1487;166
1488;5
1488;15
1488;30
1488;50
1488;150
1488;168
1489;5
1489;15
1489;30
1489;50
1489;83
1489;210
1490;5
1490;10
1490;30
1490;60
1490;90
1490;180
1491;5
1491;10
1491;30
1491;60
1491;90
1491;397
1492;5
1492;15
1492;30
1492;60
1492;90
1492;188
1493;5
1493;10
1493;30
1493;50
1493;90
1493;180
1494;5
1494;10
1494;30
1494;60
1494;90
1494;180
1495;5
1495;19
1495;20
1495;50
1495;150
1495;462
1496;9
1496;10
1496;20
1496;40
1496;150
1496;442
1497;9
1497;10
1497;20
1497;50
1497;89
1497;462
1498;9
1498;10
1498;25
1498;79
1498;137
1498;163
1499;9
1499;10
1499;20
1499;73
1499;100
1499;176
1500;9
1500;10
1500;20
1500;76
1500;150
1500;227
1501;9
1501;10
1501;20
1501;79
1501;80
1501;197
1502;4
1502;12
1502;20
1502;40
1502;80
1502;496
1503;5
1503;15
1503;39
1503;40
1503;90
1503;389
1504;5
1504;10
1504;39
1504;40
1504;80
1504;210
1505;7
1505;10
1505;25
1505;46
1505;88
1505;177
1506;3
1506;11
1506;28
1506;55
1506;81
1506;188
1507;5
1507;15
1507;22
1507;60
1507;90
1507;179
1508;5
1508;11
1508;25
1508;50
1508;101
1508;511
1509;6
1509;17
1509;23
1509;50
1509;84
1509;233
1510;6
1510;17
1510;27
1510;50
1510;84
1510;189
1511;6
1511;11
1511;28
1511;56
1511;84
1511;225
1512;6
1512;11
1512;28
1512;56
1512;137
1512;163
1513;6
1513;11
1513;25
1513;50
1513;134
1513;225
1514;6
1514;11
1514;34
1514;50
1514;101
1514;160
1515;6
1515;11
1515;33
1515;75
1515;134
1515;168
1516;5
1516;13
1516;33
1516;60
1516;89
1516;169
1517;6
1517;11
1517;30
1517;60
1517;90
1517;179
1518;6
1518;11
1518;34
1518;68
1518;84
1518;169
1519;7
1519;10
1519;31
1519;46
1519;80
1519;175
1520;3
1520;13
1520;25
1520;50
1520;91
1520;176
1521;6
1521;13
1521;22
1521;44
1521;134
1521;178
1522;6
1522;13
1522;23
1522;45
1522;100
1522;164
1523;6
1523;13
1523;22
1523;45
1523;101
1523;178
1524;6
1524;13
1524;22
1524;50
1524;100
1524;164
1525;6
1525;13
1525;22
1525;50
1525;100
1525;462
1526;6
1526;12
1526;22
1526;50
1526;138
1526;163
1527;6
1527;13
1527;30
1527;60
1527;90
1527;201
1528;6
1528;13
1528;30
1528;60
1528;90
1528;180
1529;6
1529;12
1529;22
1529;50
1529;90
1529;179
1530;5
1530;13
1530;22
1530;45
1530;90
1530;498
1531;5
1531;19
1531;20
1531;50
1531;90
1531;265
1532;5
1532;19
1532;20
1532;50
1532;100
1532;218
1533;5
1533;10
1533;20
1533;50
1533;100
1533;397
1534;5
1534;10
1534;20
1534;50
1534;120
1534;161
1535;5
1535;10
1535;20
1535;51
1535;134
1535;185
1536;5
1536;10
1536;34
1536;45
1536;100
1536;167
1537;5
1537;10
1537;33
1537;51
1537;151
1537;497
1538;5
1538;10
1538;20
1538;50
1538;83
1538;184
1539;5
1539;10
1539;20
1539;49
1539;140
1539;220
1540;5
1540;10
1540;25
1540;60
1540;138
1540;163
1541;5
1541;10
1541;38
1541;67
1541;90
1541;166
1542;5
1542;10
1542;33
1542;50
1542;90
1542;180
1543;5
1543;10
1543;34
1543;50
1543;90
1543;166
1544;5
1544;15
1544;34
1544;50
1544;90
1544;498
1545;5
1545;15
1545;30
1545;50
1545;134
1545;234
1546;5
1546;15
1546;30
1546;75
1546;90
1546;235
1547;5
1547;15
1547;30
1547;60
1547;90
1547;397
1548;5
1548;15
1548;37
1548;45
1548;90
1548;180
1549;5
1549;15
1549;38
1549;46
1549;90
1549;180
1550;5
1550;15
1550;30
1550;50
1550;100
1550;200
1551;5
1551;19
1551;20
1551;51
1551;101
1551;442
1552;9
1552;10
1552;20
1552;50
1552;100
1552;462
1553;9
1553;10
1553;20
1553;50
1553;100
1553;462
1554;9
1554;10
1554;20
1554;50
1554;99
1554;163
1555;9
1555;10
1555;20
1555;50
1555;100
1555;200
1556;9
1556;10
1556;20
1556;50
1556;99
1556;200
1557;9
1557;10
1557;20
1557;50
1557;100
1557;200
1558;5
1558;13
1558;25
1558;46
1558;89
1558;398
1559;5
1559;10
1559;30
1559;50
1559;100
1559;209
1560;5
1560;10
1560;30
1560;50
1560;90
1560;209
1561;5
1561;10
1561;20
1561;50
1561;88
1561;411
1562;4
1562;11
1562;27
1562;54
1562;80
1562;187
1563;6
1563;10
1563;25
1563;60
1563;89
1563;179
1564;3
1564;11
1564;30
1564;60
1564;90
1564;179
1565;4
1565;11
1565;27
1565;51
1565;151
1565;497
1566;4
1566;11
1566;27
1566;50
1566;83
1566;188
1567;4
1567;11
1567;28
1567;56
1567;85
1567;226
1568;4
1568;13
1568;28
1568;55
1568;134
1568;195
1569;4
1569;12
1569;25
1569;50
1569;134
1569;175
1570;4
1570;13
1570;25
1570;50
1570;134
1570;169
1571;4
1571;12
1571;25
1571;66
1571;100
1571;225
1572;5
1572;13
1572;24
1572;50
1572;134
1572;497
1573;3
1573;12
1573;28
1573;54
1573;80
1573;183
1574;4
1574;13
1574;28
1574;56
1574;85
1574;197
1575;9
1575;13
1575;28
1575;49
1575;81
1575;225
1576;4
1576;13
1576;25
1576;50
1576;150
1576;238
1577;6
1577;12
1577;33
1577;50
1577;150
1577;175
1578;6
1578;13
1578;38
1578;50
1578;151
1578;176
1579;6
1579;13
1579;22
1579;50
1579;150
1579;175
1580;6
1580;12
1580;37
1580;49
1580;134
1580;172
1581;6
1581;13
1581;22
1581;45
1581;134
1581;178
1582;6
1582;13
1582;22
1582;44
1582;85
1582;177
1583;6
1583;12
1583;37
1583;50
1583;90
1583;175
1584;6
1584;12
1584;38
1584;57
1584;90
1584;169
1585;6
1585;13
1585;38
1585;56
1585;90
1585;169
1586;6
1586;13
1586;25
1586;46
1586;89
1586;397
1587;3
1587;13
1587;25
1587;50
1587;90
1587;179
1588;5
1588;12
1588;38
1588;50
1588;90
1588;238
1589;5
1589;15
1589;38
1589;60
1589;90
1589;168
1590;5
1590;19
1590;20
1590;51
1590;100
1590;170
1591;5
1591;19
1591;20
1591;75
1591;112
1591;168
1592;5
1592;19
1592;20
1592;67
1592;118
1592;185
1593;5
1593;19
1593;20
1593;67
1593;151
1593;169
1594;5
1594;15
1594;20
1594;50
1594;84
1594;200
1595;5
1595;15
1595;20
1595;50
1595;80
1595;168
1596;5
1596;15
1596;39
1596;40
1596;80
1596;160
1597;5
1597;15
1597;30
1597;44
1597;81
1597;174
1598;5
1598;15
1598;30
1598;40
1598;136
1598;210
1599;5
1599;15
1599;34
1599;60
1599;90
1599;167
1600;5
1600;10
1600;34
1600;45
1600;134
1600;397
1601;5
1601;10
1601;37
1601;50
1601;134
1601;225
1602;5
1602;10
1602;30
1602;50
1602;83
1602;170
1603;5
1603;10
1603;30
1603;60
1603;90
1603;188
1604;5
1604;10
1604;30
1604;60
1604;90
1604;498
1605;5
1605;10
1605;20
1605;60
1605;90
1605;188
1606;5
1606;10
1606;30
1606;60
1606;90
1606;209
1607;5
1607;19
1607;20
1607;60
1607;83
1607;442
1608;9
1608;10
1608;20
1608;60
1608;90
1608;462
1609;9
1609;10
1609;20
1609;60
1609;90
1609;443
1610;9
1610;10
1610;20
1610;60
1610;90
1610;462
1611;9
1611;10
1611;20
1611;50
1611;126
1611;174
1612;9
1612;10
1612;20
1612;75
1612;150
1612;175
1613;9
1613;10
1613;20
1613;50
1613;125
1613;175
1614;7
1614;10
1614;25
1614;46
1614;89
1614;175
1615;3
1615;10
1615;39
1615;40
1615;80
1615;210
1616;5
1616;10
1616;25
1616;40
1616;90
1616;397
1617;5
1617;10
1617;39
1617;40
1617;90
1617;210
1618;4
1618;11
1618;20
1618;40
1618;150
1618;185
1619;5
1619;11
1619;25
1619;44
1619;90
1619;210
1620;4
1620;11
1620;34
1620;56
1620;84
1620;189
1621;6
1621;11
1621;34
1621;50
1621;83
1621;397
1622;6
1622;11
1622;34
1622;50
1622;84
1622;162
1623;6
1623;11
1623;33
1623;50
1623;84
1623;160
1624;6
1624;11
1624;39
1624;40
1624;84
1624;200
1625;6
1625;11
1625;30
1625;69
1625;101
1625;175
1626;6
1626;11
1626;33
1626;75
1626;101
1626;161
1627;6
1627;11
1627;34
1627;66
1627;100
1627;167
1628;7
1628;10
1628;24
1628;67
1628;101
1628;397
1629;3
1629;12
1629;28
1629;59
1629;133
1629;169
1630;6
1630;17
1630;28
1630;67
1630;101
1630;169
1631;6
1631;11
1631;28
1631;67
1631;84
1631;178
1632;5
1632;13
1632;21
1632;45
1632;101
1632;165
1633;6
1633;12
1633;25
1633;45
1633;100
1633;224
1634;6
1634;12
1634;25
1634;45
1634;100
1634;179
1635;6
1635;12
1635;29
1635;50
1635;100
1635;179
1636;6
1636;13
1636;22
1636;50
1636;90
1636;179
1637;6
1637;13
1637;22
1637;50
1637;134
1637;462
1638;6
1638;13
1638;22
1638;50
1638;134
1638;462
1639;6
1639;13
1639;22
1639;50
1639;90
1639;175
1640;6
1640;13
1640;22
1640;50
1640;100
1640;179
1641;6
1641;12
1641;22
1641;50
1641;90
1641;170
1642;6
1642;10
1642;20
1642;49
1642;90
1642;397
1643;3
1643;10
1643;22
1643;50
1643;90
1643;182
1644;5
1644;13
1644;25
1644;49
1644;100
1644;171
1645;5
1645;10
1645;20
1645;50
1645;100
1645;227
1646;5
1646;19
1646;20
1646;75
1646;113
1646;498
1647;5
1647;19
1647;20
1647;75
1647;94
1647;263
1648;5
1648;19
1648;20
1648;40
1648;80
1648;185
1649;5
1649;15
1649;39
1649;79
1649;80
1649;169
1650;5
1650;19
1650;20
1650;50
1650;80
1650;168
1651;5
1651;19
1651;20
1651;79
1651;80
1651;199
1652;5
1652;19
1652;20
1652;40
1652;80
1652;199
1653;5
1653;19
1653;38
1653;79
1653;80
1653;162
1654;5
1654;19
1654;38
1654;50
1654;80
1654;210
1655;5
1655;10
1655;34
1655;50
1655;90
1655;185
1656;5
1656;10
1656;34
1656;50
1656;84
1656;397
1657;5
1657;10
1657;34
1657;50
1657;84
1657;169
1658;5
1658;10
1658;30
1658;50
1658;83
1658;169
1659;5
1659;10
1659;30
1659;50
1659;112
1659;187
1660;5
1660;10
1660;30
1660;60
1660;89
1660;498
1661;5
1661;10
1661;30
1661;60
1661;89
1661;179
1662;5
1662;10
1662;33
1662;67
1662;100
1662;196
1663;5
1663;10
1663;33
1663;66
1663;100
1663;389
1664;5
1664;17
1664;34
1664;68
1664;101
1664;442
1665;9
1665;10
1665;33
1665;67
1665;83
1665;462
1666;9
1666;10
1666;34
1666;67
1666;84
1666;442
1667;9
1667;10
1667;32
1667;50
1667;119
1667;162
1668;9
1668;10
1668;33
1668;50
1668;100
1668;210
1669;9
1669;10
1669;20
1669;50
1669;100
1669;210
1670;9
1670;11
1670;25
1670;50
1670;81
1670;210
1671;4
1671;11
1671;20
1671;50
1671;151
1671;397
1672;5
1672;15
1672;20
1672;67
1672;136
1672;389
1673;5
1673;10
1673;20
1673;50
1673;101
1673;160
1674;5
1674;13
1674;24
1674;46
1674;97
1674;389
1675;3
1675;11
1675;25
1675;76
1675;101
1675;202
1676;4
1676;13
1676;28
1676;74
1676;101
1676;184
1677;4
1677;11
1677;28
1677;56
1677;84
1677;168
1678;4
1678;11
1678;28
1678;56
1678;85
1678;234
1679;4
1679;12
1679;28
1679;56
1679;84
1679;196
1680;4
1680;11
1680;28
1680;56
1680;84
1680;197
1681;4
1681;11
1681;25
1681;45
1681;135
1681;162
1682;4
1682;13
1682;31
1682;45
1682;134
1682;179
1683;4
1683;12
1683;33
1683;56
1683;134
1683;177
1684;8
1684;12
1684;34
1684;40
1684;134
1684;169
1685;4
1685;11
1685;28
1685;56
1685;84
1685;196
1686;4
1686;13
1686;34
1686;58
1686;86
1686;165
1687;4
1687;13
1687;33
1687;60
1687;119
1687;200
1688;4
1688;12
1688;28
1688;68
1688;84
1688;238
1689;9
1689;12
1689;30
1689;67
1689;81
1689;237
1690;8
1690;12
1690;30
1690;71
1690;101
1690;237
1691;9
1691;13
1691;30
1691;75
1691;104
1691;240
1692;9
1692;13
1692;30
1692;60
1692;105
1692;238
1693;9
1693;12
1693;25
1693;50
1693;125
1693;239
1694;7
1694;13
1694;25
1694;67
1694;133
1694;238
1695;9
1695;13
1695;25
1695;67
1695;84
1695;210
1696;9
1696;12
1696;25
1696;50
1696;84
1696;210
1697;6
1697;12
1697;25
1697;67
1697;134
1697;240
1698;9
1698;13
1698;22
1698;44
1698;89
1698;239
1699;9
1699;13
1699;33
1699;56
1699;94
1699;214
1700;9
1700;19
1700;35
1700;56
1700;94
1700;243
1701;2
1701;19
1701;38
1701;40
1701;94
1701;226
1702;9
1702;19
1702;20
1702;56
1702;94
1702;207
1703;9
1703;19
1703;38
1703;57
1703;94
1703;207
1704;9
1704;10
1704;20
1704;40
1704;111
1704;247
1705;9
1705;10
1705;20
1705;45
1705;89
1705;200
1706;9
1706;10
1706;20
1706;45
1706;90
1706;203
1707;9
1707;10
1707;20
1707;44
1707;154
1707;181
1708;9
1708;10
1708;20
1708;46
1708;119
1708;210
1709;9
1709;19
1709;30
1709;61
1709;82
1709;210
1710;9
1710;10
1710;30
1710;61
1710;91
1710;210
1711;9
1711;15
1711;25
1711;67
1711;101
1711;210
1712;9
1712;10
1712;30
1712;67
1712;101
1712;210
1713;9
1713;10
1713;30
1713;67
1713;101
1713;210
1714;9
1714;17
1714;30
1714;67
1714;100
1714;210
1715;9
1715;10
1715;30
1715;66
1715;100
1715;210
1716;9
1716;17
1716;34
1716;67
1716;101
1716;179
1717;9
1717;17
1717;33
1717;67
1717;100
1717;234
1718;9
1718;17
1718;34
1718;67
1718;101
1718;235
1719;9
1719;17
1719;34
1719;68
1719;134
1719;243
1720;9
1720;19
1720;38
1720;76
1720;152
1720;190
1721;9
1721;19
1721;38
1721;75
1721;151
1721;189
1722;9
1722;10
1722;20
1722;67
1722;150
1722;160
1723;9
1723;10
1723;20
1723;75
1723;101
1723;201
1724;9
1724;10
1724;20
1724;75
1724;101
1724;175
1725;9
1725;10
1725;20
1725;75
1725;100
1725;210
1726;9
1726;10
1726;20
1726;50
1726;90
1726;211
1727;9
1727;10
1727;30
1727;60
1727;90
1727;210
1728;9
1728;10
1728;25
1728;60
1728;90
1728;210
1729;9
1729;10
1729;25
1729;60
1729;90
1729;210
1730;9
1730;19
1730;20
1730;67
1730;99
1730;209
1731;9
1731;10
1731;33
1731;67
1731;100
1731;233
1732;9
1732;11
1732;38
1732;76
1732;112
1732;233
1733;9
1733;11
1733;37
1733;75
1733;112
1733;262
1734;4
1734;11
1734;38
1734;40
1734;141
1734;197
1735;9
1735;11
1735;33
1735;67
1735;100
1735;169
1736;9
1736;11
1736;33
1736;66
1736;84
1736;210
1737;9
1737;11
1737;33
1737;68
1737;134
1737;267
1738;9
1738;11
1738;28
1738;45
1738;134
1738;168
1739;9
1739;11
1739;28
1739;56
1739;134
1739;169
1740;2
1740;11
1740;28
1740;57
1740;134
1740;168
1741;9
1741;11
1741;28
1741;56
1741;141
1741;169
1742;9
1742;14
1742;28
1742;56
1742;141
1742;206
1743;9
1743;15
1743;30
1743;59
1743;148
1743;236
1744;9
1744;15
1744;30
1744;60
1744;90
1744;240
1745;9
1745;13
1745;30
1745;60
1745;119
1745;238
1746;3
1746;13
1746;25
1746;60
1746;119
1746;238
1747;9
1747;13
1747;30
1747;59
1747;118
1747;239
1748;9
1748;12
1748;26
1748;60
1748;80
1748;179
1749;9
1749;13
1749;25
1749;75
1749;83
1749;179
1750;9
1750;13
1750;22
1750;76
1750;102
1750;272
1751;9
1751;13
1751;25
1751;60
1751;90
1751;210
1752;9
1752;13
1752;30
1752;60
1752;90
1752;210
1753;0
1753;13
1753;30
1753;60
1753;90
1753;210
1754;9
1754;12
1754;30
1754;60
1754;90
1754;169
1755;9
1755;19
1755;22
1755;44
1755;90
1755;266
1756;9
1756;19
1756;20
1756;60
1756;90
1756;265
1757;9
1757;19
1757;20
1757;60
1757;112
1757;218
1758;9
1758;19
1758;34
1758;68
1758;92
1758;160
1759;9
1759;19
1759;20
1759;67
1759;100
1759;267
1760;9
1760;19
1760;38
1760;75
1760;113
1760;264
1761;9
1761;10
1761;38
1761;75
1761;113
1761;188
1762;9
1762;19
1762;36
1762;51
1762;82
1762;176
1763;9
1763;10
1763;33
1763;67
1763;100
1763;220
1764;9
1764;10
1764;33
1764;67
1764;101
1764;220
1765;9
1765;10
1765;31
1765;40
1765;90
1765;220
1766;9
1766;14
1766;28
1766;56
1766;85
1766;226
1767;9
1767;14
1767;28
1767;56
1767;84
1767;225
1768;9
1768;14
1768;28
1768;56
1768;85
1768;210
1769;9
1769;14
1769;28
1769;60
1769;90
1769;180
1770;9
1770;10
1770;30
1770;60
1770;90
1770;451
1771;9
1771;15
1771;30
1771;59
1771;89
1771;236
1772;9
1772;15
1772;30
1772;60
1772;90
1772;240
1773;9
1773;15
1773;30
1773;59
1773;119
1773;237
1774;9
1774;15
1774;29
1774;60
1774;119
1774;238
1775;9
1775;15
1775;30
1775;59
1775;119
1775;237
1776;9
1776;19
1776;20
1776;61
1776;92
1776;226
1777;9
1777;10
1777;33
1777;67
1777;101
1777;234
1778;9
1778;10
1778;33
1778;66
1778;100
1778;234
1779;9
1779;10
1779;20
1779;67
1779;101
1779;259
1780;9
1780;10
1780;20
1780;50
1780;100
1780;201
1781;9
1781;10
1781;20
1781;50
1781;100
1781;201
1782;9
1782;10
1782;20
1782;50
1782;100
1782;201
1783;9
1783;19
1783;20
1783;60
1783;149
1783;209
1784;9
1784;10
1784;30
1784;60
1784;149
1784;209
1785;9
1785;10
1785;30
1785;60
1785;149
1785;209
1786;9
1786;19
1786;20
1786;60
1786;148
1786;210
1787;9
1787;10
1787;20
1787;60
1787;149
1787;209
1788;9
1788;11
1788;20
1788;44
1788;95
1788;209
1789;9
1789;11
1789;22
1789;44
1789;147
1789;171
1790;9
1790;11
1790;22
1790;44
1790;141
1790;209
1791;9
1791;11
1791;22
1791;45
1791;85
1791;210
1792;9
1792;11
1792;22
1792;44
1792;85
1792;209
1793;9
1793;11
1793;20
1793;44
1793;134
1793;269
1794;9
1794;11
1794;34
1794;45
1794;134
1794;224
1795;1
1795;11
1795;34
1795;45
1795;134
1795;224
1796;3
1796;11
1796;34
1796;45
1796;134
1796;224
1797;9
1797;11
1797;34
1797;44
1797;134
1797;224
1798;9
1798;11
1798;22
1798;67
1798;134
1798;224
1799;9
1799;11
1799;22
1799;44
1799;134
1799;224
1800;9
1800;10
1800;23
1800;45
1800;112
1800;240
1801;9
1801;12
1801;26
1801;40
1801;101
1801;238
1802;9
1802;12
1802;25
1802;43
1802;100
1802;177
1803;1
1803;13
1803;25
1803;45
1803;149
1803;164
1804;9
1804;12
1804;25
1804;45
1804;150
1804;237
1805;9
1805;12
1805;37
1805;74
1805;134
1805;238
1806;9
1806;13
1806;34
1806;51
1806;134
1806;185
1807;7
1807;12
1807;34
1807;50
1807;84
1807;236
1808;9
1808;12
1808;33
1808;50
1808;90
1808;199
1809;9
1809;13
1809;34
1809;51
1809;90
1809;239
1810;0
1810;12
1810;25
1810;60
1810;90
1810;237
1811;4
1811;12
1811;38
1811;60
1811;90
1811;350
1812;9
1812;13
1812;34
1812;51
1812;84
1812;235
1813;0
1813;12
1813;37
1813;55
1813;125
1813;238
1814;0
1814;19
1814;25
1814;56
1814;132
1814;169
1815;9
1815;19
1815;20
1815;56
1815;134
1815;411
1816;9
1816;19
1816;20
1816;56
1816;132
1816;486
1817;9
1817;10
1817;20
1817;45
1817;156
1817;245
1818;9
1818;10
1818;20
1818;45
1818;89
1818;179
1819;9
1819;15
1819;22
1819;44
1819;89
1819;178
1820;9
1820;15
1820;20
1820;45
1820;150
1820;401
1821;9
1821;15
1821;20
1821;40
1821;120
1821;236
1822;9
1822;19
1822;20
1822;60
1822;92
1822;210
1823;9
1823;10
1823;30
1823;60
1823;90
1823;210
1824;9
1824;10
1824;34
1824;67
1824;101
1824;210
1825;9
1825;10
1825;34
1825;67
1825;101
1825;210
1826;9
1826;10
1826;33
1826;67
1826;89
1826;234
1827;9
1827;10
1827;33
1827;67
1827;134
1827;210
1828;9
1828;10
1828;34
1828;67
1828;100
1828;234
1829;9
1829;15
1829;33
1829;67
1829;134
1829;235
1830;9
1830;15
1830;33
1830;67
1830;100
1830;234
1831;9
1831;10
1831;33
1831;67
1831;133
1831;234
1832;9
1832;19
1832;20
1832;69
1832;139
1832;398
1833;9
1833;19
1833;38
1833;75
1833;113
1833;189
1834;9
1834;10
1834;38
1834;76
1834;151
1834;189
1835;9
1835;10
1835;20
1835;68
1835;148
1835;160
1836;9
1836;10
1836;20
1836;50
1836;125
1836;175
1837;9
1837;10
1837;20
1837;50
1837;125
1837;175
1838;9
1838;10
1838;20
1838;50
1838;150
1838;175
1839;9
1839;10
1839;20
1839;50
1839;150
1839;210
1840;9
1840;10
1840;25
1840;60
1840;90
1840;210
1841;9
1841;10
1841;20
1841;60
1841;90
1841;210
1842;9
1842;10
1842;20
1842;60
1842;90
1842;210
1843;9
1843;10
1843;33
1843;67
1843;100
1843;210
1844;9
1844;10
1844;33
1844;68
1844;103
1844;215
1845;9
1845;11
1845;38
1845;76
1845;114
1845;209
1846;9
1846;11
1846;36
1846;74
1846;112
1846;221
1847;9
1847;11
1847;35
1847;69
1847;84
1847;169
1848;9
1848;11
1848;33
1848;66
1848;84
1848;169
1849;9
1849;11
1849;28
1849;67
1849;84
1849;169
1850;9
1850;11
1850;28
1850;56
1850;101
1850;236
1851;9
1851;11
1851;28
1851;56
1851;101
1851;169
1852;9
1852;11
1852;28
1852;56
1852;84
1852;236
1853;9
1853;11
1853;28
1853;67
1853;101
1853;234
1854;9
1854;11
1854;34
1854;67
1854;101
1854;169
1855;9
1855;15
1855;30
1855;59
1855;85
1855;237
1856;9
1856;15
1856;30
1856;60
1856;149
1856;239
1857;9
1857;12
1857;30
1857;60
1857;150
1857;239
1858;9
1858;13
1858;30
1858;59
1858;119
1858;238
1859;7
1859;13
1859;30
1859;60
1859;119
1859;238
1860;9
1860;13
1860;29
1860;59
1860;89
1860;238
1861;9
1861;13
1861;25
1861;50
1861;100
1861;224
1862;9
1862;13
1862;25
1862;45
1862;134
1862;224
1863;9
1863;13
1863;22
1863;45
1863;134
1863;224
1864;9
1864;12
1864;22
1864;60
1864;90
1864;224
1865;9
1865;13
1865;22
1865;60
1865;90
1865;210
1866;8
1866;13
1866;22
1866;59
1866;89
1866;212
1867;9
1867;13
1867;25
1867;59
1867;118
1867;212
1868;9
1868;13
1868;25
1868;67
1868;89
1868;170
1869;9
1869;13
1869;25
1869;59
1869;135
1869;224
1870;9
1870;13
1870;23
1870;43
1870;112
1870;227
1871;9
1871;19
1871;20
1871;66
1871;101
1871;216
1872;9
1872;10
1872;20
1872;67
1872;105
1872;262
1873;9
1873;10
1873;20
1873;75
1873;113
1873;263
1874;9
1874;10
1874;20
1874;76
1874;110
1874;226
1875;9
1875;10
1875;34
1875;67
1875;99
1875;176
1876;9
1876;10
1876;33
1876;67
1876;100
1876;226
1877;9
1877;19
1877;33
1877;50
1877;126
1877;176
1878;9
1878;19
1878;28
1878;60
1878;90
1878;210
1879;9
1879;14
1879;28
1879;56
1879;84
1879;169
1880;9
1880;14
1880;28
1880;56
1880;84
1880;210
1881;9
1881;14
1881;28
1881;56
1881;84
1881;210
1882;9
1882;10
1882;25
1882;50
1882;125
1882;210
1883;9
1883;10
1883;29
1883;59
1883;150
1883;239
1884;9
1884;15
1884;29
1884;59
1884;148
1884;234
1885;9
1885;15
1885;30
1885;60
1885;120
1885;241
1886;9
1886;15
1886;30
1886;59
1886;89
1886;237
1887;9
1887;15
1887;30
1887;60
1887;119
1887;240
1888;9
1888;19
1888;30
1888;60
1888;89
1888;237
1889;9
1889;10
1889;34
1889;67
1889;101
1889;236
1890;9
1890;10
1890;33
1890;67
1890;100
1890;234
1891;9
1891;10
1891;20
1891;69
1891;102
1891;269
1892;9
1892;19
1892;20
1892;59
1892;90
1892;210
1893;9
1893;19
1893;20
1893;60
1893;90
1893;210
1894;9
1894;10
1894;20
1894;60
1894;90
1894;210
1895;9
1895;10
1895;20
1895;50
1895;100
1895;219
1896;9
1896;10
1896;20
1896;50
1896;150
1896;220
1897;9
1897;10
1897;20
1897;60
1897;139
1897;220
1898;9
1898;10
1898;21
1898;79
1898;102
1898;169
1899;9
1899;11
1899;22
1899;60
1899;101
1899;220
1900;9
1900;11
1900;22
1900;44
1900;101
1900;220
1901;9
1901;11
1901;22
1901;44
1901;101
1901;220
1902;9
1902;11
1902;20
1902;44
1902;101
1902;220
1903;9
1903;11
1903;28
1903;56
1903;141
1903;169
1904;9
1904;11
1904;28
1904;56
1904;141
1904;169
1905;9
1905;11
1905;28
1905;56
1905;84
1905;169
1906;9
1906;11
1906;20
1906;44
1906;134
1906;179
1907;9
1907;11
1907;28
1907;45
1907;134
1907;179
1908;9
1908;11
1908;28
1908;45
1908;134
1908;179
1909;9
1909;11
1909;28
1909;45
1909;134
1909;179
1910;9
1910;10
1910;34
1910;45
1910;134
1910;236
1911;8
1911;19
1911;34
1911;42
1911;135
1911;165
1912;9
1912;18
1912;20
1912;40
1912;114
1912;200
1913;8
1913;11
1913;20
1913;45
1913;134
1913;218
1914;9
1914;11
1914;34
1914;56
1914;134
1914;179
1915;9
1915;11
1915;22
1915;45
1915;134
1915;164
1916;9
1916;11
1916;20
1916;40
1916;134
1916;179
1917;9
1917;19
1917;28
1917;45
1917;134
1917;180
1918;8
1918;19
1918;20
1918;41
1918;135
1918;180
1919;9
1919;19
1919;20
1919;45
1919;135
1919;165
1920;9
1920;11
1920;34
1920;45
1920;134
1920;179
1921;9
1921;11
1921;34
1921;45
1921;134
1921;179
1922;9
1922;19
1922;20
1922;40
1922;134
1922;164
1923;9
1923;19
1923;34
1923;44
1923;134
1923;179
1924;9
1924;19
1924;34
1924;43
1924;135
1924;179
1925;9
1925;19
1925;20
1925;41
1925;134
1925;165
1926;9
1926;19
1926;20
1926;45
1926;135
1926;165
1927;9
1927;10
1927;34
1927;41
1927;134
1927;180
1928;9
1928;18
1928;34
1928;45
1928;134
1928;179
1929;9
1929;18
1929;22
1929;43
1929;84
1929;165
1930;9
1930;19
1930;34
1930;41
1930;134
1930;180
1931;9
1931;19
1931;20
1931;41
1931;135
1931;165
1932;9
1932;19
1932;39
1932;40
1932;90
1932;179
1933;5
1933;19
1933;34
1933;45
1933;134
1933;166
1934;9
1934;19
1934;33
1934;45
1934;90
1934;236
1935;9
1935;19
1935;39
1935;45
1935;134
1935;179
1936;8
1936;19
1936;20
1936;44
1936;134
1936;164
1937;0
1937;18
1937;34
1937;44
1937;90
1937;165
1938;9
1938;19
1938;33
1938;44
1938;90
1938;179
1939;5
1939;19
1939;20
1939;45
1939;134
1939;236
1940;9
1940;18
1940;33
1940;45
1940;134
1940;235
1941;9
1941;19
1941;34
1941;45
1941;90
1941;236
1942;6
1942;19
1942;39
1942;43
1942;89
1942;165
1943;9
1943;19
1943;34
1943;45
1943;90
1943;236
1944;7
1944;19
1944;39
1944;45
1944;90
1944;165
1945;0
1945;19
1945;20
1945;45
1945;85
1945;237
1946;0
1946;19
1946;33
1946;45
1946;84
1946;172
1947;4
1947;19
1947;39
1947;45
1947;90
1947;236
1948;0
1948;18
1948;33
1948;60
1948;134
1948;168
1949;4
1949;19
1949;33
1949;45
1949;89
1949;426
1950;8
1950;19
1950;30
1950;45
1950;90
1950;191
1951;0
1951;19
1951;33
1951;45
1951;134
1951;165
1952;4
1952;19
1952;33
1952;60
1952;90
1952;177
1953;0
1953;19
1953;25
1953;45
1953;84
1953;160
1954;0
1954;15
1954;34
1954;45
1954;85
1954;179
1955;0
1955;19
1955;34
1955;45
1955;85
1955;164
1956;0
1956;18
1956;39
1956;44
1956;90
1956;227
1957;0
1957;19
1957;34
1957;45
1957;90
1957;245
1958;0
1958;19
1958;39
1958;45
1958;89
1958;176
1959;1
1959;19
1959;35
1959;45
1959;89
1959;164
1960;6
1960;11
1960;33
1960;44
1960;129
1960;174
1961;3
1961;19
1961;39
1961;45
1961;130
1961;168
1962;6
1962;19
1962;39
1962;45
1962;130
1962;162
1963;0
1963;10
1963;20
1963;40
1963;80
1963;160
