31;0
31;10
31;20
31;40
31;80
31;160
32;4
32;11
32;20
32;62
32;125
32;181
33;2
33;12
33;31
33;62
33;125
33;186
34;2
34;12
34;31
34;63
34;127
34;189
35;0
35;11
35;32
35;64
35;128
35;191
36;0
36;11
36;28
36;57
36;114
36;170
37;0
37;16
37;28
37;62
37;113
37;168
38;9
38;10
38;20
38;44
38;110
38;283
39;7
39;10
39;24
39;48
39;96
39;214
40;0
40;14
40;23
40;47
40;94
40;189
41;2
41;19
41;23
41;41
41;83
41;166
42;0
42;18
42;21
42;42
42;84
42;168
43;4
43;19
43;21
43;42
43;85
43;170
44;8
44;10
44;24
44;42
44;84
44;338
45;3
45;10
45;27
45;55
45;111
45;286
46;2
46;12
46;28
46;55
46;112
46;166
47;0
47;11
47;28
47;56
47;114
47;191
48;0
48;19
48;28
48;56
48;114
48;191
49;0
49;19
49;28
49;55
49;111
49;166
50;9
50;17
50;20
50;43
50;130
50;193
51;8
51;11
51;24
51;56
51;125
51;211
52;0
52;13
52;28
52;56
52;114
52;191
53;0
53;18
53;27
53;56
53;112
53;415
54;0
54;19
54;27
54;55
54;111
54;202
55;8
55;11
55;28
55;56
55;113
55;168
56;9
56;10
56;24
56;43
56;80
56;404
57;4
57;11
57;20
57;40
57;113
57;225
58;2
58;11
58;28
58;55
58;127
58;200
59;0
59;13
59;28
59;56
59;113
59;272
60;0
60;11
60;28
60;62
60;106
60;258
61;0
61;10
61;28
61;63
61;106
61;214
62;9
62;14
62;21
62;42
62;124
62;247
63;9
63;12
63;25
63;57
63;138
63;184
64;0
64;12
64;32
64;53
64;106
64;171
65;8
65;10
65;25
65;44
65;86
65;170
66;4
66;11
66;20
66;40
66;95
66;194
67;2
67;10
67;24
67;71
67;84
67;225
68;0
68;11
68;29
68;48
68;106
68;394
69;0
69;11
69;28
69;71
69;84
69;481
70;0
70;12
70;24
70;71
70;112
70;227
71;4
71;12
71;29
71;47
71;83
71;228
72;0
72;11
72;24
72;57
72;112
72;227
73;0
73;11
73;24
73;47
73;111
73;226
74;1
74;19
74;31
74;48
74;145
74;173
75;9
75;12
75;20
75;54
75;110
75;286
76;8
76;12
76;20
76;53
76;100
76;171
77;9
77;12
77;20
77;61
77;94
77;190
78;0
78;18
78;20
78;52
78;128
78;255
79;0
79;19
79;30
79;76
79;93
79;259
80;9
80;10
80;28
80;65
80;152
80;219
81;4
81;10
81;22
81;62
81;126
81;419
82;2
82;11
82;31
82;62
82;125
82;186
83;1
83;11
83;31
83;63
83;127
83;189
84;0
84;11
84;28
84;56
84;113
84;191
85;0
85;11
85;28
85;55
85;111
85;166
86;4
86;16
86;28
86;55
86;111
86;166
87;9
87;11
87;20
87;44
87;123
87;201
88;6
88;17
88;24
88;47
88;95
88;217
89;0
89;19
89;24
89;48
89;96
89;191
90;0
90;19
90;21
90;42
90;85
90;171
91;5
91;19
91;21
91;42
91;84
91;167
92;0
92;19
92;21
92;41
92;83
92;167
93;8
93;10
93;24
93;42
93;85
93;280
94;3
94;11
94;28
94;56
94;85
94;287
95;3
95;10
95;27
95;55
95;111
95;165
96;0
96;13
96;28
96;56
96;83
96;191
97;0
97;11
97;28
97;57
97;114
97;191
98;0
98;18
98;28
98;42
98;86
98;171
99;9
99;17
99;20
99;48
99;134
99;202
100;0
100;14
100;31
100;45
100;123
100;268
101;0
101;12
101;33
101;42
101;84
101;271
102;0
102;12
102;33
102;42
102;114
102;430
103;0
103;12
103;33
103;55
103;111
103;386
104;9
104;12
104;32
104;55
104;111
104;284
105;7
105;16
105;28
105;53
105;81
105;245
106;4
106;12
106;20
106;45
106;113
106;421
107;3
107;13
107;21
107;42
107;139
107;246
108;9
108;10
108;28
108;41
108;82
108;163
109;4
109;13
109;22
109;45
109;117
109;216
110;3
110;11
110;24
110;63
110;106
110;214
111;9
111;12
111;31
111;43
111;150
111;170
112;8
112;14
112;22
112;44
112;130
112;171
113;0
113;14
113;32
113;53
113;94
113;171
114;9
114;10
114;24
114;43
114;94
114;170
115;4
115;15
115;20
115;46
115;96
115;227
116;3
116;12
116;20
116;47
116;112
116;171
117;3
117;12
117;23
117;48
117;148
117;409
118;0
118;13
118;33
118;45
118;82
118;260
119;0
119;18
119;33
119;46
119;83
119;263
120;8
120;19
120;21
120;44
120;85
120;162
121;0
121;19
121;21
121;57
121;82
121;165
122;0
122;19
122;21
122;42
122;85
122;213
123;8
123;17
123;31
123;44
123;112
123;200
124;4
124;13
124;33
124;40
124;136
124;226
125;9
125;13
125;20
125;66
125;113
125;213
126;0
126;14
126;20
126;78
126;113
126;229
127;9
127;14
127;28
127;77
127;130
127;336
128;7
128;14
128;20
128;52
128;150
128;162
129;4
129;14
129;21
129;45
129;112
129;229
130;6
130;10
130;23
130;62
130;125
130;177
131;4
131;14
131;31
131;62
131;125
131;256
132;3
132;14
132;32
132;63
132;128
132;255
133;3
133;13
133;29
133;64
133;128
133;257
134;0
134;14
134;28
134;57
134;114
134;255
135;7
135;14
135;28
135;56
135;112
135;256
136;8
136;13
136;20
136;48
136;158
136;302
137;9
137;13
137;24
137;48
137;96
137;195
138;7
138;13
138;23
138;47
138;94
138;193
139;1
139;13
139;21
139;41
139;83
139;166
140;8
140;14
140;21
140;42
140;84
140;169
141;7
141;14
141;21
141;42
141;86
141;172
142;5
142;13
142;23
142;56
142;83
142;396
143;3
143;14
143;27
143;55
143;111
143;172
144;3
144;13
144;28
144;56
144;112
144;171
145;3
145;14
145;28
145;57
145;114
145;227
146;0
146;15
146;28
146;56
146;113
146;229
147;6
147;13
147;27
147;55
147;112
147;228
148;9
148;16
148;20
148;55
148;98
148;199
149;0
149;16
149;28
149;57
149;113
149;228
150;0
150;16
150;28
150;56
150;113
150;230
151;0
151;19
151;27
151;55
151;112
151;227
152;0
152;16
152;27
152;55
152;112
152;229
153;1
153;17
153;28
153;56
153;112
153;229
154;9
154;10
154;20
154;40
154;91
154;488
155;5
155;14
155;24
155;40
155;87
155;348
156;4
156;14
156;23
156;45
156;88
156;263
157;0
157;14
157;24
157;56
157;87
157;259
158;0
158;15
158;28
158;63
158;87
158;259
159;0
159;13
159;32
159;65
159;106
159;171
160;9
160;16
160;20
160;43
160;125
160;268
161;9
161;17
161;20
161;47
161;138
161;288
162;7
162;15
162;35
162;53
162;88
162;174
163;7
163;19
163;20
163;48
163;96
163;213
164;5
164;16
164;20
164;44
164;87
164;259
165;5
165;16
165;25
165;47
165;88
165;227
166;3
166;16
166;23
166;47
166;87
166;179
167;0
167;17
167;21
167;40
167;151
167;372
168;7
168;13
168;23
168;41
168;88
168;170
169;8
169;14
169;23
169;41
169;86
169;260
170;7
170;13
170;24
170;47
170;87
170;259
171;0
171;12
171;24
171;48
171;84
171;226
172;9
172;17
172;20
172;44
172;138
172;166
173;9
173;15
173;20
173;41
173;158
173;413
174;9
174;18
174;23
174;68
174;120
174;275
175;0
175;17
175;21
175;68
175;125
175;226
176;0
176;18
176;34
176;48
176;159
176;356
177;0
177;15
177;34
177;45
177;98
177;362
178;9
178;13
178;22
178;46
178;126
178;239
179;6
179;13
179;31
179;62
179;125
179;418
180;5
180;16
180;31
180;62
180;125
180;258
181;3
181;14
181;31
181;63
181;127
181;257
182;3
182;13
182;28
182;56
182;113
182;192
183;0
183;14
183;27
183;55
183;111
183;231
184;8
184;15
184;28
184;56
184;112
184;231
185;7
185;19
185;20
185;53
185;123
185;173
186;7
186;17
186;24
186;48
186;95
186;230
187;7
187;17
187;24
187;48
187;95
187;230
188;7
188;19
188;21
188;42
188;85
188;230
189;8
189;14
189;21
189;41
189;83
189;167
190;7
190;14
190;21
190;42
190;83
190;230
191;6
191;13
191;23
191;40
191;85
191;426
192;6
192;17
192;28
192;55
192;86
192;192
193;4
193;13
193;27
193;55
193;111
193;171
194;0
194;14
194;28
194;56
194;113
194;288
195;0
195;15
195;28
195;57
195;85
195;192
196;0
196;13
196;28
196;42
196;113
196;172
197;7
197;17
197;21
197;47
197;82
197;192
198;0
198;19
198;22
198;45
198;131
198;199
199;0
199;19
199;22
199;52
199;129
199;229
200;0
200;18
200;33
200;67
200;101
200;229
201;0
201;19
201;33
201;55
201;100
201;227
202;6
202;18
202;32
202;67
202;83
202;230
203;9
203;10
203;20
203;49
203;82
203;432
204;7
204;12
204;21
204;42
204;87
204;260
205;6
205;18
205;21
205;56
205;88
205;254
206;9
206;12
206;23
206;49
206;84
206;166
207;7
207;14
207;22
207;53
207;87
207;260
208;6
208;10
208;20
208;65
208;107
208;172
209;4
209;17
209;20
209;42
209;103
209;172
210;5
210;17
210;23
210;62
210;82
210;248
211;0
211;13
211;23
211;63
211;88
211;263
212;9
212;14
212;21
212;40
212;81
212;259
213;8
213;14
213;24
213;55
213;85
213;260
214;7
214;10
214;23
214;57
214;85
214;226
215;5
215;14
215;23
215;45
215;86
215;358
216;5
216;14
216;24
216;62
216;87
216;495
217;7
217;13
217;24
217;63
217;88
217;260
218;8
218;14
218;28
218;63
218;86
218;254
219;7
219;14
219;38
219;73
219;104
219;275
220;7
220;14
220;28
220;73
220;157
220;184
221;7
221;18
221;28
221;44
221;86
221;167
222;4
222;17
222;28
222;41
222;84
222;267
223;5
223;18
223;23
223;62
223;112
223;237
224;0
224;19
224;23
224;72
224;153
224;185
225;0
225;14
225;20
225;68
225;137
225;162
226;0
226;15
226;33
226;58
226;80
226;161
227;9
227;12
227;22
227;42
227;80
227;211
228;6
228;19
228;20
228;43
228;86
228;258
229;8
229;12
229;37
229;42
229;127
229;168
230;7
230;10
230;37
230;42
230;96
230;167
231;0
231;19
231;21
231;43
231;84
231;168
232;0
232;18
232;22
232;42
232;83
232;210
233;7
233;10
233;37
233;64
233;95
233;202
234;9
234;17
234;20
234;72
234;108
234;196
235;9
235;10
235;35
235;70
235;142
235;177
236;9
236;10
236;21
236;42
236;108
236;446
237;4
237;10
237;36
237;71
237;146
237;252
238;9
238;10
238;36
238;42
238;108
238;176
239;6
239;19
239;37
239;42
239;85
239;509
240;6
240;10
240;24
240;41
240;96
240;418
241;9
241;10
241;21
241;42
241;147
241;261
242;9
242;10
242;21
242;42
242;96
242;191
243;9
243;10
243;24
243;48
243;143
243;286
244;9
244;10
244;23
244;47
244;95
244;262
245;9
245;10
245;21
245;63
245;83
245;255
246;9
246;19
246;20
246;44
246;124
246;450
247;9
247;10
247;26
247;46
247;143
247;165
248;9
248;10
248;24
248;47
248;144
248;240
249;9
249;18
249;24
249;42
249;144
249;201
250;9
250;10
250;24
250;47
250;143
250;183
251;9
251;10
251;24
251;47
251;144
251;171
252;7
252;10
252;23
252;41
252;82
252;357
253;4
253;12
253;20
253;47
253;112
253;406
254;3
254;14
254;37
254;47
254;96
254;178
255;7
255;10
255;20
255;52
255;107
255;160
256;6
256;10
256;21
256;53
256;94
256;160
257;5
257;10
257;21
257;53
257;85
257;160
258;7
258;19
258;20
258;44
258;124
258;179
259;6
259;18
259;21
259;52
259;85
259;201
260;6
260;14
260;20
260;42
260;85
260;200
261;8
261;11
261;20
261;42
261;80
261;222
262;5
262;18
262;21
262;47
262;113
262;190
263;6
263;18
263;23
263;42
263;96
263;190
264;6
264;12
264;21
264;47
264;85
264;376
265;6
265;12
265;21
265;42
265;113
265;360
266;6
266;12
266;28
266;42
266;113
266;305
267;6
267;12
267;28
267;55
267;96
267;248
268;6
268;12
268;28
268;56
268;113
268;301
269;6
269;12
269;22
269;42
269;96
269;175
270;6
270;18
270;20
270;42
270;125
270;166
271;6
271;19
271;21
271;63
271;146
271;169
272;0
272;12
272;22
272;44
272;152
272;174
273;0
273;12
273;24
273;48
273;144
273;330
274;0
274;18
274;28
274;56
274;141
274;170
275;9
275;19
275;31
275;63
275;94
275;241
276;7
276;11
276;31
276;63
276;84
276;396
277;6
277;10
277;38
277;42
277;85
277;254
278;8
278;12
278;22
278;42
278;128
278;167
279;8
279;19
279;20
279;76
279;152
279;192
280;7
280;10
280;37
280;42
280;85
280;169
281;6
281;10
281;37
281;42
281;152
281;209
282;7
282;10
282;20
282;43
282;128
282;192
283;9
283;19
283;35
283;71
283;107
283;174
284;9
284;10
284;36
284;72
284;107
284;190
285;5
285;10
285;35
285;42
285;107
285;214
286;6
286;18
286;35
286;70
286;144
286;177
287;6
287;17
287;36
287;42
287;84
287;214
288;6
288;18
288;37
288;71
288;84
288;180
289;6
289;10
289;20
289;47
289;95
289;417
290;9
290;10
290;21
290;63
290;84
290;193
291;9
291;10
291;21
291;47
291;95
291;192
292;9
292;10
292;24
292;48
292;152
292;170
293;9
293;10
293;24
293;47
293;152
293;287
294;9
294;10
294;21
294;63
294;85
294;233
295;9
295;17
295;20
295;44
295;95
295;184
296;9
296;10
296;23
296;47
296;151
296;288
297;9
297;10
297;24
297;47
297;153
297;288
298;9
298;10
298;24
298;47
298;152
298;286
299;9
299;18
299;24
299;47
299;152
299;288
300;9
300;18
300;24
300;47
300;94
300;191
301;7
301;10
301;23
301;41
301;99
301;355
302;4
302;11
302;23
302;47
302;96
302;215
303;3
303;18
303;23
303;48
303;95
303;214
304;6
304;11
304;20
304;41
304;80
304;184
305;4
305;10
305;37
305;42
305;84
305;215
306;5
306;11
306;38
306;54
306;93
306;257
307;0
307;17
307;20
307;44
307;147
307;167
308;7
308;17
308;22
308;53
308;95
308;257
309;5
309;19
309;27
309;53
309;84
309;170
310;9
310;10
310;20
310;41
310;80
310;209
311;4
311;12
311;23
311;56
311;84
311;226
312;6
312;12
312;21
312;56
312;84
312;171
313;6
313;12
313;21
313;47
313;112
313;359
314;6
314;12
314;21
314;55
314;112
314;171
315;6
315;12
315;21
315;56
315;84
315;192
316;6
316;12
316;21
316;42
316;86
316;207
317;6
317;12
317;21
317;56
317;117
317;208
318;6
318;12
318;28
318;49
318;85
318;209
319;5
319;19
319;20
319;50
319;138
319;176
320;4
320;17
320;28
320;56
320;141
320;296
321;0
321;12
321;27
321;55
321;82
321;192
322;8
322;12
322;23
322;49
322;123
322;298
323;6
323;10
323;23
323;47
323;118
323;282
324;6
324;12
324;21
324;42
324;104
324;272
325;7
325;13
325;20
325;42
325;81
325;410
326;6
326;14
326;24
326;48
326;121
326;192
327;8
327;12
327;37
327;42
327;94
327;188
328;8
328;10
328;37
328;64
328;95
328;227
329;7
329;10
329;21
329;42
329;84
329;316
330;8
330;11
330;21
330;42
330;106
330;318
331;7
331;18
331;21
331;41
331;126
331;315
332;9
332;19
332;21
332;42
332;105
332;206
333;9
333;10
333;21
333;42
333;105
333;206
334;9
334;10
334;21
334;42
334;106
334;189
335;9
335;10
335;21
335;63
335;105
335;230
336;5
336;10
336;21
336;64
336;85
336;233
337;6
337;11
337;24
337;72
337;143
337;237
338;6
338;10
338;21
338;47
338;141
338;418
339;9
339;10
339;24
339;47
339;142
339;237
340;9
340;10
340;23
340;48
340;96
340;236
341;9
341;10
341;20
341;41
341;102
341;243
342;9
342;10
342;34
342;52
342;96
342;277
343;9
343;10
343;35
343;53
343;88
343;247
344;8
344;17
344;20
344;53
344;107
344;232
345;8
345;18
345;35
345;53
345;106
345;247
346;9
346;18
346;36
346;55
346;126
346;253
347;7
347;10
347;24
347;75
347;143
347;252
348;7
348;10
348;23
348;67
348;148
348;255
349;9
349;19
349;23
349;47
349;143
349;266
350;6
350;10
350;23
350;40
350;116
350;418
351;5
351;10
351;21
351;47
351;148
351;179
352;5
352;11
352;23
352;42
352;154
352;200
353;9
353;10
353;38
353;53
353;132
353;187
354;9
354;10
354;27
354;42
354;106
354;185
355;8
355;10
355;26
355;53
355;85
355;187
356;5
356;19
356;20
356;44
356;86
356;172
357;6
357;11
357;27
357;47
357;95
357;189
358;6
358;12
358;20
358;48
358;96
358;239
359;9
359;10
359;20
359;44
359;87
359;175
360;6
360;12
360;28
360;42
360;84
360;249
361;6
361;18
361;28
361;42
361;84
361;253
362;6
362;12
362;24
362;42
362;84
362;253
363;6
363;12
363;21
363;42
363;84
363;169
364;6
364;18
364;21
364;42
364;84
364;211
365;6
365;12
365;37
365;79
365;114
365;259
366;6
366;12
366;36
366;71
366;142
366;178
367;6
367;12
367;36
367;72
367;143
367;179
368;6
368;17
368;20
368;44
368;107
368;418
369;6
369;12
369;36
369;73
369;142
369;178
370;6
370;11
370;38
370;76
370;152
370;190
371;0
371;12
371;38
371;76
371;151
371;264
372;0
372;12
372;21
372;75
372;113
372;262
373;2
373;12
373;21
373;42
373;85
373;170
374;9
374;12
374;23
374;49
374;84
374;167
375;6
375;11
375;25
375;42
375;84
375;168
376;3
376;11
376;39
376;43
376;85
376;256
377;8
377;10
377;22
377;42
377;84
377;256
378;7
378;13
378;35
378;69
378;104
378;206
379;7
379;13
379;21
379;42
379;127
379;170
380;7
380;17
380;20
380;70
380;106
380;176
381;7
381;17
381;35
381;70
381;140
381;176
382;5
382;10
382;21
382;42
382;87
382;172
383;7
383;10
383;21
383;79
383;80
383;170
384;7
384;10
384;35
384;56
384;113
384;170
385;7
385;18
385;21
385;56
385;143
385;170
386;7
386;14
386;35
386;42
386;113
386;406
387;6
387;18
387;21
387;42
387;113
387;409
388;7
388;18
388;35
388;56
388;114
388;228
389;7
389;18
389;21
389;56
389;113
389;169
390;7
390;18
390;21
390;57
390;114
390;170
391;7
391;18
391;35
391;42
391;114
391;169
392;7
392;13
392;36
392;42
392;119
392;195
393;7
393;17
393;20
393;44
393;159
393;236
394;7
394;17
394;21
394;42
394;84
394;179
395;7
395;17
395;36
395;42
395;84
395;168
396;0
396;18
396;35
396;42
396;84
396;354
397;0
397;18
397;35
397;56
397;113
397;169
398;0
398;18
398;36
398;56
398;84
398;202
399;6
399;10
399;23
399;41
399;87
399;417
400;3
400;11
400;24
400;42
400;84
400;169
401;3
401;13
401;35
401;43
401;84
401;168
402;6
402;11
402;20
402;42
402;84
402;208
403;7
403;13
403;20
403;42
403;83
403;170
404;7
404;13
404;20
404;42
404;85
404;169
405;6
405;17
405;20
405;42
405;133
405;184
406;7
406;18
406;35
406;56
406;83
406;170
407;7
407;19
407;36
407;42
407;84
407;170
408;7
408;10
408;23
408;71
408;87
408;168
409;7
409;14
409;36
409;71
409;84
409;178
410;7
410;14
410;35
410;70
410;114
410;168
411;7
411;14
411;35
411;71
411;142
411;419
412;7
412;14
412;35
412;44
412;84
412;169
413;7
413;14
413;36
413;47
413;84
413;236
414;7
414;17
414;27
414;71
414;123
414;242
415;7
415;11
415;25
415;43
415;130
415;173
416;4
416;15
416;25
416;42
416;128
416;189
417;7
417;19
417;20
417;40
417;103
417;183
418;7
418;10
418;21
418;42
418;107
418;169
419;3
419;10
419;21
419;42
419;130
419;168
420;2
420;10
420;21
420;42
420;134
420;252
421;2
421;11
421;21
421;42
421;151
421;168
422;9
422;11
422;21
422;42
422;158
422;253
423;9
423;11
423;24
423;42
423;159
423;160
424;5
424;12
424;24
424;64
424;158
424;160
425;8
425;12
425;24
425;56
425;158
425;168
426;7
426;10
426;28
426;56
426;95
426;168
427;8
427;16
427;37
427;57
427;96
427;160
428;8
428;16
428;28
428;47
428;141
428;167
429;8
429;18
429;20
429;43
429;93
429;203
430;9
430;18
430;35
430;70
430;105
430;244
431;9
431;10
431;36
431;71
431;107
431;285
432;9
432;10
432;33
432;42
432;107
432;246
433;7
433;18
433;31
433;63
433;125
433;251
434;6
434;18
434;35
434;42
434;127
434;177
435;9
435;12
435;36
435;42
435;83
435;206
436;6
436;10
436;36
436;56
436;84
436;223
437;9
437;10
437;28
437;56
437;85
437;169
438;9
438;10
438;28
438;56
438;84
438;169
439;9
439;10
439;28
439;56
439;84
439;169
440;9
440;10
440;28
440;56
440;84
440;225
441;9
441;10
441;36
441;42
441;124
441;165
442;9
442;10
442;24
442;48
442;141
442;236
443;9
443;10
443;24
443;47
443;94
443;165
444;9
444;10
444;24
444;47
444;95
444;166
445;9
445;10
445;24
445;48
445;95
445;166
446;9
446;10
446;24
446;47
446;95
446;165
447;9
447;10
447;21
447;48
447;89
447;167
448;6
448;10
448;20
448;47
448;142
448;417
449;3
449;18
449;22
449;71
449;98
449;277
450;0
450;16
450;35
450;47
450;82
450;306
451;6
451;10
451;32
451;53
451;152
451;234
452;5
452;10
452;32
452;53
452;107
452;246
453;5
453;10
453;31
453;53
453;85
453;212
454;5
454;17
454;20
454;41
454;133
454;235
455;6
455;11
455;36
455;71
455;107
455;284
456;6
456;10
456;26
456;47
456;108
456;283
457;7
457;10
457;23
457;63
457;122
457;247
458;6
458;12
458;32
458;63
458;94
458;287
459;6
459;12
459;35
459;56
459;80
459;275
460;6
460;12
460;28
460;79
460;83
460;163
461;6
461;12
461;28
461;70
461;84
461;168
462;6
462;12
462;28
462;70
462;85
462;169
463;6
463;12
463;28
463;56
463;85
463;170
464;6
464;12
464;28
464;56
464;85
464;169
465;6
465;12
465;28
465;56
465;84
465;169
466;6
466;14
466;25
466;54
466;94
466;188
467;0
467;11
467;23
467;47
467;94
467;236
468;9
468;12
468;24
468;48
468;95
468;239
469;8
469;10
469;24
469;47
469;141
469;165
470;9
470;10
470;24
470;47
470;95
470;166
471;9
471;11
471;24
471;47
471;94
471;166
472;7
472;11
472;24
472;45
472;81
472;352
473;8
473;10
473;24
473;42
473;84
473;160
474;8
474;19
474;24
474;63
474;143
474;228
475;8
475;10
475;37
475;47
475;152
475;192
476;6
476;12
476;38
476;56
476;141
476;481
477;6
477;12
477;37
477;63
477;152
477;248
478;9
478;16
478;20
478;43
478;124
478;200
479;9
479;10
479;35
479;70
479;105
479;175
480;9
480;10
480;27
480;42
480;84
480;214
481;9
481;10
481;32
481;42
481;95
481;169
482;7
482;18
482;31
482;63
482;94
482;189
483;7
483;18
483;28
483;42
483;106
483;189
484;7
484;13
484;29
484;41
484;82
484;424
485;6
485;10
485;36
485;56
485;139
485;221
486;9
486;10
486;28
486;57
486;85
486;227
487;9
487;10
487;28
487;56
487;84
487;225
488;7
488;19
488;28
488;56
488;85
488;226
489;7
489;19
489;28
489;55
489;85
489;192
490;7
490;18
490;28
490;48
490;113
490;195
491;9
491;10
491;20
491;63
491;105
491;184
492;9
492;10
492;21
492;63
492;105
492;287
493;9
493;10
493;21
493;63
493;106
493;232
494;9
494;10
494;21
494;63
494;106
494;233
495;9
495;10
495;21
495;63
495;106
495;232
496;9
496;10
496;22
496;43
496;106
496;408
497;6
497;18
497;36
497;72
497;107
497;252
498;3
498;11
498;35
498;71
498;107
498;178
499;0
499;12
499;22
499;69
499;82
499;472
500;6
500;10
500;22
500;48
500;106
500;172
501;3
501;10
501;21
501;47
501;95
501;214
502;9
502;11
502;21
502;63
502;84
502;257
503;6
503;17
503;22
503;64
503;159
503;195
504;7
504;11
504;22
504;47
504;84
504;171
505;7
505;11
505;21
505;47
505;84
505;171
506;6
506;10
506;31
506;63
506;94
506;220
507;3
507;12
507;24
507;56
507;94
507;227
508;7
508;12
508;24
508;42
508;112
508;227
509;7
509;12
509;28
509;58
509;83
509;163
510;7
510;12
510;28
510;56
510;84
510;225
511;7
511;12
511;35
511;57
511;85
511;226
512;7
512;12
512;35
512;56
512;84
512;208
513;9
513;11
513;28
513;56
513;117
513;356
514;7
514;14
514;21
514;42
514;105
514;210
515;7
515;17
515;20
515;43
515;106
515;173
516;7
516;14
516;22
516;54
516;140
516;160
517;7
517;10
517;27
517;67
517;154
517;175
518;8
518;11
518;29
518;57
518;85
518;228
519;6
519;11
519;21
519;58
519;142
519;171
520;9
520;10
520;32
520;63
520;159
520;160
521;9
521;10
521;28
521;40
521;80
521;410
522;4
522;19
522;37
522;42
522;85
522;170
523;8
523;18
523;24
523;42
523;85
523;169
524;7
524;10
524;24
524;41
524;85
524;297
525;5
525;16
525;21
525;40
525;85
525;236
526;9
526;10
526;21
526;40
526;93
526;186
527;7
527;19
527;20
527;71
527;141
527;184
528;9
528;17
528;21
528;71
528;127
528;287
529;9
529;10
529;21
529;42
529;85
529;170
530;9
530;11
530;37
530;41
530;83
530;288
531;5
531;10
531;35
531;71
531;89
531;168
532;9
532;10
532;35
532;72
532;84
532;252
533;9
533;12
533;22
533;43
533;82
533;211
534;5
534;10
534;21
534;42
534;95
534;169
535;6
535;10
535;24
535;47
535;96
535;177
536;6
536;17
536;23
536;47
536;95
536;237
537;3
537;10
537;24
537;48
537;95
537;261
538;8
538;10
538;25
538;43
538;106
538;196
539;2
539;19
539;20
539;42
539;126
539;247
540;3
540;17
540;26
540;40
540;123
540;237
541;3
541;10
541;21
541;47
541;144
541;289
542;2
542;19
542;28
542;47
542;95
542;189
543;2
543;19
543;28
543;47
543;94
543;189
544;9
544;19
544;28
544;47
544;84
544;189
545;9
545;18
545;28
545;47
545;94
545;485
546;6
546;18
546;24
546;42
546;113
546;418
547;3
547;18
547;24
547;47
547;93
547;187
548;0
548;19
548;24
548;46
548;94
548;431
549;7
549;10
549;21
549;53
549;106
549;160
550;8
550;10
550;31
550;53
550;85
550;334
551;8
551;10
551;31
551;47
551;128
551;322
552;6
552;17
552;20
552;44
552;86
552;173
553;3
553;16
553;23
553;47
553;96
553;288
554;9
554;16
554;23
554;47
554;141
554;281
555;6
555;18
555;21
555;46
555;87
555;173
556;6
556;10
556;35
556;56
556;83
556;167
557;6
557;10
557;35
557;42
557;85
557;169
558;6
558;10
558;35
558;56
558;85
558;169
559;6
559;12
559;35
559;42
559;84
559;168
560;6
560;12
560;35
560;79
560;83
560;166
561;6
561;12
561;35
561;71
561;141
561;247
562;6
562;12
562;20
562;74
562;83
562;225
563;6
563;12
563;37
563;56
563;94
563;189
564;6
564;19
564;20
564;44
564;133
564;174
565;6
565;19
565;37
565;73
565;111
565;183
566;6
566;18
566;37
566;75
566;110
566;493
567;6
567;11
567;39
567;40
567;120
567;242
568;6
568;10
568;21
568;76
568;113
568;167
569;6
569;11
569;21
569;63
569;85
569;168
570;7
570;10
570;23
570;41
570;84
570;168
571;4
571;11
571;20
571;42
571;84
571;252
572;3
572;12
572;21
572;42
572;84
572;169
573;6
573;10
573;28
573;42
573;80
573;194
574;7
574;14
574;28
574;65
574;97
574;162
575;7
575;13
575;28
575;72
575;108
575;179
576;7
576;17
576;20
576;71
576;124
576;201
577;7
577;17
577;28
577;71
577;141
577;177
578;7
578;13
578;28
578;42
578;80
578;164
579;6
579;14
579;28
579;42
579;85
579;183
580;7
580;14
580;28
580;42
580;143
580;183
581;7
581;14
581;28
581;42
581;143
581;169
582;8
582;11
582;23
582;42
582;83
582;409
583;7
583;14
583;35
583;42
583;114
583;355
584;7
584;14
584;28
584;42
584;113
584;170
585;7
585;14
585;28
585;42
585;114
585;443
586;7
586;13
586;28
586;42
586;113
586;162
587;7
587;14
587;28
587;42
587;114
587;170
588;7
588;12
588;20
588;45
588;121
588;194
589;6
589;13
589;21
589;46
589;104
589;483
590;7
590;14
590;21
590;67
590;113
590;209
591;7
591;17
591;20
591;55
591;101
591;166
592;7
592;10
592;24
592;41
592;104
592;285
593;4
593;10
593;25
593;42
593;99
593;189
594;2
594;14
594;20
594;41
594;81
594;413
595;6
595;10
595;28
595;61
595;81
595;418
596;4
596;10
596;30
596;61
596;94
596;194
597;6
597;14
597;20
597;44
597;107
597;211
598;6
598;13
598;27
598;42
598;83
598;168
599;7
599;13
599;26
599;42
599;84
599;168
600;7
600;13
600;26
600;42
600;85
600;168
601;7
601;19
601;20
601;42
601;84
601;160
602;7
602;10
602;27
602;56
602;84
602;170
603;6
603;13
603;21
603;41
603;84
603;170
604;6
604;14
604;35
604;71
604;99
604;178
605;7
605;15
605;28
605;71
605;113
605;169
606;7
606;14
606;35
606;70
606;114
606;171
607;7
607;14
607;28
607;42
607;84
607;365
608;7
608;14
608;28
608;42
608;85
608;169
609;7
609;14
609;28
609;42
609;113
609;224
610;7
610;14
610;27
610;42
610;113
610;177
611;9
611;10
611;25
611;42
611;100
611;248
612;4
612;14
612;20
612;42
612;81
612;243
613;6
613;19
613;20
613;40
613;131
613;166
614;3
614;15
614;20
614;75
614;140
614;162
615;3
615;19
615;35
615;72
615;142
615;166
616;2
616;17
616;20
616;53
616;159
616;195
617;0
617;17
617;21
617;75
617;154
617;375
618;2
618;19
618;20
618;72
618;134
618;380
619;0
619;17
619;34
619;76
619;140
619;160
620;0
620;11
620;22
620;72
620;159
620;164
621;0
621;16
621;21
621;42
621;87
621;460
622;7
622;10
622;23
622;70
622;80
622;169
623;7
623;14
623;31
623;63
623;156
623;161
624;7
624;14
624;35
624;71
624;106
624;177
625;6
625;10
625;35
625;71
625;106
625;177
626;5
626;10
626;36
626;71
626;107
626;178
627;5
627;10
627;35
627;71
627;107
627;178
628;7
628;10
628;23
628;41
628;100
628;250
629;6
629;10
629;32
629;63
629;100
629;252
630;6
630;10
630;31
630;63
630;157
630;252
631;6
631;10
631;32
631;63
631;126
631;253
632;6
632;10
632;32
632;63
632;158
632;253
633;6
633;10
633;32
633;63
633;158
633;253
634;6
634;10
634;32
634;63
634;158
634;253
635;6
635;19
635;32
635;63
635;158
635;189
636;6
636;19
636;32
636;63
636;158
636;253
637;6
637;19
637;31
637;63
637;157
637;252
638;6
638;19
638;32
638;63
638;95
638;254
639;6
639;19
639;31
639;63
639;94
639;253
640;6
640;19
640;32
640;65
640;97
640;260
641;6
641;19
641;31
641;63
641;94
641;249
642;6
642;19
642;32
642;63
642;157
642;499
643;6
643;19
643;31
643;63
643;95
643;188
644;6
644;19
644;32
644;63
644;157
644;165
645;3
645;16
645;32
645;63
645;142
645;187
646;7
646;13
646;32
646;63
646;94
646;495
647;6
647;18
647;33
647;65
647;100
647;165
648;6
648;13
648;31
648;70
648;106
648;178
649;6
649;10
649;35
649;71
649;106
649;178
650;6
650;18
650;35
650;71
650;106
650;177
651;6
651;11
651;35
651;71
651;106
651;177
652;7
652;11
652;24
652;71
652;80
652;199
653;6
653;12
653;34
653;69
653;104
653;173
654;6
654;12
654;28
654;57
654;85
654;170
655;6
655;12
655;28
655;56
655;84
655;168
656;6
656;18
656;28
656;56
656;84
656;168
657;6
657;18
657;28
657;56
657;84
657;169
658;6
658;12
658;28
658;56
658;84
658;168
659;6
659;12
659;28
659;56
659;84
659;168
660;6
660;18
660;28
660;56
660;85
660;254
661;6
661;18
661;28
661;56
661;84
661;169
662;6
662;18
662;28
662;56
662;84
662;168
663;6
663;18
663;28
663;56
663;84
663;168
664;6
664;18
664;29
664;57
664;86
664;171
665;6
665;12
665;28
665;56
665;84
665;165
666;6
666;12
666;27
666;54
666;83
666;163
667;6
667;12
667;25
667;57
667;141
667;177
668;4
668;10
668;28
668;71
668;85
668;256
669;5
669;14
669;28
669;56
669;84
669;164
670;7
670;10
670;35
670;56
670;85
670;461
671;6
671;11
671;21
671;56
671;84
671;503
672;6
672;18
672;21
672;63
672;84
672;254
673;6
673;11
673;21
673;64
673;85
673;170
674;6
674;11
674;21
674;63
674;84
674;190
675;6
675;11
675;21
675;63
675;105
675;172
676;5
676;11
676;28
676;42
676;85
676;458
677;5
677;10
677;25
677;52
677;147
677;190
678;5
678;10
678;25
678;75
678;81
678;296
679;5
679;11
679;28
679;56
679;84
679;169
680;5
680;10
680;28
680;56
680;84
680;253
681;5
681;11
681;28
681;57
681;85
681;254
682;5
682;11
682;28
682;56
682;84
682;253
683;5
683;11
683;28
683;56
683;84
683;253
684;5
684;11
684;28
684;56
684;84
684;253
685;5
685;11
685;28
685;56
685;84
685;253
686;5
686;10
686;28
686;57
686;85
686;254
687;3
687;10
687;28
687;56
687;85
687;254
688;5
688;16
688;28
688;56
688;84
688;210
689;5
689;10
689;28
689;56
689;84
689;251
690;3
690;11
690;29
690;58
690;86
690;259
691;5
691;10
691;31
691;63
691;95
691;167
692;5
692;12
692;31
692;63
692;95
692;221
693;3
693;10
693;32
693;63
693;95
693;253
694;2
694;10
694;32
694;63
694;95
694;253
695;4
695;11
695;32
695;63
695;95
695;252
696;3
696;11
696;21
696;63
696;95
696;253
697;5
697;11
697;21
697;63
697;95
697;253
698;5
698;10
698;31
698;63
698;95
698;253
699;3
699;11
699;32
699;63
699;95
699;253
700;2
700;10
700;32
700;63
700;95
700;252
701;6
701;10
701;32
701;63
701;95
701;253
702;5
702;10
702;21
702;64
702;95
702;169
703;5
703;11
703;21
703;70
703;106
703;295
704;6
704;11
704;23
704;71
704;143
704;285
705;6
705;10
705;35
705;71
705;106
705;284
706;2
706;10
706;36
706;71
706;107
706;179
707;9
707;10
707;35
707;70
707;106
707;176
708;9
708;10
708;36
708;72
708;143
708;180
709;6
709;16
709;35
709;70
709;105
709;244
710;0
710;16
710;36
710;72
710;108
710;217
711;8
711;16
711;35
711;71
711;107
711;180
712;0
712;16
712;33
712;71
712;83
712;475
713;8
713;16
713;31
713;73
713;159
713;163
714;6
714;16
714;36
714;73
714;159
714;173
715;6
715;12
715;37
715;69
715;159
715;164
716;9
716;11
716;35
716;72
716;142
716;175
717;6
717;12
717;36
717;71
717;106
717;178
718;2
718;12
718;35
718;69
718;104
718;174
719;8
719;15
719;31
719;63
719;124
719;265
720;9
720;19
720;30
720;64
720;96
720;272
721;9
721;18
721;28
721;58
721;115
721;233
722;8
722;10
722;28
722;56
722;113
722;254
723;5
723;11
723;28
723;56
723;113
723;199
724;6
724;18
724;29
724;64
724;158
724;256
725;6
725;18
725;32
725;63
725;94
725;257
726;7
726;16
726;36
726;72
726;145
726;178
727;5
727;15
727;35
727;71
727;141
727;282
728;5
728;11
728;36
728;70
728;140
728;282
729;6
729;10
729;22
729;40
729;150
729;356
730;8
730;12
730;20
730;71
730;135
730;248
731;8
731;16
731;35
731;71
731;106
731;177
732;8
732;16
732;24
732;71
732;142
732;248
733;8
733;16
733;24
733;70
733;141
733;247
734;8
734;16
734;32
734;63
734;95
734;188
735;7
735;17
735;20
735;44
735;110
735;180
736;4
736;13
736;28
736;56
736;124
736;251
737;5
737;19
737;29
737;57
737;116
737;228
738;9
738;10
738;28
738;56
738;97
738;251
739;9
739;10
739;29
739;44
739;88
739;230
740;9
740;10
740;28
740;56
740;81
740;278
741;9
741;12
741;29
741;43
741;110
741;211
742;5
742;10
742;23
742;47
742;94
742;265
743;9
743;10
743;24
743;47
743;84
743;265
744;9
744;10
744;23
744;67
744;84
744;218
745;6
745;19
745;28
745;56
745;94
745;355
746;9
746;10
746;28
746;47
746;117
746;355
747;9
747;19
747;20
747;43
747;126
747;194
748;9
748;17
748;20
748;44
748;113
748;217
749;9
749;10
749;23
749;40
749;151
749;161
750;9
750;12
750;20
750;41
750;80
750;239
751;6
751;10
751;20
751;50
751;95
751;190
752;3
752;10
752;25
752;54
752;132
752;168
753;8
753;10
753;20
753;60
753;131
753;357
754;5
754;16
754;21
754;48
754;131
754;170
755;5
755;11
755;21
755;48
755;151
755;160
756;5
756;11
756;20
756;45
756;94
756;210
757;6
757;17
757;31
757;53
757;84
757;168
758;6
758;11
758;32
758;53
758;96
758;179
759;8
759;10
759;20
759;44
759;124
759;275
760;5
760;16
760;26
760;53
760;145
760;247
761;6
761;16
761;27
761;43
761;80
761;291
762;5
762;19
762;21
762;41
762;80
762;162
763;6
763;12
763;21
763;63
763;131
763;237
764;6
764;12
764;23
764;47
764;131
764;251
765;6
765;12
765;36
765;77
765;131
765;301
766;6
766;12
766;28
766;56
766;131
766;228
767;6
767;12
767;28
767;55
767;83
767;174
768;6
768;12
768;28
768;57
768;83
768;205
769;6
769;12
769;28
769;56
769;83
769;197
770;6
770;12
770;28
770;57
770;83
770;169
771;6
771;12
771;28
771;56
771;83
771;279
772;6
772;17
772;20
772;56
772;141
772;252
773;6
773;12
773;30
773;42
773;85
773;169
774;6
774;18
774;30
774;42
774;84
774;469
775;9
775;18
775;28
775;57
775;94
775;226
776;9
776;10
776;31
776;62
776;117
776;280
777;8
777;10
777;32
777;64
777;127
777;254
778;7
778;10
778;32
778;44
778;95
778;418
779;8
779;16
779;31
779;63
779;135
779;175
780;8
780;12
780;32
780;64
780;96
780;193
781;8
781;12
781;24
781;40
781;105
781;161
782;6
782;12
782;32
782;64
782;87
782;191
783;8
783;16
783;29
783;59
783;84
783;174
784;6
784;19
784;20
784;44
784;112
784;173
785;4
785;10
785;22
785;40
785;116
785;161
786;5
786;10
786;27
786;44
786;116
786;251
787;8
787;11
787;28
787;45
787;96
787;161
788;9
788;10
788;27
788;45
788;81
788;162
789;9
789;10
789;27
789;45
789;81
789;161
790;5
790;18
790;28
790;54
790;94
790;417
791;5
791;10
791;24
791;42
791;123
791;228
792;9
792;10
792;20
792;76
792;123
792;228
793;8
793;11
793;27
793;49
793;124
793;247
794;9
794;10
794;28
794;47
794;85
794;247
795;9
795;10
795;28
795;47
795;123
795;257
796;9
796;16
796;20
796;44
796;122
796;311
797;5
797;17
797;28
797;76
797;123
797;171
798;0
798;18
798;22
798;75
798;123
798;161
799;9
799;11
799;23
799;53
799;90
799;163
800;5
800;10
800;24
800;43
800;80
800;251
801;5
801;14
801;24
801;42
801;112
801;167
802;6
802;11
802;36
802;48
802;114
802;201
803;5
803;10
803;27
803;43
803;80
803;201
804;5
804;11
804;27
804;43
804;123
804;226
805;9
805;14
805;23
805;42
805;96
805;160
806;6
806;11
806;32
806;53
806;85
806;216
807;3
807;11
807;22
807;53
807;96
807;169
808;8
808;17
808;20
808;44
808;125
808;311
809;5
809;11
809;26
809;48
809;124
809;171
810;5
810;11
810;22
810;44
810;138
810;281
811;9
811;19
811;20
811;44
811;90
811;160
812;6
812;18
812;24
812;65
812;130
812;190
813;6
813;18
813;28
813;42
813;83
813;190
814;6
814;18
814;28
814;42
814;130
814;190
815;6
815;18
815;35
815;71
815;84
815;179
816;3
816;12
816;35
816;70
816;140
816;177
817;6
817;12
817;32
817;64
817;127
817;255
818;9
818;10
818;32
818;62
818;94
818;322
819;9
819;10
819;27
819;48
819;136
819;168
820;9
820;10
820;28
820;56
820;84
820;250
821;4
821;18
821;28
821;42
821;111
821;168
822;2
822;18
822;29
822;42
822;127
822;251
823;3
823;18
823;31
823;62
823;93
823;248
824;3
824;16
824;35
824;71
824;112
824;225
825;3
825;15
825;35
825;70
825;113
825;170
826;3
826;13
826;34
826;70
826;113
826;172
827;6
827;10
827;25
827;73
827;110
827;169
828;7
828;12
828;35
828;70
828;95
828;175
829;8
829;12
829;36
829;72
829;107
829;179
830;8
830;16
830;35
830;71
830;106
830;177
831;8
831;16
831;35
831;70
831;105
831;176
832;7
832;10
832;32
832;64
832;96
832;160
833;6
833;17
833;20
833;55
833;142
833;173
834;4
834;17
834;28
834;56
834;116
834;195
835;5
835;18
835;28
835;56
835;116
835;198
836;9
836;17
836;28
836;56
836;80
836;254
837;9
837;10
837;27
837;56
837;90
837;253
838;6
838;19
838;25
838;49
838;80
838;174
839;9
839;14
839;21
839;42
839;90
839;164
840;5
840;14
840;21
840;42
840;114
840;160
841;5
841;14
841;21
841;42
841;122
841;160
842;8
842;10
842;29
842;48
842;86
842;160
843;4
843;10
843;28
843;57
843;84
843;327
844;9
844;10
844;21
844;56
844;122
844;355
845;9
845;17
845;20
845;41
845;82
845;184
846;5
846;14
846;21
846;43
846;90
846;189
847;5
847;14
847;34
847;40
847;134
847;223
848;9
848;10
848;23
848;42
848;126
848;252
849;5
849;10
849;33
849;73
849;152
849;246
850;3
850;14
850;32
850;56
850;149
850;169
851;8
851;16
851;27
851;43
851;91
851;201
852;9
852;16
852;22
852;48
852;132
852;180
853;5
853;16
853;27
853;48
853;132
853;170
854;9
854;14
854;23
854;40
854;94
854;182
855;5
855;11
855;21
855;53
855;94
855;301
856;5
856;11
856;21
856;43
856;84
856;181
857;6
857;17
857;20
857;43
857;147
857;168
858;5
858;11
858;20
858;43
858;129
858;163
859;5
859;16
859;21
859;42
859;144
859;189
860;7
860;19
860;21
860;42
860;115
860;205
861;6
861;11
861;21
861;63
861;83
861;214
862;6
862;12
862;24
862;48
862;83
862;202
863;6
863;12
863;24
863;42
863;83
863;297
864;6
864;12
864;28
864;56
864;85
864;230
865;6
865;13
865;28
865;71
865;84
865;198
866;5
866;12
866;28
866;57
866;83
866;168
867;5
867;12
867;28
867;56
867;83
867;198
868;6
868;12
868;28
868;48
868;85
868;257
869;3
869;11
869;28
869;56
869;83
869;283
870;4
870;19
870;20
870;42
870;139
870;210
871;3
871;18
871;28
871;53
871;84
871;168
872;3
872;12
872;26
872;53
872;85
872;286
873;3
873;10
873;28
873;42
873;106
873;258
874;8
874;12
874;32
874;63
874;124
874;287
875;8
875;10
875;31
875;63
875;125
875;282
876;8
876;15
876;28
876;56
876;136
876;216
877;8
877;16
877;28
877;56
877;135
877;224
878;8
878;16
878;29
878;56
878;135
878;216
879;6
879;17
879;28
879;56
879;124
879;249
880;6
880;12
880;28
880;56
880;83
880;195
881;6
881;12
881;25
881;79
881;80
881;160
882;9
882;17
882;20
882;44
882;80
882;184
883;9
883;10
883;26
883;44
883;116
883;251
884;9
884;10
884;26
884;72
884;116
884;161
885;6
885;10
885;20
885;41
885;83
885;161
886;7
886;18
886;29
886;58
886;87
886;161
887;6
887;18
887;20
887;78
887;87
887;178
888;9
888;14
888;28
888;52
888;90
888;418
889;9
889;10
889;28
889;66
889;123
889;209
890;9
890;10
890;28
890;42
890;123
890;228
891;9
891;10
891;28
891;47
891;86
891;190
892;3
892;10
892;26
892;47
892;86
892;180
893;5
893;10
893;29
893;47
893;123
893;219
894;4
894;16
894;20
894;48
894;124
894;311
895;3
895;19
895;28
895;76
895;123
895;171
896;3
896;10
896;33
896;67
896;123
896;180
897;8
897;10
897;20
897;44
897;86
897;163
898;5
898;10
898;28
898;43
898;80
898;179
899;5
899;15
899;24
899;47
899;84
899;290
900;8
900;10
900;36
900;47
900;132
900;200
901;5
901;10
901;27
901;64
901;80
901;161
902;5
902;16
902;35
902;43
902;132
902;177
903;9
903;13
903;23
903;42
903;96
903;160
904;5
904;10
904;32
904;53
904;85
904;201
905;9
905;10
905;22
905;43
905;84
905;169
906;6
906;17
906;20
906;44
906;124
906;184
907;5
907;11
907;38
907;48
907;80
907;251
908;5
908;11
908;22
908;47
908;159
908;160
909;6
909;12
909;29
909;53
909;138
909;161
910;6
910;12
910;24
910;53
910;83
910;262
911;6
911;12
911;21
911;47
911;83
911;230
912;6
912;12
912;28
912;47
912;83
912;357
913;0
913;12
913;28
913;56
913;83
913;174
914;4
914;12
914;28
914;55
914;132
914;167
915;3
915;12
915;28
915;47
915;85
915;244
916;9
916;10
916;25
916;47
916;84
916;221
917;5
917;11
917;25
917;48
917;120
917;169
918;2
918;18
918;20
918;47
918;94
918;187
919;2
919;19
919;20
919;62
919;156
919;174
920;0
920;19
920;20
920;53
920;93
920;167
921;0
921;15
921;21
921;67
921;151
921;168
922;0
922;19
922;38
922;61
922;154
922;172
923;0
923;19
923;39
923;53
923;123
923;172
924;9
924;12
924;23
924;42
924;80
924;212
925;6
925;18
925;23
925;43
925;85
925;173
926;8
926;16
926;24
926;46
926;87
926;185
927;8
927;16
927;24
927;47
927;95
927;189
928;6
928;12
928;24
928;48
928;95
928;190
929;6
929;12
929;39
929;42
929;83
929;165
930;6
930;11
930;25
930;42
930;83
930;250
931;9
931;17
931;20
931;42
931;86
931;169
932;9
932;18
932;26
932;42
932;85
932;492
933;9
933;18
933;36
933;71
933;142
933;250
934;6
934;10
934;35
934;70
934;105
934;174
935;7
935;13
935;35
935;70
935;105
935;175
936;6
936;13
936;35
936;72
936;106
936;176
937;7
937;10
937;20
937;75
937;82
937;190
938;9
938;10
938;28
938;42
938;84
938;169
939;9
939;10
939;28
939;42
939;85
939;168
940;9
940;10
940;35
940;71
940;140
940;175
941;9
941;10
941;28
941;70
941;143
941;251
942;9
942;10
942;28
942;71
942;143
942;251
943;9
943;17
943;20
943;67
943;136
943;170
944;7
944;19
944;31
944;63
944;157
944;252
945;0
945;19
945;32
945;63
945;159
945;253
946;7
946;10
946;28
946;56
946;139
946;167
947;7
947;14
947;28
947;56
947;84
947;252
948;7
948;14
948;28
948;57
948;142
948;256
949;7
949;10
949;20
949;55
949;84
949;409
950;4
950;11
950;28
950;56
950;84
950;165
951;3
951;13
951;26
951;52
951;80
951;245
952;7
952;10
952;20
952;70
952;87
952;160
953;9
953;11
953;21
953;73
953;155
953;161
954;9
954;11
954;21
954;56
954;127
954;334
955;7
955;19
955;20
955;41
955;113
955;293
956;5
956;11
956;37
956;74
956;112
956;260
957;9
957;11
957;38
957;75
957;113
957;301
958;7
958;10
958;38
958;76
958;113
958;303
959;6
959;12
959;37
959;74
959;111
959;259
960;7
960;12
960;38
960;75
960;113
960;263
961;9
961;12
961;20
961;42
961;83
961;407
962;6
962;12
962;32
962;64
962;114
962;192
963;3
963;12
963;35
963;71
963;106
963;248
964;8
964;12
964;33
964;70
964;137
964;173
965;9
965;10
965;27
965;66
965;124
965;167
966;9
966;10
966;27
966;73
966;157
966;242
967;9
967;17
967;20
967;43
967;124
967;171
968;8
968;17
968;28
968;55
968;83
968;182
969;6
969;12
969;32
969;72
969;158
969;314
970;5
970;10
970;31
970;62
970;145
970;189
971;6
971;10
971;32
971;63
971;95
971;191
972;3
972;11
972;32
972;63
972;142
972;190
973;7
973;10
973;25
973;77
973;84
973;165
974;8
974;12
974;20
974;64
974;83
974;165
975;8
975;12
975;37
975;43
975;128
975;191
976;8
976;12
976;37
976;77
976;152
976;191
977;7
977;10
977;24
977;48
977;129
977;191
978;7
978;17
978;24
978;47
978;151
978;191
979;8
979;10
979;20
979;46
979;129
979;191
980;8
980;17
980;20
980;70
980;140
980;245
981;9
981;18
981;36
981;71
981;143
981;251
982;9
982;10
982;33
982;42
982;84
982;419
983;9
983;10
983;32
983;63
983;126
983;314
984;8
984;10
984;25
984;42
984;144
984;169
985;6
985;10
985;25
985;42
985;85
985;169
986;6
986;10
986;23
986;57
986;84
986;309
987;9
987;10
987;28
987;56
987;84
987;253
988;9
988;10
988;28
988;56
988;84
988;253
989;9
989;10
989;28
989;56
989;84
989;225
990;9
990;10
990;28
990;56
990;84
990;253
991;6
991;19
991;28
991;56
991;84
991;251
992;6
992;19
992;20
992;46
992;137
992;369
993;6
993;10
993;24
993;48
993;118
993;238
994;7
994;10
994;24
994;48
994;96
994;287
995;8
995;12
995;24
995;47
995;94
995;236
996;9
996;10
996;22
996;47
996;93
996;168
997;9
997;10
997;23
997;46
997;93
997;198
998;7
998;11
998;20
998;64
998;107
998;247
999;4
999;10
999;35
999;70
999;105
999;247
1000;5
1000;11
1000;26
1000;42
1000;85
1000;168
1001;8
1001;10
1001;20
1001;41
1001;153
1001;171
1002;4
1002;18
1002;21
1002;42
1002;84
1002;214
1003;4
1003;18
1003;21
1003;42
1003;84
1003;170
1004;4
1004;17
1004;20
1004;43
1004;110
1004;167
1005;6
1005;11
1005;28
1005;42
1005;84
1005;170
1006;6
1006;11
1006;28
1006;45
1006;84
1006;386
1007;7
1007;11
1007;23
1007;41
1007;157
1007;225
1008;5
1008;12
1008;32
1008;63
1008;157
1008;160
1009;6
1009;12
1009;31
1009;63
1009;95
1009;252
1010;6
1010;12
1010;28
1010;55
1010;84
1010;165
1011;6
1011;12
1011;29
1011;56
1011;84
1011;170
1012;6
1012;12
1012;24
1012;56
1012;84
1012;169
1013;6
1013;10
1013;29
1013;57
1013;84
1013;172
1014;9
1014;10
1014;28
1014;56
1014;84
1014;196
1015;9
1015;10
1015;23
1015;44
1015;94
1015;209
1016;8
1016;19
1016;20
1016;42
1016;137
1016;170
1017;7
1017;18
1017;21
1017;63
1017;84
1017;169
1018;7
1018;18
1018;24
1018;48
1018;133
1018;288
1019;7
1019;11
1019;25
1019;55
1019;100
1019;320
1020;9
1020;10
1020;28
1020;53
1020;84
1020;278
1021;7
1021;10
1021;31
1021;61
1021;153
1021;273
1022;9
1022;12
1022;20
1022;51
1022;85
1022;411
1023;6
1023;18
1023;38
1023;77
1023;153
1023;194
1024;8
1024;19
1024;32
1024;79
1024;82
1024;249
1025;7
1025;11
1025;32
1025;42
1025;84
1025;254
1026;6
1026;12
1026;24
1026;42
1026;85
1026;169
1027;6
1027;18
1027;24
1027;42
1027;83
1027;167
1028;6
1028;11
1028;20
1028;41
1028;84
1028;166
1029;9
1029;17
1029;33
1029;67
1029;85
1029;176
1030;9
1030;18
1030;35
1030;71
1030;96
1030;251
1031;9
1031;18
1031;35
1031;70
1031;106
1031;176
1032;6
1032;11
1032;34
1032;66
1032;89
1032;167
1033;7
1033;13
1033;20
1033;46
1033;83
1033;173
1034;6
1034;13
1034;20
1034;47
1034;142
1034;206
1035;9
1035;10
1035;28
1035;47
1035;84
1035;418
1036;9
1036;10
1036;28
1036;47
1036;96
1036;258
1037;9
1037;10
1037;28
1037;47
1037;143
1037;239
1038;6
1038;10
1038;22
1038;42
1038;96
1038;232
1039;7
1039;19
1039;21
1039;42
1039;143
1039;160
1040;7
1040;13
1040;27
1040;43
1040;142
1040;496
1041;9
1041;17
1041;20
1041;56
1041;85
1041;251
1042;9
1042;10
1042;28
1042;56
1042;85
1042;226
1043;9
1043;10
1043;28
1043;56
1043;84
1043;196
1044;7
1044;11
1044;28
1044;56
1044;84
1044;196
1045;7
1045;11
1045;26
1045;47
1045;84
1045;370
1046;7
1046;11
1046;28
1046;47
1046;84
1046;442
1047;6
1047;10
1047;23
1047;47
1047;153
1047;161
1048;4
1048;11
1048;36
1048;75
1048;149
1048;186
1049;7
1049;11
1049;35
1049;42
1049;84
1049;167
1050;7
1050;10
1050;21
1050;63
1050;85
1050;172
1051;5
1051;11
1051;31
1051;47
1051;83
1051;165
1052;5
1052;11
1052;21
1052;42
1052;85
1052;173
1053;5
1053;17
1053;20
1053;44
1053;91
1053;276
1054;9
1054;10
1054;31
1054;43
1054;86
1054;171
1055;9
1055;16
1055;21
1055;47
1055;143
1055;190
1056;8
1056;10
1056;23
1056;45
1056;139
1056;188
1057;5
1057;12
1057;35
1057;42
1057;83
1057;166
1058;6
1058;18
1058;35
1058;42
1058;85
1058;169
1059;6
1059;18
1059;35
1059;42
1059;127
1059;254
1060;6
1060;18
1060;35
1060;56
1060;126
1060;253
1061;6
1061;12
1061;35
1061;71
1061;85
1061;254
1062;6
1062;12
1062;24
1062;79
1062;82
1062;288
1063;6
1063;12
1063;35
1063;71
1063;126
1063;247
1064;6
1064;12
1064;35
1064;71
1064;141
1064;248
1065;6
1065;19
1065;20
1065;71
1065;144
1065;247
1066;6
1066;12
1066;37
1066;41
1066;150
1066;187
1067;6
1067;11
1067;38
1067;76
1067;152
1067;190
1068;5
1068;10
1068;38
1068;76
1068;151
1068;302
1069;5
1069;10
1069;25
1069;76
1069;113
1069;264
1070;9
1070;10
1070;23
1070;42
1070;84
1070;168
1071;8
1071;10
1071;23
1071;42
1071;83
1071;169
1072;6
1072;10
1072;36
1072;43
1072;85
1072;170
1073;3
1073;17
1073;21
1073;42
1073;84
1073;168
1074;0
1074;13
1074;37
1074;43
1074;85
1074;168
1075;6
1075;10
1075;32
1075;42
1075;97
1075;195
1076;7
1076;13
1076;27
1076;70
1076;106
1076;177
1077;7
1077;18
1077;20
1077;71
1077;142
1077;177
1078;7
1078;19
1078;31
1078;42
1078;84
1078;176
1079;7
1079;13
1079;28
1079;42
1079;128
1079;187
1080;9
1080;13
1080;28
1080;42
1080;84
1080;171
1081;6
1081;10
1081;35
1081;42
1081;84
1081;169
1082;7
1082;14
1082;28
1082;42
1082;144
1082;170
1083;7
1083;14
1083;28
1083;42
1083;113
1083;408
1084;7
1084;14
1084;28
1084;42
1084;114
1084;465
1085;7
1085;14
1085;35
1085;42
1085;113
1085;272
1086;7
1086;14
1086;21
1086;43
1086;114
1086;161
1087;6
1087;14
1087;21
1087;56
1087;113
1087;170
1088;7
1088;14
1088;21
1088;42
1088;114
1088;169
1089;7
1089;14
1089;21
1089;42
1089;119
1089;197
1090;7
1090;19
1090;20
1090;40
1090;117
1090;175
1091;7
1091;11
1091;36
1091;56
1091;114
1091;351
1092;7
1092;11
1092;21
1092;42
1092;113
1092;190
1093;9
1093;10
1093;28
1093;56
1093;113
1093;185
1094;7
1094;11
1094;35
1094;56
1094;113
1094;168
1095;5
1095;15
1095;28
1095;56
1095;113
1095;169
1096;6
1096;10
1096;20
1096;62
1096;86
1096;418
1097;3
1097;14
1097;31
1097;63
1097;94
1097;184
1098;4
1098;10
1098;30
1098;60
1098;113
1098;200
1099;6
1099;10
1099;20
1099;42
1099;84
1099;168
1100;6
1100;13
1100;27
1100;42
1100;83
1100;169
1101;7
1101;13
1101;26
1101;42
1101;85
1101;171
1102;7
1102;19
1102;20
1102;42
1102;98
1102;170
1103;6
1103;10
1103;21
1103;63
1103;83
1103;170
1104;5
1104;11
1104;21
1104;42
1104;126
1104;168
1105;6
1105;10
1105;20
1105;71
1105;105
1105;250
1106;7
1106;14
1106;35
1106;71
1106;114
1106;178
1107;7
1107;14
1107;35
1107;56
1107;114
1107;177
1108;7
1108;14
1108;35
1108;42
1108;114
1108;419
1109;7
1109;14
1109;35
1109;42
1109;113
1109;177
1110;7
1110;14
1110;26
1110;42
1110;84
1110;308
1111;9
1111;17
1111;20
1111;42
1111;123
1111;243
1112;3
1112;13
1112;35
1112;42
1112;113
1112;241
1113;4
1113;10
1113;25
1113;41
1113;124
1113;289
1114;2
1114;19
1114;20
1114;40
1114;157
1114;160
1115;5
1115;17
1115;33
1115;67
1115;118
1115;197
1116;3
1116;15
1116;35
1116;68
1116;135
1116;166
1117;2
1117;19
1117;20
1117;54
1117;103
1117;184
1118;9
1118;17
1118;28
1118;57
1118;85
1118;227
1119;9
1119;14
1119;26
1119;53
1119;81
1119;192
1120;9
1120;13
1120;36
1120;71
1120;139
1120;205
1121;6
1121;11
1121;21
1121;58
1121;111
1121;160
1122;7
1122;11
1122;25
1122;58
1122;87
1122;480
1123;6
1123;12
1123;20
1123;43
1123;84
1123;485
1124;5
1124;14
1124;32
1124;64
1124;84
1124;160
1125;7
1125;14
1125;21
1125;71
1125;142
1125;178
1126;7
1126;10
1126;21
1126;71
1126;106
1126;177
1127;5
1127;11
1127;35
1127;71
1127;106
1127;177
1128;5
1128;11
1128;36
1128;71
1128;107
1128;178
1129;9
1129;10
1129;34
1129;47
1129;81
1129;198
1130;6
1130;18
1130;25
1130;71
1130;143
1130;276
1131;6
1131;19
1131;25
1131;63
1131;157
1131;227
1132;6
1132;12
1132;25
1132;63
1132;155
1132;170
1133;6
1133;13
1133;25
1133;63
1133;158
1133;189
1134;6
1134;13
1134;32
1134;63
1134;155
1134;171
1135;6
1135;12
1135;31
1135;63
1135;158
1135;275
1136;9
1136;10
1136;32
1136;63
1136;95
1136;249
1137;9
1137;10
1137;32
1137;63
1137;156
1137;189
1138;8
1138;12
1138;32
1138;63
1138;95
1138;253
1139;6
1139;10
1139;31
1139;63
1139;156
1139;210
1140;6
1140;10
1140;32
1140;64
1140;96
1140;160
1141;6
1141;10
1141;32
1141;64
1141;97
1141;162
1142;6
1142;10
1142;31
1142;62
1142;93
1142;178
1143;6
1143;10
1143;30
1143;62
1143;149
1143;474
1144;6
1144;10
1144;38
1144;63
1144;143
1144;428
1145;8
1145;19
1145;38
1145;63
1145;159
1145;268
1146;0
1146;19
1146;38
1146;63
1146;158
1146;253
1147;6
1147;16
1147;38
1147;63
1147;157
1147;451
1148;6
1148;18
1148;34
1148;65
1148;98
1148;166
1149;6
1149;12
1149;33
1149;64
1149;96
1149;161
1150;6
1150;19
1150;35
1150;71
1150;106
1150;177
1151;6
1151;11
1151;36
1151;71
1151;107
1151;178
1152;7
1152;18
1152;35
1152;71
1152;106
1152;177
1153;7
1153;10
1153;33
1153;71
1153;106
1153;177
1154;7
1154;10
1154;23
1154;68
1154;102
1154;237
1155;6
1155;12
1155;28
1155;57
1155;84
1155;171
1156;6
1156;12
1156;28
1156;56
1156;84
1156;169
1157;6
1157;18
1157;28
1157;56
1157;84
1157;168
1158;6
1158;12
1158;28
1158;56
1158;85
1158;169
1159;6
1159;18
1159;28
1159;56
1159;84
1159;168
1160;6
1160;18
1160;28
1160;56
1160;84
1160;169
1161;6
1161;18
1161;28
1161;56
1161;85
1161;169
1162;6
1162;18
1162;28
1162;56
1162;84
1162;169
1163;6
1163;12
1163;28
1163;56
1163;85
1163;169
1164;6
1164;12
1164;28
1164;57
1164;85
1164;255
1165;6
1165;12
1165;28
1165;55
1165;83
1165;167
1166;6
1166;12
1166;28
1166;57
1166;85
1166;254
1167;6
1167;12
1167;29
1167;58
1167;87
1167;175
1168;5
1168;12
1168;25
1168;56
1168;84
1168;169
1169;9
1169;14
1169;28
1169;56
1169;85
1169;168
1170;9
1170;15
1170;36
1170;56
1170;136
1170;162
1171;7
1171;11
1171;28
1171;56
1171;85
1171;177
1172;7
1172;10
1172;28
1172;56
1172;141
1172;494
1173;6
1173;19
1173;20
1173;57
1173;152
1173;274
1174;6
1174;18
1174;21
1174;62
1174;145
1174;296
1175;7
1175;10
1175;21
1175;63
1175;148
1175;189
1176;6
1176;11
1176;21
1176;42
1176;126
1176;173
1177;6
1177;11
1177;21
1177;63
1177;127
1177;488
1178;7
1178;11
1178;21
1178;41
1178;83
1178;175
1179;5
1179;10
1179;25
1179;76
1179;141
1179;169
1180;5
1180;10
1180;28
1180;56
1180;84
1180;253
1181;5
1181;10
1181;28
1181;56
1181;84
1181;252
1182;5
1182;10
1182;28
1182;56
1182;84
1182;168
1183;5
1183;11
1183;28
1183;56
1183;84
1183;252
1184;5
1184;11
1184;28
1184;56
1184;84
1184;169
1185;6
1185;10
1185;28
1185;56
1185;84
1185;169
1186;5
1186;10
1186;28
1186;56
1186;85
1186;169
1187;9
1187;10
1187;28
1187;56
1187;84
1187;169
1188;3
1188;11
1188;28
1188;56
1188;85
1188;254
1189;3
1189;11
1189;28
1189;57
1189;85
1189;254
1190;9
1190;10
1190;28
1190;56
1190;83
1190;166
1191;3
1191;10
1191;21
1191;57
1191;86
1191;256
1192;2
1192;11
1192;21
1192;63
1192;95
1192;210
1193;3
1193;10
1193;21
1193;63
1193;95
1193;221
1194;4
1194;10
1194;32
1194;63
1194;95
1194;253
1195;2
1195;11
1195;21
1195;63
1195;94
1195;252
1196;2
1196;11
1196;21
1196;63
1196;95
1196;252
1197;4
1197;10
1197;21
1197;63
1197;95
1197;253
1198;3
1198;10
1198;21
1198;63
1198;94
1198;251
1199;3
1199;11
1199;21
1199;63
1199;95
1199;254
1200;3
1200;10
1200;21
1200;63
1200;127
1200;224
1201;2
1201;11
1201;38
1201;63
1201;95
1201;252
1202;5
1202;10
1202;32
1202;63
1202;95
1202;189
1203;7
1203;10
1203;21
1203;63
1203;95
1203;168
1204;5
1204;11
1204;21
1204;63
1204;94
1204;169
1205;3
1205;11
1205;21
1205;71
1205;141
1205;281
1206;6
1206;10
1206;24
1206;71
1206;142
1206;213
1207;2
1207;11
1207;35
1207;71
1207;112
1207;169
1208;5
1208;10
1208;36
1208;71
1208;84
1208;179
1209;8
1209;10
1209;35
1209;71
1209;84
1209;284
1210;7
1210;10
1210;35
1210;70
1210;84
1210;246
1211;5
1211;16
1211;37
1211;74
1211;148
1211;223
1212;6
1212;16
1212;36
1212;71
1212;85
1212;170
1213;5
1213;16
1213;35
1213;69
1213;84
1213;180
1214;0
1214;14
1214;36
1214;71
1214;159
1214;482
1215;0
1215;14
1215;35
1215;75
1215;158
1215;176
1216;7
1216;13
1216;37
1216;73
1216;153
1216;249
1217;8
1217;13
1217;36
1217;70
1217;141
1217;164
1218;9
1218;18
1218;35
1218;72
1218;141
1218;175
1219;2
1219;17
1219;36
1219;72
1219;107
1219;180
1220;0
1220;16
1220;33
1220;65
1220;98
1220;266
1221;2
1221;16
1221;32
1221;63
1221;96
1221;254
1222;2
1222;14
1222;28
1222;62
1222;112
1222;216
1223;0
1223;14
1223;28
1223;56
1223;112
1223;225
1224;0
1224;15
1224;29
1224;58
1224;113
1224;202
1225;3
1225;14
1225;28
1225;56
1225;112
1225;197
1226;1
1226;16
1226;32
1226;63
1226;126
1226;284
1227;9
1227;16
1227;36
1227;71
1227;142
1227;178
1228;4
1228;18
1228;35
1228;71
1228;141
1228;177
1229;2
1229;18
1229;36
1229;71
1229;144
1229;178
1230;7
1230;12
1230;23
1230;41
1230;80
1230;201
1231;5
1231;12
1231;36
1231;72
1231;135
1231;256
1232;8
1232;16
1232;36
1232;71
1232;107
1232;178
1233;4
1233;11
1233;35
1233;71
1233;106
1233;177
1234;5
1234;10
1234;35
1234;70
1234;106
1234;176
1235;3
1235;16
1235;33
1235;64
1235;96
1235;160
1236;9
1236;16
1236;31
1236;62
1236;94
1236;209
1237;6
1237;17
1237;28
1237;57
1237;89
1237;255
1238;9
1238;17
1238;28
1238;56
1238;80
1238;254
1239;5
1239;10
1239;28
1239;57
1239;142
1239;255
1240;7
1240;10
1240;28
1240;57
1240;85
1240;282
1241;7
1241;18
1241;27
1241;55
1241;110
1241;192
1242;9
1242;19
1242;29
1242;44
1242;113
1242;255
1243;6
1243;14
1243;28
1243;48
1243;119
1243;217
1244;5
1244;19
1244;24
1244;56
1244;94
1244;217
1245;5
1245;10
1245;23
1245;47
1245;85
1245;217
1246;6
1246;10
1246;28
1246;47
1246;85
1246;171
1247;9
1247;10
1247;28
1247;47
1247;85
1247;274
1248;9
1248;10
1248;29
1248;48
1248;131
1248;161
1249;9
1249;19
1249;20
1249;44
1249;132
1249;160
1250;9
1250;18
1250;28
1250;47
1250;100
1250;208
1251;9
1251;10
1251;28
1251;43
1251;80
1251;167
1252;6
1252;10
1252;20
1252;42
1252;86
1252;166
1253;3
1253;11
1253;25
1253;52
1253;155
1253;170
1254;6
1254;12
1254;20
1254;60
1254;83
1254;174
1255;6
1255;16
1255;21
1255;49
1255;132
1255;161
1256;5
1256;16
1256;21
1256;49
1256;85
1256;160
1257;5
1257;10
1257;26
1257;46
1257;131
1257;160
1258;6
1258;10
1258;31
1258;53
1258;95
1258;234
1259;5
1259;11
1259;31
1259;53
1259;117
1259;322
1260;7
1260;11
1260;32
1260;69
1260;134
1260;373
1261;5
1261;17
1261;20
1261;44
1261;91
1261;381
1262;6
1262;16
1262;32
1262;43
1262;145
1262;470
1263;5
1263;16
1263;21
1263;41
1263;144
1263;164
1264;6
1264;18
1264;21
1264;43
1264;113
1264;167
1265;6
1265;19
1265;22
1265;43
1265;130
1265;168
1266;6
1266;18
1266;24
1266;48
1266;83
1266;168
1267;7
1267;10
1267;28
1267;57
1267;83
1267;168
1268;6
1268;18
1268;27
1268;54
1268;82
1268;237
1269;6
1269;18
1269;28
1269;77
1269;131
1269;199
1270;6
1270;12
1270;29
1270;58
1270;83
1270;452
1271;6
1271;12
1271;28
1271;56
1271;83
1271;223
1272;6
1272;12
1272;36
1272;42
1272;130
1272;355
1273;6
1273;17
1273;20
1273;55
1273;113
1273;167
1274;6
1274;12
1274;30
1274;42
1274;83
1274;168
1275;6
1275;18
1275;28
1275;56
1275;85
1275;169
1276;8
1276;10
1276;27
1276;47
1276;94
1276;322
1277;9
1277;10
1277;28
1277;55
1277;83
1277;276
1278;8
1278;17
1278;32
1278;63
1278;95
1278;255
1279;8
1279;10
1279;31
1279;41
1279;84
1279;355
1280;5
1280;16
1280;31
1280;63
1280;96
1280;251
1281;8
1281;12
1281;32
1281;63
1281;96
1281;189
1282;5
1282;12
1282;32
1282;63
1282;95
1282;190
1283;6
1283;12
1283;24
1283;62
1283;142
1283;185
1284;8
1284;12
1284;32
1284;64
1284;96
1284;191
1285;8
1285;12
1285;20
1285;44
1285;139
1285;203
1286;5
1286;18
1286;22
1286;53
1286;116
1286;161
1287;9
1287;10
1287;22
1287;71
1287;116
1287;251
1288;8
1288;10
1288;26
1288;45
1288;96
1288;251
1289;9
1289;10
1289;27
1289;45
1289;80
1289;171
1290;9
1290;10
1290;27
1290;54
1290;90
1290;161
1291;9
1291;14
1291;24
1291;57
1291;119
1291;408
1292;5
1292;14
1292;20
1292;57
1292;123
1292;171
1293;5
1293;19
1293;24
1293;56
1293;85
1293;180
1294;5
1294;18
1294;28
1294;66
1294;113
1294;228
1295;6
1295;10
1295;28
1295;48
1295;85
1295;170
1296;9
1296;10
1296;28
1296;47
1296;85
1296;171
1297;9
1297;10
1297;29
1297;44
1297;125
1297;209
1298;5
1298;17
1298;20
1298;40
1298;125
1298;236
1299;9
1299;17
1299;20
1299;75
1299;100
1299;161
1300;9
1300;14
1300;26
1300;47
1300;89
1300;161
1301;6
1301;15
1301;28
1301;42
1301;126
1301;251
1302;5
1302;10
1302;24
1302;42
1302;112
1302;167
1303;5
1303;14
1303;24
1303;52
1303;133
1303;202
1304;9
1304;10
1304;27
1304;44
1304;132
1304;418
1305;5
1305;10
1305;27
1305;43
1305;132
1305;226
1306;5
1306;15
1306;25
1306;46
1306;80
1306;288
1307;6
1307;10
1307;32
1307;53
1307;84
1307;178
1308;3
1308;11
1308;32
1308;42
1308;84
1308;252
1309;9
1309;10
1309;32
1309;42
1309;126
1309;168
1310;5
1310;17
1310;20
1310;40
1310;135
1310;184
1311;5
1311;11
1311;22
1311;54
1311;142
1311;245
1312;5
1312;12
1312;39
1312;40
1312;144
1312;172
1313;7
1313;18
1313;30
1313;42
1313;106
1313;214
1314;6
1314;12
1314;29
1314;42
1314;83
1314;199
1315;6
1315;12
1315;29
1315;77
1315;130
1315;173
1316;7
1316;10
1316;28
1316;71
1316;142
1316;177
1317;4
1317;12
1317;21
1317;70
1317;140
1317;168
1318;3
1318;12
1318;28
1318;63
1318;94
1318;252
1319;8
1319;11
1319;31
1319;64
1319;95
1319;223
1320;9
1320;12
1320;27
1320;50
1320;117
1320;211
1321;3
1321;10
1321;27
1321;55
1321;141
1321;355
1322;8
1322;18
1322;28
1322;42
1322;119
1322;166
1323;3
1323;12
1323;28
1323;42
1323;119
1323;167
1324;6
1324;12
1324;31
1324;63
1324;94
1324;255
1325;6
1325;10
1325;36
1325;72
1325;144
1325;253
1326;4
1326;10
1326;35
1326;71
1326;113
1326;169
1327;8
1327;10
1327;35
1327;70
1327;141
1327;283
1328;8
1328;11
1328;20
1328;43
1328;84
1328;256
1329;6
1329;10
1329;35
1329;70
1329;105
1329;176
1330;8
1330;16
1330;35
1330;71
1330;141
1330;178
1331;8
1331;10
1331;35
1331;71
1331;142
1331;177
1332;8
1332;16
1332;35
1332;71
1332;106
1332;177
1333;8
1333;10
1333;34
1333;64
1333;98
1333;193
1334;9
1334;19
1334;20
1334;62
1334;127
1334;190
1335;6
1335;10
1335;32
1335;56
1335;84
1335;161
1336;9
1336;13
1336;28
1336;56
1336;112
1336;168
1337;9
1337;10
1337;28
1337;57
1337;99
1337;224
1338;9
1338;18
1338;28
1338;45
1338;90
1338;226
1339;9
1339;10
1339;25
1339;55
1339;151
1339;189
1340;9
1340;10
1340;22
1340;42
1340;95
1340;202
1341;9
1341;14
1341;21
1341;42
1341;84
1341;167
1342;9
1342;10
1342;21
1342;42
1342;149
1342;170
1343;9
1343;10
1343;21
1343;42
1343;99
1343;254
1344;6
1344;10
1344;28
1344;47
1344;86
1344;254
1345;4
1345;19
1345;21
1345;42
1345;122
1345;250
1346;9
1346;10
1346;22
1346;43
1346;122
1346;194
1347;9
1347;18
1347;21
1347;43
1347;106
1347;160
1348;9
1348;19
1348;28
1348;41
1348;110
1348;221
1349;9
1349;13
1349;28
1349;43
1349;111
1349;249
1350;6
1350;18
1350;28
1350;42
1350;111
1350;257
1351;3
1351;14
1351;21
1351;42
1351;112
1351;257
1352;9
1352;10
1352;32
1352;43
1352;112
1352;172
1353;9
1353;16
1353;37
1353;53
1353;123
1353;170
1354;5
1354;10
1354;27
1354;43
1354;110
1354;266
1355;6
1355;16
1355;33
1355;43
1355;115
1355;229
1356;6
1356;10
1356;21
1356;53
1356;84
1356;224
1357;5
1357;11
1357;21
1357;53
1357;84
1357;436
1358;6
1358;11
1358;20
1358;54
1358;111
1358;366
1359;5
1359;19
1359;20
1359;48
1359;101
1359;221
1360;6
1360;16
1360;21
1360;48
1360;111
1360;223
1361;5
1361;19
1361;20
1361;41
1361;113
1361;165
1362;6
1362;10
1362;30
1362;42
1362;131
1362;251
1363;6
1363;11
1363;23
1363;56
1363;130
1363;214
1364;6
1364;12
1364;24
1364;49
1364;83
1364;168
1365;6
1365;11
1365;22
1365;56
1365;83
1365;170
1366;6
1366;18
1366;28
1366;71
1366;83
1366;294
1367;6
1367;12
1367;28
1367;47
1367;84
1367;199
1368;3
1368;12
1368;28
1368;57
1368;83
1368;255
1369;9
1369;12
1369;28
1369;56
1369;95
1369;223
1370;3
1370;12
1370;28
1370;56
1370;84
1370;168
1371;5
1371;17
1371;20
1371;56
1371;83
1371;195
1372;3
1372;18
1372;21
1372;56
1372;142
1372;213
1373;3
1373;18
1373;28
1373;56
1373;85
1373;484
1374;3
1374;11
1374;29
1374;52
1374;149
1374;171
1375;3
1375;11
1375;32
1375;63
1375;141
1375;257
1376;3
1376;11
1376;31
1376;62
1376;125
1376;281
1377;8
1377;10
1377;28
1377;56
1377;115
1377;418
1378;8
1378;16
1378;28
1378;56
1378;135
1378;197
1379;8
1379;16
1379;28
1379;56
1379;135
1379;176
1380;8
1380;11
1380;29
1380;41
1380;89
1380;258
1381;6
1381;12
1381;28
1381;41
1381;100
1381;250
1382;5
1382;12
1382;26
1382;59
1382;84
1382;319
1383;8
1383;19
1383;22
1383;42
1383;80
1383;167
1384;9
1384;18
1384;26
1384;43
1384;80
1384;161
1385;9
1385;18
1385;26
1385;72
1385;116
1385;162
1386;9
1386;11
1386;20
1386;79
1386;89
1386;169
1387;6
1387;18
1387;29
1387;53
1387;83
1387;161
1388;7
1388;12
1388;20
1388;42
1388;80
1388;161
1389;7
1389;10
1389;25
1389;48
1389;124
1389;213
1390;5
1390;14
1390;24
1390;47
1390;119
1390;171
1391;5
1391;19
1391;28
1391;66
1391;123
1391;161
1392;3
1392;17
1392;28
1392;47
1392;85
1392;181
1393;3
1393;10
1393;28
1393;48
1393;85
1393;170
1394;9
1394;10
1394;27
1394;47
1394;119
1394;199
1395;9
1395;10
1395;22
1395;42
1395;125
1395;404
1396;4
1396;17
1396;22
1396;76
1396;125
1396;335
1397;2
1397;10
1397;34
1397;67
1397;100
1397;180
1398;3
1398;11
1398;29
1398;53
1398;85
1398;160
1399;5
1399;15
1399;28
1399;43
1399;81
1399;169
1400;5
1400;14
1400;33
1400;56
1400;100
1400;185
1401;9
1401;11
1401;32
1401;47
1401;150
1401;170
1402;9
1402;10
1402;27
1402;75
1402;114
1402;247
1403;5
1403;10
1403;21
1403;43
1403;123
1403;170
1404;5
1404;11
1404;21
1404;41
1404;80
1404;168
1405;6
1405;11
1405;32
1405;53
1405;84
1405;188
1406;3
1406;10
1406;31
1406;64
1406;80
1406;188
1407;8
1407;11
1407;21
1407;44
1407;125
1407;274
1408;5
1408;17
1408;26
1408;48
1408;129
1408;432
1409;5
1409;11
1409;22
1409;49
1409;144
1409;169
1410;5
1410;13
1410;27
1410;45
1410;80
1410;169
1411;6
1411;18
1411;30
1411;65
1411;82
1411;262
1412;6
1412;12
1412;30
1412;42
1412;83
1412;263
1413;6
1413;12
1413;28
1413;53
1413;130
1413;230
1414;6
1414;12
1414;28
1414;56
1414;83
1414;237
1415;9
1415;12
1415;24
1415;53
1415;131
1415;237
1416;3
1416;12
1416;20
1416;56
1416;137
1416;237
1417;4
1417;17
1417;22
1417;40
1417;144
1417;165
1418;3
1418;12
1418;24
1418;48
1418;85
1418;168
1419;2
1419;13
1419;21
1419;67
1419;119
1419;281
1420;4
1420;10
1420;23
1420;46
1420;108
1420;161
1421;2
1421;17
1421;25
1421;67
1421;152
1421;168
1422;2
1422;17
1422;33
1422;59
1422;110
1422;199
1423;6
1423;10
1423;31
1423;40
1423;80
1423;168
1424;9
1424;18
1424;22
1424;62
1424;116
1424;215
1425;9
1425;18
1425;22
1425;72
1425;158
1425;242
1426;8
1426;17
1426;23
1426;40
1426;124
1426;174
1427;9
1427;10
1427;21
1427;42
1427;113
1427;186
1428;9
1428;10
1428;24
1428;48
1428;123
1428;170
1429;5
1429;10
1429;23
1429;56
1429;99
1429;168
1430;3
1430;10
1430;23
1430;44
1430;153
1430;186
1431;3
1431;15
1431;23
1431;56
1431;98
1431;296
1432;3
1432;11
1432;27
1432;57
1432;141
1432;445
1433;9
1433;10
1433;28
1433;56
1433;85
1433;254
1434;9
1434;11
1434;28
1434;56
1434;84
1434;253
1435;9
1435;10
1435;29
1435;57
1435;86
1435;258
1436;6
1436;18
1436;28
1436;57
1436;85
1436;286
1437;7
1437;11
1437;26
1437;56
1437;84
1437;165
1438;9
1438;10
1438;20
1438;60
1438;155
1438;357
1439;9
1439;11
1439;29
1439;57
1439;86
1439;284
1440;9
1440;11
1440;30
1440;44
1440;86
1440;240
1441;4
1441;11
1441;32
1441;63
1441;95
1441;252
1442;1
1442;11
1442;31
1442;63
1442;95
1442;256
1443;0
1443;11
1443;32
1443;63
1443;95
1443;253
1444;6
1444;11
1444;32
1444;63
1444;94
1444;255
1445;9
1445;11
1445;32
1445;63
1445;95
1445;254
1446;7
1446;11
1446;29
1446;79
1446;88
1446;270
1447;9
1447;10
1447;20
1447;75
1447;82
1447;168
1448;9
1448;10
1448;28
1448;56
1448;87
1448;286
1449;7
1449;10
1449;20
1449;40
1449;83
1449;206
1450;9
1450;10
1450;20
1450;42
1450;81
1450;166
1451;6
1451;18
1451;28
1451;56
1451;85
1451;254
1452;3
1452;10
1452;28
1452;56
1452;84
1452;169
1453;6
1453;12
1453;27
1453;55
1453;111
1453;168
1454;9
1454;10
1454;26
1454;53
1454;119
1454;215
1455;9
1455;13
1455;21
1455;42
1455;119
1455;167
1456;9
1456;13
1456;21
1456;53
1456;80
1456;488
1457;7
1457;13
1457;25
1457;63
1457;106
1457;205
1458;6
1458;14
1458;26
1458;45
1458;129
1458;258
1459;9
1459;19
1459;22
1459;45
1459;130
1459;258
1460;9
1460;10
1460;23
1460;62
1460;83
1460;224
1461;0
1461;12
1461;24
1461;47
1461;141
1461;163
1462;0
1462;12
1462;24
1462;47
1462;84
1462;174
1463;2
1463;12
1463;24
1463;56
1463;84
1463;167
1464;2
1464;12
1464;28
1464;56
1464;84
1464;167
1465;7
1465;12
1465;24
1465;56
1465;112
1465;170
1466;9
1466;12
1466;24
1466;56
1466;112
1466;171
1467;9
1467;12
1467;21
1467;49
1467;82
1467;172
1468;3
1468;12
1468;21
1468;47
1468;83
1468;168
1469;6
1469;10
1469;22
1469;48
1469;147
1469;192
1470;2
1470;10
1470;21
1470;52
1470;146
1470;168
1471;3
1471;11
1471;21
1471;74
1471;85
1471;168
1472;6
1472;10
1472;24
1472;40
1472;133
1472;178
1473;6
1473;11
1473;22
1473;45
1473;155
1473;203
1474;6
1474;11
1474;22
1474;79
1474;134
1474;179
1475;7
1475;10
1475;23
1475;67
1475;84
1475;277
1476;4
1476;12
1476;21
1476;66
1476;143
1476;173
1477;6
1477;12
1477;24
1477;72
1477;95
1477;215
1478;2
1478;18
1478;24
1478;71
1478;154
1478;167
1479;3
1479;10
1479;24
1479;68
1479;143
1479;297
1480;3
1480;10
1480;22
1480;46
1480;130
1480;298
1481;9
1481;10
1481;21
1481;63
1481;140
1481;297
1482;9
1482;11
1482;28
1482;56
1482;139
1482;166
1483;0
1483;11
1483;28
1483;56
1483;141
1483;310
1484;9
1484;11
1484;28
1484;57
1484;142
1484;171
1485;7
1485;14
1485;28
1485;55
1485;138
1485;498
1486;7
1486;10
1486;28
1486;50
1486;129
1486;405
1487;9
1487;10
1487;20
1487;41
1487;84
1487;376
1488;4
1488;10
1488;28
1488;56
1488;84
1488;194
1489;9
1489;10
1489;32
1489;63
1489;95
1489;190
1490;9
1490;10
1490;32
1490;63
1490;95
1490;190
1491;9
1491;10
1491;31
1491;63
1491;94
1491;220
1492;9
1492;10
1492;32
1492;63
1492;95
1492;285
1493;9
1493;10
1493;32
1493;63
1493;95
1493;254
1494;9
1494;10
1494;32
1494;65
1494;126
1494;193
1495;9
1495;10
1495;31
1495;63
1495;95
1495;252
1496;9
1496;10
1496;20
1496;48
1496;80
1496;253
1497;5
1497;14
1497;28
1497;56
1497;84
1497;241
1498;4
1498;14
1498;28
1498;42
1498;144
1498;168
1499;5
1499;14
1499;28
1499;42
1499;155
1499;357
1500;5
1500;14
1500;28
1500;56
1500;85
1500;166
1501;7
1501;14
1501;28
1501;56
1501;84
1501;252
1502;7
1502;13
1502;26
1502;43
1502;85
1502;237
1503;6
1503;10
1503;22
1503;55
1503;84
1503;190
1504;9
1504;10
1504;21
1504;42
1504;143
1504;165
1505;9
1505;10
1505;21
1505;42
1505;86
1505;378
1506;9
1506;10
1506;28
1506;48
1506;156
1506;205
1507;7
1507;10
1507;37
1507;47
1507;129
1507;232
1508;7
1508;12
1508;24
1508;50
1508;100
1508;166
1509;6
1509;14
1509;23
1509;61
1509;89
1509;229
1510;9
1510;14
1510;21
1510;40
1510;148
1510;173
1511;9
1511;10
1511;31
1511;56
1511;110
1511;253
1512;5
1512;10
1512;28
1512;57
1512;85
1512;253
1513;9
1513;10
1513;28
1513;56
1513;84
1513;251
1514;9
1514;10
1514;28
1514;44
1514;90
1514;424
1515;5
1515;10
1515;26
1515;44
1515;107
1515;314
1516;5
1516;10
1516;22
1516;42
1516;154
1516;190
1517;5
1517;10
1517;20
1517;41
1517;147
1517;244
1518;5
1518;10
1518;37
1518;44
1518;90
1518;201
1519;5
1519;10
1519;27
1519;45
1519;137
1519;245
1520;5
1520;10
1520;33
1520;45
1520;88
1520;191
1521;7
1521;10
1521;21
1521;41
1521;84
1521;232
1522;7
1522;10
1522;22
1522;43
1522;86
1522;216
1523;7
1523;10
1523;33
1523;44
1523;89
1523;176
1524;6
1524;11
1524;29
1524;58
1524;85
1524;258
1525;9
1525;10
1525;28
1525;56
1525;83
1525;278
1526;9
1526;10
1526;27
1526;55
1526;85
1526;281
1527;9
1527;10
1527;28
1527;57
1527;85
1527;199
1528;0
1528;19
1528;22
1528;42
1528;83
1528;226
1529;6
1529;19
1529;21
1529;64
1529;128
1529;162
1530;6
1530;10
1530;22
1530;61
1530;80
1530;174
1531;9
1531;10
1531;21
1531;42
1531;158
1531;252
1532;9
1532;10
1532;24
1532;65
1532;83
1532;172
1533;5
1533;10
1533;21
1533;42
1533;105
1533;193
1534;9
1534;11
1534;22
1534;43
1534;86
1534;272
1535;0
1535;19
1535;20
1535;57
1535;83
1535;454
1536;7
1536;10
1536;23
1536;69
1536;80
1536;311
1537;4
1537;10
1537;33
1537;68
1537;124
1537;160
1538;9
1538;17
1538;35
1538;70
1538;90
1538;280
1539;8
1539;18
1539;35
1539;71
1539;112
1539;166
1540;7
1540;16
1540;26
1540;42
1540;124
1540;452
1541;6
1541;14
1541;27
1541;56
1541;83
1541;235
1542;8
1542;19
1542;20
1542;54
1542;84
1542;174
1543;5
1543;10
1543;20
1543;42
1543;112
1543;165
1544;5
1544;10
1544;21
1544;42
1544;159
1544;175
1545;5
1545;15
1545;25
1545;55
1545;80
1545;184
1546;9
1546;10
1546;22
1546;44
1546;88
1546;177
1547;9
1547;10
1547;21
1547;42
1547;84
1547;481
1548;5
1548;12
1548;20
1548;41
1548;150
1548;162
1549;5
1549;10
1549;32
1549;64
1549;98
1549;162
1550;9
1550;10
1550;36
1550;71
1550;142
1550;177
1551;8
1551;12
1551;36
1551;71
1551;107
1551;179
1552;6
1552;10
1552;23
1552;63
1552;85
1552;177
1553;7
1553;10
1553;28
1553;55
1553;83
1553;166
1554;9
1554;18
1554;20
1554;56
1554;86
1554;170
1555;9
1555;13
1555;22
1555;70
1555;84
1555;165
1556;9
1556;13
1556;35
1556;72
1556;142
1556;163
1557;9
1557;10
1557;26
1557;71
1557;80
1557;178
1558;6
1558;12
1558;21
1558;64
1558;85
1558;223
1559;4
1559;18
1559;22
1559;64
1559;85
1559;204
1560;4
1560;17
1560;34
1560;50
1560;119
1560;284
1561;4
1561;17
1561;25
1561;63
1561;126
1561;248
1562;4
1562;17
1562;35
1562;70
1562;141
1562;246
1563;8
1563;17
1563;21
1563;42
1563;113
1563;454
1564;8
1564;16
1564;36
1564;72
1564;108
1564;247
1565;8
1565;16
1565;33
1565;56
1565;106
1565;167
1566;8
1566;17
1566;21
1566;56
1566;100
1566;169
1567;8
1567;19
1567;20
1567;56
1567;85
1567;236
1568;8
1568;16
1568;28
1568;56
1568;85
1568;169
1569;8
1569;16
1569;28
1569;42
1569;112
1569;482
1570;6
1570;19
1570;20
1570;40
1570;84
1570;170
1571;4
1571;13
1571;21
1571;43
1571;87
1571;282
1572;4
1572;16
1572;21
1572;67
1572;110
1572;178
1573;4
1573;13
1573;21
1573;61
1573;152
1573;175
1574;4
1574;13
1574;36
1574;72
1574;108
1574;287
1575;4
1575;13
1575;33
1575;70
1575;101
1575;249
1576;6
1576;10
1576;25
1576;43
1576;101
1576;168
1577;8
1577;17
1577;25
1577;56
1577;82
1577;168
1578;8
1578;16
1578;25
1578;56
1578;84
1578;166
1579;8
1579;17
1579;20
1579;54
1579;85
1579;236
1580;6
1580;13
1580;34
1580;70
1580;141
1580;166
1581;6
1581;13
1581;33
1581;53
1581;142
1581;180
1582;7
1582;10
1582;20
1582;56
1582;112
1582;174
1583;9
1583;10
1583;21
1583;56
1583;86
1583;168
1584;9
1584;10
1584;28
1584;57
1584;100
1584;243
1585;7
1585;12
1585;23
1585;47
1585;109
1585;216
1586;8
1586;16
1586;39
1586;42
1586;85
1586;170
1587;8
1587;16
1587;24
1587;42
1587;84
1587;253
1588;4
1588;12
1588;39
1588;43
1588;86
1588;174
1589;2
1589;16
1589;24
1589;41
1589;83
1589;207
1590;8
1590;11
1590;35
1590;71
1590;107
1590;177
1591;4
1591;17
1591;20
1591;72
1591;103
1591;241
1592;3
1592;17
1592;37
1592;56
1592;112
1592;249
1593;8
1593;19
1593;37
1593;47
1593;112
1593;178
1594;4
1594;11
1594;25
1594;48
1594;112
1594;417
1595;3
1595;19
1595;37
1595;40
1595;141
1595;202
1596;2
1596;18
1596;24
1596;56
1596;93
1596;190
1597;9
1597;10
1597;23
1597;56
1597;113
1597;411
1598;5
1598;16
1598;39
1598;40
1598;115
1598;231
1599;8
1599;19
1599;24
1599;42
1599;84
1599;252
1600;8
1600;11
1600;23
1600;42
1600;84
1600;252
1601;3
1601;18
1601;24
1601;41
1601;83
1601;251
1602;2
1602;18
1602;35
1602;70
1602;141
1602;177
1603;4
1603;11
1603;36
1603;71
1603;107
1603;179
1604;9
1604;10
1604;24
1604;70
1604;84
1604;322
1605;9
1605;10
1605;28
1605;76
1605;147
1605;168
1606;8
1606;10
1606;21
1606;76
1606;147
1606;236
1607;3
1607;10
1607;20
1607;62
1607;82
1607;322
1608;2
1608;10
1608;20
1608;40
1608;117
1608;424
1609;9
1609;10
1609;22
1609;42
1609;88
1609;200
1610;3
1610;11
1610;21
1610;50
1610;100
1610;250
1611;2
1611;11
1611;21
1611;51
1611;102
1611;160
1612;9
1612;10
1612;21
1612;56
1612;113
1612;169
1613;7
1613;11
1613;21
1613;56
1613;112
1613;168
1614;7
1614;18
1614;25
1614;56
1614;112
1614;168
1615;6
1615;10
1615;24
1615;57
1615;113
1615;170
1616;0
1616;18
1616;32
1616;56
1616;112
1616;167
1617;0
1617;19
1617;37
1617;57
1617;113
1617;170
1618;0
1618;19
1618;30
1618;56
1618;112
1618;168
1619;0
1619;19
1619;24
1619;56
1619;113
1619;169
1620;0
1620;19
1620;33
1620;56
1620;112
1620;168
1621;8
1621;16
1621;29
1621;56
1621;113
1621;169
1622;1
1622;18
1622;35
1622;56
1622;112
1622;168
1623;0
1623;13
1623;33
1623;56
1623;112
1623;168
1624;8
1624;14
1624;33
1624;56
1624;113
1624;169
1625;0
1625;19
1625;37
1625;56
1625;112
1625;167
1626;5
1626;16
1626;32
1626;56
1626;113
1626;169
1627;9
1627;15
1627;30
1627;56
1627;112
1627;167
1628;4
1628;19
1628;37
1628;57
1628;113
1628;168
1629;8
1629;18
1629;38
1629;56
1629;112
1629;168
1630;4
1630;10
1630;37
1630;57
1630;113
1630;170
1631;9
1631;15
1631;28
1631;56
1631;112
1631;168
1632;4
1632;16
1632;38
1632;57
1632;118
1632;168
1633;0
1633;19
1633;25
1633;64
1633;126
1633;256
1634;9
1634;12
1634;26
1634;64
1634;127
1634;191
1635;3
1635;13
1635;26
1635;71
1635;142
1635;213
1636;9
1636;13
1636;38
1636;71
1636;142
1636;212
1637;1
1637;14
1637;35
1637;71
1637;142
1637;283
1638;9
1638;10
1638;38
1638;71
1638;142
1638;213
1639;1
1639;10
1639;31
1639;71
1639;141
1639;212
1640;9
1640;15
1640;27
1640;71
1640;142
1640;214
1641;5
1641;10
1641;39
1641;71
1641;141
1641;212
1642;9
1642;13
1642;36
1642;71
1642;142
1642;214
1643;0
1643;13
1643;38
1643;71
1643;141
1643;212
1644;8
1644;13
1644;26
1644;71
1644;142
1644;214
1645;0
1645;14
1645;27
1645;71
1645;141
1645;212
1646;0
1646;14
1646;39
1646;70
1646;141
1646;211
1647;4
1647;14
1647;37
1647;59
1647;142
1647;186
1648;8
1648;15
1648;37
1648;73
1648;143
1648;170
1649;9
1649;12
1649;33
1649;46
1649;141
1649;166
1650;9
1650;16
1650;23
1650;79
1650;142
1650;169
1651;9
1651;10
1651;27
1651;67
1651;141
1651;220
1652;9
1652;14
1652;20
1652;77
1652;85
1652;207
1653;6
1653;12
1653;27
1653;76
1653;131
1653;186
1654;7
1654;15
1654;20
1654;50
1654;86
1654;294
1655;7
1655;13
1655;20
1655;48
1655;141
1655;380
1656;7
1656;14
1656;21
1656;44
1656;141
1656;364
1657;7
1657;14
1657;38
1657;49
1657;142
1657;364
1658;7
1658;13
1658;23
1658;47
1658;80
1658;160
1659;5
1659;10
1659;21
1659;79
1659;80
1659;160
1660;9
1660;18
1660;36
1660;40
1660;144
1660;249
1661;9
1661;17
1661;35
1661;71
1661;106
1661;283
1662;7
1662;14
1662;39
1662;40
1662;102
1662;363
1663;8
1663;16
1663;32
1663;40
1663;95
1663;191
1664;8
1664;16
1664;31
1664;40
1664;80
1664;220
1665;7
1665;14
1665;32
1665;40
1665;80
1665;222
1666;5
1666;17
1666;35
1666;70
1666;140
1666;245
1667;9
1667;18
1667;35
1667;71
1667;141
1667;248
1668;8
1668;18
1668;31
1668;63
1668;126
1668;253
1669;8
1669;16
1669;21
1669;40
1669;126
1669;253
1670;6
1670;14
1670;21
1670;41
1670;83
1670;178
1671;4
1671;11
1671;21
1671;42
1671;83
1671;167
1672;9
1672;10
1672;28
1672;41
1672;82
1672;248
1673;9
1673;10
1673;38
1673;75
1673;112
1673;263
1674;9
1674;10
1674;34
1674;73
1674;112
1674;260
1675;6
1675;10
1675;34
1675;44
1675;83
1675;167
1676;8
1676;17
1676;33
1676;65
1676;84
1676;260
1677;8
1677;17
1677;34
1677;67
1677;101
1677;202
1678;9
1678;19
1678;37
1678;42
1678;149
1678;186
1679;9
1679;10
1679;37
1679;75
1679;150
1679;263
1680;9
1680;10
1680;22
1680;42
1680;134
1680;202
1681;8
1681;10
1681;22
1681;42
1681;134
1681;251
1682;4
1682;10
1682;28
1682;42
1682;113
1682;169
1683;6
1683;11
1683;23
1683;45
1683;89
1683;178
1684;7
1684;10
1684;23
1684;45
1684;89
1684;179
1685;9
1685;10
1685;24
1685;42
1685;82
1685;166
1686;7
1686;10
1686;24
1686;79
1686;119
1686;278
1687;9
1687;10
1687;24
1687;44
1687;88
1687;177
1688;9
1688;10
1688;35
1688;71
1688;106
1688;247
1689;9
1689;10
1689;36
1689;71
1689;90
1689;213
1690;9
1690;10
1690;36
1690;45
1690;159
1690;160
1691;5
1691;10
1691;20
1691;79
1691;80
1691;160
1692;9
1692;10
1692;20
1692;79
1692;80
1692;160
1693;7
1693;11
1693;25
1693;45
1693;88
1693;160
1694;6
1694;18
1694;30
1694;45
1694;134
1694;169
1695;6
1695;12
1695;20
1695;47
1695;94
1695;188
1696;6
1696;13
1696;25
1696;47
1696;95
1696;190
1697;5
1697;11
1697;25
1697;45
1697;91
1697;183
1698;5
1698;11
1698;38
1698;42
1698;84
1698;252
1699;8
1699;10
1699;37
1699;40
1699;120
1699;169
1700;5
1700;10
1700;38
1700;78
1700;112
1700;233
1701;5
1701;10
1701;37
1701;75
1701;95
1701;188
1702;4
1702;10
1702;25
1702;40
1702;140
1702;223
1703;7
1703;11
1703;32
1703;47
1703;87
1703;175
1704;4
1704;16
1704;32
1704;47
1704;86
1704;179
1705;4
1705;14
1705;31
1705;47
1705;141
1705;188
1706;6
1706;12
1706;20
1706;48
1706;143
1706;190
1707;5
1707;10
1707;20
1707;41
1707;80
1707;167
1708;5
1708;11
1708;21
1708;48
1708;95
1708;189
1709;5
1709;11
1709;21
1709;47
1709;95
1709;189
1710;5
1710;11
1710;31
1710;48
1710;95
1710;191
1711;5
1711;11
1711;32
1711;47
1711;95
1711;190
1712;5
1712;11
1712;21
1712;43
1712;85
1712;169
1713;4
1713;13
1713;21
1713;42
1713;82
1713;171
1714;5
1714;12
1714;37
1714;74
1714;111
1714;222
1715;6
1715;12
1715;38
1715;76
1715;151
1715;189
1716;6
1716;12
1716;38
1716;76
1716;151
1716;189
1717;6
1717;12
1717;38
1717;76
1717;152
1717;190
1718;5
1718;17
1718;20
1718;65
1718;152
1718;221
1719;4
1719;11
1719;33
1719;66
1719;84
1719;232
1720;6
1720;13
1720;28
1720;75
1720;115
1720;222
1721;6
1721;12
1721;28
1721;56
1721;112
1721;255
1722;6
1722;13
1722;28
1722;75
1722;149
1722;256
1723;6
1723;12
1723;28
1723;56
1723;149
1723;256
1724;6
1724;12
1724;28
1724;56
1724;112
1724;200
1725;6
1725;13
1725;29
1725;57
1725;113
1725;236
1726;6
1726;13
1726;20
1726;47
1726;113
1726;304
1727;6
1727;13
1727;28
1727;70
1727;103
1727;253
1728;6
1728;12
1728;28
1728;75
1728;101
1728;201
1729;6
1729;13
1729;28
1729;74
1729;114
1729;228
1730;6
1730;12
1730;28
1730;75
1730;113
1730;169
1731;6
1731;11
1731;37
1731;79
1731;85
1731;162
1732;5
1732;11
1732;37
1732;57
1732;111
1732;168
1733;4
1733;13
1733;23
1733;56
1733;81
1733;169
1734;4
1734;12
1734;21
1734;56
1734;113
1734;225
1735;7
1735;17
1735;37
1735;42
1735;84
1735;168
1736;7
1736;14
1736;20
1736;55
1736;111
1736;189
1737;4
1737;11
1737;37
1737;52
1737;151
1737;266
1738;4
1738;19
1738;20
1738;47
1738;148
1738;169
1739;7
1739;14
1739;20
1739;40
1739;95
1739;385
1740;7
1740;14
1740;27
1740;54
1740;87
1740;218
1741;7
1741;13
1741;28
1741;57
1741;85
1741;189
1742;4
1742;14
1742;28
1742;55
1742;142
1742;189
1743;4
1743;16
1743;24
1743;47
1743;142
1743;478
1744;4
1744;16
1744;37
1744;40
1744;149
1744;255
1745;4
1745;16
1745;24
1745;74
1745;110
1745;294
1746;4
1746;16
1746;37
1746;47
1746;113
1746;210
1747;4
1747;16
1747;37
1747;47
1747;154
1747;190
1748;4
1748;16
1748;37
1748;47
1748;149
1748;186
1749;4
1749;16
1749;37
1749;75
1749;148
1749;261
1750;4
1750;17
1750;20
1750;76
1750;114
1750;169
1751;8
1751;12
1751;24
1751;75
1751;151
1751;188
1752;8
1752;19
1752;20
1752;47
1752;110
1752;167
1753;7
1753;11
1753;38
1753;40
1753;83
1753;196
1754;4
1754;11
1754;38
1754;76
1754;80
1754;226
1755;6
1755;10
1755;37
1755;42
1755;84
1755;252
1756;6
1756;13
1756;22
1756;42
1756;126
1756;200
1757;5
1757;11
1757;25
1757;42
1757;83
1757;208
1758;5
1758;11
1758;21
1758;43
1758;85
1758;213
1759;5
1759;10
1759;24
1759;42
1759;84
1759;209
1760;5
1760;10
1760;21
1760;42
1760;84
1760;210
1761;6
1761;17
1761;30
1761;42
1761;85
1761;213
1762;5
1762;17
1762;31
1762;42
1762;80
1762;274
1763;6
1763;12
1763;24
1763;47
1763;139
1763;385
1764;6
1764;12
1764;21
1764;56
1764;84
1764;201
1765;6
1765;12
1765;36
1765;47
1765;94
1765;319
1766;6
1766;12
1766;35
1766;59
1766;109
1766;385
1767;6
1767;10
1767;35
1767;75
1767;113
1767;321
1768;3
1768;12
1768;23
1768;40
1768;82
1768;387
1769;6
1769;12
1769;24
1769;47
1769;115
1769;320
1770;6
1770;12
1770;24
1770;47
1770;115
1770;201
1771;6
1771;12
1771;37
1771;62
1771;85
1771;262
1772;6
1772;12
1772;37
1772;51
1772;102
1772;204
1773;6
1773;13
1773;32
1773;47
1773;105
1773;163
1774;6
1774;13
1774;25
1774;56
1774;113
1774;170
1775;7
1775;13
1775;25
1775;57
1775;112
1775;386
1776;6
1776;13
1776;25
1776;57
1776;113
1776;170
1777;5
1777;11
1777;22
1777;56
1777;113
1777;169
1778;4
1778;10
1778;37
1778;46
1778;93
1778;162
1779;5
1779;11
1779;20
1779;44
1779;88
1779;175
1780;5
1780;10
1780;20
1780;47
1780;94
1780;170
1781;6
1781;10
1781;20
1781;47
1781;95
1781;196
1782;7
1782;11
1782;24
1782;41
1782;94
1782;167
1783;4
1783;10
1783;23
1783;56
1783;112
1783;167
1784;3
1784;14
1784;32
1784;67
1784;105
1784;164
1785;7
1785;14
1785;23
1785;53
1785;87
1785;224
1786;5
1786;14
1786;26
1786;63
1786;94
1786;164
1787;7
1787;11
1787;31
1787;55
1787;95
1787;162
1788;4
1788;16
1788;35
1788;44
1788;129
1788;224
1789;3
1789;13
1789;24
1789;50
1789;149
1789;200
1790;7
1790;11
1790;37
1790;47
1790;112
1790;171
1791;7
1791;10
1791;20
1791;44
1791;148
1791;223
1792;4
1792;16
1792;38
1792;56
1792;153
1792;197
1793;4
1793;12
1793;37
1793;47
1793;95
1793;189
1794;4
1794;16
1794;28
1794;47
1794;93
1794;186
1795;4
1795;16
1795;28
1795;44
1795;87
1795;176
1796;6
1796;15
1796;23
1796;42
1796;125
1796;250
1797;9
1797;14
1797;23
1797;55
1797;125
1797;186
1798;9
1798;10
1798;38
1798;75
1798;113
1798;190
1799;4
1799;16
1799;38
1799;44
1799;87
1799;191
1800;5
1800;10
1800;38
1800;76
1800;106
1800;169
1801;5
1801;10
1801;21
1801;41
1801;83
1801;165
1802;9
1802;10
1802;20
1802;75
1802;91
1802;171
1803;5
1803;16
1803;20
1803;75
1803;95
1803;239
1804;5
1804;10
1804;37
1804;47
1804;94
1804;237
1805;7
1805;10
1805;23
1805;60
1805;86
1805;170
1806;5
1806;11
1806;25
1806;47
1806;93
1806;186
1807;5
1807;11
1807;21
1807;54
1807;110
1807;220
1808;5
1808;11
1808;28
1808;54
1808;108
1808;271
1809;4
1809;12
1809;28
1809;49
1809;98
1809;168
1810;4
1810;12
1810;33
1810;43
1810;85
1810;212
1811;5
1811;17
1811;20
1811;43
1811;85
1811;196
1812;6
1812;12
1812;21
1812;48
1812;95
1812;236
1813;6
1813;12
1813;24
1813;43
1813;85
1813;224
1814;6
1814;12
1814;24
1814;41
1814;83
1814;188
1815;5
1815;10
1815;37
1815;73
1815;94
1815;182
1816;4
1816;10
1816;37
1816;75
1816;90
1816;262
1817;5
1817;15
1817;38
1817;55
1817;85
1817;200
1818;5
1818;13
1818;24
1818;56
1818;94
1818;323
1819;6
1819;13
1819;25
1819;77
1819;113
1819;193
1820;6
1820;13
1820;25
1820;47
1820;126
1820;227
1821;6
1821;13
1821;38
1821;40
1821;94
1821;271
1822;6
1822;13
1822;25
1822;47
1822;151
1822;250
1823;6
1823;13
1823;24
1823;63
1823;110
1823;249
1824;4
1824;19
1824;37
1824;47
1824;110
1824;319
1825;4
1825;10
1825;38
1825;75
1825;139
1825;204
1826;7
1826;10
1826;25
1826;62
1826;99
1826;319
1827;8
1827;16
1827;39
1827;79
1827;80
1827;282
1828;7
1828;15
1828;25
1828;42
1828;84
1828;363
1829;7
1829;11
1829;25
1829;43
1829;85
1829;203
1830;7
1830;12
1830;38
1830;42
1830;84
1830;252
1831;7
1831;13
1831;23
1831;41
1831;82
1831;251
1832;7
1832;10
1832;26
1832;79
1832;80
1832;255
1833;6
1833;10
1833;28
1833;64
1833;96
1833;198
1834;5
1834;11
1834;28
1834;63
1834;82
1834;167
1835;5
1835;11
1835;28
1835;42
1835;85
1835;166
1836;7
1836;18
1836;20
1836;54
1836;84
1836;200
1837;7
1837;14
1837;20
1837;41
1837;82
1837;325
1838;5
1838;17
1838;28
1838;56
1838;84
1838;225
1839;6
1839;10
1839;28
1839;57
1839;85
1839;198
1840;7
1840;19
1840;31
1840;65
1840;157
1840;362
1841;8
1841;19
1841;31
1841;47
1841;157
1841;293
1842;8
1842;19
1842;39
1842;47
1842;114
1842;258
1843;8
1843;19
1843;31
1843;76
1843;114
1843;387
1844;5
1844;11
1844;24
1844;48
1844;112
1844;189
1845;6
1845;13
1845;38
1845;77
1845;154
1845;192
1846;6
1846;12
1846;38
1846;75
1846;150
1846;187
1847;6
1847;12
1847;38
1847;76
1847;151
1847;189
1848;5
1848;17
1848;20
1848;76
1848;114
1848;250
1849;5
1849;10
1849;25
1849;47
1849;150
1849;203
1850;4
1850;16
1850;25
1850;63
1850;151
1850;460
1851;4
1851;16
1851;39
1851;40
1851;80
1851;278
1852;4
1852;16
1852;24
1852;42
1852;85
1852;256
1853;4
1853;11
1853;23
1853;42
1853;84
1853;253
1854;6
1854;17
1854;20
1854;42
1854;84
1854;200
1855;4
1855;13
1855;21
1855;42
1855;85
1855;255
1856;3
1856;10
1856;21
1856;42
1856;84
1856;293
1857;8
1857;13
1857;22
1857;40
1857;96
1857;320
1858;4
1858;10
1858;22
1858;48
1858;96
1858;186
1859;4
1859;10
1859;21
1859;47
1859;94
1859;188
1860;5
1860;19
1860;20
1860;42
1860;135
1860;189
1861;9
1861;19
1861;39
1861;40
1861;80
1861;278
1862;9
1862;19
1862;38
1862;45
1862;94
1862;189
1863;7
1863;19
1863;28
1863;40
1863;81
1863;170
1864;4
1864;19
1864;20
1864;42
1864;95
1864;190
1865;5
1865;19
1865;20
1865;42
1865;84
1865;188
1866;5
1866;10
1866;28
1866;42
1866;137
1866;200
1867;5
1867;14
1867;28
1867;47
1867;95
1867;320
1868;5
1868;14
1868;28
1868;47
1868;94
1868;391
1869;5
1869;15
1869;28
1869;45
1869;87
1869;392
1870;6
1870;16
1870;35
1870;47
1870;95
1870;263
1871;5
1871;16
1871;28
1871;56
1871;84
1871;187
1872;5
1872;14
1872;20
1872;47
1872;110
1872;197
1873;5
1873;14
1873;26
1873;47
1873;84
1873;316
1874;3
1874;14
1874;28
1874;47
1874;94
1874;199
1875;3
1875;14
1875;28
1875;47
1875;95
1875;253
1876;7
1876;14
1876;20
1876;47
1876;94
1876;321
1877;7
1877;14
1877;22
1877;43
1877;115
1877;309
1878;6
1878;15
1878;30
1878;43
1878;116
1878;170
1879;9
1879;10
1879;30
1879;40
1879;140
1879;339
1880;4
1880;10
1880;36
1880;47
1880;146
1880;237
1881;5
1881;19
1881;20
1881;44
1881;87
1881;198
1882;2
1882;10
1882;37
1882;56
1882;111
1882;199
1883;3
1883;10
1883;38
1883;75
1883;84
1883;252
1884;5
1884;10
1884;26
1884;45
1884;84
1884;253
1885;3
1885;11
1885;29
1885;53
1885;147
1885;190
1886;2
1886;10
1886;22
1886;63
1886;147
1886;177
1887;1
1887;11
1887;27
1887;58
1887;84
1887;253
1888;4
1888;13
1888;24
1888;42
1888;126
1888;253
1889;2
1889;10
1889;28
1889;42
1889;83
1889;167
1890;2
1890;10
1890;21
1890;42
1890;84
1890;168
1891;5
1891;10
1891;21
1891;42
1891;94
1891;168
1892;4
1892;10
1892;28
1892;47
1892;83
1892;167
1893;5
1893;10
1893;28
1893;47
1893;84
1893;210
1894;6
1894;17
1894;28
1894;42
1894;94
1894;169
1895;2
1895;10
1895;28
1895;42
1895;83
1895;167
1896;2
1896;19
1896;28
1896;42
1896;84
1896;210
1897;6
1897;17
1897;20
1897;44
1897;95
1897;197
1898;3
1898;19
1898;20
1898;50
1898;83
1898;331
1899;1
1899;19
1899;28
1899;47
1899;84
1899;209
1900;3
1900;19
1900;20
1900;57
1900;94
1900;169
1901;5
1901;19
1901;20
1901;56
1901;113
1901;177
1902;5
1902;19
1902;20
1902;58
1902;142
1902;195
1903;7
1903;10
1903;38
1903;75
1903;112
1903;444
1904;8
1904;19
1904;36
1904;73
1904;146
1904;255
1905;8
1905;19
1905;38
1905;76
1905;151
1905;264
1906;8
1906;19
1906;37
1906;74
1906;151
1906;188
1907;8
1907;16
1907;31
1907;42
1907;84
1907;168
1908;8
1908;16
1908;32
1908;42
1908;85
1908;296
1909;8
1909;19
1909;31
1909;44
1909;147
1909;185
1910;8
1910;19
1910;32
1910;48
1910;145
1910;194
1911;8
1911;16
1911;32
1911;47
1911;142
1911;189
1912;8
1912;19
1912;32
1912;47
1912;140
1912;234
1913;8
1913;19
1913;20
1913;47
1913;141
1913;188
1914;7
1914;19
1914;31
1914;47
1914;94
1914;234
1915;7
1915;19
1915;35
1915;44
1915;113
1915;183
1916;7
1916;10
1916;36
1916;72
1916;143
1916;179
1917;7
1917;19
1917;35
1917;71
1917;141
1917;176
1918;7
1918;14
1918;35
1918;70
1918;140
1918;175
1919;7
1919;14
1919;35
1919;70
1919;141
1919;176
1920;7
1920;19
1920;35
1920;70
1920;141
1920;175
1921;7
1921;14
1921;35
1921;70
1921;143
1921;176
1922;7
1922;14
1922;36
1922;73
1922;145
1922;182
1923;7
1923;10
1923;21
1923;73
1923;144
1923;171
1924;5
1924;11
1924;21
1924;73
1924;124
1924;176
1925;9
1925;10
1925;21
1925;70
1925;148
1925;164
1926;9
1926;10
1926;21
1926;70
1926;148
1926;170
1927;9
1927;10
1927;21
1927;63
1927;126
1927;191
1928;6
1928;10
1928;25
1928;50
1928;150
1928;238
1929;6
1929;12
1929;25
1929;61
1929;153
1929;245
1930;6
1930;12
1930;31
1930;61
1930;91
1930;244
1931;6
1931;13
1931;32
1931;62
1931;127
1931;161
1932;6
1932;13
1932;35
1932;70
1932;105
1932;246
1933;6
1933;12
1933;35
1933;71
1933;107
1933;285
1934;6
1934;12
1934;35
1934;70
1934;104
1934;181
1935;6
1935;14
1935;39
1935;40
1935;155
1935;271
1936;7
1936;14
1936;38
1936;76
1936;152
1936;190
1937;0
1937;14
1937;38
1937;76
1937;151
1937;189
1938;9
1938;13
1938;37
1938;74
1938;110
1938;259
1939;9
1939;10
1939;32
1939;61
1939;106
1939;190
1940;6
1940;10
1940;28
1940;42
1940;113
1940;377
1941;5
1941;11
1941;28
1941;57
1941;142
1941;389
1942;6
1942;18
1942;28
1942;56
1942;84
1942;168
1943;6
1943;12
1943;28
1943;56
1943;83
1943;501
1944;6
1944;12
1944;28
1944;56
1944;84
1944;252
1945;6
1945;12
1945;28
1945;56
1945;84
1945;252
1946;6
1946;12
1946;27
1946;55
1946;83
1946;499
1947;6
1947;12
1947;25
1947;49
1947;124
1947;247
1948;6
1948;12
1948;23
1948;47
1948;117
1948;282
1949;6
1949;12
1949;24
1949;48
1949;120
1949;288
1950;6
1950;12
1950;24
1950;48
1950;84
1950;239
1951;6
1951;12
1951;24
1951;48
1951;144
1951;239
1952;7
1952;10
1952;25
1952;51
1952;126
1952;177
1953;5
1953;10
1953;25
1953;50
1953;100
1953;176
1954;5
1954;10
1954;25
1954;50
1954;105
1954;177
1955;5
1955;11
1955;25
1955;50
1955;100
1955;177
1956;5
1956;11
1956;25
1956;42
1956;100
1956;225
1957;5
1957;11
1957;25
1957;50
1957;109
1957;176
1958;5
1958;11
1958;25
1958;56
1958;95
1958;224
1959;5
1959;10
1959;25
1959;50
1959;95
1959;299
1960;5
1960;11
1960;25
1960;50
1960;95
1960;301
1961;5
1961;11
1961;25
1961;50
1961;95
1961;303
1962;5
1962;11
1962;25
1962;50
1962;95
1962;302
1963;5
1963;11
1963;25
1963;49
1963;95
1963;223
1964;5
1964;10
1964;25
1964;51
1964;101
1964;228
1965;5
1965;11
1965;25
1965;50
1965;95
1965;223
1966;5
1966;11
1966;25
1966;50
1966;109
1966;225
1967;5
1967;10
1967;25
1967;50
1967;100
1967;225
1968;5
1968;11
1968;25
1968;50
1968;100
1968;175
1969;5
1969;10
1969;25
1969;50
1969;109
1969;176
1970;5
1970;10
1970;25
1970;75
1970;104
1970;224
1971;5
1971;11
1971;25
1971;51
1971;126
1971;178
1972;5
1972;11
1972;25
1972;50
1972;113
1972;176
1973;5
1973;11
1973;25
1973;49
1973;84
1973;221
1974;5
1974;10
1974;25
1974;51
1974;85
1974;178
1975;5
1975;10
1975;25
1975;49
1975;99
1975;222
1976;5
1976;11
1976;25
1976;50
1976;101
1976;227
1977;5
1977;11
1977;25
1977;50
1977;150
1977;225
1978;5
1978;11
1978;25
1978;50
1978;101
1978;177
1979;5
1979;11
1979;25
1979;51
1979;101
1979;178
1980;5
1980;11
1980;25
1980;49
1980;84
1980;172
1981;5
1981;11
1981;25
1981;51
1981;101
1981;177
1982;5
1982;11
1982;25
1982;50
1982;99
1982;174
1983;5
1983;11
1983;25
1983;42
1983;84
1983;299
1984;5
1984;11
1984;25
1984;42
1984;126
1984;177
1985;5
1985;11
1985;25
1985;42
1985;99
1985;298
1986;5
1986;11
1986;25
1986;42
1986;101
1986;177
1987;5
1987;10
1987;25
1987;42
1987;84
1987;173
1988;5
1988;11
1988;25
1988;51
1988;101
1988;177
1989;5
1989;11
1989;25
1989;50
1989;100
1989;176
1990;5
1990;11
1990;25
1990;50
1990;100
1990;175
1991;5
1991;10
1991;25
1991;50
1991;101
1991;177
1992;5
1992;11
1992;25
1992;50
1992;100
1992;225
1993;5
1993;11
1993;25
1993;50
1993;101
1993;262
1994;5
1994;11
1994;25
1994;51
1994;154
1994;177
1995;5
1995;11
1995;25
1995;42
1995;84
1995;168
1996;6
1996;11
1996;25
1996;50
1996;84
1996;176
1997;6
1997;11
1997;25
1997;50
1997;84
1997;175
1998;6
1998;12
1998;25
1998;42
1998;84
1998;175
1999;6
1999;18
1999;25
1999;51
1999;84
1999;177
2000;6
2000;12
2000;26
2000;52
2000;125
2000;181
2001;7
2001;11
2001;28
2001;42
2001;112
2001;252
2002;7
2002;10
2002;29
2002;42
2002;113
2002;253
2003;7
2003;10
2003;30
2003;47
2003;132
2003;243
2004;7
2004;19
2004;31
2004;48
2004;126
2004;250
2005;7
2005;19
2005;32
2005;47
2005;127
2005;258
2006;7
2006;10
2006;32
2006;63
2006;127
2006;191
2007;7
2007;19
2007;32
2007;63
2007;93
2007;190
2008;7
2008;19
2008;32
2008;47
2008;98
2008;253
2009;7
2009;10
2009;31
2009;50
2009;99
2009;245
2010;7
2010;14
2010;32
2010;50
2010;96
2010;192
2011;7
2011;10
2011;31
2011;63
2011;126
2011;251
2012;7
2012;10
2012;31
2012;62
2012;151
2012;248
2013;7
2013;15
2013;32
2013;64
2013;101
2013;257
2014;7
2014;14
2014;31
2014;63
2014;113
2014;242
2015;7
2015;10
2015;32
2015;64
2015;100
2015;190
2016;7
2016;16
2016;31
2016;64
2016;151
2016;251
2017;7
2017;16
2017;32
2017;64
2017;151
2017;202
2018;7
2018;11
2018;32
2018;63
2018;152
2018;252
2019;7
2019;11
2019;32
2019;64
2019;102
2019;188
2020;7
2020;10
2020;32
2020;64
2020;150
2020;192
2021;7
2021;10
2021;31
2021;63
2021;101
2021;251
2022;7
2022;10
2022;32
2022;63
2022;101
2022;190
2023;7
2023;10
2023;33
2023;65
2023;101
2023;253
2024;7
2024;10
2024;31
2024;63
2024;152
2024;252
2025;7
2025;10
2025;32
2025;75
2025;101
2025;253
2026;7
2026;10
2026;32
2026;63
2026;101
2026;191
2027;7
2027;10
2027;32
2027;64
2027;101
2027;253
2028;7
2028;10
2028;31
2028;63
2028;119
2028;188
2029;7
2029;10
2029;31
2029;75
2029;95
2029;189
2030;7
2030;10
2030;32
2030;63
2030;102
2030;189
2031;7
2031;10
2031;31
2031;63
2031;101
2031;188
2032;7
2032;11
2032;32
2032;63
2032;100
2032;188
2033;7
2033;11
2033;31
2033;62
2033;102
2033;188
2034;7
2034;10
2034;31
2034;63
2034;101
2034;250
2035;7
2035;10
2035;31
2035;63
2035;100
2035;251
2036;7
2036;10
2036;31
2036;63
2036;101
2036;252
2037;7
2037;10
2037;31
2037;63
2037;101
2037;250
2038;7
2038;11
2038;30
2038;63
2038;100
2038;182
2039;7
2039;18
2039;30
2039;63
2039;101
2039;251
2040;7
2040;18
2040;31
2040;62
2040;100
2040;253
2041;7
2041;18
2041;29
2041;50
2041;101
2041;251
2042;7
2042;12
2042;30
2042;60
2042;101
2042;297
2043;7
2043;12
2043;30
2043;50
2043;101
2043;228
2044;7
2044;12
2044;29
2044;77
2044;101
2044;187
2045;7
2045;12
2045;31
2045;60
2045;101
2045;188
2046;7
2046;12
2046;31
2046;77
2046;101
2046;254
2047;7
2047;12
2047;29
2047;75
2047;101
2047;188
2048;7
2048;12
2048;30
2048;59
2048;100
2048;189
2049;7
2049;12
2049;29
2049;60
2049;98
2049;257
2050;7
2050;18
2050;30
2050;48
2050;98
2050;189
2051;7
2051;18
2051;31
2051;73
2051;98
2051;254
2052;7
2052;18
2052;30
2052;60
2052;98
2052;241
2053;7
2053;12
2053;30
2053;60
2053;97
2053;243
2054;7
2054;14
2054;30
2054;60
2054;98
2054;181
2055;7
2055;14
2055;31
2055;48
2055;97
2055;189
2056;7
2056;18
2056;30
2056;73
2056;97
2056;236
2057;7
2057;17
2057;30
2057;61
2057;98
2057;243
2058;7
2058;10
2058;30
2058;60
2058;89
2058;237
2059;7
2059;11
2059;30
2059;60
2059;98
2059;240
2060;7
2060;18
2060;29
2060;48
2060;97
2060;233
2061;7
2061;18
2061;30
2061;61
2061;91
2061;239
2062;7
2062;18
2062;29
2062;60
2062;89
2062;248
2063;7
2063;18
2063;30
2063;60
2063;89
2063;242
2064;7
2064;18
2064;35
2064;77
2064;142
2064;258
2065;7
2065;18
2065;30
2065;60
2065;98
2065;189
2066;7
2066;18
2066;31
2066;42
2066;100
2066;240
2067;7
2067;18
2067;29
2067;52
2067;104
2067;186
2068;7
2068;12
2068;29
2068;51
2068;102
2068;305
2069;7
2069;10
2069;29
2069;52
2069;104
2069;190
2070;7
2070;17
2070;28
2070;42
2070;108
2070;181
2071;7
2071;10
2071;21
2071;56
2071;112
2071;191
2072;5
2072;18
2072;38
2072;41
2072;92
2072;167
2073;8
2073;10
2073;31
2073;48
2073;81
2073;161
2074;7
2074;17
2074;21
2074;44
2074;86
2074;167
2075;7
2075;15
2075;31
2075;53
2075;82
2075;189
2076;9
2076;11
2076;20
2076;48
2076;98
2076;354
2077;6
2077;14
2077;30
2077;44
2077;99
2077;273
2078;4
2078;18
2078;29
2078;55
2078;116
2078;202
2079;7
2079;18
2079;29
2079;58
2079;87
2079;174
2080;6
2080;11
2080;30
2080;59
2080;89
2080;178
2081;6
2081;10
2081;29
2081;57
2081;144
2081;172
2082;6
2082;11
2082;39
2082;40
2082;157
2082;178
2083;6
2083;10
2083;37
2083;40
2083;99
2083;222
2084;5
2084;10
2084;36
2084;72
2084;99
2084;216
2085;4
2085;11
2085;39
2085;40
2085;99
2085;199
2086;6
2086;14
2086;39
2086;40
2086;151
2086;231
2087;7
2087;10
2087;38
2087;40
2087;151
2087;202
2088;9
2088;19
2088;37
2088;65
2088;108
2088;238
2089;5
2089;14
2089;31
2089;42
2089;83
2089;208
2090;9
2090;10
2090;37
2090;48
2090;143
2090;214
2091;5
2091;11
2091;28
2091;42
2091;99
2091;219
2092;2
2092;11
2092;20
2092;42
2092;92
2092;216
2093;2
2093;11
2093;38
2093;57
2093;104
2093;246
2094;8
2094;11
2094;37
2094;40
2094;100
2094;201
2095;9
2095;10
2095;23
2095;42
2095;147
2095;207
2096;8
2096;11
2096;31
2096;42
2096;98
2096;210
2097;3
2097;10
2097;27
2097;47
2097;139
2097;236
2098;7
2098;10
2098;39
2098;68
2098;158
2098;284
2099;3
2099;12
2099;26
2099;53
2099;137
2099;172
2100;3
2100;18
2100;30
2100;40
2100;99
2100;194
2101;6
2101;14
2101;31
2101;42
2101;89
2101;476
2102;4
2102;14
2102;26
2102;58
2102;122
2102;489
2103;3
2103;10
2103;30
2103;60
2103;101
2103;326
2104;3
2104;13
2104;26
2104;51
2104;103
2104;166
2105;6
2105;10
2105;20
2105;52
2105;118
2105;171
2106;4
2106;12
2106;28
2106;56
2106;141
2106;168
2107;4
2107;13
2107;31
2107;45
2107;147
2107;176
2108;8
2108;15
2108;32
2108;77
2108;148
2108;169
2109;3
2109;11
2109;33
2109;45
2109;153
2109;179
2110;3
2110;10
2110;27
2110;43
2110;101
2110;187
2111;8
2111;11
2111;30
2111;50
2111;142
2111;213
2112;9
2112;10
2112;20
2112;40
2112;96
2112;229
2113;9
2113;12
2113;22
2113;72
2113;144
2113;293
2114;5
2114;19
2114;27
2114;54
2114;81
2114;230
2115;6
2115;10
2115;32
2115;65
2115;158
2115;164
2116;9
2116;10
2116;30
2116;60
2116;151
2116;290
2117;3
2117;18
2117;30
2117;61
2117;151
2117;304
2118;8
2118;10
2118;22
2118;41
2118;142
2118;244
2119;0
2119;10
2119;32
2119;42
2119;99
2119;203
2120;0
2120;10
2120;32
2120;42
2120;92
2120;307
2121;9
2121;11
2121;32
2121;52
2121;99
2121;413
2122;9
2122;10
2122;32
2122;52
2122;127
2122;258
2123;9
2123;10
2123;32
2123;42
2123;99
2123;485
2124;9
2124;11
2124;32
2124;42
2124;98
2124;380
2125;9
2125;10
2125;31
2125;42
2125;127
2125;203
2126;9
2126;10
2126;32
2126;42
2126;127
2126;261
2127;9
2127;10
2127;32
2127;42
2127;92
2127;278
2128;9
2128;10
2128;32
2128;42
2128;98
2128;412
2129;8
2129;10
2129;32
2129;42
2129;99
2129;410
2130;8
2130;10
2130;31
2130;52
2130;127
2130;333
2131;8
2131;11
2131;35
2131;42
2131;99
2131;341
2132;8
2132;10
2132;32
2132;42
2132;143
2132;233
2133;8
2133;10
2133;32
2133;42
2133;99
2133;164
2134;9
2134;11
2134;31
2134;42
2134;127
2134;331
2135;0
2135;10
2135;20
2135;73
2135;100
2135;200
