8;5
8;15
8;30
8;59
8;119
8;178
9;5
9;15
9;30
9;60
9;89
9;240
10;5
10;15
10;30
10;60
10;89
10;178
11;5
11;15
11;29
11;59
11;117
11;177
12;5
12;15
12;29
12;59
12;117
12;175
13;5
13;15
13;30
13;59
13;89
13;208
14;5
14;15
14;30
14;60
14;118
14;179
15;5
15;16
15;30
15;59
15;117
15;238
16;1
16;16
16;30
16;59
16;150
16;178
17;0
17;18
17;30
17;59
17;120
17;175
18;9
18;18
18;20
18;59
18;88
18;238
19;9
19;10
19;29
19;47
19;90
19;240
20;9
20;10
20;30
20;47
20;89
20;267
21;9
21;10
21;30
21;47
21;89
21;301
22;9
22;10
22;30
22;47
22;90
22;240
23;9
23;10
23;30
23;47
23;85
23;267
24;9
24;10
24;20
24;47
24;94
24;392
25;9
25;10
25;30
25;47
25;91
25;240
26;9
26;10
26;30
26;47
26;89
26;267
27;9
27;10
27;30
27;47
27;90
27;174
28;9
28;10
28;20
28;47
28;90
28;241
29;9
29;10
29;20
29;47
29;89
29;267
30;9
30;18
30;30
30;47
30;95
30;177
31;9
31;18
31;20
31;47
31;91
31;240
32;9
32;18
32;30
32;47
32;89
32;267
33;9
33;18
33;30
33;47
33;91
33;161
34;9
34;10
34;30
34;79
34;132
34;294
35;9
35;10
35;30
35;47
35;106
35;345
36;9
36;10
36;30
36;47
36;132
36;368
37;9
37;10
37;24
37;47
37;132
37;294
38;9
38;10
38;23
38;47
38;118
38;165
39;9
39;10
39;24
39;47
39;132
39;368
40;8
40;15
40;25
40;47
40;80
40;169
41;9
41;10
41;27
41;47
41;80
41;186
42;9
42;10
42;27
42;79
42;80
42;368
43;9
43;10
43;26
43;45
43;80
43;276
44;9
44;18
44;27
44;45
44;80
44;266
45;9
45;18
45;26
45;53
45;132
45;237
46;9
46;13
46;27
46;53
46;91
46;276
47;9
47;14
47;23
47;44
47;89
47;266
48;9
48;13
48;22
48;45
48;106
48;236
49;9
49;13
49;22
49;45
49;91
49;276
50;9
50;13
50;22
50;45
50;89
50;266
51;9
51;18
51;22
51;45
51;80
51;236
52;9
52;18
52;22
52;44
52;90
52;276
53;9
53;18
53;26
53;45
53;89
53;266
54;9
54;18
54;27
54;45
54;80
54;266
55;9
55;18
55;26
55;61
55;121
55;276
56;9
56;13
56;27
56;45
56;119
56;266
57;9
57;13
57;26
57;45
57;106
57;266
58;9
58;13
58;27
58;45
58;88
58;265
59;9
59;13
59;27
59;59
59;80
59;213
60;9
60;13
60;22
60;61
60;152
60;179
61;9
61;18
61;22
61;45
61;91
61;174
62;9
62;18
62;22
62;45
62;120
62;240
63;9
63;18
63;22
63;61
63;152
63;209
64;9
64;18
64;22
64;53
64;80
64;178
65;9
65;18
65;22
65;59
65;120
65;181
66;9
66;18
66;22
66;61
66;152
66;209
67;9
67;15
67;30
67;71
67;80
67;277
68;8
68;15
68;30
68;71
68;90
68;266
69;9
69;15
69;35
69;71
69;89
69;267
70;7
70;15
70;30
70;45
70;89
70;276
71;7
71;15
71;30
71;71
71;90
71;238
72;9
72;10
72;30
72;71
72;89
72;267
73;5
73;15
73;30
73;60
73;122
73;276
74;0
74;15
74;30
74;45
74;90
74;238
75;1
75;15
75;35
75;45
75;89
75;267
76;9
76;15
76;30
76;60
76;90
76;276
77;5
77;15
77;30
77;60
77;90
77;238
78;0
78;15
78;30
78;45
78;89
78;267
79;6
79;15
79;30
79;45
79;121
79;276
80;1
80;15
80;30
80;45
80;90
80;238
81;9
81;15
81;30
81;44
81;89
81;267
82;5
82;15
82;30
82;45
82;82
82;296
83;1
83;15
83;30
83;45
83;81
83;296
84;2
84;15
84;30
84;53
84;106
84;345
85;9
85;15
85;30
85;45
85;91
85;169
86;8
86;15
86;30
86;54
86;134
86;296
87;3
87;15
87;30
87;45
87;106
87;345
88;5
88;15
88;27
88;79
88;80
88;178
89;5
89;15
89;27
89;54
89;80
89;296
90;6
90;15
90;26
90;53
90;106
90;345
91;9
91;15
91;26
91;40
91;105
91;170
92;6
92;16
92;39
92;40
92;90
92;239
93;9
93;16
93;39
93;40
93;89
93;267
94;9
94;16
94;35
94;40
94;80
94;187
95;0
95;16
95;27
95;40
95;90
95;239
96;9
96;16
96;35
96;40
96;80
96;267
97;5
97;16
97;39
97;40
97;80
97;241
98;1
98;16
98;39
98;40
98;90
98;239
99;8
99;16
99;30
99;40
99;89
99;267
100;0
100;16
100;35
100;40
100;106
100;167
101;9
101;16
101;30
101;40
101;90
101;239
102;9
102;16
102;30
102;40
102;89
102;267
103;9
103;16
103;39
103;40
103;80
103;160
104;4
104;16
104;30
104;40
104;90
104;240
105;9
105;16
105;30
105;40
105;89
105;207
106;0
106;16
106;35
106;40
106;80
106;180
107;6
107;16
107;39
107;60
107;120
107;180
108;0
108;16
108;35
108;40
108;80
108;207
109;8
109;16
109;35
109;40
109;91
109;175
110;9
110;16
110;20
110;60
110;91
110;165
111;1
111;14
111;26
111;58
111;90
111;173
112;0
112;12
112;27
112;61
112;90
112;177
113;5
113;17
113;29
113;60
113;144
113;180
114;7
114;15
114;35
114;79
114;80
114;199
115;0
115;16
115;20
115;69
115;87
115;176
116;5
116;10
116;20
116;40
116;128
116;246
117;5
117;10
117;20
117;47
117;134
117;257
118;9
118;10
118;30
118;47
118;145
118;200
119;9
119;19
119;20
119;45
119;89
119;160
120;7
120;17
120;25
120;75
120;100
120;327
121;4
121;15
121;29
121;47
121;145
121;206
122;9
122;10
122;30
122;60
122;90
122;209
123;9
123;10
123;27
123;79
123;80
123;318
124;9
124;10
124;26
124;53
124;80
124;369
125;9
125;19
125;27
125;40
125;80
125;212
126;9
126;10
126;27
126;40
126;80
126;212
127;9
127;10
127;30
127;40
127;142
127;490
128;9
128;10
128;26
128;53
128;80
128;332
129;9
129;10
129;26
129;79
129;80
129;213
130;9
130;10
130;27
130;79
130;80
130;212
131;9
131;10
131;27
131;47
131;81
131;162
132;9
132;10
132;24
132;47
132;80
132;460
133;9
133;10
133;24
133;47
133;80
133;160
134;5
134;12
134;23
134;42
134;81
134;453
135;2
135;12
135;39
135;47
135;89
135;363
136;2
136;12
136;27
136;53
136;142
136;367
137;0
137;18
137;26
137;79
137;132
137;294
138;0
138;19
138;26
138;53
138;106
138;238
139;0
139;13
139;26
139;79
139;132
139;368
140;6
140;10
140;36
140;44
140;81
140;259
141;9
141;18
141;35
141;45
141;89
141;224
142;9
142;18
142;22
142;44
142;154
142;335
143;9
143;18
143;35
143;45
143;134
143;337
144;9
144;13
144;22
144;45
144;83
144;477
145;9
145;13
145;35
145;53
145;125
145;362
146;9
146;19
146;20
146;40
146;80
146;403
147;9
147;13
147;23
147;47
147;141
147;234
148;9
148;13
148;27
148;53
148;108
148;407
149;9
149;18
149;23
149;44
149;85
149;382
150;9
150;18
150;27
150;53
150;106
150;267
151;9
151;18
151;27
151;79
151;80
151;375
152;9
152;18
152;26
152;51
152;80
152;367
153;9
153;18
153;24
153;72
153;95
153;354
154;9
154;18
154;26
154;53
154;106
154;346
155;9
155;10
155;25
155;44
155;80
155;220
156;9
156;18
156;26
156;53
156;132
156;161
157;9
157;10
157;26
157;53
157;80
157;212
158;6
158;10
158;21
158;48
158;80
158;288
159;7
159;14
159;26
159;53
159;80
159;291
160;7
160;13
160;26
160;53
160;81
160;290
161;9
161;11
161;27
161;53
161;159
161;160
162;9
162;10
162;20
162;40
162;137
162;216
163;9
163;10
163;20
163;61
163;152
163;175
164;8
164;10
164;20
164;43
164;81
164;200
165;5
165;15
165;35
165;56
165;153
165;374
166;4
166;15
166;30
166;45
166;133
166;254
167;4
167;18
167;30
167;45
167;90
167;397
168;4
168;18
168;30
168;60
168;149
168;270
169;4
169;11
169;30
169;45
169;89
169;207
170;4
170;11
170;30
170;60
170;90
170;210
171;4
171;11
171;36
171;53
171;87
171;224
172;4
172;11
172;22
172;60
172;133
172;399
173;4
173;15
173;22
173;74
173;80
173;297
174;4
174;11
174;22
174;45
174;159
174;160
175;4
175;11
175;23
175;45
175;112
175;382
176;7
176;11
176;22
176;45
176;106
176;179
177;7
177;11
177;22
177;45
177;87
177;356
178;7
178;19
178;20
178;40
178;80
178;279
179;7
179;19
179;20
179;40
179;88
179;505
180;7
180;19
180;20
180;40
180;139
180;198
181;4
181;19
181;20
181;40
181;118
181;197
182;8
182;19
182;20
182;41
182;80
182;453
183;2
183;11
183;20
183;68
183;91
183;192
184;1
184;18
184;20
184;42
184;125
184;462
185;0
185;19
185;24
185;50
185;82
185;297
186;0
186;17
186;27
186;54
186;134
186;296
187;0
187;18
187;27
187;53
187;106
187;345
188;9
188;15
188;20
188;44
188;80
188;176
189;5
189;12
189;20
189;40
189;82
189;166
190;8
190;12
190;20
190;40
190;119
190;168
191;8
191;18
191;35
191;40
191;83
191;354
192;8
192;18
192;30
192;59
192;118
192;264
193;4
193;19
193;30
193;40
193;119
193;508
194;4
194;12
194;24
194;40
194;80
194;180
195;4
195;12
195;35
195;70
195;140
195;246
196;8
196;18
196;35
196;72
196;143
196;359
197;4
197;18
197;39
197;40
197;83
197;430
198;4
198;19
198;31
198;40
198;89
198;188
199;4
199;12
199;22
199;44
199;134
199;401
200;4
200;19
200;22
200;40
200;119
200;178
201;4
201;12
201;20
201;40
201;110
201;404
202;4
202;12
202;22
202;66
202;88
202;381
203;4
203;19
203;20
203;40
203;80
203;430
204;8
204;12
204;20
204;42
204;80
204;408
205;4
205;19
205;20
205;40
205;157
205;196
206;8
206;19
206;20
206;40
206;129
206;199
207;4
207;10
207;31
207;47
207;127
207;272
208;3
208;13
208;30
208;62
208;100
208;232
209;9
209;19
209;24
209;61
209;104
209;160
210;9
210;10
210;27
210;60
210;90
210;180
211;9
211;10
211;31
211;59
211;110
211;207
212;8
212;10
212;25
212;62
212;150
212;196
213;6
213;10
213;20
213;40
213;86
213;188
214;5
214;10
214;20
214;47
214;153
214;163
215;9
215;18
215;36
215;47
215;88
215;373
216;9
216;19
216;22
216;40
216;119
216;378
217;9
217;10
217;29
217;57
217;155
217;484
218;9
218;15
218;27
218;47
218;158
218;262
219;9
219;10
219;30
219;47
219;121
219;255
220;9
220;10
220;28
220;58
220;117
220;241
221;9
221;10
221;30
221;47
221;159
221;427
222;9
222;19
222;23
222;40
222;86
222;256
223;9
223;10
223;26
223;53
223;158
223;184
224;9
224;10
224;27
224;53
224;80
224;319
225;9
225;10
225;27
225;47
225;133
225;372
226;9
226;10
226;27
226;53
226;80
226;160
227;9
227;10
227;25
227;47
227;132
227;171
228;9
228;10
228;27
228;53
228;80
228;160
229;9
229;10
229;23
229;47
229;154
229;233
230;9
230;10
230;30
230;47
230;80
230;240
231;5
231;16
231;23
231;42
231;81
231;453
232;2
232;12
232;39
232;47
232;89
232;364
233;2
233;13
233;31
233;46
233;102
233;511
234;0
234;19
234;26
234;79
234;132
234;294
235;0
235;18
235;26
235;53
235;106
235;296
236;0
236;13
236;26
236;79
236;131
236;289
237;7
237;10
237;20
237;43
237;81
237;178
238;9
238;18
238;35
238;45
238;157
238;349
239;9
239;18
239;35
239;45
239;156
239;173
240;9
240;18
240;22
240;43
240;80
240;287
241;9
241;13
241;25
241;48
241;80
241;196
242;9
242;13
242;27
242;45
242;84
242;491
243;9
243;13
243;22
243;45
243;82
243;494
244;9
244;13
244;25
244;49
244;80
244;264
245;9
245;13
245;26
245;45
245;155
245;485
246;9
246;19
246;23
246;45
246;89
246;479
247;9
247;18
247;27
247;53
247;132
247;160
248;9
248;18
248;27
248;53
248;80
248;189
249;9
249;18
249;27
249;53
249;80
249;186
250;9
250;13
250;26
250;53
250;158
250;184
251;9
251;18
251;27
251;53
251;80
251;160
252;9
252;18
252;27
252;53
252;81
252;160
253;9
253;18
253;26
253;79
253;80
253;160
254;9
254;13
254;27
254;45
254;107
254;214
255;7
255;10
255;26
255;48
255;129
255;256
256;2
256;14
256;27
256;79
256;80
256;347
257;7
257;13
257;27
257;53
257;80
257;160
258;6
258;12
258;20
258;40
258;91
258;166
259;9
259;10
259;20
259;42
259;80
259;181
260;9
260;10
260;20
260;61
260;80
260;177
261;8
261;10
261;20
261;45
261;81
261;160
262;5
262;15
262;22
262;52
262;134
262;198
263;4
263;18
263;22
263;45
263;130
263;344
264;4
264;18
264;22
264;70
264;89
264;356
265;4
265;18
265;30
265;55
265;109
265;379
266;4
266;11
266;22
266;45
266;89
266;269
267;4
267;18
267;22
267;45
267;145
267;406
268;4
268;15
268;36
268;71
268;142
268;250
269;4
269;11
269;35
269;70
269;139
269;243
270;4
270;18
270;22
270;53
270;80
270;161
271;4
271;11
271;20
271;53
271;88
271;278
272;4
272;11
272;23
272;45
272;89
272;280
273;7
273;15
273;30
273;44
273;88
273;163
274;7
274;11
274;22
274;67
274;89
274;330
275;7
275;19
275;20
275;59
275;119
275;322
276;7
276;19
276;20
276;40
276;119
276;199
277;7
277;19
277;20
277;59
277;80
277;277
278;4
278;19
278;20
278;60
278;119
278;280
279;4
279;19
279;20
279;79
279;139
279;346
280;2
280;19
280;20
280;62
280;91
280;192
281;2
281;12
281;25
281;67
281;95
281;160
282;0
282;18
282;25
282;59
282;138
282;170
283;2
283;11
283;27
283;54
283;134
283;296
284;0
284;16
284;27
284;53
284;106
284;345
285;9
285;13
285;20
285;43
285;81
285;160
286;5
286;11
286;31
286;47
286;136
286;341
287;8
287;12
287;20
287;48
287;142
287;344
288;8
288;18
288;20
288;40
288;95
288;164
289;8
289;18
289;28
289;58
289;90
289;245
290;8
290;19
290;30
290;60
290;90
290;303
291;4
291;12
291;24
291;40
291;82
291;164
292;4
292;12
292;35
292;71
292;106
292;379
293;4
293;12
293;34
293;40
293;93
293;284
294;4
294;12
294;32
294;69
294;85
294;316
295;4
295;19
295;23
295;40
295;80
295;454
296;4
296;16
296;22
296;67
296;90
296;225
297;4
297;16
297;20
297;40
297;80
297;167
298;4
298;16
298;22
298;68
298;113
298;359
299;4
299;19
299;20
299;40
299;80
299;260
300;4
300;19
300;20
300;40
300;80
300;219
301;8
301;19
301;20
301;41
301;158
301;258
302;4
302;19
302;20
302;60
302;80
302;260
303;4
303;19
303;20
303;40
303;80
303;318
304;4
304;19
304;20
304;47
304;138
304;273
305;4
305;19
305;22
305;60
305;100
305;232
306;0
306;19
306;20
306;61
306;152
306;160
307;9
307;10
307;28
307;40
307;80
307;160
308;8
308;10
308;20
308;79
308;138
308;242
309;9
309;10
309;20
309;79
309;139
309;175
310;6
310;10
310;20
310;40
310;80
310;245
311;5
311;10
311;20
311;47
311;120
311;160
312;9
312;10
312;30
312;60
312;120
312;199
313;9
313;19
313;20
313;60
313;80
313;278
314;9
314;10
314;29
314;44
314;138
314;172
315;4
315;15
315;28
315;59
315;138
315;352
316;9
316;15
316;37
316;47
316;146
316;182
317;9
317;10
317;24
317;48
317;120
317;361
318;9
318;10
318;39
318;40
318;80
318;278
319;9
319;19
319;39
319;40
319;80
319;279
320;9
320;15
320;30
320;40
320;80
320;389
321;9
321;10
321;35
321;40
321;139
321;490
322;9
322;10
322;30
322;47
322;80
322;475
323;9
323;10
323;30
323;60
323;119
323;179
324;9
324;10
324;30
324;59
324;89
324;178
325;9
325;10
325;30
325;59
325;89
325;268
326;9
326;10
326;20
326;47
326;80
326;160
327;9
327;19
327;20
327;56
327;136
327;253
328;5
328;10
328;31
328;59
328;80
328;404
329;2
329;10
329;39
329;40
329;159
329;160
330;9
330;10
330;39
330;40
330;80
330;160
331;9
331;10
331;20
331;40
331;159
331;501
332;9
332;10
332;20
332;47
332;80
332;339
333;9
333;19
333;22
333;47
333;80
333;417
334;9
334;10
334;20
334;43
334;80
334;199
335;9
335;18
335;22
335;67
335;89
335;267
336;9
336;18
336;22
336;67
336;89
336;268
337;9
337;18
337;22
337;67
337;90
337;294
338;9
338;18
338;35
338;45
338;89
338;331
339;5
339;13
339;20
339;40
339;80
339;282
340;9
340;13
340;20
340;44
340;88
340;358
341;9
341;13
341;22
341;67
341;89
341;245
342;9
342;18
342;22
342;67
342;106
342;268
343;9
343;18
343;22
343;45
343;89
343;244
344;9
344;17
344;22
344;44
344;80
344;332
345;9
345;18
345;22
345;41
345;80
345;262
346;9
346;16
346;22
346;44
346;99
346;475
347;9
347;18
347;27
347;53
347;80
347;347
348;9
348;18
348;27
348;40
348;150
348;387
349;9
349;18
349;30
349;40
349;80
349;185
350;9
350;18
350;22
350;53
350;119
350;160
351;9
351;13
351;22
351;45
351;80
351;199
352;8
352;10
352;22
352;66
352;129
352;290
353;9
353;13
353;27
353;45
353;128
353;161
354;9
354;18
354;29
354;44
354;146
354;176
355;9
355;12
355;30
355;41
355;80
355;208
356;9
356;10
356;30
356;60
356;150
356;180
357;9
357;10
357;30
357;60
357;90
357;209
358;8
358;10
358;30
358;44
358;81
358;180
359;5
359;15
359;30
359;71
359;90
359;160
360;7
360;19
360;30
360;44
360;89
360;336
361;8
361;19
361;30
361;71
361;120
361;200
362;7
362;15
362;36
362;45
362;89
362;198
363;7
363;12
363;22
363;45
363;89
363;292
364;4
364;15
364;22
364;44
364;119
364;198
365;9
365;15
365;35
365;71
365;89
365;199
366;8
366;15
366;35
366;40
366;80
366;398
367;6
367;15
367;30
367;45
367;89
367;478
368;5
368;15
368;39
368;40
368;80
368;242
369;1
369;15
369;29
369;44
369;147
369;177
370;6
370;15
370;30
370;60
370;89
370;268
371;3
371;15
371;30
371;60
371;149
371;268
372;6
372;15
372;29
372;60
372;149
372;268
373;5
373;15
373;30
373;45
373;90
373;408
374;9
374;15
374;30
374;45
374;159
374;346
375;9
375;15
375;30
375;45
375;151
375;508
376;5
376;15
376;36
376;45
376;108
376;359
377;2
377;15
377;30
377;40
377;120
377;192
378;2
378;15
378;30
378;40
378;122
378;164
379;0
379;15
379;30
379;44
379;118
379;284
380;7
380;15
380;24
380;48
380;90
380;286
381;6
381;19
381;22
381;45
381;89
381;413
382;9
382;15
382;30
382;45
382;89
382;477
383;8
383;16
383;39
383;40
383;80
383;283
384;5
384;16
384;24
384;47
384;80
384;258
385;8
385;16
385;24
385;48
385;94
385;165
386;6
386;16
386;35
386;40
386;80
386;490
387;5
387;16
387;35
387;40
387;95
387;260
388;7
388;16
388;31
388;47
388;106
388;380
389;5
389;16
389;20
389;40
389;121
389;379
390;4
390;16
390;35
390;40
390;156
390;163
391;9
391;16
391;23
391;40
391;95
391;283
392;0
392;16
392;24
392;40
392;119
392;165
393;4
393;16
393;24
393;40
393;118
393;212
394;3
394;16
394;24
394;40
394;141
394;165
395;5
395;16
395;22
395;40
395;151
395;308
396;9
396;16
396;20
396;40
396;81
396;330
397;8
397;16
397;20
397;40
397;95
397;311
398;8
398;16
398;35
398;40
398;80
398;161
399;5
399;19
399;30
399;40
399;120
399;184
400;5
400;19
400;30
400;40
400;120
400;179
401;9
401;16
401;29
401;61
401;85
401;365
402;0
402;15
402;30
402;59
402;87
402;359
403;9
403;15
403;29
403;58
403;142
403;263
404;9
404;18
404;20
404;43
404;157
404;166
405;5
405;19
405;20
405;55
405;109
405;250
406;9
406;17
406;20
406;52
406;87
406;366
407;8
407;10
407;24
407;47
407;159
407;197
408;4
408;15
408;30
408;62
408;155
408;180
409;5
409;15
409;30
409;59
409;156
409;443
410;5
410;15
410;22
410;44
410;158
410;203
411;5
411;14
411;21
411;40
411;156
411;232
412;5
412;14
412;24
412;41
412;101
412;248
413;5
413;15
413;20
413;42
413;154
413;177
414;5
414;18
414;36
414;54
414;143
414;214
415;5
415;15
415;25
415;59
415;159
415;167
416;5
416;10
416;24
416;49
416;81
416;198
417;5
417;15
417;29
417;60
417;112
417;180
418;5
418;15
418;27
418;40
418;156
418;164
419;5
419;15
419;23
419;44
419;158
419;181
420;5
420;15
420;21
420;40
420;159
420;177
421;5
421;15
421;29
421;47
421;127
421;272
422;5
422;15
422;20
422;53
422;93
422;190
423;5
423;18
423;36
423;54
423;138
423;185
424;5
424;15
424;24
424;53
424;80
424;221
425;5
425;10
425;25
425;47
425;81
425;465
426;5
426;15
426;28
426;58
426;84
426;178
427;5
427;15
427;31
427;53
427;155
427;162
428;9
428;10
428;20
428;72
428;101
428;274
429;5
429;11
429;23
429;54
429;89
429;171
430;3
430;19
430;20
430;57
430;105
430;163
431;9
431;10
431;20
431;45
431;85
431;311
432;5
432;13
432;28
432;58
432;150
432;171
433;4
433;13
433;30
433;59
433;89
433;172
434;4
434;13
434;22
434;51
434;129
434;221
435;4
435;13
435;22
435;43
435;84
435;166
436;6
436;10
436;23
436;41
436;103
436;246
437;4
437;16
437;39
437;42
437;133
437;311
438;4
438;13
438;22
438;60
438;146
438;423
439;4
439;13
439;24
439;47
439;94
439;166
440;4
440;13
440;24
440;48
440;129
440;305
441;4
441;13
441;24
441;71
441;142
441;212
442;4
442;13
442;24
442;47
442;94
442;164
443;4
443;13
443;22
443;68
443;90
443;306
444;4
444;13
444;20
444;59
444;98
444;346
445;4
445;13
445;23
445;48
445;80
445;256
446;4
446;13
446;23
446;47
446;115
446;165
447;4
447;13
447;24
447;47
447;142
447;213
448;4
448;13
448;23
448;71
448;94
448;164
449;4
449;13
449;23
449;66
449;90
449;365
450;4
450;13
450;26
450;60
450;128
450;361
451;4
451;13
451;29
451;58
451;87
451;261
452;4
452;14
452;24
452;71
452;159
452;163
453;5
453;19
453;20
453;56
453;99
453;204
454;3
454;16
454;32
454;66
454;102
454;214
455;9
455;12
455;20
455;44
455;84
455;184
456;5
456;14
456;26
456;50
456;156
456;177
457;4
457;11
457;31
457;63
457;159
457;191
458;4
458;11
458;26
458;41
458;156
458;189
459;4
459;11
459;22
459;44
459;152
459;198
460;9
460;10
460;20
460;46
460;85
460;228
461;4
461;11
461;28
461;60
461;80
461;170
462;4
462;11
462;20
462;40
462;80
462;246
463;4
463;11
463;36
463;59
463;124
463;168
464;4
464;11
464;26
464;47
464;128
464;295
465;4
465;11
465;25
465;50
465;151
465;200
466;4
466;11
466;31
466;63
466;159
466;160
467;4
467;11
467;26
467;41
467;89
467;160
468;4
468;11
468;22
468;44
468;131
468;177
469;4
469;11
469;21
469;48
469;81
469;288
470;4
470;11
470;29
470;47
470;95
470;223
471;4
471;19
471;20
471;53
471;131
471;189
472;4
472;11
472;31
472;54
472;159
472;191
473;4
473;11
473;26
473;52
473;80
473;442
474;4
474;11
474;26
474;48
474;80
474;176
475;4
475;11
475;32
475;66
475;93
475;170
476;4
476;11
476;27
476;53
476;80
476;168
477;6
477;14
477;27
477;77
477;89
477;163
478;4
478;19
478;21
478;40
478;89
478;239
479;0
479;17
479;34
479;52
479;97
479;162
480;6
480;10
480;26
480;40
480;99
480;246
481;4
481;12
481;30
481;60
481;153
481;161
482;4
482;12
482;20
482;62
482;148
482;180
483;4
483;12
483;39
483;40
483;121
483;219
484;4
484;11
484;39
484;45
484;83
484;185
485;5
485;18
485;36
485;70
485;88
485;434
486;4
486;12
486;39
486;60
486;120
486;410
487;4
487;12
487;29
487;64
487;83
487;169
488;4
488;12
488;20
488;70
488;88
488;160
489;4
489;12
489;30
489;61
489;80
489;288
490;4
490;12
490;29
490;64
490;82
490;171
491;4
491;12
491;30
491;75
491;110
491;163
492;4
492;12
492;20
492;40
492;124
492;375
493;4
493;12
493;29
493;48
493;145
493;441
494;4
494;12
494;23
494;47
494;141
494;376
495;4
495;12
495;24
495;48
495;119
495;166
496;4
496;12
496;24
496;47
496;142
496;236
497;4
497;12
497;23
497;47
497;94
497;162
498;7
498;15
498;22
498;47
498;151
498;367
499;4
499;19
499;20
499;40
499;80
499;239
500;9
500;13
500;22
500;47
500;141
500;235
501;8
501;10
501;35
501;53
501;88
501;308
502;9
502;17
502;23
502;44
502;93
502;189
503;5
503;13
503;27
503;70
503;118
503;410
504;9
504;10
504;24
504;47
504;159
504;160
505;4
505;15
505;29
505;60
505;157
505;191
506;5
506;15
506;25
506;60
506;156
506;179
507;5
507;15
507;22
507;44
507;158
507;203
508;5
508;14
508;21
508;40
508;156
508;234
509;5
509;15
509;23
509;60
509;120
509;247
510;5
510;15
510;20
510;42
510;155
510;216
511;5
511;18
511;36
511;54
511;118
511;238
512;5
512;15
512;29
512;59
512;143
512;269
513;5
513;10
513;24
513;49
513;159
513;160
514;5
514;15
514;28
514;53
514;111
514;162
515;5
515;15
515;30
515;60
515;156
515;164
516;5
516;15
516;23
516;44
516;158
516;180
517;5
517;15
517;21
517;42
517;159
517;165
518;5
518;15
518;29
518;47
518;127
518;273
519;5
519;15
519;25
519;52
519;155
519;269
520;5
520;18
520;36
520;55
520;147
520;185
521;5
521;15
521;25
521;53
521;105
521;221
522;5
522;15
522;25
522;47
522;81
522;290
523;5
523;15
523;28
523;53
523;83
523;163
524;5
524;15
524;32
524;52
524;156
524;204
525;5
525;10
525;24
525;72
525;101
525;260
526;5
526;10
526;23
526;53
526;89
526;211
527;3
527;19
527;20
527;53
527;105
527;176
528;9
528;11
528;20
528;45
528;85
528;179
529;5
529;13
529;28
529;60
529;108
529;173
530;4
530;13
530;22
530;59
530;146
530;173
531;4
531;13
531;22
531;60
531;129
531;167
532;4
532;13
532;31
532;60
532;86
532;166
533;7
533;10
533;23
533;47
533;85
533;246
534;4
534;13
534;22
534;44
534;135
534;312
535;4
535;13
535;20
535;41
535;135
535;334
536;4
536;13
536;24
536;48
536;151
536;283
537;4
537;13
537;23
537;46
537;129
537;291
538;4
538;13
538;23
538;47
538;142
538;166
539;4
539;13
539;24
539;71
539;94
539;165
540;4
540;13
540;22
540;69
540;91
540;205
541;4
541;13
541;20
541;40
541;99
541;293
542;4
542;13
542;29
542;48
542;80
542;288
543;4
543;13
543;22
543;48
543;114
543;164
544;4
544;13
544;23
544;60
544;142
544;166
545;4
545;13
545;24
545;71
545;94
545;212
546;4
546;13
546;23
546;66
546;90
546;364
547;4
547;13
547;26
547;58
547;127
547;295
548;4
548;13
548;30
548;58
548;86
548;261
549;4
549;13
549;23
549;62
549;81
549;170
550;5
550;19
550;20
550;59
550;89
550;162
551;4
551;18
551;35
551;53
551;106
551;250
552;9
552;14
552;20
552;43
552;84
552;184
553;6
553;15
553;25
553;50
553;153
553;177
554;4
554;11
554;31
554;63
554;159
554;160
555;4
555;11
555;26
555;60
555;150
555;168
556;4
556;11
556;22
556;44
556;89
556;199
557;9
557;10
557;20
557;46
557;85
557;311
558;4
558;11
558;30
558;50
558;87
558;273
559;4
559;11
559;20
559;40
559;90
559;177
560;4
560;11
560;36
560;59
560;89
560;185
561;4
561;11
561;29
561;49
561;81
561;391
562;4
562;11
562;25
562;50
562;125
562;200
563;4
563;11
563;31
563;59
563;159
563;160
564;4
564;11
564;30
564;59
564;89
564;328
565;4
565;11
565;22
565;44
565;91
565;177
566;4
566;11
566;20
566;48
566;81
566;290
567;4
567;11
567;30
567;47
567;95
567;224
568;4
568;19
568;20
568;77
568;80
568;189
569;4
569;11
569;34
569;54
569;106
569;191
570;4
570;11
570;27
570;52
570;80
570;301
571;4
571;11
571;25
571;47
571;80
571;176
572;4
572;11
572;32
572;63
572;106
572;203
573;4
573;11
573;20
573;79
573;80
573;168
574;7
574;10
574;27
574;66
574;97
574;216
575;4
575;19
575;21
575;40
575;106
575;318
576;3
576;17
576;34
576;40
576;80
576;176
577;7
577;10
577;23
577;40
577;90
577;246
578;4
578;12
578;30
578;59
578;89
578;257
579;4
579;12
579;20
579;40
579;119
579;163
580;4
580;12
580;39
580;40
580;90
580;202
581;4
581;11
581;30
581;65
581;122
581;287
582;5
582;12
582;36
582;64
582;85
582;257
583;4
583;12
583;39
583;40
583;90
583;372
584;4
584;12
584;20
584;59
584;83
584;168
585;4
585;12
585;20
585;70
585;123
585;160
586;4
586;12
586;20
586;47
586;80
586;256
587;4
587;12
587;20
587;45
587;117
587;380
588;4
588;12
588;20
588;59
588;91
588;379
589;4
589;10
589;22
589;77
589;140
589;271
590;0
590;12
590;39
590;46
590;149
590;164
591;0
591;19
591;38
591;61
591;81
591;250
592;0
592;17
592;31
592;70
592;82
592;257
593;0
593;15
593;36
593;70
593;82
593;170
594;0
594;19
594;33
594;70
594;153
594;274
595;1
595;15
595;39
595;67
595;110
595;329
596;0
596;15
596;35
596;79
596;95
596;330
597;0
597;15
597;36
597;46
597;109
597;334
598;6
598;17
598;21
598;54
598;122
598;196
599;2
599;19
599;30
599;60
599;91
599;212
600;1
600;16
600;29
600;46
600;123
600;203
601;9
601;10
601;20
601;46
601;85
601;322
602;4
602;15
602;39
602;40
602;90
602;297
603;5
603;15
603;30
603;40
603;89
603;329
604;5
604;15
604;30
604;61
604;121
604;274
605;5
605;15
605;29
605;60
605;90
605;266
606;6
606;10
606;27
606;41
606;146
606;236
607;5
607;15
607;31
607;61
607;121
607;276
608;5
608;15
608;29
608;58
608;90
608;266
609;5
609;15
609;30
609;59
609;89
609;237
610;5
610;10
610;31
610;48
610;81
610;288
611;5
611;15
611;29
611;58
611;90
611;266
612;5
612;15
612;30
612;59
612;89
612;267
613;5
613;15
613;31
613;60
613;121
613;276
614;5
614;15
614;29
614;60
614;90
614;238
615;5
615;15
615;30
615;47
615;89
615;266
616;5
616;15
616;25
616;78
616;131
616;297
617;5
617;15
617;27
617;54
617;81
617;297
618;5
618;15
618;27
618;53
618;105
618;345
619;5
619;11
619;20
619;48
619;81
619;305
620;5
620;15
620;27
620;54
620;81
620;296
621;5
621;15
621;27
621;53
621;106
621;345
622;5
622;14
622;20
622;72
622;151
622;284
623;5
623;15
623;27
623;54
623;80
623;171
624;3
624;10
624;28
624;79
624;108
624;290
625;9
625;11
625;28
625;45
625;85
625;179
626;5
626;14
626;30
626;60
626;90
626;238
627;4
627;13
627;30
627;59
627;89
627;267
628;4
628;13
628;22
628;60
628;147
628;276
629;4
629;13
629;30
629;60
629;90
629;239
630;8
630;10
630;20
630;47
630;86
630;178
631;4
631;13
631;22
631;59
631;120
631;276
632;4
632;13
632;30
632;60
632;90
632;239
633;4
633;13
633;30
633;59
633;89
633;267
634;4
634;14
634;22
634;48
634;128
634;465
635;4
635;13
635;30
635;60
635;90
635;239
636;4
636;13
636;30
636;59
636;89
636;267
637;4
637;13
637;22
637;59
637;146
637;277
638;4
638;13
638;30
638;60
638;90
638;239
639;5
639;13
639;30
639;48
639;89
639;288
640;4
640;13
640;22
640;59
640;146
640;251
641;4
641;13
641;22
641;60
641;120
641;180
642;4
642;13
642;30
642;60
642;90
642;205
643;4
643;13
643;20
643;72
643;105
643;464
644;4
644;13
644;39
644;60
644;155
644;180
645;4
645;13
645;30
645;79
645;80
645;160
646;4
646;13
646;21
646;46
646;137
646;277
647;6
647;17
647;20
647;60
647;149
647;180
648;4
648;12
648;31
648;71
648;141
648;208
649;9
649;14
649;26
649;71
649;80
649;281
650;6
650;10
650;30
650;71
650;90
650;160
651;4
651;11
651;30
651;71
651;89
651;267
652;4
652;11
652;23
652;71
652;80
652;209
653;4
653;11
653;30
653;60
653;90
653;240
654;4
654;12
654;29
654;46
654;86
654;178
655;5
655;11
655;39
655;60
655;80
655;179
656;4
656;11
656;30
656;60
656;90
656;240
657;4
657;11
657;30
657;59
657;89
657;267
658;4
658;11
658;29
658;70
658;80
658;206
659;4
659;11
659;30
659;61
659;91
659;240
660;4
660;11
660;30
660;59
660;89
660;267
661;4
661;11
661;27
661;71
661;141
661;235
662;4
662;11
662;30
662;61
662;91
662;241
663;4
663;10
663;29
663;48
663;89
663;295
664;4
664;11
664;28
664;47
664;95
664;223
665;4
665;11
665;27
665;53
665;132
665;294
666;4
666;11
666;26
666;53
666;106
666;344
667;4
667;11
667;26
667;79
667;132
667;368
668;4
668;11
668;27
668;53
668;80
668;294
669;4
669;11
669;26
669;53
669;106
669;238
670;4
670;11
670;26
670;79
670;132
670;368
671;7
671;16
671;27
671;53
671;132
671;180
672;4
672;16
672;26
672;53
672;106
672;258
673;3
673;19
673;26
673;79
673;80
673;368
674;7
674;10
674;20
674;47
674;85
674;229
675;4
675;12
675;20
675;40
675;117
675;195
676;4
676;12
676;20
676;40
676;119
676;257
677;4
677;12
677;39
677;40
677;80
677;260
678;4
678;12
678;20
678;64
678;86
678;171
679;5
679;18
679;37
679;75
679;88
679;164
680;4
680;12
680;20
680;71
680;117
680;332
681;4
681;12
681;20
681;65
681;86
681;173
682;4
682;12
682;20
682;41
682;98
682;160
683;4
683;12
683;21
683;48
683;80
683;288
684;4
684;12
684;20
684;40
684;118
684;160
685;4
685;12
685;20
685;76
685;119
685;198
686;4
686;12
686;20
686;40
686;120
686;292
687;4
687;12
687;20
687;48
687;146
687;441
688;4
688;12
688;23
688;47
688;141
688;376
689;4
689;12
689;24
689;48
689;119
689;166
690;4
690;12
690;24
690;47
690;142
690;237
691;4
691;12
691;23
691;47
691;116
691;162
692;4
692;15
692;22
692;72
692;91
692;367
693;4
693;10
693;20
693;79
693;80
693;180
694;9
694;10
694;27
694;47
694;80
694;165
695;8
695;10
695;27
695;53
695;80
695;160
696;9
696;18
696;27
696;53
696;81
696;213
697;6
697;16
697;26
697;70
697;93
697;442
698;7
698;10
698;21
698;43
698;89
698;200
699;5
699;10
699;20
699;47
699;149
699;330
700;9
700;10
700;20
700;47
700;94
700;167
701;9
701;10
701;24
701;47
701;124
701;465
702;9
702;10
702;27
702;53
702;80
702;160
703;5
703;15
703;30
703;58
703;88
703;473
704;9
704;10
704;29
704;47
704;115
704;173
705;9
705;10
705;29
705;58
705;86
705;169
706;9
706;10
706;26
706;52
706;80
706;186
707;9
707;10
707;38
707;55
707;89
707;408
708;9
708;10
708;27
708;40
708;80
708;185
709;9
709;10
709;27
709;40
709;80
709;160
710;9
710;10
710;20
710;40
710;138
710;162
711;9
711;10
711;26
711;79
711;80
711;344
712;9
712;10
712;25
712;53
712;81
712;161
713;9
713;10
713;27
713;79
713;80
713;161
714;9
714;10
714;25
714;47
714;153
714;217
715;9
715;10
715;24
715;47
715;80
715;278
716;9
716;10
716;26
716;71
716;84
716;477
717;2
717;12
717;27
717;53
717;159
717;186
718;2
718;19
718;26
718;53
718;80
718;186
719;0
719;18
719;27
719;53
719;81
719;187
720;3
720;19
720;27
720;54
720;81
720;296
721;9
721;19
721;27
721;53
721;106
721;345
722;9
722;13
722;20
722;43
722;80
722;178
723;5
723;18
723;35
723;45
723;159
723;186
724;9
724;18
724;22
724;45
724;89
724;186
725;9
725;18
725;27
725;44
725;89
725;164
726;9
726;18
726;35
726;45
726;148
726;351
727;9
727;13
727;26
727;44
727;80
727;198
728;9
728;13
728;27
728;53
728;89
728;160
729;9
729;19
729;20
729;65
729;87
729;184
730;9
730;13
730;24
730;73
730;99
730;169
731;9
731;13
731;27
731;53
731;134
731;294
732;9
732;17
732;24
732;45
732;142
732;286
733;9
733;18
733;27
733;53
733;80
733;213
734;9
734;18
734;26
734;53
734;80
734;318
735;9
735;18
735;24
735;71
735;95
735;282
736;9
736;18
736;27
736;53
736;80
736;294
737;9
737;10
737;27
737;45
737;80
737;423
738;9
738;10
738;26
738;54
738;80
738;290
739;9
739;10
739;27
739;45
739;81
739;431
740;9
740;10
740;27
740;45
740;130
740;257
741;4
741;10
741;27
741;71
741;80
741;263
742;7
742;14
742;26
742;53
742;80
742;347
743;6
743;12
743;26
743;71
743;80
743;318
744;9
744;10
744;26
744;60
744;80
744;180
745;4
745;11
745;23
745;59
745;90
745;207
746;7
746;10
746;20
746;61
746;151
746;274
747;5
747;10
747;30
747;67
747;82
747;247
748;4
748;18
748;20
748;45
748;145
748;331
749;4
749;18
749;21
749;45
749;80
749;231
750;4
750;18
750;30
750;44
750;89
750;325
751;4
751;11
751;30
751;45
751;120
751;209
752;4
752;11
752;22
752;45
752;89
752;437
753;4
753;18
753;36
753;71
753;107
753;180
754;4
754;11
754;36
754;71
754;107
754;213
755;4
755;18
755;22
755;44
755;89
755;270
756;4
756;18
756;34
756;49
756;89
756;405
757;4
757;11
757;22
757;71
757;89
757;359
758;4
758;11
758;30
758;44
758;89
758;476
759;7
759;11
759;22
759;45
759;80
759;207
760;8
760;11
760;22
760;44
760;134
760;177
761;7
761;15
761;22
761;41
761;157
761;203
762;7
762;18
762;27
762;45
762;80
762;359
763;8
763;18
763;20
763;40
763;80
763;261
764;4
764;18
764;27
764;53
764;80
764;424
765;5
765;12
765;23
765;56
765;137
765;162
766;2
766;12
766;25
766;63
766;106
766;391
767;2
767;19
767;26
767;61
767;97
767;170
768;9
768;19
768;26
768;79
768;132
768;294
769;0
769;17
769;26
769;53
769;106
769;293
770;8
770;10
770;26
770;79
770;132
770;368
771;6
771;10
771;32
771;44
771;80
771;178
772;8
772;12
772;20
772;40
772;87
772;507
773;8
773;12
773;20
773;40
773;83
773;442
774;8
774;12
774;31
774;40
774;149
774;298
775;8
775;19
775;30
775;59
775;119
775;266
776;4
776;11
776;24
776;40
776;120
776;240
777;4
777;12
777;32
777;65
777;128
777;198
778;5
778;18
778;35
778;71
778;142
778;252
779;4
779;18
779;24
779;40
779;119
779;301
780;4
780;16
780;23
780;40
780;83
780;296
781;4
781;16
781;20
781;67
781;89
781;160
782;4
782;12
782;20
782;40
782;80
782;160
783;4
783;12
783;22
783;45
783;133
783;223
784;4
784;19
784;21
784;40
784;81
784;223
785;8
785;19
785;20
785;40
785;80
785;219
786;4
786;19
786;20
786;40
786;118
786;355
787;8
787;19
787;20
787;79
787;80
787;198
788;9
788;19
788;20
788;62
788;126
788;176
789;6
789;10
789;35
789;48
789;112
789;305
790;2
790;18
790;35
790;53
790;89
790;214
791;9
791;14
791;30
791;61
791;152
791;209
792;9
792;11
792;23
792;54
792;87
792;263
793;9
793;18
793;35
793;70
793;88
793;175
794;8
794;18
794;36
794;61
794;159
794;212
795;8
795;10
795;20
795;43
795;81
795;215
796;5
796;10
796;20
796;47
796;89
796;326
797;9
797;10
797;30
797;47
797;120
797;295
798;9
798;10
798;30
798;47
798;124
798;381
799;9
799;10
799;30
799;47
799;157
799;175
800;6
800;15
800;30
800;47
800;90
800;194
801;9
801;10
801;35
801;47
801;157
801;162
802;9
802;10
802;30
802;47
802;147
802;321
803;9
803;10
803;30
803;47
803;81
803;340
804;9
804;10
804;29
804;48
804;86
804;475
805;9
805;18
805;35
805;40
805;127
805;360
806;9
806;18
806;36
806;40
806;159
806;160
807;9
807;18
807;35
807;71
807;124
807;301
808;9
808;18
808;35
808;71
808;88
808;212
809;9
809;18
809;35
809;47
809;124
809;213
810;9
810;18
810;35
810;53
810;123
810;229
811;9
811;17
811;34
811;47
811;158
811;281
812;9
812;18
812;36
812;71
812;159
812;160
813;9
813;18
813;35
813;52
813;141
813;211
814;2
814;18
814;27
814;76
814;145
814;222
815;2
815;19
815;26
815;53
815;81
815;277
816;0
816;18
816;27
816;53
816;122
816;240
817;4
817;18
817;27
817;54
817;134
817;296
818;0
818;18
818;27
818;71
818;106
818;160
819;9
819;15
819;26
819;43
819;80
819;160
820;5
820;18
820;35
820;45
820;143
820;186
821;9
821;18
821;35
821;45
821;89
821;212
822;9
822;18
822;35
822;45
822;90
822;199
823;9
823;13
823;29
823;58
823;88
823;176
824;9
824;13
824;27
824;61
824;80
824;160
825;9
825;13
825;27
825;53
825;133
825;160
826;9
826;13
826;26
826;53
826;106
826;186
827;9
827;13
827;26
827;79
827;80
827;368
828;9
828;13
828;27
828;45
828;82
828;352
829;9
829;17
829;22
829;45
829;90
829;221
830;9
830;17
830;22
830;49
830;90
830;170
831;9
831;18
831;35
831;45
831;80
831;222
832;9
832;18
832;27
832;53
832;89
832;160
833;9
833;18
833;27
833;67
833;111
833;321
834;9
834;13
834;22
834;53
834;89
834;301
835;9
835;13
835;30
835;60
835;90
835;358
836;9
836;13
836;30
836;60
836;149
836;268
837;9
837;13
837;26
837;45
837;131
837;173
838;4
838;10
838;35
838;70
838;137
838;207
839;7
839;14
839;35
839;71
839;142
839;212
840;6
840;12
840;34
840;41
840;104
840;485
841;9
841;10
841;22
841;44
841;159
841;209
842;4
842;11
842;22
842;43
842;157
842;203
843;3
843;19
843;22
843;44
843;150
843;275
844;6
844;10
844;22
844;40
844;82
844;245
845;4
845;19
845;20
845;40
845;119
845;219
846;4
846;19
846;20
846;44
846;119
846;218
847;4
847;19
847;20
847;44
847;90
847;219
848;4
848;19
848;20
848;46
848;149
848;267
849;4
849;19
849;20
849;45
849;89
849;177
850;4
850;19
850;20
850;69
850;89
850;211
851;4
851;11
851;35
851;45
851;142
851;178
852;4
852;11
852;22
852;45
852;89
852;180
853;4
853;12
853;34
853;44
853;88
853;175
854;4
854;11
854;22
854;43
854;89
854;180
855;4
855;11
855;22
855;41
855;88
855;275
856;7
856;18
856;22
856;40
856;89
856;180
857;8
857;19
857;37
857;45
857;80
857;179
858;4
858;15
858;22
858;41
858;89
858;180
859;4
859;11
859;30
859;61
859;88
859;180
860;4
860;19
860;29
860;60
860;90
860;209
861;4
861;19
861;29
861;59
861;89
861;267
862;5
862;12
862;32
862;69
862;125
862;192
863;2
863;12
863;36
863;71
863;107
863;214
864;2
864;17
864;35
864;70
864;103
864;337
865;0
865;19
865;21
865;60
865;121
865;369
866;4
866;17
866;20
866;67
866;86
866;374
867;6
867;19
867;22
867;44
867;89
867;290
868;9
868;10
868;21
868;43
868;81
868;199
869;8
869;12
869;23
869;70
869;95
869;324
870;8
870;19
870;20
870;59
870;80
870;317
871;8
871;19
871;20
871;40
871;139
871;208
872;8
872;19
872;20
872;40
872;159
872;316
873;4
873;19
873;20
873;40
873;158
873;178
874;4
874;12
874;20
874;40
874;140
874;165
875;4
875;12
875;23
875;47
875;156
875;352
876;4
876;12
876;23
876;40
876;80
876;164
877;8
877;16
877;28
877;40
877;80
877;165
878;4
878;16
878;23
878;41
878;80
878;164
879;4
879;16
879;23
879;40
879;80
879;165
880;4
880;16
880;22
880;40
880;80
880;165
881;4
881;16
881;20
881;41
881;80
881;283
882;8
882;16
882;23
882;51
882;100
882;282
883;4
883;12
883;20
883;40
883;139
883;174
884;8
884;19
884;20
884;59
884;139
884;269
885;4
885;19
885;20
885;61
885;149
885;203
886;9
886;10
886;20
886;48
886;110
886;305
887;2
887;15
887;30
887;59
887;136
887;180
888;9
888;10
888;30
888;61
888;89
888;205
889;9
889;11
889;29
889;59
889;89
889;199
890;9
890;10
890;35
890;59
890;89
890;180
891;8
891;10
891;30
891;40
891;80
891;208
892;8
892;10
892;20
892;47
892;80
892;199
893;5
893;10
893;24
893;40
893;80
893;199
894;9
894;10
894;24
894;47
894;119
894;199
895;9
895;10
895;24
895;59
895;118
895;276
896;9
896;18
896;24
896;47
896;80
896;496
897;6
897;15
897;29
897;59
897;143
897;178
898;9
898;15
898;30
898;47
898;138
898;178
899;9
899;10
899;24
899;40
899;89
899;344
900;9
900;10
900;30
900;60
900;89
900;359
901;9
901;10
901;39
901;40
901;80
901;279
902;9
902;15
902;39
902;40
902;119
902;160
903;9
903;10
903;30
903;40
903;139
903;505
904;9
904;10
904;30
904;40
904;138
904;422
905;9
905;10
905;30
905;40
905;119
905;485
906;9
906;10
906;30
906;40
906;119
906;179
907;9
907;10
907;30
907;40
907;90
907;269
908;9
908;10
908;30
908;59
908;88
908;268
909;9
909;19
909;23
909;40
909;80
909;278
910;9
910;19
910;20
910;57
910;144
910;262
911;2
911;10
911;30
911;47
911;119
911;162
912;9
912;10
912;39
912;40
912;80
912;199
913;9
913;10
913;39
913;40
913;81
913;160
914;9
914;10
914;39
914;40
914;119
914;324
915;9
915;10
915;22
915;45
915;90
915;273
916;9
916;14
916;29
916;40
916;80
916;179
917;5
917;17
917;22
917;53
917;80
917;199
918;9
918;18
918;22
918;67
918;89
918;267
919;9
919;18
919;22
919;67
919;89
919;268
920;9
920;19
920;20
920;45
920;89
920;186
921;9
921;13
921;22
921;44
921;89
921;290
922;9
922;13
922;26
922;45
922;106
922;268
923;9
923;13
923;22
923;67
923;89
923;267
924;9
924;18
924;22
924;67
924;89
924;246
925;9
925;18
925;22
925;45
925;89
925;268
926;9
926;18
926;22
926;45
926;80
926;334
927;9
927;18
927;22
927;40
927;119
927;269
928;9
928;18
928;27
928;53
928;80
928;198
929;9
929;18
929;27
929;44
929;80
929;177
930;9
930;18
930;27
930;53
930;105
930;393
931;9
931;18
931;30
931;40
931;150
931;422
932;9
932;18
932;26
932;45
932;80
932;279
933;9
933;18
933;36
933;40
933;119
933;279
934;9
934;18
934;35
934;53
934;80
934;160
935;5
935;10
935;27
935;47
935;80
935;160
936;9
936;13
936;27
936;54
936;119
936;163
937;9
937;13
937;30
937;40
937;89
937;179
938;9
938;10
938;30
938;40
938;120
938;180
939;8
939;10
939;30
939;40
939;119
939;179
940;9
940;10
940;30
940;40
940;150
940;180
941;6
941;10
941;29
941;45
941;90
941;245
942;5
942;15
942;30
942;71
942;118
942;344
943;7
943;19
943;20
943;40
943;80
943;327
944;7
944;15
944;36
944;40
944;89
944;223
945;7
945;15
945;20
945;40
945;89
945;487
946;4
946;11
946;22
946;40
946;89
946;388
947;7
947;19
947;35
947;40
947;112
947;180
948;9
948;15
948;39
948;40
948;80
948;160
949;4
949;18
949;22
949;45
949;89
949;424
950;6
950;15
950;39
950;40
950;80
950;240
951;3
951;15
951;30
951;44
951;149
951;160
952;1
952;17
952;30
952;45
952;149
952;179
953;8
953;15
953;30
953;60
953;149
953;267
954;0
954;15
954;30
954;60
954;149
954;179
955;6
955;15
955;35
955;44
955;119
955;358
956;9
956;15
956;24
956;44
956;159
956;160
957;8
957;15
957;30
957;45
957;105
957;502
958;6
958;15
958;34
958;69
958;137
958;345
959;5
959;12
959;39
959;40
959;80
959;192
960;2
960;15
960;22
960;67
960;118
960;179
961;7
961;15
961;39
961;40
961;119
961;317
962;0
962;15
962;30
962;45
962;105
962;179
963;5
963;18
963;23
963;47
963;89
963;169
964;0
964;15
964;30
964;71
964;90
964;406
965;9
965;16
965;32
965;40
965;106
965;394
966;9
966;16
966;24
966;40
966;118
966;237
967;9
967;16
967;23
967;40
967;80
967;258
968;8
968;16
968;24
968;40
968;119
968;509
969;8
969;16
969;24
969;40
969;95
969;176
970;5
970;16
970;39
970;42
970;122
970;260
971;6
971;18
971;20
971;40
971;119
971;378
972;6
972;16
972;20
972;47
972;80
972;197
973;6
973;16
973;23
973;47
973;141
973;165
974;7
974;16
974;23
974;48
974;80
974;165
975;4
975;16
975;24
975;40
975;119
975;190
976;9
976;16
976;24
976;71
976;80
976;166
977;7
977;16
977;23
977;70
977;140
977;163
978;1
978;16
978;21
978;63
978;86
978;320
979;0
979;19
979;20
979;40
979;80
979;237
980;8
980;19
980;39
980;40
980;80
980;198
981;4
981;16
981;32
981;40
981;80
981;198
982;5
982;19
982;35
982;40
982;80
982;176
983;4
983;19
983;32
983;45
983;94
983;365
984;9
984;16
984;26
984;54
984;88
984;361
985;9
985;19
985;29
985;58
985;87
985;261
986;9
986;19
986;28
986;43
986;158
986;166
987;2
987;19
987;20
987;58
987;116
987;232
988;2
988;18
988;35
988;53
988;106
988;250
989;9
989;12
989;20
989;46
989;84
989;320
990;5
990;15
990;26
990;50
990;156
990;182
991;5
991;15
991;31
991;63
991;159
991;191
992;5
992;15
992;25
992;50
992;157
992;168
993;5
993;15
993;22
993;43
993;152
993;237
994;9
994;10
994;29
994;46
994;85
994;229
995;5
995;15
995;25
995;57
995;86
995;511
996;5
996;19
996;20
996;40
996;80
996;228
997;5
997;18
997;35
997;41
997;152
997;168
998;5
998;15
998;21
998;48
998;81
998;391
999;5
999;15
999;25
999;50
999;155
999;179
1000;5
1000;15
1000;31
1000;63
1000;159
1000;160
1001;5
1001;15
1001;25
1001;59
1001;156
1001;341
1002;5
1002;15
1002;22
1002;44
1002;130
1002;216
1003;5
1003;10
1003;20
1003;48
1003;81
1003;288
1004;5
1004;15
1004;25
1004;48
1004;128
1004;249
1005;5
1005;19
1005;20
1005;56
1005;93
1005;189
1006;5
1006;15
1006;31
1006;53
1006;159
1006;191
1007;5
1007;15
1007;25
1007;53
1007;80
1007;442
1008;5
1008;15
1008;26
1008;51
1008;128
1008;176
1009;5
1009;15
1009;32
1009;66
1009;157
1009;170
1010;5
1010;15
1010;23
1010;53
1010;94
1010;197
1011;6
1011;14
1011;27
1011;41
1011;89
1011;216
1012;4
1012;19
1012;20
1012;40
1012;84
1012;239
1013;3
1013;17
1013;34
1013;53
1013;80
1013;237
1014;6
1014;10
1014;26
1014;41
1014;99
1014;246
1015;4
1015;13
1015;30
1015;59
1015;153
1015;161
1016;4
1016;13
1016;22
1016;40
1016;90
1016;171
1017;4
1017;13
1017;30
1017;52
1017;80
1017;168
1018;4
1018;11
1018;20
1018;46
1018;85
1018;178
1019;5
1019;13
1019;35
1019;69
1019;80
1019;225
1020;4
1020;13
1020;20
1020;41
1020;135
1020;264
1021;4
1021;13
1021;24
1021;48
1021;151
1021;485
1022;4
1022;13
1022;23
1022;46
1022;93
1022;286
1023;4
1023;13
1023;24
1023;47
1023;119
1023;166
1024;4
1024;13
1024;24
1024;71
1024;95
1024;189
1025;4
1025;13
1025;23
1025;69
1025;91
1025;206
1026;4
1026;13
1026;31
1026;62
1026;81
1026;313
1027;5
1027;13
1027;30
1027;48
1027;129
1027;305
1028;4
1028;13
1028;23
1028;47
1028;128
1028;170
1029;4
1029;13
1029;24
1029;72
1029;143
1029;166
1030;4
1030;13
1030;24
1030;71
1030;94
1030;165
1031;4
1031;13
1031;23
1031;69
1031;92
1031;162
1032;4
1032;13
1032;26
1032;61
1032;85
1032;262
1033;4
1033;13
1033;22
1033;59
1033;96
1033;402
1034;4
1034;13
1034;31
1034;61
1034;88
1034;165
1035;7
1035;10
1035;20
1035;59
1035;151
1035;162
1036;4
1036;17
1036;33
1036;53
1036;102
1036;161
1037;3
1037;15
1037;30
1037;76
1037;148
1037;203
1038;9
1038;10
1038;24
1038;47
1038;159
1038;173
1039;4
1039;11
1039;29
1039;60
1039;155
1039;191
1040;4
1040;11
1040;28
1040;41
1040;156
1040;165
1041;4
1041;11
1041;22
1041;44
1041;158
1041;204
1042;4
1042;11
1042;21
1042;40
1042;156
1042;234
1043;5
1043;14
1043;29
1043;48
1043;101
1043;246
1044;4
1044;11
1044;21
1044;42
1044;154
1044;217
1045;4
1045;18
1045;36
1045;54
1045;143
1045;215
1046;4
1046;11
1046;29
1046;40
1046;89
1046;166
1047;4
1047;11
1047;24
1047;49
1047;81
1047;160
1048;4
1048;11
1048;28
1048;59
1048;111
1048;178
1049;4
1049;11
1049;30
1049;60
1049;156
1049;165
1050;4
1050;11
1050;23
1050;44
1050;158
1050;181
1051;4
1051;11
1051;21
1051;41
1051;159
1051;165
1052;4
1052;11
1052;29
1052;47
1052;127
1052;288
1053;4
1053;11
1053;20
1053;52
1053;128
1053;227
1054;4
1054;18
1054;36
1054;54
1054;138
1054;185
1055;4
1055;11
1055;28
1055;54
1055;159
1055;176
1056;4
1056;11
1056;25
1056;47
1056;81
1056;465
1057;4
1057;11
1057;28
1057;57
1057;81
1057;178
1058;4
1058;11
1058;27
1058;54
1058;156
1058;162
1059;9
1059;10
1059;20
1059;72
1059;151
1059;260
1060;5
1060;13
1060;23
1060;45
1060;89
1060;161
1061;3
1061;19
1061;20
1061;53
1061;136
1061;192
1062;9
1062;11
1062;20
1062;45
1062;85
1062;178
1063;5
1063;12
1063;31
1063;60
1063;101
1063;165
1064;4
1064;12
1064;20
1064;59
1064;150
1064;162
1065;4
1065;12
1065;39
1065;40
1065;80
1065;258
1066;4
1066;12
1066;30
1066;64
1066;85
1066;171
1067;6
1067;10
1067;38
1067;76
1067;80
1067;235
1068;3
1068;12
1068;35
1068;71
1068;89
1068;337
1069;4
1069;12
1069;20
1069;64
1069;86
1069;259
1070;4
1070;12
1070;29
1070;78
1070;80
1070;249
1071;4
1071;12
1071;20
1071;48
1071;81
1071;465
1072;4
1072;12
1072;30
1072;65
1072;86
1072;160
1073;4
1073;12
1073;30
1073;47
1073;81
1073;250
1074;4
1074;12
1074;22
1074;40
1074;118
1074;268
1075;4
1075;12
1075;31
1075;60
1075;123
1075;187
1076;4
1076;12
1076;23
1076;47
1076;80
1076;167
1077;4
1077;12
1077;23
1077;49
1077;142
1077;284
1078;4
1078;12
1078;24
1078;47
1078;142
1078;166
1079;4
1079;12
1079;24
1079;47
1079;94
1079;165
1080;4
1080;11
1080;23
1080;47
1080;90
1080;203
1081;5
1081;19
1081;20
1081;45
1081;90
1081;410
1082;3
1082;13
1082;30
1082;49
1082;89
1082;236
1083;9
1083;13
1083;30
1083;47
1083;142
1083;327
1084;9
1084;18
1084;30
1084;47
1084;94
1084;284
1085;7
1085;15
1085;30
1085;71
1085;94
1085;490
1086;4
1086;13
1086;30
1086;71
1086;94
1086;333
1087;5
1087;14
1087;30
1087;47
1087;93
1087;177
1088;5
1088;19
1088;31
1088;47
1088;142
1088;160
1089;5
1089;15
1089;24
1089;47
1089;142
1089;462
1090;5
1090;15
1090;22
1090;47
1090;142
1090;237
1091;9
1091;10
1091;29
1091;47
1091;85
1091;229
1092;5
1092;19
1092;20
1092;47
1092;143
1092;190
1093;5
1093;18
1093;20
1093;40
1093;119
1093;228
1094;5
1094;18
1094;24
1094;47
1094;95
1094;218
1095;5
1095;15
1095;30
1095;47
1095;94
1095;442
1096;5
1096;10
1096;23
1096;47
1096;90
1096;200
1097;5
1097;10
1097;31
1097;47
1097;159
1097;160
1098;5
1098;15
1098;24
1098;47
1098;80
1098;286
1099;5
1099;15
1099;22
1099;47
1099;142
1099;194
1100;5
1100;10
1100;24
1100;48
1100;93
1100;465
1101;5
1101;10
1101;20
1101;70
1101;94
1101;284
1102;5
1102;10
1102;20
1102;47
1102;120
1102;189
1103;5
1103;18
1103;35
1103;71
1103;120
1103;176
1104;5
1104;15
1104;24
1104;47
1104;120
1104;240
1105;5
1105;10
1105;23
1105;60
1105;80
1105;248
1106;5
1106;10
1106;24
1106;59
1106;119
1106;267
1107;5
1107;15
1107;20
1107;47
1107;142
1107;247
1108;6
1108;14
1108;27
1108;71
1108;89
1108;163
1109;4
1109;19
1109;21
1109;47
1109;84
1109;239
1110;3
1110;17
1110;24
1110;52
1110;80
1110;237
1111;6
1111;10
1111;35
1111;53
1111;91
1111;213
1112;4
1112;13
1112;35
1112;45
1112;119
1112;180
1113;4
1113;13
1113;22
1113;44
1113;90
1113;180
1114;4
1114;18
1114;22
1114;45
1114;89
1114;208
1115;4
1115;11
1115;27
1115;40
1115;84
1115;179
1116;5
1116;18
1116;22
1116;53
1116;80
1116;212
1117;4
1117;13
1117;22
1117;41
1117;133
1117;264
1118;4
1118;13
1118;22
1118;53
1118;151
1118;184
1119;4
1119;13
1119;24
1119;47
1119;94
1119;166
1120;4
1120;13
1120;23
1120;53
1120;80
1120;166
1121;4
1121;13
1121;22
1121;71
1121;134
1121;212
1122;4
1122;13
1122;23
1122;47
1122;93
1122;164
1123;4
1123;13
1123;21
1123;45
1123;89
1123;306
1124;4
1124;13
1124;36
1124;45
1124;81
1124;305
1125;4
1125;13
1125;26
1125;71
1125;80
1125;248
1126;4
1126;13
1126;22
1126;44
1126;89
1126;280
1127;4
1127;13
1127;22
1127;60
1127;141
1127;176
1128;4
1128;13
1128;27
1128;61
1128;80
1128;176
1129;5
1129;18
1129;22
1129;53
1129;85
1129;262
1130;4
1130;10
1130;22
1130;53
1130;80
1130;359
1131;4
1131;13
1131;22
1131;60
1131;141
1131;256
1132;8
1132;10
1132;20
1132;61
1132;151
1132;169
1133;4
1133;19
1133;20
1133;57
1133;116
1133;249
1134;9
1134;17
1134;22
1134;52
1134;87
1134;366
1135;9
1135;10
1135;24
1135;47
1135;159
1135;205
1136;4
1136;18
1136;28
1136;71
1136;118
1136;212
1137;4
1137;11
1137;22
1137;71
1137;142
1137;214
1138;4
1138;11
1138;22
1138;44
1138;158
1138;204
1139;4
1139;11
1139;21
1139;71
1139;156
1139;234
1140;6
1140;10
1140;22
1140;45
1140;89
1140;247
1141;4
1141;11
1141;36
1141;71
1141;88
1141;511
1142;4
1142;11
1142;22
1142;71
1142;90
1142;238
1143;4
1143;11
1143;22
1143;45
1143;90
1143;248
1144;4
1144;11
1144;22
1144;45
1144;126
1144;465
1145;4
1145;11
1145;22
1145;45
1145;90
1145;212
1146;4
1146;11
1146;22
1146;53
1146;159
1146;165
1147;4
1147;11
1147;22
1147;53
1147;158
1147;181
1148;4
1148;11
1148;21
1148;44
1148;90
1148;160
1149;4
1149;11
1149;22
1149;71
1149;80
1149;248
1150;4
1150;17
1150;22
1150;70
1150;80
1150;271
1151;4
1151;18
1151;36
1151;71
1151;80
1151;185
1152;4
1152;11
1152;35
1152;79
1152;107
1152;161
1153;4
1153;11
1153;21
1153;47
1153;90
1153;305
1154;4
1154;18
1154;22
1154;53
1154;80
1154;248
1155;4
1155;11
1155;22
1155;45
1155;106
1155;160
1156;4
1156;11
1156;35
1156;72
1156;95
1156;260
1157;5
1157;15
1157;24
1157;54
1157;81
1157;211
1158;3
1158;19
1158;20
1158;53
1158;106
1158;175
1159;9
1159;11
1159;20
1159;44
1159;96
1159;182
1160;5
1160;18
1160;20
1160;40
1160;120
1160;295
1161;4
1161;12
1161;20
1161;40
1161;80
1161;300
1162;4
1162;12
1162;36
1162;40
1162;80
1162;354
1163;4
1163;12
1163;20
1163;63
1163;85
1163;169
1164;7
1164;10
1164;39
1164;40
1164;80
1164;235
1165;4
1165;18
1165;20
1165;71
1165;89
1165;341
1166;4
1166;12
1166;31
1166;40
1166;90
1166;160
1167;4
1167;12
1167;30
1167;40
1167;89
1167;249
1168;4
1168;12
1168;20
1168;40
1168;81
1168;391
1169;4
1169;12
1169;30
1169;59
1169;90
1169;504
1170;4
1170;12
1170;30
1170;40
1170;89
1170;406
1171;4
1171;12
1171;20
1171;47
1171;132
1171;486
1172;1
1172;16
1172;37
1172;77
1172;140
1172;264
1173;0
1173;18
1173;39
1173;62
1173;154
1173;165
1174;0
1174;17
1174;36
1174;70
1174;80
1174;257
1175;1
1175;16
1175;31
1175;69
1175;159
1175;273
1176;0
1176;16
1176;33
1176;77
1176;156
1176;167
1177;0
1177;15
1177;39
1177;68
1177;144
1177;279
1178;0
1178;18
1178;39
1178;75
1178;82
1178;334
1179;0
1179;15
1179;36
1179;67
1179;110
1179;474
1180;9
1180;19
1180;20
1180;53
1180;95
1180;337
1181;2
1181;15
1181;29
1181;41
1181;89
1181;203
1182;2
1182;17
1182;30
1182;40
1182;91
1182;211
1183;9
1183;14
1183;20
1183;45
1183;84
1183;286
1184;6
1184;10
1184;30
1184;40
1184;91
1184;376
1185;5
1185;15
1185;30
1185;40
1185;89
1185;297
1186;5
1186;15
1186;39
1186;40
1186;149
1186;296
1187;5
1187;15
1187;30
1187;60
1187;90
1187;240
1188;9
1188;10
1188;28
1188;40
1188;84
1188;177
1189;5
1189;15
1189;26
1189;60
1189;155
1189;167
1190;5
1190;15
1190;30
1190;60
1190;90
1190;240
1191;5
1191;15
1191;30
1191;59
1191;89
1191;267
1192;5
1192;15
1192;25
1192;58
1192;150
1192;307
1193;5
1193;15
1193;30
1193;61
1193;90
1193;240
1194;5
1194;15
1194;30
1194;59
1194;89
1194;267
1195;5
1195;15
1195;25
1195;59
1195;147
1195;178
1196;5
1196;15
1196;30
1196;60
1196;91
1196;240
1197;5
1197;10
1197;30
1197;48
1197;89
1197;465
1198;5
1198;15
1198;24
1198;59
1198;128
1198;177
1199;5
1199;15
1199;26
1199;54
1199;80
1199;294
1200;5
1200;15
1200;27
1200;53
1200;106
1200;345
1201;5
1201;15
1201;27
1201;53
1201;132
1201;368
1202;5
1202;10
1202;26
1202;79
1202;80
1202;294
1203;5
1203;15
1203;27
1203;53
1203;106
1203;508
1204;5
1204;15
1204;26
1204;79
1204;132
1204;368
1205;7
1205;16
1205;26
1205;79
1205;133
1205;296
1206;4
1206;17
1206;26
1206;54
1206;106
1206;172
1207;3
1207;11
1207;27
1207;79
1207;80
1207;368
1208;7
1208;10
1208;23
1208;47
1208;92
1208;242
1209;5
1209;13
1209;29
1209;59
1209;89
1209;266
1210;4
1210;13
1210;22
1210;60
1210;147
1210;234
1211;4
1211;13
1211;30
1211;61
1211;91
1211;276
1212;4
1212;11
1212;29
1212;60
1212;89
1212;266
1213;5
1213;14
1213;27
1213;59
1213;86
1213;235
1214;4
1214;13
1214;30
1214;61
1214;91
1214;276
1215;4
1215;13
1215;29
1215;60
1215;89
1215;266
1216;4
1216;13
1216;29
1216;59
1216;88
1216;266
1217;4
1217;13
1217;30
1217;61
1217;91
1217;276
1218;4
1218;13
1218;29
1218;58
1218;89
1218;266
1219;4
1219;13
1219;29
1219;61
1219;89
1219;236
1220;4
1220;13
1220;31
1220;61
1220;91
1220;276
1221;4
1221;13
1221;29
1221;58
1221;89
1221;266
1222;4
1222;13
1222;29
1222;60
1222;127
1222;236
1223;4
1223;13
1223;30
1223;71
1223;87
1223;175
1224;4
1224;13
1224;30
1224;60
1224;149
1224;241
1225;4
1225;13
1225;30
1225;61
1225;152
1225;179
1226;5
1226;13
1226;29
1226;70
1226;85
1226;174
1227;4
1227;13
1227;30
1227;72
1227;93
1227;214
1228;4
1228;13
1228;30
1228;61
1228;95
1228;190
1229;9
1229;15
1229;20
1229;46
1229;90
1229;260
1230;4
1230;17
1230;20
1230;71
1230;89
1230;282
1231;9
1231;10
1231;31
1231;71
1231;89
1231;208
1232;9
1232;10
1232;29
1232;70
1232;89
1232;180
1233;4
1233;11
1233;29
1233;71
1233;89
1233;285
1234;4
1234;11
1234;29
1234;71
1234;89
1234;178
1235;4
1235;11
1235;30
1235;60
1235;92
1235;276
1236;4
1236;11
1236;29
1236;60
1236;119
1236;266
1237;6
1237;10
1237;30
1237;71
1237;89
1237;204
1238;4
1238;11
1238;31
1238;60
1238;142
1238;275
1239;4
1239;11
1239;29
1239;59
1239;90
1239;238
1240;4
1240;11
1240;30
1240;59
1240;148
1240;237
1241;4
1241;11
1241;31
1241;48
1241;81
1241;465
1242;4
1242;11
1242;29
1242;59
1242;90
1242;238
1243;4
1243;11
1243;30
1243;59
1243;89
1243;267
1244;4
1244;11
1244;31
1244;61
1244;122
1244;277
1245;4
1245;11
1245;29
1245;60
1245;90
1245;238
1246;4
1246;11
1246;30
1246;47
1246;89
1246;208
1247;4
1247;11
1247;27
1247;53
1247;132
1247;160
1248;4
1248;11
1248;27
1248;54
1248;81
1248;296
1249;4
1249;11
1249;27
1249;53
1249;106
1249;345
1250;4
1250;11
1250;20
1250;47
1250;81
1250;391
1251;4
1251;11
1251;27
1251;54
1251;81
1251;297
1252;4
1252;11
1252;27
1252;53
1252;106
1252;345
1253;4
1253;14
1253;20
1253;71
1253;100
1253;285
1254;5
1254;15
1254;26
1254;54
1254;81
1254;296
1255;7
1255;10
1255;27
1255;53
1255;106
1255;345
1256;4
1256;11
1256;20
1256;46
1256;85
1256;179
1257;5
1257;12
1257;29
1257;60
1257;90
1257;237
1258;4
1258;17
1258;30
1258;59
1258;89
1258;352
1259;4
1259;12
1259;20
1259;41
1259;80
1259;180
1260;4
1260;12
1260;30
1260;62
1260;84
1260;210
1261;7
1261;10
1261;39
1261;79
1261;80
1261;235
1262;4
1262;18
1262;35
1262;71
1262;89
1262;340
1263;4
1263;12
1263;20
1263;60
1263;85
1263;244
1264;4
1264;12
1264;30
1264;59
1264;81
1264;249
1265;4
1265;12
1265;20
1265;48
1265;82
1265;391
1266;4
1266;12
1266;30
1266;60
1266;119
1266;178
1267;4
1267;12
1267;30
1267;59
1267;82
1267;456
1268;4
1268;12
1268;22
1268;40
1268;129
1268;269
1269;4
1269;12
1269;20
1269;60
1269;90
1269;291
1270;4
1270;12
1270;25
1270;47
1270;81
1270;391
1271;4
1271;12
1271;24
1271;47
1271;91
1271;164
1272;4
1272;12
1272;24
1272;60
1272;141
1272;212
1273;4
1273;12
1273;24
1273;53
1273;142
1273;165
1274;4
1274;12
1274;23
1274;53
1274;93
1274;210
1275;6
1275;16
1275;31
1275;45
1275;91
1275;342
1276;4
1276;17
1276;27
1276;71
1276;80
1276;160
1277;9
1277;13
1277;30
1277;47
1277;94
1277;284
1278;9
1278;10
1278;35
1278;60
1278;95
1278;323
1279;9
1279;15
1279;20
1279;79
1279;80
1279;453
1280;4
1280;13
1280;30
1280;47
1280;95
1280;331
1281;6
1281;10
1281;30
1281;71
1281;94
1281;332
1282;5
1282;15
1282;30
1282;60
1282;95
1282;190
1283;5
1283;15
1283;24
1283;47
1283;95
1283;331
1284;5
1284;15
1284;30
1284;60
1284;90
1284;241
1285;5
1285;11
1285;28
1285;47
1285;84
1285;239
1286;5
1286;18
1286;20
1286;47
1286;94
1286;190
1287;5
1287;15
1287;24
1287;47
1287;90
1287;240
1288;5
1288;15
1288;30
1288;47
1288;89
1288;267
1289;5
1289;15
1289;30
1289;60
1289;80
1289;268
1290;5
1290;15
1290;30
1290;47
1290;90
1290;239
1291;5
1291;10
1291;30
1291;47
1291;89
1291;267
1292;5
1292;10
1292;24
1292;47
1292;118
1292;178
1293;5
1293;18
1293;24
1293;61
1293;91
1293;240
1294;5
1294;15
1294;24
1294;47
1294;129
1294;391
1295;5
1295;10
1295;20
1295;70
1295;95
1295;353
1296;5
1296;10
1296;23
1296;47
1296;132
1296;240
1297;5
1297;15
1297;23
1297;71
1297;106
1297;239
1298;5
1298;10
1298;23
1298;79
1298;132
1298;368
1299;5
1299;10
1299;23
1299;48
1299;132
1299;273
1300;5
1300;10
1300;23
1300;71
1300;106
1300;248
1301;5
1301;15
1301;24
1301;79
1301;132
1301;368
1302;7
1302;16
1302;20
1302;53
1302;132
1302;214
1303;4
1303;18
1303;26
1303;53
1303;107
1303;172
1304;3
1304;15
1304;24
1304;59
1304;118
1304;290
1305;8
1305;10
1305;26
1305;46
1305;85
1305;252
1306;4
1306;18
1306;26
1306;71
1306;106
1306;180
1307;4
1307;13
1307;22
1307;71
1307;90
1307;180
1308;4
1308;13
1308;22
1308;45
1308;139
1308;277
1309;4
1309;13
1309;29
1309;44
1309;90
1309;177
1310;5
1310;18
1310;22
1310;71
1310;141
1310;180
1311;4
1311;18
1311;22
1311;71
1311;143
1311;278
1312;4
1312;13
1312;22
1312;72
1312;142
1312;266
1313;4
1313;13
1313;22
1313;79
1313;80
1313;160
1314;5
1314;18
1314;26
1314;53
1314;80
1314;288
1315;4
1315;18
1315;22
1315;70
1315;89
1315;266
1316;4
1316;18
1316;23
1316;53
1316;80
1316;237
1317;4
1317;13
1317;31
1317;61
1317;91
1317;276
1318;4
1318;13
1318;29
1318;45
1318;90
1318;237
1319;4
1319;10
1319;22
1319;71
1319;80
1319;248
1320;4
1320;13
1320;35
1320;44
1320;89
1320;337
1321;4
1321;13
1321;22
1321;59
1321;107
1321;215
1322;4
1322;13
1322;23
1322;61
1322;107
1322;209
1323;5
1323;18
1323;22
1323;53
1323;91
1323;288
1324;4
1324;13
1324;22
1324;53
1324;80
1324;213
1325;4
1325;13
1325;26
1325;48
1325;142
1325;283
1326;8
1326;15
1326;20
1326;47
1326;151
1326;260
1327;4
1327;18
1327;30
1327;47
1327;94
1327;181
1328;9
1328;10
1328;22
1328;48
1328;95
1328;189
1329;9
1329;11
1329;20
1329;46
1329;143
1329;211
1330;5
1330;18
1330;35
1330;79
1330;120
1330;278
1331;4
1331;11
1331;22
1331;40
1331;80
1331;357
1332;4
1332;11
1332;36
1332;45
1332;94
1332;278
1333;4
1333;11
1333;30
1333;60
1333;119
1333;238
1334;6
1334;10
1334;22
1334;45
1334;94
1334;204
1335;4
1335;11
1335;22
1335;53
1335;95
1335;278
1336;4
1336;11
1336;22
1336;53
1336;90
1336;238
1337;4
1337;11
1337;22
1337;45
1337;89
1337;267
1338;4
1338;11
1338;22
1338;47
1338;126
1338;391
1339;4
1339;11
1339;22
1339;45
1339;90
1339;238
1340;4
1340;11
1340;30
1340;53
1340;89
1340;267
1341;4
1341;11
1341;22
1341;53
1341;142
1341;508
1342;4
1342;11
1342;29
1342;60
1342;90
1342;238
1343;4
1343;11
1343;22
1343;71
1343;80
1343;273
1344;4
1344;11
1344;22
1344;70
1344;80
1344;282
1345;4
1345;11
1345;26
1345;44
1345;80
1345;214
1346;4
1346;11
1346;35
1346;45
1346;106
1346;213
1347;4
1347;11
1347;22
1347;47
1347;107
1347;291
1348;4
1348;11
1348;35
1348;53
1348;80
1348;296
1349;4
1349;11
1349;22
1349;54
1349;106
1349;293
1350;4
1350;15
1350;23
1350;70
1350;94
1350;284
1351;5
1351;15
1351;27
1351;53
1351;131
1351;201
1352;5
1352;18
1352;27
1352;53
1352;106
1352;239
1353;9
1353;12
1353;28
1353;40
1353;131
1353;178
1354;5
1354;16
1354;20
1354;40
1354;117
1354;160
1355;4
1355;17
1355;20
1355;40
1355;80
1355;454
1356;4
1356;12
1356;20
1356;40
1356;80
1356;160
1357;4
1357;12
1357;30
1357;61
1357;84
1357;160
1358;9
1358;10
1358;39
1358;46
1358;80
1358;235
1359;4
1359;18
1359;20
1359;40
1359;106
1359;161
1360;4
1360;12
1360;20
1360;40
1360;124
1360;160
1361;4
1361;12
1361;20
1361;40
1361;81
1361;162
1362;4
1362;18
1362;24
1362;40
1362;80
1362;160
1363;4
1363;12
1363;30
1363;40
1363;127
1363;178
1364;4
1364;12
1364;20
1364;41
1364;124
1364;319
1365;4
1365;16
1365;20
1365;40
1365;88
1365;269
1366;1
1366;19
1366;20
1366;40
1366;122
1366;290
1367;6
1367;10
1367;24
1367;49
1367;81
1367;305
1368;8
1368;19
1368;23
1368;47
1368;88
1368;384
1369;4
1369;12
1369;24
1369;71
1369;143
1369;166
1370;7
1370;17
1370;24
1370;59
1370;128
1370;165
1371;6
1371;17
1371;23
1371;69
1371;92
1371;160
1372;6
1372;14
1372;21
1372;40
1372;122
1372;345
1373;7
1373;12
1373;30
1373;41
1373;105
1373;247
1374;8
1374;10
1374;24
1374;59
1374;124
1374;453
1375;7
1375;10
1375;30
1375;60
1375;155
1375;174
1376;9
1376;10
1376;20
1376;71
1376;114
1376;453
1377;5
1377;11
1377;21
1377;55
1377;138
1377;378
1378;6
1378;10
1378;32
1378;66
1378;103
1378;377
1379;4
1379;15
1379;32
1379;64
1379;119
1379;222
1380;5
1380;15
1380;36
1380;71
1380;142
1380;212
1381;5
1381;15
1381;35
1381;71
1381;142
1381;213
1382;9
1382;11
1382;35
1382;46
1382;85
1382;317
1383;5
1383;10
1383;35
1383;71
1383;106
1383;177
1384;3
1384;10
1384;35
1384;71
1384;106
1384;354
1385;3
1385;10
1385;34
1385;47
1385;94
1385;393
1386;3
1386;10
1386;20
1386;48
1386;94
1386;490
1387;3
1387;17
1387;30
1387;60
1387;119
1387;269
1388;3
1388;17
1388;29
1388;59
1388;95
1388;351
1389;3
1389;17
1389;20
1389;40
1389;95
1389;383
1390;3
1390;17
1390;34
1390;69
1390;135
1390;270
1391;3
1391;11
1391;35
1391;71
1391;106
1391;318
1392;3
1392;10
1392;39
1392;40
1392;80
1392;160
1393;3
1393;10
1393;39
1393;40
1393;80
1393;201
1394;3
1394;10
1394;31
1394;61
1394;152
1394;338
1395;3
1395;10
1395;30
1395;60
1395;119
1395;358
1396;8
1396;10
1396;30
1396;60
1396;119
1396;297
1397;4
1397;11
1397;30
1397;60
1397;89
1397;298
1398;4
1398;11
1398;30
1398;60
1398;89
1398;298
1399;8
1399;11
1399;30
1399;59
1399;89
1399;257
1400;4
1400;12
1400;27
1400;53
1400;119
1400;164
1401;4
1401;12
1401;27
1401;40
1401;153
1401;167
1402;9
1402;10
1402;20
1402;47
1402;80
1402;179
1403;5
1403;15
1403;26
1403;79
1403;80
1403;179
1404;5
1404;15
1404;25
1404;40
1404;80
1404;177
1405;5
1405;15
1405;25
1405;47
1405;90
1405;177
1406;5
1406;14
1406;26
1406;40
1406;89
1406;178
1407;6
1407;10
1407;24
1407;48
1407;95
1407;481
1408;4
1408;10
1408;20
1408;48
1408;96
1408;445
1409;9
1409;10
1409;20
1409;59
1409;96
1409;281
1410;3
1410;10
1410;20
1410;48
1410;95
1410;180
1411;3
1411;10
1411;30
1411;60
1411;90
1411;223
1412;3
1412;10
1412;30
1412;59
1412;150
1412;210
1413;3
1413;10
1413;32
1413;63
1413;94
1413;190
1414;3
1414;10
1414;33
1414;69
1414;94
1414;276
1415;3
1415;10
1415;35
1415;71
1415;141
1415;177
1416;4
1416;10
1416;23
1416;47
1416;94
1416;321
1417;7
1417;10
1417;30
1417;60
1417;89
1417;288
1418;7
1418;13
1418;35
1418;71
1418;89
1418;355
1419;7
1419;10
1419;35
1419;71
1419;141
1419;353
1420;9
1420;11
1420;34
1420;46
1420;85
1420;311
1421;5
1421;13
1421;35
1421;71
1421;106
1421;319
1422;4
1422;13
1422;36
1422;71
1422;107
1422;322
1423;9
1423;10
1423;35
1423;71
1423;106
1423;314
1424;5
1424;10
1424;30
1424;59
1424;131
1424;177
1425;7
1425;12
1425;29
1425;40
1425;140
1425;387
1426;9
1426;11
1426;20
1426;45
1426;84
1426;355
1427;5
1427;14
1427;32
1427;45
1427;117
1427;297
1428;5
1428;15
1428;32
1428;64
1428;127
1428;286
1429;5
1429;15
1429;35
1429;40
1429;97
1429;176
1430;5
1430;15
1430;35
1430;71
1430;142
1430;213
1431;7
1431;10
1431;36
1431;71
1431;141
1431;211
1432;4
1432;17
1432;35
1432;71
1432;142
1432;319
1433;3
1433;17
1433;36
1433;71
1433;144
1433;285
1434;3
1434;17
1434;20
1434;48
1434;119
1434;336
1435;3
1435;17
1435;20
1435;47
1435;84
1435;290
1436;3
1436;17
1436;30
1436;60
1436;119
1436;299
1437;3
1437;10
1437;20
1437;48
1437;116
1437;463
1438;3
1438;10
1438;20
1438;40
1438;125
1438;392
1439;3
1439;10
1439;35
1439;70
1439;105
1439;210
1440;3
1440;10
1440;37
1440;73
1440;153
1440;192
1441;3
1441;10
1441;39
1441;40
1441;80
1441;198
1442;3
1442;10
1442;39
1442;40
1442;80
1442;199
1443;3
1443;10
1443;31
1443;63
1443;153
1443;296
1444;3
1444;11
1444;30
1444;60
1444;120
1444;208
1445;5
1445;14
1445;30
1445;60
1445;149
1445;298
1446;4
1446;11
1446;36
1446;59
1446;89
1446;298
1447;4
1447;11
1447;30
1447;59
1447;89
1447;297
1448;6
1448;13
1448;26
1448;53
1448;80
1448;164
1449;4
1449;11
1449;27
1449;40
1449;81
1449;298
1450;4
1450;12
1450;27
1450;48
1450;131
1450;211
1451;6
1451;14
1451;25
1451;60
1451;80
1451;212
1452;4
1452;13
1452;30
1452;59
1452;80
1452;297
1453;5
1453;15
1453;30
1453;60
1453;89
1453;211
1454;5
1454;15
1454;25
1454;59
1454;88
1454;245
1455;9
1455;10
1455;28
1455;49
1455;90
1455;229
1456;4
1456;10
1456;30
1456;49
1456;80
1456;398
1457;4
1457;10
1457;30
1457;50
1457;90
1457;335
1458;9
1458;10
1458;30
1458;60
1458;119
1458;298
1459;9
1459;10
1459;30
1459;53
1459;90
1459;292
1460;5
1460;15
1460;30
1460;59
1460;90
1460;180
1461;5
1461;15
1461;31
1461;40
1461;93
1461;209
1462;5
1462;15
1462;32
1462;64
1462;96
1462;194
1463;5
1463;15
1463;36
1463;71
1463;106
1463;177
1464;5
1464;12
1464;35
1464;40
1464;84
1464;288
1465;4
1465;13
1465;33
1465;40
1465;106
1465;415
1466;4
1466;13
1466;22
1466;60
1466;90
1466;209
1467;4
1467;13
1467;20
1467;59
1467;105
1467;164
1468;7
1468;12
1468;22
1468;40
1468;128
1468;186
1469;6
1469;10
1469;26
1469;44
1469;114
1469;186
1470;4
1470;17
1470;20
1470;45
1470;128
1470;277
1471;9
1471;10
1471;27
1471;49
1471;121
1471;185
1472;7
1472;17
1472;31
1472;44
1472;117
1472;292
1473;9
1473;13
1473;20
1473;46
1473;120
1473;449
1474;5
1474;14
1474;31
1474;72
1474;124
1474;305
1475;7
1475;10
1475;32
1475;46
1475;103
1475;377
1476;4
1476;15
1476;31
1476;64
1476;119
1476;268
1477;5
1477;15
1477;36
1477;71
1477;142
1477;212
1478;5
1478;15
1478;35
1478;71
1478;149
1478;238
1479;9
1479;11
1479;35
1479;41
1479;141
1479;209
1480;5
1480;10
1480;35
1480;71
1480;106
1480;177
1481;4
1481;10
1481;35
1481;71
1481;106
1481;354
1482;3
1482;10
1482;34
1482;70
1482;94
1482;393
1483;3
1483;10
1483;23
1483;48
1483;95
1483;400
1484;3
1484;16
1484;30
1484;48
1484;119
1484;269
1485;3
1485;17
1485;29
1485;60
1485;88
1485;295
1486;3
1486;17
1486;20
1486;59
1486;95
1486;464
1487;3
1487;17
1487;34
1487;69
1487;89
1487;270
1488;3
1488;16
1488;35
1488;70
1488;89
1488;317
1489;3
1489;10
1489;39
1489;40
1489;80
1489;199
1490;3
1490;10
1490;32
1490;40
1490;80
1490;201
1491;3
1491;10
1491;31
1491;40
1491;90
1491;341
1492;3
1492;10
1492;30
1492;60
1492;119
1492;358
1493;9
1493;10
1493;30
1493;60
1493;119
1493;297
1494;4
1494;11
1494;30
1494;60
1494;89
1494;298
1495;4
1495;11
1495;30
1495;59
1495;89
1495;298
1496;4
1496;16
1496;30
1496;59
1496;88
1496;179
1497;4
1497;12
1497;27
1497;47
1497;80
1497;171
1498;4
1498;12
1498;27
1498;40
1498;80
1498;210
1499;9
1499;10
1499;36
1499;47
1499;80
1499;177
1500;5
1500;15
1500;35
1500;60
1500;80
1500;179
1501;5
1501;15
1501;36
1501;59
1501;148
1501;176
1502;5
1502;15
1502;35
1502;59
1502;89
1502;176
1503;5
1503;14
1503;28
1503;40
1503;88
1503;178
1504;6
1504;10
1504;24
1504;48
1504;95
1504;165
1505;4
1505;17
1505;20
1505;48
1505;95
1505;385
1506;3
1506;17
1506;20
1506;59
1506;119
1506;326
1507;3
1507;17
1507;20
1507;60
1507;95
1507;190
1508;3
1508;17
1508;20
1508;68
1508;83
1508;327
1509;3
1509;17
1509;30
1509;60
1509;90
1509;328
1510;3
1510;10
1510;32
1510;63
1510;159
1510;285
1511;3
1511;10
1511;35
1511;71
1511;95
1511;214
1512;3
1512;10
1512;35
1512;71
1512;141
1512;284
1513;3
1513;10
1513;21
1513;47
1513;94
1513;384
1514;3
1514;10
1514;20
1514;60
1514;90
1514;400
1515;3
1515;10
1515;36
1515;71
1515;106
1515;249
1516;3
1516;14
1516;36
1516;72
1516;106
1516;360
1517;9
1517;11
1517;26
1517;46
1517;85
1517;177
1518;5
1518;14
1518;35
1518;71
1518;106
1518;321
1519;4
1519;11
1519;35
1519;70
1519;106
1519;318
1520;9
1520;15
1520;36
1520;71
1520;107
1520;320
1521;5
1521;13
1521;21
1521;59
1521;131
1521;179
1522;3
1522;10
1522;30
1522;59
1522;148
1522;398
1523;3
1523;10
1523;20
1523;45
1523;84
1523;346
1524;5
1524;15
1524;27
1524;45
1524;141
1524;283
1525;5
1525;14
1525;31
1525;53
1525;126
1525;283
1526;5
1526;15
1526;35
1526;53
1526;89
1526;238
1527;5
1527;15
1527;35
1527;71
1527;142
1527;213
1528;7
1528;10
1528;36
1528;60
1528;140
1528;210
1529;4
1529;10
1529;35
1529;71
1529;89
1529;319
1530;3
1530;10
1530;36
1530;71
1530;144
1530;285
1531;3
1531;10
1531;23
1531;60
1531;94
1531;468
1532;3
1532;10
1532;23
1532;47
1532;84
1532;296
1533;3
1533;17
1533;30
1533;60
1533;119
1533;331
1534;3
1534;17
1534;23
1534;45
1534;119
1534;395
1535;3
1535;17
1535;20
1535;70
1535;94
1535;426
1536;3
1536;10
1536;35
1536;69
1536;90
1536;318
1537;3
1537;17
1537;36
1537;73
1537;145
1537;192
1538;3
1538;10
1538;39
1538;40
1538;80
1538;198
1539;3
1539;10
1539;39
1539;40
1539;80
1539;161
1540;3
1540;10
1540;32
1540;60
1540;147
1540;295
1541;3
1541;11
1541;30
1541;47
1541;119
1541;329
1542;5
1542;11
1542;30
1542;60
1542;119
1542;298
1543;4
1543;11
1543;36
1543;60
1543;94
1543;298
1544;8
1544;19
1544;30
1544;60
1544;89
1544;179
1545;6
1545;13
1545;29
1545;48
1545;118
1545;164
1546;7
1546;15
1546;27
1546;40
1546;89
1546;298
1547;7
1547;15
1547;27
1547;48
1547;131
1547;211
1548;6
1548;10
1548;25
1548;45
1548;104
1548;212
1549;4
1549;13
1549;30
1549;59
1549;119
1549;298
1550;5
1550;14
1550;35
1550;47
1550;119
1550;179
1551;5
1551;15
1551;24
1551;59
1551;89
1551;212
1552;9
1552;10
1552;30
1552;49
1552;90
1552;229
1553;5
1553;10
1553;29
1553;49
1553;88
1553;463
1554;9
1554;10
1554;29
1554;53
1554;80
1554;347
1555;9
1555;10
1555;29
1555;50
1555;140
1555;191
1556;9
1556;10
1556;30
1556;50
1556;142
1556;212
1557;5
1557;15
1557;30
1557;45
1557;89
1557;326
1558;5
1558;15
1558;30
1558;40
1558;120
1558;210
1559;5
1559;15
1559;32
1559;63
1559;126
1559;253
1560;5
1560;15
1560;35
1560;70
1560;106
1560;354
1561;5
1561;17
1561;20
1561;40
1561;84
1561;287
1562;4
1562;13
1562;22
1562;40
1562;92
1562;188
1563;4
1563;13
1563;36
1563;73
1563;145
1563;183
1564;4
1564;13
1564;35
1564;53
1564;142
1564;212
1565;4
1565;13
1565;36
1565;72
1565;107
1565;213
1566;7
1566;10
1566;36
1566;71
1566;106
1566;319
1567;4
1567;10
1567;36
1567;71
1567;80
1567;320
1568;9
1568;10
1568;34
1568;68
1568;80
1568;210
1569;7
1569;14
1569;22
1569;53
1569;93
1569;208
1570;5
1570;12
1570;24
1570;46
1570;142
1570;212
1571;5
1571;14
1571;20
1571;53
1571;107
1571;176
1572;6
1572;10
1572;23
1572;47
1572;91
1572;273
1573;5
1573;10
1573;22
1573;67
1573;89
1573;287
1574;0
1574;19
1574;22
1574;67
1574;135
1574;314
1575;0
1575;17
1575;22
1575;67
1575;89
1575;333
1576;9
1576;13
1576;22
1576;67
1576;89
1576;199
1577;5
1577;10
1577;23
1577;68
1577;135
1577;203
1578;5
1578;18
1578;22
1578;66
1578;131
1578;217
1579;5
1579;17
1579;22
1579;67
1579;135
1579;372
1580;0
1580;19
1580;21
1580;45
1580;135
1580;202
1581;0
1581;19
1581;22
1581;76
1581;140
1581;207
1582;0
1582;17
1582;22
1582;58
1582;120
1582;207
1583;0
1583;19
1583;22
1583;74
1583;141
1583;230
1584;5
1584;19
1584;22
1584;59
1584;87
1584;179
1585;0
1585;19
1585;23
1585;60
1585;97
1585;162
1586;3
1586;11
1586;23
1586;70
1586;134
1586;230
1587;7
1587;19
1587;37
1587;79
1587;120
1587;165
1588;5
1588;17
1588;22
1588;58
1588;157
1588;177
1589;6
1589;18
1589;20
1589;57
1589;140
1589;308
1590;1
1590;18
1590;20
1590;40
1590;149
1590;327
1591;8
1591;19
1591;24
1591;46
1591;134
1591;388
1592;7
1592;17
1592;30
1592;61
1592;149
1592;176
1593;7
1593;10
1593;30
1593;60
1593;86
1593;180
1594;3
1594;19
1594;29
1594;59
1594;88
1594;379
1595;2
1595;16
1595;30
1595;60
1595;90
1595;329
1596;8
1596;10
1596;30
1596;43
1596;81
1596;180
1597;5
1597;19
1597;20
1597;40
1597;80
1597;338
1598;9
1598;19
1598;20
1598;40
1598;80
1598;161
1599;9
1599;19
1599;20
1599;40
1599;80
1599;199
1600;8
1600;19
1600;20
1600;79
1600;80
1600;340
1601;5
1601;19
1601;20
1601;79
1601;80
1601;218
1602;5
1602;19
1602;20
1602;79
1602;80
1602;357
1603;0
1603;19
1603;20
1603;60
1603;80
1603;362
1604;5
1604;19
1604;20
1604;59
1604;138
1604;339
1605;0
1605;19
1605;20
1605;79
1605;80
1605;352
1606;5
1606;19
1606;20
1606;79
1606;80
1606;167
1607;0
1607;15
1607;29
1607;60
1607;80
1607;365
1608;5
1608;15
1608;30
1608;44
1608;92
1608;285
1609;5
1609;19
1609;20
1609;79
1609;80
1609;260
1610;7
1610;15
1610;29
1610;61
1610;120
1610;365
1611;9
1611;15
1611;28
1611;44
1611;92
1611;363
1612;8
1612;19
1612;30
1612;67
1612;80
1612;261
1613;9
1613;15
1613;29
1613;61
1613;120
1613;365
1614;9
1614;15
1614;30
1614;46
1614;92
1614;283
1615;7
1615;19
1615;22
1615;64
1615;151
1615;273
1616;7
1616;19
1616;20
1616;60
1616;157
1616;246
1617;9
1617;17
1617;30
1617;65
1617;130
1617;211
1618;7
1618;18
1618;31
1618;58
1618;87
1618;206
1619;9
1619;18
1619;39
1619;42
1619;80
1619;396
1620;9
1620;11
1620;20
1620;45
1620;84
1620;322
1621;5
1621;15
1621;30
1621;60
1621;91
1621;206
1622;5
1622;15
1622;29
1622;59
1622;89
1622;329
1623;5
1623;15
1623;28
1623;59
1623;148
1623;296
1624;5
1624;15
1624;30
1624;60
1624;90
1624;239
1625;9
1625;10
1625;20
1625;46
1625;85
1625;229
1626;5
1626;15
1626;26
1626;59
1626;148
1626;486
1627;5
1627;15
1627;30
1627;60
1627;90
1627;239
1628;5
1628;15
1628;30
1628;59
1628;89
1628;267
1629;5
1629;15
1629;25
1629;49
1629;150
1629;290
1630;5
1630;15
1630;30
1630;60
1630;90
1630;239
1631;5
1631;15
1631;30
1631;59
1631;89
1631;267
1632;5
1632;15
1632;25
1632;60
1632;147
1632;269
1633;5
1633;15
1633;30
1633;60
1633;90
1633;239
1634;5
1634;10
1634;30
1634;48
1634;81
1634;305
1635;5
1635;15
1635;25
1635;59
1635;118
1635;177
1636;5
1636;15
1636;27
1636;53
1636;80
1636;294
1637;5
1637;15
1637;27
1637;53
1637;106
1637;345
1638;5
1638;15
1638;27
1638;79
1638;132
1638;368
1639;5
1639;15
1639;27
1639;53
1639;133
1639;294
1640;5
1640;15
1640;27
1640;53
1640;106
1640;346
1641;5
1641;14
1641;27
1641;79
1641;80
1641;369
1642;6
1642;14
1642;27
1642;79
1642;132
1642;214
1643;4
1643;10
1643;26
1643;51
1643;106
1643;239
1644;3
1644;18
1644;26
1644;79
1644;131
1644;368
1645;6
1645;10
1645;30
1645;60
1645;90
1645;241
1646;5
1646;13
1646;30
1646;59
1646;89
1646;267
1647;4
1647;13
1647;22
1647;59
1647;147
1647;240
1648;4
1648;13
1648;30
1648;61
1648;91
1648;242
1649;4
1649;11
1649;29
1649;46
1649;89
1649;177
1650;5
1650;14
1650;22
1650;59
1650;89
1650;235
1651;4
1651;13
1651;25
1651;50
1651;126
1651;176
1652;4
1652;13
1652;32
1652;62
1652;93
1652;203
1653;4
1653;13
1653;22
1653;40
1653;117
1653;269
1654;4
1654;13
1654;27
1654;47
1654;80
1654;216
1655;4
1655;13
1655;21
1655;42
1655;97
1655;455
1656;4
1656;13
1656;33
1656;40
1656;153
1656;238
1657;4
1657;13
1657;25
1657;51
1657;157
1657;176
1658;4
1658;13
1658;30
1658;48
1658;81
1658;465
1659;4
1659;13
1659;22
1659;62
1659;128
1659;169
1660;4
1660;13
1660;30
1660;61
1660;148
1660;173
1661;4
1661;13
1661;30
1661;60
1661;89
1661;241
1662;4
1662;13
1662;22
1662;60
1662;152
1662;176
1663;4
1663;13
1663;21
1663;41
1663;80
1663;288
1664;4
1664;13
1664;22
1664;47
1664;144
1664;409
1665;4
1665;13
1665;23
1665;47
1665;141
1665;376
1666;7
1666;10
1666;24
1666;48
1666;112
1666;257
1667;4
1667;14
1667;24
1667;47
1667;142
1667;166
1668;9
1668;10
1668;23
1668;47
1668;94
1668;161
1669;9
1669;10
1669;23
1669;45
1669;86
1669;178
1670;4
1670;11
1670;29
1670;60
1670;90
1670;238
1671;4
1671;11
1671;30
1671;59
1671;89
1671;267
1672;4
1672;11
1672;30
1672;61
1672;91
1672;276
1673;4
1673;11
1673;29
1673;46
1673;90
1673;266
1674;5
1674;14
1674;26
1674;60
1674;88
1674;239
1675;4
1675;11
1675;31
1675;61
1675;121
1675;275
1676;4
1676;11
1676;29
1676;58
1676;90
1676;266
1677;4
1677;11
1677;29
1677;59
1677;89
1677;236
1678;4
1678;11
1678;30
1678;47
1678;81
1678;290
1679;4
1679;11
1679;29
1679;60
1679;90
1679;266
1680;4
1680;11
1680;30
1680;59
1680;89
1680;237
1681;4
1681;11
1681;31
1681;61
1681;121
1681;276
1682;4
1682;11
1682;29
1682;58
1682;90
1682;266
1683;4
1683;11
1683;30
1683;47
1683;89
1683;266
1684;4
1684;11
1684;27
1684;77
1684;133
1684;160
1685;4
1685;11
1685;27
1685;54
1685;81
1685;296
1686;4
1686;11
1686;27
1686;53
1686;105
1686;290
1687;4
1687;11
1687;21
1687;48
1687;80
1687;391
1688;4
1688;11
1688;27
1688;54
1688;81
1688;296
1689;4
1689;11
1689;27
1689;53
1689;106
1689;345
1690;9
1690;11
1690;20
1690;71
1690;150
1690;245
1691;5
1691;13
1691;27
1691;53
1691;108
1691;204
1692;3
1692;10
1692;27
1692;53
1692;106
1692;344
1693;9
1693;11
1693;20
1693;45
1693;85
1693;178
1694;5
1694;12
1694;26
1694;53
1694;80
1694;238
1695;4
1695;12
1695;30
1695;60
1695;90
1695;237
1696;4
1696;12
1696;20
1696;59
1696;89
1696;180
1697;4
1697;12
1697;30
1697;59
1697;89
1697;237
1698;7
1698;10
1698;29
1698;60
1698;89
1698;266
1699;3
1699;12
1699;27
1699;53
1699;94
1699;378
1700;4
1700;12
1700;27
1700;53
1700;95
1700;372
1701;4
1701;12
1701;32
1701;53
1701;95
1701;373
1702;4
1702;12
1702;20
1702;63
1702;141
1702;465
1703;4
1703;12
1703;25
1703;60
1703;142
1703;283
1704;4
1704;12
1704;30
1704;60
1704;142
1704;268
1705;4
1705;12
1705;35
1705;59
1705;118
1705;264
1706;4
1706;12
1706;27
1706;59
1706;89
1706;384
1707;4
1707;12
1707;29
1707;62
1707;80
1707;291
1708;4
1708;12
1708;35
1708;71
1708;89
1708;177
1709;4
1709;12
1709;30
1709;71
1709;90
1709;358
1710;4
1710;12
1710;31
1710;61
1710;89
1710;209
1711;4
1711;15
1711;20
1711;70
1711;89
1711;178
1712;5
1712;18
1712;21
1712;62
1712;89
1712;231
1713;3
1713;13
1713;22
1713;40
1713;89
1713;176
1714;9
1714;13
1714;34
1714;79
1714;94
1714;188
1715;9
1715;18
1715;27
1715;79
1715;95
1715;190
1716;7
1716;15
1716;20
1716;59
1716;98
1716;333
1717;4
1717;13
1717;26
1717;41
1717;95
1717;325
1718;5
1718;10
1718;24
1718;40
1718;80
1718;297
1719;5
1719;18
1719;35
1719;40
1719;80
1719;329
1720;5
1720;15
1720;35
1720;47
1720;142
1720;214
1721;5
1721;15
1721;35
1721;60
1721;141
1721;176
1722;9
1722;10
1722;20
1722;40
1722;118
1722;178
1723;5
1723;18
1723;35
1723;71
1723;106
1723;178
1724;5
1724;15
1724;35
1724;71
1724;106
1724;355
1725;5
1725;15
1725;30
1725;59
1725;80
1725;397
1726;5
1726;15
1726;30
1726;60
1726;89
1726;497
1727;5
1727;15
1727;30
1727;47
1727;119
1727;358
1728;5
1728;15
1728;30
1728;47
1728;118
1728;344
1729;5
1729;15
1729;24
1729;47
1729;89
1729;429
1730;5
1730;15
1730;35
1730;70
1730;140
1730;277
1731;5
1731;10
1731;36
1731;48
1731;129
1731;288
1732;5
1732;15
1732;20
1732;40
1732;80
1732;160
1733;5
1733;15
1733;24
1733;40
1733;80
1733;200
1734;5
1734;15
1734;30
1734;60
1734;150
1734;365
1735;5
1735;15
1735;30
1735;60
1735;119
1735;358
1736;5
1736;15
1736;30
1736;47
1736;89
1736;298
1737;5
1737;19
1737;24
1737;60
1737;149
1737;298
1738;5
1738;15
1738;20
1738;60
1738;119
1738;357
1739;6
1739;16
1739;30
1739;40
1739;80
1739;199
1740;4
1740;11
1740;27
1740;45
1740;93
1740;190
1741;5
1741;15
1741;20
1741;47
1741;141
1741;189
1742;7
1742;10
1742;35
1742;48
1742;95
1742;251
1743;4
1743;18
1743;35
1743;47
1743;95
1743;283
1744;4
1744;13
1744;22
1744;48
1744;96
1744;290
1745;4
1745;13
1745;22
1745;47
1745;94
1745;238
1746;4
1746;11
1746;27
1746;47
1746;95
1746;391
1747;5
1747;14
1747;26
1747;53
1747;80
1747;404
1748;4
1748;13
1748;35
1748;71
1748;106
1748;211
1749;4
1749;13
1749;27
1749;40
1749;80
1749;198
1750;4
1750;13
1750;26
1750;40
1750;80
1750;176
1751;4
1751;13
1751;27
1751;53
1751;142
1751;179
1752;4
1752;13
1752;30
1752;45
1752;117
1752;352
1753;4
1753;13
1753;31
1753;40
1753;119
1753;280
1754;4
1754;13
1754;35
1754;55
1754;120
1754;213
1755;4
1755;18
1755;35
1755;45
1755;80
1755;289
1756;4
1756;13
1756;35
1756;45
1756;80
1756;353
1757;4
1757;13
1757;35
1757;71
1757;89
1757;291
1758;4
1758;13
1758;35
1758;71
1758;80
1758;212
1759;4
1759;13
1759;36
1759;71
1759;107
1759;160
1760;5
1760;13
1760;24
1760;48
1760;80
1760;187
1761;4
1761;13
1761;35
1761;70
1761;95
1761;249
1762;4
1762;13
1762;36
1762;72
1762;80
1762;320
1763;9
1763;16
1763;35
1763;53
1763;80
1763;214
1764;4
1764;10
1764;27
1764;53
1764;80
1764;212
1765;5
1765;13
1765;26
1765;53
1765;80
1765;160
1766;8
1766;10
1766;22
1766;47
1766;84
1766;212
1767;4
1767;15
1767;22
1767;45
1767;134
1767;222
1768;4
1768;11
1768;22
1768;45
1768;89
1768;213
1769;4
1769;11
1769;35
1769;44
1769;89
1769;248
1770;4
1770;11
1770;35
1770;45
1770;141
1770;176
1771;6
1771;15
1771;35
1771;45
1771;142
1771;213
1772;4
1772;11
1772;35
1772;59
1772;142
1772;319
1773;4
1773;11
1773;36
1773;45
1773;141
1773;349
1774;4
1774;11
1774;22
1774;53
1774;90
1774;447
1775;4
1775;11
1775;22
1775;53
1775;81
1775;291
1776;4
1776;11
1776;35
1776;44
1776;141
1776;298
1777;4
1777;11
1777;30
1777;67
1777;88
1777;160
1778;4
1778;11
1778;30
1778;45
1778;80
1778;509
1779;4
1779;11
1779;35
1779;71
1779;106
1779;178
1780;4
1780;11
1780;39
1780;71
1780;80
1780;175
1781;4
1781;18
1781;35
1781;79
1781;80
1781;198
1782;4
1782;18
1782;39
1782;79
1782;80
1782;198
1783;4
1783;11
1783;31
1783;60
1783;106
1783;295
1784;4
1784;11
1784;30
1784;60
1784;89
1784;465
1785;4
1785;11
1785;30
1785;59
1785;149
1785;297
1786;4
1786;11
1786;22
1786;60
1786;149
1786;298
1787;4
1787;15
1787;30
1787;59
1787;100
1787;214
1788;5
1788;18
1788;22
1788;45
1788;89
1788;204
1789;3
1789;11
1789;22
1789;53
1789;132
1789;293
1790;7
1790;12
1790;20
1790;46
1790;85
1790;224
1791;5
1791;18
1791;31
1791;45
1791;80
1791;239
1792;4
1792;12
1792;20
1792;60
1792;119
1792;179
1793;4
1793;12
1793;20
1793;60
1793;119
1793;268
1794;4
1794;12
1794;30
1794;60
1794;90
1794;268
1795;7
1795;10
1795;30
1795;40
1795;120
1795;189
1796;4
1796;11
1796;32
1796;40
1796;89
1796;188
1797;4
1797;12
1797;30
1797;79
1797;125
1797;187
1798;4
1798;12
1798;35
1798;47
1798;140
1798;178
1799;4
1799;12
1799;35
1799;59
1799;89
1799;176
1800;4
1800;12
1800;35
1800;60
1800;143
1800;214
1801;4
1801;12
1801;35
1801;40
1801;140
1801;177
1802;4
1802;12
1802;27
1802;40
1802;94
1802;212
1803;4
1803;12
1803;35
1803;79
1803;80
1803;160
1804;4
1804;12
1804;20
1804;47
1804;106
1804;178
1805;4
1805;12
1805;20
1805;54
1805;81
1805;186
1806;4
1806;12
1806;20
1806;52
1806;104
1806;177
1807;4
1807;12
1807;20
1807;67
1807;107
1807;266
1808;4
1808;11
1808;27
1808;53
1808;80
1808;186
1809;5
1809;19
1809;31
1809;45
1809;90
1809;186
1810;4
1810;13
1810;29
1810;71
1810;88
1810;175
1811;9
1811;13
1811;30
1811;59
1811;94
1811;178
1812;9
1812;18
1812;30
1812;47
1812;91
1812;271
1813;7
1813;16
1813;30
1813;71
1813;80
1813;274
1814;4
1814;13
1814;30
1814;47
1814;89
1814;331
1815;6
1815;10
1815;30
1815;71
1815;94
1815;332
1816;5
1816;18
1816;35
1816;59
1816;93
1816;224
1817;5
1817;15
1817;35
1817;47
1817;95
1817;178
1818;5
1818;15
1818;35
1818;47
1818;119
1818;212
1819;9
1819;10
1819;30
1819;45
1819;85
1819;178
1820;5
1820;19
1820;35
1820;70
1820;106
1820;213
1821;5
1821;15
1821;35
1821;47
1821;106
1821;354
1822;5
1822;15
1822;24
1822;47
1822;90
1822;367
1823;5
1823;15
1823;24
1823;47
1823;80
1823;435
1824;5
1824;15
1824;30
1824;47
1824;119
1824;269
1825;5
1825;15
1825;20
1825;40
1825;88
1825;211
1826;5
1826;15
1826;24
1826;47
1826;119
1826;179
1827;5
1827;15
1827;35
1827;71
1827;90
1827;269
1828;5
1828;10
1828;35
1828;71
1828;141
1828;465
1829;5
1829;15
1829;23
1829;40
1829;80
1829;177
1830;5
1830;15
1830;23
1830;47
1830;80
1830;239
1831;5
1831;15
1831;30
1831;59
1831;120
1831;239
1832;5
1832;15
1832;30
1832;47
1832;119
1832;358
1833;5
1833;15
1833;30
1833;71
1833;89
1833;298
1834;5
1834;11
1834;30
1834;71
1834;119
1834;297
1835;5
1835;15
1835;30
1835;59
1835;119
1835;450
1836;7
1836;16
1836;30
1836;60
1836;88
1836;239
1837;4
1837;11
1837;29
1837;60
1837;80
1837;239
1838;5
1838;15
1838;20
1838;63
1838;95
1838;252
1839;7
1839;10
1839;26
1839;45
1839;106
1839;211
1840;4
1840;18
1840;26
1840;70
1840;106
1840;318
1841;4
1841;13
1841;22
1841;71
1841;106
1841;320
1842;4
1842;13
1842;22
1842;71
1842;107
1842;319
1843;4
1843;14
1843;35
1843;46
1843;84
1843;180
1844;5
1844;14
1844;35
1844;45
1844;106
1844;501
1845;4
1845;13
1845;36
1845;71
1845;80
1845;180
1846;4
1846;13
1846;35
1846;71
1846;106
1846;180
1847;4
1847;13
1847;35
1847;40
1847;120
1847;199
1848;4
1848;13
1848;36
1848;48
1848;89
1848;299
1849;4
1849;13
1849;30
1849;45
1849;142
1849;285
1850;4
1850;13
1850;31
1850;79
1850;158
1850;317
1851;4
1851;13
1851;36
1851;79
1851;80
1851;214
1852;4
1852;13
1852;35
1852;45
1852;106
1852;283
1853;4
1853;13
1853;22
1853;53
1853;80
1853;353
1854;4
1854;18
1854;22
1854;44
1854;141
1854;337
1855;4
1855;18
1855;35
1855;53
1855;120
1855;212
1856;4
1856;13
1856;35
1856;53
1856;104
1856;240
1857;5
1857;13
1857;27
1857;48
1857;81
1857;288
1858;4
1858;13
1858;26
1858;71
1858;106
1858;315
1859;4
1859;13
1859;36
1859;71
1859;107
1859;318
1860;4
1860;14
1860;35
1860;71
1860;143
1860;229
1861;4
1861;10
1861;27
1861;53
1861;80
1861;179
1862;5
1862;18
1862;27
1862;61
1862;80
1862;394
1863;8
1863;10
1863;30
1863;46
1863;84
1863;212
1864;5
1864;15
1864;30
1864;71
1864;90
1864;343
1865;4
1865;11
1865;30
1865;71
1865;106
1865;283
1866;4
1866;11
1866;35
1866;60
1866;89
1866;209
1867;4
1867;11
1867;35
1867;60
1867;142
1867;213
1868;6
1868;10
1868;35
1868;71
1868;141
1868;268
1869;4
1869;11
1869;35
1869;71
1869;106
1869;213
1870;4
1870;11
1870;35
1870;45
1870;144
1870;391
1871;4
1871;11
1871;35
1871;45
1871;106
1871;337
1872;4
1872;11
1872;35
1872;44
1872;126
1872;465
1873;4
1873;11
1873;35
1873;60
1873;119
1873;160
1874;4
1874;18
1874;22
1874;45
1874;90
1874;178
1875;4
1875;11
1875;22
1875;67
1875;106
1875;179
1876;4
1876;11
1876;35
1876;71
1876;89
1876;178
1877;4
1877;18
1877;22
1877;45
1877;90
1877;176
1878;4
1878;11
1878;22
1878;40
1878;80
1878;198
1879;4
1879;11
1879;30
1879;40
1879;80
1879;198
1880;4
1880;11
1880;31
1880;60
1880;105
1880;178
1881;4
1881;18
1881;30
1881;70
1881;140
1881;305
1882;4
1882;18
1882;22
1882;71
1882;106
1882;179
1883;4
1883;11
1883;30
1883;79
1883;80
1883;298
1884;4
1884;11
1884;30
1884;46
1884;91
1884;272
1885;5
1885;15
1885;22
1885;71
1885;89
1885;177
1886;3
1886;12
1886;22
1886;71
1886;89
1886;178
1887;7
1887;12
1887;28
1887;70
1887;89
1887;178
1888;5
1888;16
1888;32
1888;71
1888;89
1888;285
1889;4
1889;12
1889;32
1889;40
1889;89
1889;178
1890;4
1890;12
1890;32
1890;40
1890;80
1890;161
1891;4
1891;12
1891;31
1891;40
1891;84
1891;178
1892;7
1892;10
1892;31
1892;40
1892;80
1892;247
1893;4
1893;18
1893;35
1893;40
1893;80
1893;160
1894;4
1894;12
1894;31
1894;40
1894;91
1894;160
1895;4
1895;12
1895;32
1895;40
1895;80
1895;209
1896;4
1896;12
1896;35
1896;48
1896;80
1896;160
1897;4
1897;12
1897;24
1897;47
1897;80
1897;179
1898;4
1898;12
1898;20
1898;40
1898;80
1898;214
1899;4
1899;12
1899;20
1899;40
1899;95
1899;212
1900;1
1900;18
1900;21
1900;40
1900;122
1900;385
1901;8
1901;19
1901;24
1901;47
1901;142
1901;259
1902;6
1902;19
1902;23
1902;47
1902;118
1902;379
1903;0
1903;19
1903;24
1903;71
1903;119
1903;190
1904;0
1904;15
1904;24
1904;71
1904;117
1904;166
1905;0
1905;16
1905;23
1905;70
1905;140
1905;163
1906;1
1906;19
1906;22
1906;65
1906;86
1906;320
1907;0
1907;19
1907;20
1907;60
1907;80
1907;319
1908;0
1908;19
1908;20
1908;79
1908;80
1908;179
1909;0
1909;19
1909;20
1909;59
1909;138
1909;319
1910;0
1910;10
1910;20
1910;45
1910;104
1910;175
1911;0
1911;12
1911;21
1911;42
1911;80
1911;176
