5;9
5;12
5;36
5;77
5;80
5;330
6;3
6;12
6;31
6;58
6;142
6;164
7;4
7;15
7;28
7;79
7;110
7;174
8;5
8;19
8;29
8;57
8;111
8;169
9;6
9;19
9;29
9;79
9;110
9;169
10;7
10;15
10;29
10;79
10;87
10;226
11;5
11;11
11;29
11;79
11;82
11;169
12;5
12;15
12;29
12;78
12;111
12;234
13;5
13;16
13;29
13;79
13;110
13;248
14;0
14;16
14;35
14;54
14;107
14;183
15;2
15;19
15;37
15;71
15;107
15;177
16;1
16;18
16;37
16;71
16;116
16;162
17;0
17;17
17;35
17;52
17;104
17;185
18;1
18;19
18;37
18;71
18;102
18;170
19;1
19;19
19;37
19;71
19;142
19;161
20;6
20;10
20;35
20;71
20;140
20;178
21;7
21;15
21;28
21;71
21;136
21;177
22;7
22;13
22;26
22;67
22;101
22;169
23;9
23;12
23;23
23;71
23;106
23;161
24;6
24;12
24;24
24;72
24;127
24;170
25;6
25;12
25;26
25;63
25;82
25;161
26;6
26;18
26;35
26;71
26;141
26;282
27;9
27;18
27;21
27;42
27;127
27;297
28;9
28;12
28;21
28;42
28;84
28;167
29;6
29;12
29;21
29;42
29;84
29;170
30;6
30;18
30;28
30;42
30;85
30;170
31;6
31;18
31;28
31;42
31;84
31;167
32;9
32;15
32;21
32;42
32;84
32;169
33;9
33;14
33;21
33;42
33;84
33;169
34;9
34;14
34;21
34;42
34;84
34;168
35;9
35;14
35;28
35;42
35;84
35;169
36;9
36;18
36;21
36;42
36;127
36;169
37;9
37;18
37;28
37;42
37;84
37;168
38;9
38;18
38;21
38;56
38;127
38;168
39;9
39;18
39;21
39;56
39;128
39;168
40;9
40;10
40;31
40;63
40;95
40;167
41;9
41;10
41;29
41;58
41;117
41;337
42;9
42;10
42;28
42;56
42;113
42;282
43;9
43;10
43;24
43;47
43;118
43;164
44;9
44;10
44;24
44;46
44;84
44;168
45;9
45;10
45;28
45;47
45;84
45;169
46;9
46;10
46;28
46;56
46;143
46;198
47;9
47;10
47;27
47;55
47;138
47;194
48;9
48;10
48;29
48;58
48;85
48;200
49;9
49;10
49;28
49;56
49;84
49;223
50;9
50;10
50;28
50;57
50;142
50;198
51;9
51;10
51;24
51;47
51;92
51;183
52;9
52;10
52;24
52;71
52;142
52;166
53;9
53;10
53;24
53;71
53;142
53;165
54;9
54;10
54;21
54;63
54;84
54;166
55;9
55;10
55;21
55;63
55;84
55;273
56;9
56;10
56;21
56;64
56;84
56;165
57;9
57;10
57;21
57;63
57;84
57;168
58;9
58;10
58;22
58;44
58;127
58;192
59;9
59;10
59;21
59;42
59;127
59;190
60;9
60;10
60;22
60;44
60;86
60;203
61;9
61;10
61;21
61;42
61;85
61;210
62;9
62;10
62;21
62;42
62;127
62;170
63;9
63;17
63;35
63;63
63;127
63;191
64;9
64;16
64;31
64;64
64;126
64;164
65;9
65;13
65;21
65;68
65;127
65;168
66;9
66;10
66;22
66;63
66;86
66;168
67;9
67;10
67;20
67;63
67;127
67;169
68;9
68;10
68;32
68;63
68;89
68;164
69;9
69;18
69;21
69;73
69;127
69;168
70;6
70;18
70;21
70;42
70;127
70;190
71;6
71;18
71;21
71;64
71;88
71;271
72;6
72;18
72;36
72;71
72;107
72;285
73;6
73;18
73;21
73;42
73;128
73;299
74;6
74;18
74;21
74;42
74;84
74;167
75;6
75;18
75;21
75;42
75;126
75;298
76;6
76;18
76;21
76;42
76;85
76;297
77;9
77;18
77;22
77;43
77;126
77;295
78;9
78;18
78;21
78;42
78;84
78;168
79;9
79;18
79;21
79;42
79;84
79;211
80;9
80;18
80;21
80;42
80;85
80;169
81;9
81;18
81;21
81;42
81;127
81;168
82;9
82;18
82;21
82;42
82;127
82;169
83;9
83;18
83;39
83;77
83;80
83;161
84;9
84;18
84;21
84;56
84;119
84;168
85;9
85;18
85;21
85;42
85;84
85;169
86;9
86;10
86;32
86;42
86;127
86;254
87;9
87;10
87;29
87;57
87;84
87;169
88;9
88;10
88;28
88;42
88;129
88;243
89;9
89;10
89;24
89;48
89;126
89;197
90;9
90;10
90;20
90;42
90;113
90;364
91;9
91;10
91;28
91;42
91;84
91;345
92;9
92;10
92;28
92;57
92;141
92;284
93;9
93;10
93;27
93;54
93;107
93;268
94;9
94;10
94;29
94;59
94;88
94;325
95;9
95;10
95;28
95;56
95;84
95;280
96;9
96;10
96;26
96;56
96;81
96;254
97;9
97;10
97;24
97;48
97;95
97;337
98;9
98;10
98;24
98;47
98;94
98;212
99;9
99;10
99;28
99;41
99;110
99;254
100;9
100;10
100;28
100;59
100;129
100;332
101;9
101;10
101;21
101;42
101;105
101;335
102;9
102;10
102;21
102;42
102;84
102;253
103;9
103;19
103;29
103;59
103;127
103;237
104;8
104;16
104;27
104;54
104;127
104;169
105;8
105;16
105;28
105;57
105;143
105;472
106;8
106;16
106;21
106;42
106;86
106;190
107;5
107;16
107;32
107;57
107;83
107;255
108;9
108;16
108;32
108;63
108;125
108;282
109;5
109;16
109;36
109;71
109;142
109;285
110;5
110;16
110;32
110;53
110;107
110;177
111;5
111;16
111;31
111;53
111;106
111;168
112;3
112;16
112;35
112;72
112;141
112;177
113;0
113;16
113;35
113;71
113;142
113;177
114;9
114;16
114;35
114;70
114;141
114;177
115;9
115;18
115;21
115;56
115;127
115;168
116;6
116;18
116;21
116;57
116;142
116;168
117;6
117;18
117;31
117;57
117;135
117;162
118;6
118;18
118;35
118;71
118;141
118;176
119;6
119;18
119;21
119;43
119;131
119;175
120;6
120;18
120;21
120;42
120;84
120;169
121;6
121;18
121;21
121;42
121;84
121;169
122;6
122;18
122;21
122;43
122;85
122;170
123;9
123;18
123;21
123;40
123;84
123;168
124;9
124;18
124;21
124;42
124;126
124;168
125;9
125;18
125;21
125;42
125;127
125;169
126;9
126;18
126;35
126;42
126;85
126;169
127;9
127;18
127;35
127;42
127;127
127;169
128;9
128;19
128;28
128;42
128;127
128;169
129;9
129;10
129;24
129;42
129;81
129;165
130;9
130;10
130;38
130;42
130;84
130;397
131;9
131;10
131;38
131;56
131;126
131;166
132;9
132;10
132;31
132;63
132;124
132;255
133;9
133;10
133;28
133;56
133;112
133;338
134;9
134;10
134;28
134;55
134;111
134;304
135;9
135;10
135;24
135;48
135;118
135;169
136;9
136;10
136;23
136;57
136;93
136;329
137;9
137;10
137;23
137;42
137;111
137;210
138;9
138;10
138;28
138;56
138;84
138;169
139;9
139;10
139;28
139;57
139;128
139;200
140;9
140;10
140;28
140;56
140;84
140;223
141;9
141;10
141;28
141;56
141;140
141;196
142;9
142;10
142;21
142;56
142;113
142;330
143;9
143;10
143;25
143;50
143;100
143;347
144;9
144;10
144;23
144;71
144;94
144;283
145;9
145;10
145;28
145;66
145;110
145;352
146;9
146;10
146;28
146;64
146;106
146;276
147;9
147;10
147;21
147;63
147;106
147;278
148;9
148;10
148;22
148;66
148;110
148;330
149;9
149;10
149;21
149;64
149;103
149;168
150;9
150;10
150;21
150;63
150;126
150;189
151;9
151;10
151;21
151;42
151;83
151;335
152;9
152;18
152;36
152;63
152;126
152;348
153;9
153;16
153;32
153;71
153;104
153;167
154;9
154;12
154;21
154;42
154;127
154;189
155;9
155;10
155;28
155;63
155;126
155;335
156;9
156;10
156;28
156;63
156;94
156;169
157;9
157;10
157;28
157;63
157;127
157;168
158;9
158;18
158;24
158;63
158;126
158;169
159;9
159;18
159;24
159;64
159;106
159;167
160;9
160;17
160;35
160;65
160;106
160;281
161;9
161;18
161;35
161;42
161;127
161;168
162;6
162;18
162;35
162;42
162;94
162;170
163;0
163;18
163;35
163;70
163;141
163;176
164;6
164;18
164;36
164;41
164;152
164;160
165;6
165;18
165;21
165;56
165;84
165;167
166;6
166;18
166;21
166;42
166;85
166;171
167;8
167;18
167;39
167;40
167;127
167;208
168;6
168;18
168;35
168;56
168;95
168;214
169;9
169;18
169;21
169;42
169;85
169;170
170;8
170;19
170;21
170;56
170;127
170;476
171;9
171;19
171;21
171;43
171;84
171;478
172;9
172;19
172;36
172;42
172;126
172;168
173;9
173;17
173;35
173;42
173;127
173;298
174;9
174;17
174;35
174;56
174;85
174;336
175;9
175;10
175;38
175;56
175;84
175;338
176;9
176;10
176;38
176;56
176;127
176;252
177;9
177;10
177;38
177;43
177;150
177;186
178;9
178;10
178;28
178;43
178;126
178;256
179;9
179;10
179;28
179;56
179;87
179;167
180;9
180;19
180;20
180;43
180;87
180;210
181;9
181;10
181;28
181;42
181;85
181;498
182;9
182;10
182;35
182;42
182;84
182;510
183;9
183;10
183;29
183;58
183;88
183;171
184;9
184;10
184;28
184;56
184;112
184;335
185;9
185;10
185;28
185;56
185;85
185;283
186;9
186;10
186;28
186;56
186;84
186;279
187;9
187;10
187;29
187;58
187;114
187;282
188;9
188;10
188;24
188;57
188;84
188;396
189;9
189;10
189;24
189;48
189;148
189;212
190;9
190;10
190;24
190;47
190;110
190;213
191;9
191;19
191;20
191;42
191;86
191;209
192;9
192;10
192;21
192;42
192;148
192;169
193;9
193;10
193;24
193;56
193;83
193;398
194;9
194;18
194;28
194;56
194;82
194;212
195;9
195;10
195;28
195;56
195;127
195;195
196;5
196;11
196;28
196;57
196;126
196;199
197;5
197;16
197;28
197;56
197;86
197;196
198;5
198;16
198;28
198;42
198;118
198;169
199;5
199;16
199;31
199;63
199;158
199;189
200;8
200;16
200;32
200;63
200;158
200;190
201;5
201;16
201;36
201;71
201;143
201;178
202;5
202;16
202;35
202;71
202;142
202;177
203;5
203;16
203;35
203;71
203;142
203;177
204;6
204;16
204;35
204;71
204;142
204;177
205;5
205;16
205;35
205;71
205;106
205;284
206;5
206;12
206;35
206;71
206;126
206;222
207;5
207;12
207;35
207;54
207;127
207;225
208;6
208;12
208;36
208;57
208;84
208;173
209;6
209;12
209;35
209;56
209;112
209;167
210;6
210;12
210;36
210;57
210;106
210;184
211;6
211;18
211;35
211;63
211;113
211;189
212;6
212;18
212;35
212;69
212;104
212;173
213;6
213;18
213;35
213;57
213;95
213;168
214;6
214;17
214;36
214;56
214;143
214;251
215;9
215;10
215;35
215;72
215;106
215;190
216;9
216;10
216;36
216;71
216;107
216;167
217;9
217;10
217;35
217;71
217;105
217;188
218;9
218;10
218;36
218;47
218;84
218;170
219;9
219;10
219;35
219;47
219;142
219;212
220;9
220;10
220;37
220;42
220;107
220;212
221;9
221;10
221;38
221;42
221;141
221;212
222;9
222;10
222;37
222;57
222;105
222;187
223;9
223;10
223;37
223;57
223;95
223;160
224;9
224;10
224;37
224;42
224;107
224;169
225;9
225;10
225;37
225;71
225;87
225;169
226;9
226;10
226;31
226;56
226;86
226;168
227;9
227;10
227;33
227;71
227;141
227;332
228;9
228;10
228;35
228;71
228;113
228;167
229;9
229;10
229;28
229;71
229;95
229;166
230;9
230;10
230;21
230;71
230;113
230;169
231;9
231;10
231;21
231;41
231;114
231;190
232;9
232;10
232;28
232;56
232;86
232;193
233;9
233;10
233;28
233;56
233;143
233;167
234;9
234;10
234;37
234;48
234;98
234;237
235;9
235;10
235;33
235;67
235;101
235;271
236;9
236;10
236;36
236;71
236;107
236;285
237;9
237;10
237;34
237;70
237;105
237;174
238;9
238;10
238;31
238;63
238;157
238;283
239;9
239;10
239;31
239;42
239;158
239;284
240;9
240;10
240;23
240;65
240;141
240;404
241;9
241;10
241;32
241;63
241;157
241;189
242;9
242;10
242;31
242;63
242;95
242;160
243;9
243;10
243;31
243;63
243;125
243;282
244;9
244;10
244;32
244;63
244;126
244;160
245;9
245;10
245;37
245;75
245;113
245;339
246;9
246;10
246;38
246;42
246;124
246;161
247;9
247;10
247;32
247;42
247;126
247;294
248;9
248;10
248;39
248;41
248;114
248;168
249;9
249;10
249;36
249;72
249;150
249;179
250;9
250;10
250;35
250;71
250;106
250;177
251;9
251;10
251;35
251;71
251;142
251;212
252;6
252;12
252;33
252;65
252;128
252;169
253;6
253;12
253;24
253;44
253;153
253;169
254;6
254;12
254;35
254;65
254;97
254;168
255;6
255;12
255;35
255;71
255;85
255;169
256;7
256;11
256;23
256;71
256;142
256;167
257;6
257;12
257;35
257;47
257;119
257;167
258;6
258;12
258;35
258;47
258;127
258;169
259;6
259;12
259;35
259;42
259;127
259;169
260;9
260;10
260;35
260;40
260;84
260;167
261;9
261;10
261;28
261;42
261;127
261;179
262;9
262;10
262;36
262;63
262;128
262;213
263;9
263;10
263;21
263;72
263;128
263;188
264;9
264;10
264;28
264;42
264;128
264;210
265;9
265;10
265;21
265;43
265;128
265;178
266;9
266;10
266;38
266;56
266;123
266;180
267;9
267;10
267;35
267;56
267;84
267;171
268;9
268;10
268;35
268;56
268;105
268;211
269;9
269;10
269;21
269;57
269;91
269;237
270;9
270;10
270;21
270;56
270;128
270;211
271;9
271;10
271;21
271;56
271;127
271;169
272;9
272;10
272;35
272;56
272;84
272;179
273;9
273;10
273;33
273;71
273;128
273;178
274;9
274;10
274;35
274;71
274;127
274;213
275;9
275;10
275;28
275;71
275;84
275;209
276;9
276;10
276;28
276;56
276;85
276;178
277;9
277;10
277;38
277;77
277;100
277;264
278;9
278;10
278;32
278;63
278;94
278;255
279;9
279;10
279;36
279;71
279;107
279;249
280;9
280;10
280;36
280;71
280;142
280;249
281;9
281;10
281;35
281;71
281;141
281;247
282;9
282;10
282;35
282;71
282;142
282;248
283;9
283;10
283;33
283;63
283;131
283;282
284;9
284;10
284;31
284;63
284;95
284;190
285;9
285;10
285;28
285;47
285;144
285;178
286;8
286;10
286;31
286;63
286;159
286;160
287;5
287;11
287;30
287;60
287;127
287;180
288;5
288;11
288;33
288;66
288;127
288;167
289;5
289;11
289;31
289;63
289;127
289;160
290;5
290;11
290;32
290;53
290;127
290;160
291;5
291;11
291;38
291;75
291;150
291;263
292;5
292;11
292;39
292;78
292;151
292;160
293;5
293;11
293;21
293;42
293;127
293;169
294;5
294;11
294;32
294;42
294;126
294;168
295;5
295;11
295;37
295;74
295;127
295;185
296;5
296;11
296;35
296;71
296;106
296;177
297;6
297;10
297;35
297;71
297;106
297;177
298;6
298;12
298;35
298;56
298;127
298;212
299;6
299;12
299;33
299;42
299;107
299;229
300;6
300;12
300;36
300;57
300;107
300;178
301;6
301;12
301;35
301;57
301;107
301;178
302;6
302;11
302;35
302;71
302;107
302;178
303;6
303;18
303;36
303;74
303;107
303;168
304;6
304;18
304;35
304;42
304;106
304;168
305;6
305;18
305;35
305;42
305;106
305;170
306;9
306;10
306;35
306;41
306;107
306;169
307;9
307;10
307;36
307;71
307;106
307;212
308;9
308;10
308;36
308;42
308;106
308;189
309;9
309;10
309;24
309;47
309;106
309;214
310;9
310;10
310;34
310;47
310;106
310;177
311;9
311;10
311;28
311;57
311;106
311;213
312;9
312;10
312;36
312;56
312;106
312;212
313;9
313;10
313;35
313;56
313;106
313;285
314;9
314;10
314;37
314;70
314;106
314;212
315;9
315;10
315;36
315;70
315;107
315;169
316;9
316;10
316;35
316;71
316;106
316;169
317;9
317;10
317;36
317;42
317;106
317;169
318;9
318;10
318;36
318;47
318;106
318;169
319;9
319;10
319;35
319;56
319;85
319;169
320;9
320;10
320;35
320;56
320;107
320;214
321;9
321;10
321;35
321;57
321;106
321;209
322;9
322;10
322;28
322;56
322;127
322;168
323;9
323;10
323;20
323;42
323;107
323;168
324;9
324;10
324;28
324;57
324;127
324;171
325;9
325;10
325;28
325;47
325;140
325;170
326;9
326;18
326;32
326;63
326;126
326;239
327;9
327;10
327;35
327;71
327;106
327;284
328;9
328;10
328;35
328;71
328;106
328;283
329;9
329;10
329;32
329;62
329;129
329;348
330;9
330;10
330;32
330;63
330;158
330;284
331;9
331;13
331;31
331;47
331;156
331;180
332;9
332;10
332;32
332;64
332;158
332;162
333;9
333;10
333;31
333;61
333;151
333;170
334;9
334;10
334;33
334;65
334;98
334;169
335;9
335;10
335;31
335;61
335;122
335;169
336;5
336;10
336;35
336;71
336;142
336;169
337;9
337;13
337;38
337;76
337;114
337;169
338;9
338;10
338;32
338;42
338;127
338;169
339;9
339;10
339;37
339;42
339;127
339;169
340;9
340;10
340;39
340;40
340;80
340;162
341;5
341;19
341;35
341;71
341;106
341;177
342;5
342;19
342;35
342;71
342;106
342;248
343;7
343;11
343;35
343;71
343;119
343;283
344;6
344;12
344;35
344;67
344;127
344;280
345;6
345;12
345;35
345;53
345;120
345;160
346;6
346;12
346;35
346;51
346;120
346;167
347;6
347;12
347;35
347;63
347;127
347;169
348;6
348;12
348;35
348;72
348;113
348;170
349;6
349;12
349;35
349;69
349;85
349;161
350;6
350;12
350;35
350;53
350;127
350;170
351;6
351;12
351;35
351;41
351;84
351;198
352;9
352;10
352;21
352;42
352;85
352;180
353;9
353;10
353;36
353;47
353;127
353;213
354;9
354;10
354;35
354;71
354;120
354;213
355;9
355;10
355;35
355;42
355;84
355;212
356;9
356;10
356;35
356;56
356;84
356;281
357;9
357;10
357;35
357;56
357;132
357;179
358;9
358;10
358;38
358;56
358;142
358;177
359;9
359;10
359;38
359;56
359;105
359;177
360;9
360;10
360;21
360;56
360;106
360;169
361;9
361;10
361;21
361;71
361;128
361;171
362;9
362;10
362;24
362;72
362;84
362;213
363;9
363;10
363;24
363;72
363;127
363;251
364;9
364;10
364;35
364;42
364;105
364;168
365;9
365;10
365;35
365;66
365;127
365;213
366;9
366;10
366;35
366;71
366;120
366;212
367;9
367;10
367;37
367;66
367;85
367;233
368;9
368;10
368;38
368;71
368;121
368;266
369;9
369;10
369;35
369;70
369;105
369;282
370;9
370;10
370;35
370;71
370;106
370;177
371;9
371;10
371;36
371;71
371;107
371;178
372;9
372;10
372;37
372;75
372;151
372;188
373;9
373;10
373;38
373;75
373;150
373;187
374;9
374;10
374;38
374;42
374;150
374;187
375;9
375;10
375;38
375;42
375;141
375;177
376;9
376;10
376;38
376;42
376;137
376;177
377;8
377;10
377;37
377;66
377;99
377;172
378;8
378;16
378;34
378;68
378;104
378;174
379;8
379;16
379;32
379;63
379;127
379;221
380;8
380;15
380;30
380;56
380;91
380;185
381;8
381;12
381;24
381;56
381;138
381;185
382;8
382;10
382;28
382;56
382;84
382;169
383;8
383;10
383;28
383;56
383;104
383;161
384;8
384;16
384;28
384;56
384;140
384;363
385;8
385;16
385;26
385;56
385;111
385;182
386;8
386;16
386;28
386;48
386;95
386;205
387;8
387;16
387;26
387;54
387;109
387;212
388;8
388;10
388;28
388;56
388;113
388;224
389;6
389;12
389;24
389;58
389;112
389;226
390;6
390;12
390;24
390;56
390;112
390;167
391;6
391;11
391;24
391;56
391;113
391;170
392;6
392;10
392;24
392;55
392;109
392;163
393;9
393;10
393;20
393;55
393;112
393;167
394;4
394;13
394;35
394;54
394;107
394;167
395;4
395;13
395;28
395;56
395;112
395;224
396;4
396;13
396;28
396;57
396;127
396;169
397;5
397;18
397;20
397;55
397;109
397;197
398;5
398;10
398;20
398;43
398;127
398;212
399;5
399;10
399;24
399;43
399;128
399;263
400;5
400;10
400;24
400;48
400;142
400;285
401;5
401;14
401;24
401;47
401;94
401;282
402;5
402;10
402;28
402;48
402;143
402;284
403;9
403;10
403;39
403;41
403;84
403;253
404;9
404;10
404;21
404;42
404;84
404;166
405;9
405;10
405;22
405;42
405;84
405;255
406;9
406;10
406;39
406;41
406;84
406;165
407;9
407;10
407;21
407;43
407;85
407;169
408;9
408;10
408;22
408;42
408;84
408;169
409;9
409;10
409;20
409;42
409;85
409;169
410;9
410;10
410;21
410;43
410;85
410;168
411;9
411;10
411;36
411;42
411;85
411;168
412;5
412;19
412;20
412;42
412;85
412;252
413;5
413;10
413;37
413;41
413;84
413;251
414;5
414;10
414;24
414;42
414;85
414;169
415;5
415;18
415;28
415;42
415;84
415;295
416;5
416;18
416;27
416;42
416;126
416;294
417;4
417;18
417;27
417;42
417;127
417;169
418;4
418;18
418;20
418;42
418;84
418;295
419;4
419;11
419;22
419;42
419;126
419;378
420;6
420;11
420;22
420;41
420;84
420;167
421;6
421;12
421;24
421;42
421;84
421;167
422;6
422;18
422;24
422;48
422;96
422;191
423;6
423;18
423;36
423;47
423;95
423;168
424;6
424;18
424;36
424;57
424;113
424;170
425;6
425;18
425;24
425;56
425;112
425;170
426;2
426;18
426;35
426;56
426;113
426;170
427;2
427;18
427;24
427;57
427;113
427;169
428;0
428;17
428;24
428;54
428;126
428;168
429;5
429;11
429;35
429;75
429;96
429;191
430;2
430;15
430;37
430;42
430;126
430;297
431;3
431;19
431;26
431;42
431;126
431;168
432;3
432;15
432;32
432;62
432;158
432;186
433;6
433;10
433;34
433;71
433;106
433;214
434;9
434;10
434;36
434;71
434;144
434;179
435;6
435;12
435;24
435;69
435;103
435;350
436;6
436;18
436;24
436;55
436;84
436;213
437;6
437;10
437;28
437;56
437;113
437;245
438;6
438;12
438;27
438;57
438;85
438;221
439;5
439;18
439;28
439;57
439;84
439;256
440;4
440;18
440;28
440;55
440;107
440;169
441;4
441;18
441;24
441;56
441;91
441;170
442;4
442;13
442;23
442;57
442;84
442;196
443;5
443;19
443;20
443;56
443;114
443;204
444;9
444;10
444;28
444;56
444;83
444;224
445;5
445;10
445;28
445;57
445;85
445;226
446;5
446;10
446;28
446;56
446;85
446;197
447;5
447;10
447;28
447;56
447;113
447;224
448;5
448;15
448;38
448;57
448;111
448;223
449;9
449;14
449;28
449;56
449;87
449;177
450;9
450;14
450;28
450;56
450;84
450;227
451;9
451;10
451;37
451;56
451;84
451;223
452;9
452;11
452;28
452;57
452;96
452;197
453;9
453;10
453;28
453;55
453;82
453;207
454;9
454;10
454;28
454;56
454;89
454;223
455;9
455;13
455;31
455;63
455;93
455;187
456;9
456;11
456;36
456;71
456;106
456;250
457;9
457;10
457;36
457;70
457;142
457;179
458;5
458;19
458;20
458;60
458;102
458;305
459;5
459;10
459;28
459;56
459;142
459;170
460;5
460;10
460;28
460;42
460;85
460;202
461;5
461;18
461;28
461;55
461;84
461;221
462;4
462;18
462;28
462;55
462;86
462;228
463;4
463;18
463;28
463;57
463;85
463;199
464;4
464;10
464;20
464;70
464;111
464;302
465;4
465;11
465;23
465;71
465;113
465;222
466;6
466;12
466;24
466;57
466;85
466;204
467;6
467;18
467;24
467;56
467;84
467;217
468;6
468;18
468;24
468;56
468;84
468;252
469;6
469;18
469;28
469;57
469;114
469;227
470;6
470;18
470;24
470;48
470;127
470;197
471;6
471;17
471;24
471;48
471;142
471;227
472;6
472;12
472;24
472;58
472;97
472;177
473;6
473;18
473;24
473;57
473;90
473;226
474;6
474;18
474;28
474;56
474;83
474;222
475;6
475;12
475;28
475;57
475;97
475;262
476;6
476;12
476;28
476;57
476;84
476;226
477;9
477;19
477;21
477;41
477;83
477;161
478;5
478;16
478;21
478;48
478;95
478;238
479;5
479;16
479;21
479;57
479;113
479;172
480;6
480;11
480;22
480;54
480;111
480;160
481;6
481;18
481;24
481;57
481;112
481;168
482;6
482;18
482;24
482;57
482;113
482;169
483;6
483;18
483;24
483;55
483;110
483;166
484;6
484;12
484;24
484;57
484;113
484;170
485;4
485;18
485;26
485;42
485;115
485;160
486;4
486;18
486;21
486;56
486;103
486;170
487;4
487;13
487;28
487;56
487;111
487;224
488;4
488;18
488;27
488;71
488;83
488;196
489;5
489;19
489;20
489;42
489;127
489;170
490;5
490;14
490;28
490;56
490;83
490;251
491;5
491;14
491;36
491;56
491;95
491;286
492;5
492;14
492;23
492;47
492;94
492;283
493;5
493;19
493;23
493;56
493;94
493;223
494;9
494;10
494;38
494;42
494;84
494;227
495;9
495;14
495;29
495;56
495;84
495;294
496;9
496;10
496;24
496;43
496;85
496;171
497;9
497;10
497;29
497;56
497;125
497;291
498;9
498;10
498;28
498;42
498;85
498;298
499;9
499;10
499;20
499;50
499;84
499;168
500;9
500;10
500;22
500;42
500;85
500;169
501;9
501;13
501;31
501;42
501;84
501;253
502;9
502;10
502;35
502;42
502;127
502;226
503;5
503;18
503;37
503;41
503;126
503;168
504;5
504;10
504;39
504;42
504;84
504;211
505;5
505;10
505;21
505;42
505;85
505;169
506;5
506;10
506;29
506;44
506;85
506;168
507;5
507;10
507;27
507;42
507;84
507;294
508;4
508;18
508;26
508;42
508;126
508;295
509;4
509;18
509;20
509;43
509;85
509;296
510;4
510;10
510;20
510;42
510;84
510;295
511;5
511;11
511;32
511;42
511;126
511;378
512;6
512;12
512;24
512;43
512;85
512;169
513;6
513;12
513;21
513;42
513;85
513;170
514;6
514;18
514;24
514;47
514;95
514;283
515;6
515;12
515;23
515;54
515;113
515;161
516;6
516;19
516;36
516;56
516;111
516;167
517;9
517;18
517;28
517;57
517;114
517;170
518;6
518;12
518;21
518;56
518;127
518;169
519;6
519;12
519;24
519;56
519;112
519;167
520;6
520;18
520;26
520;56
520;112
520;177
521;6
521;18
521;24
521;42
521;126
521;203
522;6
522;18
522;24
522;71
522;127
522;167
523;4
523;19
523;32
523;64
523;132
523;160
524;7
524;18
524;31
524;65
524;85
524;221
525;8
525;18
525;20
525;71
525;141
525;214
526;6
526;11
526;24
526;71
526;144
526;291
527;6
527;18
527;28
527;58
527;85
527;168
528;6
528;18
528;28
528;42
528;141
528;264
529;6
529;12
529;29
529;58
529;90
529;231
530;6
530;18
530;27
530;46
530;85
530;215
531;4
531;18
531;28
531;56
531;85
531;223
532;4
532;18
532;27
532;57
532;97
532;161
533;4
533;13
533;29
533;49
533;84
533;503
534;5
534;18
534;23
534;71
534;83
534;197
535;5
535;10
535;28
535;71
535;83
535;195
536;5
536;10
536;28
536;57
536;123
536;202
537;5
537;10
537;27
537;71
537;149
537;223
538;5
538;14
538;28
538;71
538;84
538;228
539;5
539;19
539;27
539;57
539;106
539;203
540;9
540;18
540;25
540;57
540;85
540;508
541;9
541;10
541;27
541;56
541;127
541;223
542;9
542;19
542;20
542;57
542;86
542;228
543;9
543;19
543;21
543;56
543;112
543;223
544;9
544;10
544;28
544;53
544;113
544;187
545;9
545;19
545;20
545;48
545;87
545;226
546;9
546;14
546;21
546;76
546;86
546;301
547;9
547;10
547;28
547;71
547;127
547;213
548;9
548;19
548;20
548;57
548;85
548;226
549;9
549;15
549;33
549;50
549;116
549;198
550;6
550;16
550;33
550;48
550;146
550;178
551;6
551;16
551;32
551;48
551;96
551;195
552;9
552;16
552;32
552;47
552;95
552;206
553;9
553;16
553;32
553;50
553;99
553;198
554;9
554;15
554;31
554;66
554;82
554;194
555;9
555;16
555;33
555;48
555;82
555;196
556;9
556;17
556;33
556;48
556;81
556;211
557;4
557;18
557;32
557;53
557;114
557;190
558;7
558;19
558;31
558;47
558;138
558;190
559;4
559;13
559;24
559;57
559;81
559;215
560;9
560;15
560;20
560;72
560;91
560;208
561;6
561;10
561;29
561;74
561;89
561;179
562;9
562;15
562;28
562;59
562;89
562;326
563;9
563;15
563;28
563;58
563;103
563;336
564;9
564;14
564;28
564;60
564;90
564;161
565;9
565;14
565;28
565;75
565;89
565;188
566;9
566;14
566;29
566;59
566;91
566;266
567;9
567;12
567;29
567;59
567;89
567;310
568;4
568;14
568;29
568;59
568;103
568;394
569;9
569;11
569;32
569;53
569;91
569;273
570;7
570;11
570;32
570;59
570;91
570;235
571;6
571;15
571;30
571;58
571;88
571;194
572;6
572;13
572;34
572;51
572;90
572;173
573;4
573;12
573;39
573;40
573;149
573;213
574;6
574;18
574;24
574;59
574;83
574;414
575;6
575;12
575;24
575;47
575;84
575;201
576;4
576;11
576;24
576;71
576;90
576;281
577;9
577;10
577;23
577;59
577;83
577;235
578;5
578;14
578;23
578;43
578;108
578;203
579;4
579;18
579;26
579;71
579;83
579;197
580;4
580;12
580;24
580;71
580;89
580;225
581;5
581;10
581;29
581;71
581;123
581;179
582;5
582;10
582;37
582;56
582;146
582;183
583;5
583;14
583;20
583;56
583;149
583;170
584;4
584;14
584;28
584;47
584;142
584;372
585;5
585;10
585;38
585;42
585;148
585;318
586;5
586;14
586;38
586;42
586;116
586;301
587;5
587;10
587;38
587;42
587;138
587;164
588;5
588;10
588;37
588;56
588;148
588;175
589;6
589;12
589;20
589;58
589;126
589;183
590;4
590;12
590;38
590;78
590;106
590;189
591;4
591;19
591;37
591;50
591;87
591;366
592;4
592;13
592;29
592;56
592;115
592;302
593;4
593;13
593;33
593;54
593;138
593;167
594;4
594;12
594;35
594;55
594;148
594;172
595;5
595;10
595;22
595;52
595;138
595;364
596;4
596;10
596;38
596;42
596;148
596;170
597;9
597;10
597;28
597;71
597;148
597;170
598;5
598;19
598;28
598;42
598;127
598;169
599;4
599;18
599;21
599;42
599;126
599;236
600;4
600;13
600;23
600;43
600;149
600;281
601;5
601;14
601;20
601;79
601;127
601;160
602;4
602;11
602;22
602;42
602;84
602;198
603;4
603;10
603;24
603;71
603;86
603;302
604;6
604;18
604;24
604;56
604;149
604;235
605;6
605;18
605;24
605;63
605;84
605;197
606;6
606;12
606;20
606;47
606;82
606;197
607;4
607;18
607;24
607;53
607;127
607;179
608;6
608;18
608;28
608;71
608;148
608;185
609;6
609;18
609;24
609;47
609;115
609;170
610;6
610;18
610;28
610;47
610;137
610;164
611;6
611;18
611;36
611;47
611;148
611;175
612;6
612;12
612;20
612;60
612;83
612;183
613;4
613;12
613;20
613;67
613;127
613;220
614;4
614;12
614;24
614;41
614;124
614;170
615;6
615;18
615;24
615;42
615;123
615;302
616;6
616;18
616;24
616;74
616;103
616;168
617;6
617;17
617;21
617;41
617;81
617;171
618;5
618;12
618;22
618;48
618;127
618;192
619;4
619;12
619;23
619;42
619;148
619;283
620;6
620;18
620;23
620;77
620;90
620;282
621;6
621;12
621;24
621;47
621;84
621;312
622;4
622;10
622;36
622;42
622;90
622;235
623;9
623;12
623;20
623;41
623;85
623;234
624;4
624;18
624;24
624;63
624;126
624;161
625;4
625;18
625;27
625;63
625;83
625;197
626;5
626;19
626;20
626;66
626;112
626;214
627;5
627;10
627;28
627;56
627;123
627;184
628;5
628;10
628;37
628;56
628;149
628;170
629;6
629;12
629;20
629;57
629;146
629;209
630;4
630;14
630;28
630;56
630;148
630;170
631;5
631;10
631;38
631;47
631;123
631;319
632;5
632;10
632;38
632;56
632;115
632;170
633;5
633;10
633;38
633;42
633;137
633;164
634;5
634;15
634;38
634;56
634;148
634;175
635;5
635;13
635;22
635;57
635;121
635;188
636;4
636;11
636;29
636;78
636;109
636;205
637;4
637;19
637;27
637;49
637;87
637;320
638;4
638;10
638;31
638;58
638;118
638;312
639;4
639;10
639;35
639;55
639;138
639;167
640;4
640;13
640;20
640;41
640;148
640;169
641;5
641;10
641;22
641;56
641;84
641;195
642;4
642;10
642;38
642;64
642;149
642;171
643;9
643;10
643;28
643;69
643;93
643;170
644;5
644;19
644;28
644;66
644;106
644;171
645;4
645;18
645;26
645;63
645;141
645;177
646;9
646;12
646;20
646;71
646;142
646;178
647;4
647;10
647;20
647;71
647;142
647;178
648;5
648;13
648;32
648;71
648;141
648;176
649;6
649;18
649;23
649;56
649;112
649;176
650;6
650;18
650;24
650;56
650;142
650;177
651;6
651;18
651;24
651;64
651;143
651;179
652;6
652;12
652;20
652;71
652;141
652;177
653;4
653;18
653;30
653;71
653;108
653;212
654;6
654;10
654;32
654;71
654;142
654;178
655;6
655;18
655;24
655;56
655;96
655;190
656;6
656;18
656;30
656;69
656;105
656;212
657;6
657;19
657;36
657;71
657;143
657;168
658;5
658;13
658;29
658;71
658;107
658;161
659;4
659;12
659;27
659;71
659;93
659;179
660;5
660;10
660;28
660;63
660;95
660;228
661;5
661;11
661;27
661;54
661;149
661;225
662;5
662;11
662;21
662;71
662;104
662;206
663;8
663;12
663;22
663;72
663;148
663;192
664;4
664;12
664;35
664;62
664;95
664;170
665;6
665;18
665;24
665;48
665;84
665;264
666;6
666;12
666;24
666;47
666;90
666;160
667;6
667;12
667;24
667;71
667;83
667;190
668;9
668;18
668;27
668;42
668;84
668;282
669;7
669;12
669;20
669;64
669;142
669;166
670;4
670;18
670;26
670;71
670;84
670;186
671;4
671;18
671;24
671;71
671;108
671;197
672;5
672;19
672;37
672;56
672;84
672;171
673;5
673;10
673;38
673;63
673;81
673;179
674;5
674;10
674;38
674;56
674;148
674;214
675;5
675;15
675;20
675;56
675;91
675;167
676;4
676;14
676;28
676;52
676;149
676;171
677;5
677;10
677;37
677;42
677;122
677;312
678;5
678;10
678;38
678;56
678;115
678;168
679;5
679;10
679;38
679;56
679;138
679;169
680;5
680;15
680;20
680;56
680;106
680;164
681;5
681;14
681;23
681;46
681;92
681;203
682;4
682;10
682;28
682;49
682;88
682;204
683;4
683;19
683;20
683;53
683;87
683;319
684;4
684;10
684;32
684;57
684;135
684;162
685;4
685;10
685;29
685;58
685;143
685;167
686;9
686;12
686;20
686;40
686;85
686;170
687;4
687;10
687;28
687;47
687;123
687;179
688;9
688;10
688;38
688;71
688;148
688;171
689;5
689;19
689;29
689;42
689;127
689;171
690;5
690;19
690;28
690;42
690;111
690;165
691;4
691;18
691;27
691;42
691;106
691;170
692;6
692;12
692;28
692;57
692;121
692;188
693;4
693;11
693;29
693;57
693;127
693;257
694;9
694;10
694;32
694;71
694;84
694;197
695;6
695;12
695;32
695;56
695;127
695;168
696;6
696;18
696;36
696;56
696;90
696;216
697;6
697;18
697;36
697;71
697;106
697;319
698;5
698;18
698;35
698;71
698;142
698;284
699;4
699;18
699;31
699;63
699;94
699;311
700;4
700;18
700;30
700;47
700;143
700;169
701;6
701;18
701;28
701;56
701;127
701;170
702;6
702;18
702;24
702;47
702;149
702;176
703;7
703;12
703;20
703;41
703;142
703;164
704;4
704;13
704;28
704;69
704;126
704;207
705;4
705;12
705;28
705;62
705;127
705;168
706;6
706;18
706;25
706;42
706;123
706;319
707;6
707;18
707;24
707;47
707;127
707;163
708;6
708;18
708;35
708;77
708;104
708;182
709;7
709;13
709;20
709;71
709;148
709;315
710;4
710;12
710;24
710;42
710;127
710;236
711;6
711;18
711;24
711;42
711;90
711;269
712;6
712;11
712;24
712;57
712;142
712;284
713;6
713;17
713;28
713;57
713;85
713;173
714;9
714;10
714;26
714;53
714;83
714;281
715;5
715;12
715;30
715;60
715;121
715;188
716;4
716;18
716;29
716;71
716;83
716;256
717;4
717;19
717;26
717;71
717;83
717;197
718;5
718;10
718;32
718;71
718;112
718;223
719;5
719;10
719;33
719;71
719;91
719;179
720;5
720;10
720;35
720;57
720;149
720;246
721;5
721;14
721;28
721;71
721;127
721;251
722;5
722;10
722;38
722;52
722;123
722;318
723;5
723;14
723;38
723;52
723;148
723;211
724;5
724;10
724;38
724;56
724;138
724;163
725;5
725;10
725;37
725;56
725;149
725;176
726;7
726;13
726;20
726;41
726;106
726;164
727;4
727;12
727;28
727;56
727;108
727;207
728;4
728;19
728;28
728;48
728;87
728;171
729;4
729;13
729;28
729;67
729;95
729;318
730;4
730;13
730;33
730;57
730;82
730;162
731;4
731;13
731;35
731;56
731;149
731;172
732;6
732;10
732;20
732;56
732;85
732;197
733;4
733;10
733;28
733;71
733;81
733;218
734;5
734;10
734;24
734;71
734;94
734;283
735;5
735;19
735;28
735;71
735;106
735;213
736;5
736;17
736;20
736;56
736;107
736;165
737;4
737;18
737;20
737;71
737;142
737;177
738;5
738;10
738;22
738;64
738;143
738;179
739;5
739;11
739;22
739;71
739;141
739;176
740;9
740;17
740;24
740;71
740;106
740;176
741;6
741;18
741;24
741;56
741;149
741;167
742;6
742;18
742;24
742;42
742;142
742;178
743;6
743;18
743;20
743;42
743;141
743;176
744;4
744;18
744;35
744;71
744;141
744;178
745;6
745;18
745;22
745;71
745;142
745;177
746;6
746;18
746;31
746;71
746;108
746;160
747;6
747;18
747;24
747;56
747;87
747;177
748;6
748;18
748;35
748;56
748;90
748;178
749;6
749;12
749;20
749;69
749;101
749;163
750;4
750;12
750;28
750;71
750;107
750;213
751;4
751;12
751;28
751;64
751;108
751;299
752;5
752;10
752;28
752;71
752;85
752;342
753;5
753;11
753;21
753;70
753;107
753;212
754;5
754;11
754;21
754;55
754;153
754;228
755;5
755;13
755;30
755;56
755;108
755;202
756;4
756;18
756;24
756;71
756;85
756;236
757;6
757;18
757;24
757;40
757;150
757;160
758;6
758;18
758;32
758;63
758;95
758;284
759;8
759;12
759;35
759;71
759;140
759;281
760;9
760;14
760;35
760;70
760;142
760;313
761;5
761;14
761;35
761;71
761;106
761;177
762;9
762;10
762;36
762;71
762;142
762;320
763;9
763;10
763;36
763;71
763;143
763;359
764;9
764;10
764;35
764;71
764;106
764;319
765;9
765;10
765;35
765;71
765;106
765;318
766;8
766;13
766;36
766;72
766;108
766;358
767;4
767;10
767;37
767;75
767;151
767;304
768;9
768;10
768;37
768;75
768;150
768;298
769;9
769;10
769;35
769;74
769;107
769;302
770;9
770;10
770;35
770;70
770;141
770;316
771;9
771;10
771;36
771;56
771;108
771;217
772;6
772;10
772;36
772;72
772;139
772;247
773;4
773;10
773;33
773;68
773;97
773;308
774;9
774;10
774;32
774;63
774;95
774;317
775;9
775;19
775;31
775;63
775;95
775;302
776;9
776;19
776;36
776;71
776;142
776;216
777;9
777;19
777;35
777;40
777;106
777;317
778;5
778;10
778;36
778;72
778;144
778;180
779;4
779;10
779;32
779;63
779;156
779;313
780;9
780;10
780;30
780;62
780;155
780;160
781;9
781;10
781;28
781;57
781;142
781;170
782;9
782;13
782;24
782;63
782;94
782;221
783;9
783;14
783;20
783;58
783;85
783;239
784;4
784;13
784;28
784;56
784;83
784;166
785;9
785;10
785;29
785;57
785;144
785;172
786;6
786;13
786;28
786;55
786;82
786;162
787;6
787;12
787;28
787;56
787;140
787;167
788;6
788;12
788;32
788;64
788;96
788;161
789;7
789;12
789;34
789;66
789;159
789;163
790;4
790;12
790;35
790;71
790;142
790;177
791;6
791;12
791;35
791;71
791;106
791;177
792;6
792;12
792;24
792;57
792;123
792;302
793;6
793;12
793;28
793;56
793;130
793;335
794;6
794;12
794;28
794;56
794;96
794;331
795;5
795;10
795;22
795;56
795;115
795;188
796;4
796;12
796;28
796;57
796;85
796;170
797;6
797;12
797;29
797;55
797;139
797;162
798;6
798;12
798;28
798;56
798;123
798;170
799;6
799;18
799;28
799;56
799;103
799;167
800;5
800;12
800;21
800;41
800;87
800;180
801;5
801;12
801;24
801;72
801;107
801;192
802;6
802;12
802;24
802;42
802;106
802;161
803;6
803;18
803;24
803;53
803;83
803;295
804;6
804;18
804;28
804;56
804;84
804;309
805;9
805;13
805;32
805;64
805;96
805;353
806;9
806;13
806;31
806;64
806;99
806;166
807;4
807;18
807;31
807;62
807;125
807;312
808;9
808;10
808;32
808;64
808;129
808;161
809;9
809;10
809;31
809;63
809;155
809;289
810;9
810;10
810;31
810;62
810;155
810;285
811;9
811;10
811;32
811;64
811;128
811;288
812;6
812;10
812;32
812;64
812;159
812;193
813;4
813;10
813;32
813;63
813;158
813;190
814;9
814;10
814;28
814;64
814;85
814;374
815;9
815;10
815;21
815;63
815;123
815;302
816;9
816;10
816;30
816;56
816;89
816;336
817;9
817;10
817;31
817;63
817;157
817;219
818;5
818;10
818;33
818;64
818;92
818;223
819;4
819;10
819;21
819;56
819;81
819;384
820;9
820;10
820;28
820;46
820;159
820;172
821;9
821;10
821;32
821;63
821;95
821;160
822;9
822;10
822;32
822;63
822;158
822;316
823;8
823;13
823;35
823;43
823;95
823;173
824;4
824;10
824;24
824;47
824;95
824;222
825;9
825;10
825;24
825;46
825;95
825;225
826;9
826;10
826;24
826;46
826;123
826;445
827;9
827;10
827;24
827;47
827;95
827;303
828;9
828;18
828;24
828;46
828;158
828;330
829;8
829;13
829;20
829;40
829;126
829;183
830;4
830;10
830;24
830;56
830;90
830;223
831;4
831;18
831;24
831;57
831;156
831;223
832;6
832;12
832;23
832;57
832;123
832;302
833;6
833;12
833;24
833;57
833;124
833;336
834;6
834;12
834;24
834;56
834;158
834;224
835;5
835;13
835;22
835;57
835;95
835;224
836;4
836;12
836;24
836;56
836;95
836;301
837;6
837;18
837;25
837;56
837;122
837;312
838;6
838;12
838;28
838;56
838;84
838;181
839;6
839;12
839;29
839;57
839;86
839;345
840;6
840;14
840;27
840;55
840;124
840;182
841;5
841;14
841;28
841;79
841;124
841;161
842;6
842;12
842;28
842;56
842;137
842;185
843;5
843;10
843;28
843;56
843;122
843;426
844;5
844;11
844;28
844;71
844;123
844;312
845;5
845;11
845;28
845;73
845;104
845;161
846;8
846;12
846;24
846;40
846;84
846;175
847;4
847;12
847;24
847;71
847;85
847;503
848;6
848;12
848;35
848;42
848;143
848;236
849;6
849;12
849;28
849;63
849;95
849;285
850;6
850;12
850;35
850;63
850;156
850;376
851;9
851;18
851;35
851;71
851;141
851;388
852;6
852;10
852;36
852;71
852;143
852;178
853;4
853;10
853;35
853;71
853;141
853;283
854;9
854;10
854;35
854;71
854;106
854;358
855;9
855;10
855;36
855;71
855;106
855;353
856;9
856;10
856;28
856;56
856;142
856;185
857;9
857;10
857;28
857;56
857;99
857;230
858;5
858;13
858;35
858;70
858;105
858;246
859;4
859;10
859;38
859;76
859;113
859;265
860;9
860;10
860;35
860;57
860;80
860;256
861;9
861;10
861;28
861;71
861;140
861;312
862;9
862;10
862;28
862;57
862;142
862;185
863;9
863;14
863;28
863;57
863;85
863;221
864;4
864;10
864;32
864;63
864;95
864;219
865;9
865;10
865;28
865;48
865;88
865;220
866;9
866;10
866;32
866;64
866;159
866;161
867;9
867;19
867;32
867;64
867;159
867;160
868;9
868;19
868;36
868;72
868;144
868;181
869;7
869;12
869;36
869;71
869;109
869;251
870;4
870;10
870;32
870;64
870;128
870;287
871;9
871;10
871;32
871;63
871;95
871;189
872;9
872;10
872;28
872;56
872;140
872;302
873;9
873;10
873;28
873;56
873;112
873;169
874;9
874;18
874;23
874;42
874;113
874;421
875;6
875;10
875;28
875;56
875;143
875;170
876;4
876;10
876;29
876;57
876;86
876;172
877;9
877;10
877;27
877;54
877;81
877;188
878;6
878;12
878;28
878;56
878;141
878;305
879;6
879;12
879;24
879;63
879;143
879;189
880;6
880;12
880;31
880;62
880;155
880;186
881;5
881;14
881;36
881;71
881;107
881;178
882;4
882;12
882;35
882;71
882;94
882;212
883;6
883;11
883;24
883;71
883;80
883;236
884;6
884;12
884;24
884;56
884;123
884;312
885;6
885;12
885;24
885;56
885;95
885;330
886;7
886;13
886;20
886;64
886;84
886;226
887;4
887;12
887;28
887;55
887;84
887;207
888;6
888;12
888;24
888;56
888;94
888;172
889;6
889;12
889;24
889;56
889;123
889;302
890;6
890;12
890;28
890;55
890;124
890;336
891;6
891;12
891;32
891;56
891;142
891;192
892;6
892;12
892;23
892;55
892;83
892;196
893;4
893;12
893;24
893;71
893;106
893;191
894;6
894;18
894;21
894;63
894;119
894;487
895;6
895;18
895;28
895;56
895;85
895;318
896;5
896;18
896;29
896;57
896;87
896;339
897;9
897;18
897;32
897;63
897;95
897;220
898;5
898;13
898;31
898;63
898;95
898;188
899;4
899;10
899;32
899;63
899;158
899;160
900;9
900;18
900;28
900;64
900;94
900;307
901;9
901;10
901;31
901;63
901;94
901;414
902;9
902;10
902;32
902;64
902;95
902;226
903;9
903;10
903;31
903;62
903;124
903;280
904;5
904;10
904;31
904;63
904;126
904;283
905;9
905;10
905;31
905;56
905;127
905;458
906;9
906;10
906;28
906;57
906;123
906;359
907;9
907;10
907;28
907;56
907;113
907;317
908;9
908;10
908;28
908;63
908;158
908;189
909;8
909;12
909;32
909;63
909;158
909;189
910;4
910;10
910;37
910;56
910;95
910;206
911;9
911;10
911;24
911;47
911;95
911;224
912;9
912;19
912;32
912;64
912;95
912;160
913;9
913;19
913;31
913;63
913;157
913;189
914;9
914;19
914;32
914;63
914;158
914;189
915;6
915;10
915;32
915;64
915;93
915;343
916;4
916;10
916;24
916;47
916;157
916;296
917;9
917;10
917;21
917;47
917;152
917;298
918;9
918;10
918;23
918;46
918;123
918;183
919;8
919;10
919;27
919;46
919;95
919;160
920;9
920;17
920;32
920;42
920;152
920;188
921;5
921;14
921;21
921;56
921;92
921;160
922;4
922;10
922;32
922;42
922;84
922;385
923;6
923;11
923;21
923;42
923;149
923;172
924;6
924;12
924;24
924;42
924;143
924;186
925;6
925;12
925;24
925;42
925;84
925;193
926;6
926;13
926;27
926;53
926;98
926;197
927;4
927;12
927;28
927;56
927;83
927;195
928;6
928;12
928;29
928;71
928;84
928;202
929;6
929;12
929;27
929;47
929;112
929;186
930;6
930;18
930;28
930;47
930;84
930;220
931;6
931;18
931;24
931;56
931;84
931;258
932;6
932;12
932;39
932;48
932;84
932;167
933;4
933;12
933;23
933;46
933;139
933;162
934;6
934;12
934;21
934;62
934;87
934;166
935;5
935;10
935;32
935;43
935;157
935;166
936;5
936;11
936;26
936;42
936;159
936;186
937;6
937;13
937;35
937;42
937;95
937;216
938;5
938;13
938;28
938;57
938;127
938;170
939;4
939;18
939;28
939;56
939;84
939;168
940;6
940;12
940;28
940;56
940;140
940;225
941;6
941;12
941;28
941;57
941;142
941;311
942;7
942;11
942;27
942;56
942;85
942;167
943;6
943;12
943;32
943;63
943;85
943;285
944;4
944;11
944;36
944;71
944;113
944;178
945;6
945;12
945;34
945;56
945;85
945;167
946;9
946;10
946;38
946;66
946;84
946;367
947;9
947;10
947;27
947;53
947;80
947;191
948;9
948;10
948;26
948;53
948;80
948;212
949;9
949;12
949;27
949;57
949;95
949;212
950;4
950;10
950;27
950;53
950;106
950;186
951;9
951;10
951;26
951;53
951;80
951;185
952;9
952;10
952;28
952;56
952;85
952;170
953;9
953;10
953;27
953;56
953;140
953;169
954;9
954;10
954;35
954;71
954;113
954;211
955;6
955;13
955;23
955;48
955;142
955;215
956;4
956;10
956;24
956;47
956;85
956;212
957;9
957;10
957;24
957;48
957;87
957;191
958;9
958;10
958;23
958;70
958;106
958;169
959;9
959;10
959;26
959;53
959;106
959;186
960;9
960;10
960;24
960;47
960;87
960;211
961;5
961;10
961;26
961;56
961;84
961;169
962;4
962;10
962;25
962;51
962;142
962;169
963;9
963;10
963;24
963;41
963;82
963;166
964;9
964;10
964;28
964;47
964;123
964;496
965;9
965;10
965;28
965;56
965;155
965;171
966;8
966;13
966;20
966;71
966;111
966;237
967;4
967;10
967;34
967;68
967;103
967;273
968;4
968;10
968;36
968;71
968;107
968;285
969;9
969;10
969;33
969;69
969;101
969;339
970;9
970;10
970;31
970;63
970;157
970;283
971;9
971;10
971;31
971;63
971;157
971;283
972;6
972;12
972;31
972;64
972;127
972;160
973;4
973;12
973;31
973;63
973;127
973;187
974;9
974;10
974;31
974;65
974;131
974;161
975;9
975;10
975;31
975;61
975;92
975;281
976;9
976;10
976;33
976;71
976;141
976;176
977;9
977;10
977;38
977;75
977;113
977;339
978;5
978;13
978;21
978;42
978;127
978;297
979;4
979;11
979;33
979;42
979;126
979;294
980;9
980;10
980;39
980;41
980;106
980;160
981;9
981;10
981;35
981;71
981;141
981;177
982;9
982;10
982;35
982;71
982;126
982;212
983;7
983;13
983;35
983;41
983;126
983;212
984;5
984;18
984;28
984;57
984;126
984;200
985;6
985;12
985;28
985;56
985;83
985;166
986;6
986;12
986;27
986;58
986;142
986;174
987;6
987;12
987;36
987;42
987;113
987;468
988;6
988;12
988;31
988;64
988;127
988;192
989;6
989;12
989;33
989;66
989;97
989;166
990;4
990;12
990;35
990;71
990;141
990;176
991;6
991;12
991;35
991;57
991;95
991;167
992;9
992;10
992;38
992;53
992;128
992;413
993;9
993;10
993;27
993;57
993;106
993;346
994;9
994;10
994;26
994;53
994;106
994;344
995;6
995;10
995;27
995;56
995;107
995;160
996;4
996;10
996;26
996;56
996;105
996;184
997;9
997;10
997;28
997;57
997;85
997;171
998;9
998;10
998;28
998;56
998;84
998;366
999;9
999;10
999;35
999;56
999;114
999;178
1000;9
1000;10
1000;21
1000;56
1000;105
1000;185
1001;5
1001;10
1001;28
1001;56
1001;85
1001;169
1002;4
1002;10
1002;28
1002;56
1002;84
1002;169
1003;9
1003;10
1003;28
1003;56
1003;84
1003;197
1004;9
1004;10
1004;28
1004;56
1004;84
1004;198
1005;9
1005;10
1005;35
1005;43
1005;85
1005;170
1006;9
1006;12
1006;20
1006;57
1006;84
1006;169
1007;4
1007;10
1007;22
1007;57
1007;85
1007;171
1008;4
1008;10
1008;21
1008;57
1008;83
1008;168
1009;9
1009;10
1009;39
1009;77
1009;101
1009;264
1010;9
1010;10
1010;32
1010;64
1010;96
1010;256
1011;9
1011;10
1011;35
1011;71
1011;142
1011;249
1012;6
1012;13
1012;36
1012;71
1012;142
1012;249
1013;4
1013;10
1013;35
1013;71
1013;141
1013;247
1014;9
1014;10
1014;35
1014;71
1014;142
1014;248
1015;9
1015;10
1015;32
1015;63
1015;158
1015;283
1016;9
1016;10
1016;25
1016;71
1016;143
1016;247
1017;9
1017;10
1017;22
1017;65
1017;142
1017;249
1018;5
1018;10
1018;32
1018;63
1018;127
1018;191
1019;4
1019;10
1019;31
1019;62
1019;127
1019;184
1020;5
1020;11
1020;32
1020;63
1020;127
1020;250
1021;5
1021;11
1021;32
1021;64
1021;129
1021;161
1022;5
1022;11
1022;38
1022;40
1022;151
1022;265
1023;5
1023;11
1023;37
1023;75
1023;150
1023;187
1024;5
1024;11
1024;31
1024;42
1024;126
1024;168
1025;5
1025;11
1025;32
1025;42
1025;126
1025;211
1026;5
1026;11
1026;32
1026;53
1026;158
1026;160
1027;5
1027;11
1027;24
1027;47
1027;143
1027;177
1028;5
1028;11
1028;35
1028;54
1028;80
1028;211
1029;6
1029;12
1029;27
1029;55
1029;112
1029;188
1030;4
1030;18
1030;28
1030;55
1030;108
1030;305
1031;6
1031;12
1031;29
1031;57
1031;143
1031;178
1032;6
1032;12
1032;36
1032;63
1032;107
1032;466
1033;6
1033;12
1033;23
1033;61
1033;106
1033;178
1034;6
1034;12
1034;31
1034;63
1034;94
1034;178
1035;6
1035;12
1035;35
1035;71
1035;143
1035;309
1036;4
1036;12
1036;35
1036;71
1036;106
1036;167
1037;6
1037;12
1037;21
1037;57
1037;106
1037;177
1038;9
1038;10
1038;26
1038;53
1038;80
1038;161
1039;9
1039;10
1039;26
1039;53
1039;106
1039;186
1040;9
1040;10
1040;26
1040;57
1040;107
1040;212
1041;5
1041;10
1041;26
1041;42
1041;106
1041;212
1042;9
1042;10
1042;27
1042;54
1042;106
1042;160
1043;9
1043;10
1043;27
1043;55
1043;142
1043;161
1044;9
1044;10
1044;28
1044;56
1044;106
1044;167
1045;9
1045;10
1045;24
1045;56
1045;106
1045;285
1046;9
1046;10
1046;23
1046;68
1046;106
1046;169
1047;4
1047;10
1047;24
1047;47
1047;106
1047;189
1048;9
1048;10
1048;22
1048;64
1048;106
1048;170
1049;9
1049;10
1049;20
1049;71
1049;106
1049;169
1050;9
1050;18
1050;36
1050;71
1050;106
1050;177
1051;9
1051;18
1051;38
1051;47
1051;106
1051;167
1052;6
1052;12
1052;20
1052;71
1052;107
1052;167
1053;4
1053;10
1053;38
1053;71
1053;106
1053;213
1054;9
1054;10
1054;28
1054;57
1054;159
1054;212
1055;9
1055;10
1055;20
1055;41
1055;107
1055;302
1056;9
1056;10
1056;28
1056;57
1056;134
1056;466
1057;9
1057;10
1057;38
1057;46
1057;155
1057;170
1058;5
1058;10
1058;31
1058;63
1058;125
1058;188
1059;4
1059;10
1059;35
1059;71
1059;107
1059;285
1060;9
1060;10
1060;35
1060;72
1060;106
1060;283
1061;9
1061;10
1061;32
1061;63
1061;157
1061;346
1062;9
1062;10
1062;32
1062;63
1062;158
1062;284
1063;9
1063;13
1063;27
1063;48
1063;103
1063;168
1064;5
1064;14
1064;32
1064;64
1064;127
1064;189
1065;4
1065;10
1065;31
1065;61
1065;152
1065;178
1066;9
1066;10
1066;31
1066;64
1066;126
1066;178
1067;9
1067;10
1067;32
1067;62
1067;127
1067;178
1068;9
1068;10
1068;36
1068;73
1068;143
1068;178
1069;9
1069;13
1069;20
1069;71
1069;127
1069;186
1070;4
1070;12
1070;31
1070;42
1070;126
1070;294
1071;4
1071;10
1071;33
1071;41
1071;127
1071;168
1072;9
1072;10
1072;37
1072;40
1072;107
1072;177
1073;9
1073;10
1073;35
1073;71
1073;107
1073;247
1074;9
1074;10
1074;35
1074;71
1074;142
1074;213
1075;6
1075;11
1075;35
1075;71
1075;127
1075;213
1076;4
1076;12
1076;33
1076;42
1076;120
1076;237
1077;6
1077;12
1077;27
1077;56
1077;130
1077;239
1078;6
1078;12
1078;35
1078;56
1078;119
1078;170
1079;7
1079;11
1079;35
1079;48
1079;120
1079;168
1080;6
1080;12
1080;21
1080;42
1080;119
1080;168
1081;5
1081;12
1081;28
1081;56
1081;85
1081;169
1082;6
1082;12
1082;30
1082;58
1082;84
1082;173
1083;6
1083;10
1083;31
1083;63
1083;157
1083;284
1084;9
1084;10
1084;31
1084;63
1084;157
1084;282
1085;9
1085;10
1085;32
1085;63
1085;95
1085;348
1086;9
1086;10
1086;32
1086;63
1086;95
1086;347
1087;4
1087;10
1087;32
1087;63
1087;95
1087;283
1088;9
1088;10
1088;28
1088;47
1088;118
1088;413
1089;9
1089;10
1089;21
1089;56
1089;142
1089;393
1090;9
1090;10
1090;31
1090;62
1090;156
1090;374
1091;9
1091;10
1091;32
1091;64
1091;128
1091;160
1092;8
1092;10
1092;24
1092;72
1092;94
1092;169
1093;4
1093;10
1093;21
1093;42
1093;125
1093;167
1094;9
1094;10
1094;21
1094;42
1094;84
1094;213
1095;9
1095;10
1095;35
1095;71
1095;142
1095;178
1096;9
1096;10
1096;36
1096;72
1096;144
1096;180
1097;9
1097;10
1097;38
1097;75
1097;150
1097;188
1098;6
1098;10
1098;37
1098;74
1098;145
1098;180
1099;4
1099;10
1099;39
1099;74
1099;80
1099;178
1100;9
1100;10
1100;39
1100;41
1100;80
1100;188
1101;9
1101;10
1101;31
1101;63
1101;156
1101;281
1102;9
1102;10
1102;36
1102;71
1102;107
1102;179
1103;9
1103;10
1103;35
1103;70
1103;142
1103;176
1104;5
1104;13
1104;32
1104;63
1104;158
1104;285
1105;4
1105;10
1105;28
1105;56
1105;84
1105;169
1106;9
1106;10
1106;35
1106;42
1106;94
1106;173
1107;9
1107;10
1107;31
1107;62
1107;156
1107;187
1108;9
1108;10
1108;32
1108;64
1108;97
1108;161
1109;8
1109;13
1109;31
1109;62
1109;154
1109;184
1110;8
1110;16
1110;32
1110;65
1110;127
1110;162
1111;8
1111;16
1111;31
1111;63
1111;95
1111;192
1112;8
1112;16
1112;31
1112;56
1112;91
1112;187
1113;8
1113;16
1113;32
1113;64
1113;159
1113;254
1114;8
1114;16
1114;36
1114;71
1114;127
1114;215
1115;8
1115;12
1115;36
1115;70
1115;102
1115;175
1116;8
1116;16
1116;24
1116;71
1116;110
1116;177
1117;8
1117;16
1117;24
1117;71
1117;112
1117;177
1118;8
1118;18
1118;32
1118;63
1118;95
1118;160
1119;8
1119;16
1119;35
1119;56
1119;113
1119;171
1120;8
1120;10
1120;35
1120;53
1120;112
1120;224
1121;6
1121;12
1121;35
1121;71
1121;142
1121;176
1122;6
1122;12
1122;35
1122;71
1122;113
1122;169
1123;6
1123;18
1123;34
1123;55
1123;111
1123;177
1124;6
1124;12
1124;35
1124;57
1124;140
1124;338
1125;4
1125;18
1125;27
1125;71
1125;108
1125;178
1126;4
1126;13
1126;36
1126;57
1126;106
1126;172
1127;4
1127;13
1127;35
1127;56
1127;111
1127;244
1128;4
1128;13
1128;35
1128;71
1128;102
1128;181
1129;5
1129;19
1129;20
1129;41
1129;129
1129;464
1130;5
1130;10
1130;20
1130;64
1130;83
1130;251
1131;5
1131;10
1131;31
1131;63
1131;95
1131;280
1132;5
1132;10
1132;32
1132;63
1132;95
1132;283
1133;5
1133;10
1133;32
1133;63
1133;94
1133;285
1134;9
1134;10
1134;36
1134;49
1134;95
1134;177
1135;9
1135;10
1135;28
1135;56
1135;85
1135;281
1136;9
1136;10
1136;28
1136;57
1136;85
1136;308
1137;9
1137;10
1137;28
1137;55
1137;125
1137;301
1138;9
1138;10
1138;29
1138;57
1138;85
1138;287
1139;9
1139;10
1139;27
1139;54
1139;84
1139;293
1140;9
1140;10
1140;28
1140;56
1140;84
1140;169
1141;9
1141;10
1141;28
1141;42
1141;85
1141;170
1142;9
1142;10
1142;27
1142;42
1142;85
1142;253
1143;9
1143;12
1143;37
1143;40
1143;127
1143;210
1144;9
1144;10
1144;35
1144;42
1144;85
1144;176
1145;5
1145;10
1145;38
1145;42
1145;84
1145;251
1146;5
1146;14
1146;39
1146;41
1146;152
1146;168
1147;5
1147;19
1147;37
1147;75
1147;126
1147;168
1148;4
1148;18
1148;27
1148;76
1148;126
1148;295
1149;4
1149;18
1149;36
1149;42
1149;84
1149;294
1150;4
1150;10
1150;20
1150;42
1150;126
1150;296
1151;4
1151;11
1151;35
1151;42
1151;126
1151;379
1152;6
1152;12
1152;25
1152;43
1152;85
1152;287
1153;6
1153;18
1153;24
1153;42
1153;84
1153;167
1154;6
1154;18
1154;24
1154;48
1154;95
1154;283
1155;6
1155;18
1155;36
1155;63
1155;94
1155;284
1156;6
1156;18
1156;36
1156;56
1156;95
1156;285
1157;6
1157;18
1157;24
1157;57
1157;95
1157;284
1158;9
1158;18
1158;24
1158;56
1158;157
1158;170
1159;9
1159;18
1159;24
1159;56
1159;112
1159;277
1160;2
1160;17
1160;24
1160;57
1160;126
1160;172
1161;4
1161;12
1161;31
1161;42
1161;97
1161;167
1162;5
1162;15
1162;37
1162;57
1162;84
1162;170
1163;2
1163;19
1163;31
1163;61
1163;113
1163;160
1164;0
1164;18
1164;32
1164;63
1164;84
1164;188
1165;1
1165;17
1165;36
1165;71
1165;81
1165;214
1166;7
1166;11
1166;32
1166;65
1166;142
1166;315
1167;6
1167;12
1167;32
1167;64
1167;113
1167;290
1168;6
1168;12
1168;36
1168;71
1168;143
1168;321
1169;6
1169;11
1169;32
1169;62
1169;127
1169;279
1170;6
1170;12
1170;27
1170;66
1170;114
1170;222
1171;4
1171;13
1171;27
1171;71
1171;142
1171;249
1172;4
1172;18
1172;27
1172;56
1172;103
1172;169
1173;4
1173;18
1173;22
1173;56
1173;93
1173;223
1174;4
1174;18
1174;24
1174;56
1174;111
1174;196
1175;5
1175;19
1175;20
1175;56
1175;141
1175;169
1176;9
1176;10
1176;28
1176;56
1176;83
1176;167
1177;5
1177;14
1177;28
1177;56
1177;84
1177;223
1178;5
1178;10
1178;29
1178;57
1178;113
1178;230
1179;5
1179;14
1179;35
1179;42
1179;112
1179;223
1180;9
1180;10
1180;37
1180;42
1180;113
1180;224
1181;9
1181;14
1181;28
1181;56
1181;83
1181;169
1182;9
1182;14
1182;37
1182;57
1182;84
1182;201
1183;9
1183;10
1183;37
1183;55
1183;104
1183;223
1184;9
1184;10
1184;28
1184;56
1184;102
1184;226
1185;9
1185;10
1185;29
1185;57
1185;85
1185;226
1186;9
1186;14
1186;35
1186;68
1186;138
1186;223
1187;9
1187;13
1187;31
1187;71
1187;107
1187;214
1188;9
1188;10
1188;36
1188;75
1188;151
1188;189
1189;5
1189;19
1189;20
1189;76
1189;150
1189;302
1190;5
1190;19
1190;29
1190;71
1190;106
1190;352
1191;5
1191;10
1191;28
1191;71
1191;107
1191;358
1192;5
1192;19
1192;31
1192;57
1192;93
1192;259
1193;5
1193;19
1193;32
1193;63
1193;158
1193;221
1194;4
1194;18
1194;32
1194;62
1194;94
1194;230
1195;4
1195;18
1195;20
1195;70
1195;102
1195;161
1196;4
1196;10
1196;21
1196;52
1196;106
1196;197
1197;5
1197;13
1197;23
1197;59
1197;85
1197;224
1198;6
1198;18
1198;24
1198;64
1198;159
1198;160
1199;6
1199;18
1199;24
1199;63
1199;158
1199;189
1200;6
1200;18
1200;36
1200;56
1200;95
1200;223
1201;6
1201;18
1201;36
1201;71
1201;106
1201;225
1202;6
1202;18
1202;24
1202;48
1202;107
1202;226
1203;9
1203;11
1203;28
1203;63
1203;83
1203;225
1204;6
1204;18
1204;24
1204;63
1204;90
1204;315
1205;6
1205;18
1205;32
1205;64
1205;90
1205;191
1206;6
1206;18
1206;28
1206;70
1206;126
1206;217
1207;6
1207;12
1207;27
1207;55
1207;107
1207;170
1208;6
1208;12
1208;23
1208;64
1208;84
1208;227
1209;9
1209;10
1209;21
1209;47
1209;95
1209;290
1210;5
1210;16
1210;21
1210;53
1210;158
1210;162
1211;5
1211;11
1211;36
1211;56
1211;112
1211;170
1212;6
1212;11
1212;23
1212;71
1212;112
1212;283
1213;6
1213;18
1213;24
1213;71
1213;112
1213;318
1214;6
1214;11
1214;36
1214;57
1214;114
1214;171
1215;6
1215;11
1215;24
1215;54
1215;109
1215;281
1216;6
1216;12
1216;36
1216;71
1216;140
1216;170
1217;4
1217;18
1217;27
1217;42
1217;83
1217;169
1218;4
1218;18
1218;35
1218;56
1218;107
1218;247
1219;4
1219;13
1219;36
1219;56
1219;112
1219;181
1220;5
1220;18
1220;23
1220;71
1220;83
1220;423
1221;5
1221;14
1221;28
1221;69
1221;85
1221;170
1222;5
1222;14
1222;24
1222;56
1222;94
1222;313
1223;5
1223;14
1223;32
1223;63
1223;143
1223;286
1224;5
1224;14
1224;32
1224;63
1224;94
1224;282
1225;5
1225;19
1225;21
1225;42
1225;104
1225;224
1226;9
1226;10
1226;23
1226;73
1226;95
1226;381
1227;9
1227;14
1227;28
1227;42
1227;84
1227;307
1228;9
1228;10
1228;29
1228;58
1228;84
1228;256
1229;9
1229;10
1229;27
1229;54
1229;125
1229;166
1230;9
1230;10
1230;27
1230;55
1230;85
1230;170
1231;9
1231;10
1231;29
1231;49
1231;84
1231;169
1232;9
1232;13
1232;28
1232;56
1232;85
1232;169
1233;9
1233;10
1233;33
1233;56
1233;126
1233;167
1234;9
1234;10
1234;35
1234;43
1234;127
1234;254
1235;5
1235;19
1235;36
1235;42
1235;85
1235;216
1236;5
1236;10
1236;21
1236;42
1236;86
1236;165
1237;5
1237;10
1237;21
1237;56
1237;85
1237;299
1238;5
1238;18
1238;28
1238;75
1238;126
1238;296
1239;6
1239;19
1239;38
1239;75
1239;126
1239;294
1240;4
1240;18
1240;26
1240;42
1240;126
1240;296
1241;4
1241;19
1241;20
1241;42
1241;84
1241;294
1242;4
1242;11
1242;20
1242;42
1242;126
1242;378
1243;5
1243;11
1243;36
1243;41
1243;140
1243;386
1244;6
1244;12
1244;21
1244;56
1244;84
1244;167
1245;6
1245;18
1245;23
1245;42
1245;94
1245;282
1246;6
1246;18
1246;24
1246;47
1246;94
1246;283
1247;6
1247;18
1247;35
1247;56
1247;95
1247;284
1248;6
1248;18
1248;36
1248;56
1248;95
1248;285
1249;6
1249;12
1249;26
1249;57
1249;95
1249;378
1250;6
1250;18
1250;36
1250;54
1250;127
1250;171
1251;6
1251;18
1251;24
1251;56
1251;111
1251;166
1252;6
1252;12
1252;22
1252;59
1252;103
1252;177
1253;6
1253;18
1253;24
1253;42
1253;127
1253;203
1254;6
1254;18
1254;24
1254;42
1254;125
1254;168
1255;0
1255;18
1255;24
1255;63
1255;157
1255;161
1256;4
1256;18
1256;36
1256;71
1256;86
1256;215
1257;3
1257;18
1257;35
1257;71
1257;96
1257;213
1258;6
1258;12
1258;24
1258;63
1258;124
1258;311
1259;6
1259;18
1259;35
1259;71
1259;107
1259;356
1260;6
1260;10
1260;33
1260;42
1260;105
1260;245
1261;6
1261;12
1261;24
1261;64
1261;84
1261;250
1262;5
1262;18
1262;36
1262;71
1262;89
1262;214
1263;4
1263;18
1263;29
1263;63
1263;85
1263;169
1264;4
1264;18
1264;20
1264;56
1264;91
1264;262
1265;4
1265;13
1265;27
1265;71
1265;83
1265;315
1266;5
1266;19
1266;22
1266;72
1266;83
1266;235
1267;5
1267;10
1267;28
1267;55
1267;84
1267;166
1268;5
1268;10
1268;28
1268;57
1268;91
1268;227
1269;5
1269;10
1269;26
1269;56
1269;84
1269;221
1270;5
1270;10
1270;38
1270;71
1270;105
1270;422
1271;5
1271;19
1271;28
1271;57
1271;106
1271;224
1272;2
1272;19
1272;28
1272;57
1272;141
1272;169
1273;9
1273;10
1273;27
1273;56
1273;85
1273;168
1274;9
1274;10
1274;27
1274;55
1274;105
1274;225
1275;9
1275;19
1275;20
1275;57
1275;92
1275;208
1276;9
1276;19
1276;26
1276;43
1276;109
1276;254
1277;9
1277;19
1277;20
1277;56
1277;87
1277;401
1278;9
1278;13
1278;20
1278;67
1278;95
1278;468
1279;8
1279;19
1279;26
1279;42
1279;126
1279;379
1280;9
1280;15
1280;30
1280;71
1280;83
1280;226
1281;7
1281;16
1281;33
1281;50
1281;149
1281;199
1282;6
1282;16
1282;32
1282;48
1282;81
1282;178
1283;9
1283;16
1283;32
1283;48
1283;81
1283;207
1284;9
1284;16
1284;31
1284;50
1284;96
1284;206
1285;9
1285;16
1285;31
1285;51
1285;82
1285;211
1286;9
1286;15
1286;34
1286;50
1286;149
1286;258
1287;9
1287;16
1287;32
1287;48
1287;85
1287;170
1288;9
1288;16
1288;33
1288;47
1288;95
1288;191
1289;4
1289;18
1289;32
1289;47
1289;94
1289;188
1290;7
1290;19
1290;32
1290;47
1290;95
1290;192
1291;4
1291;13
1291;28
1291;48
1291;143
1291;192
1292;9
1292;10
1292;20
1292;60
1292;91
1292;197
1293;6
1293;10
1293;28
1293;59
1293;88
1293;309
1294;9
1294;15
1294;28
1294;59
1294;89
1294;341
1295;9
1295;15
1295;28
1295;58
1295;102
1295;191
1296;9
1296;14
1296;28
1296;59
1296;89
1296;186
1297;9
1297;15
1297;29
1297;59
1297;89
1297;259
1298;9
1298;14
1298;30
1298;74
1298;85
1298;383
1299;4
1299;14
1299;29
1299;59
1299;93
1299;323
1300;4
1300;14
1300;28
1300;47
1300;93
1300;325
1301;4
1301;10
1301;32
1301;48
1301;95
1301;192
1302;9
1302;11
1302;32
1302;48
1302;95
1302;336
1303;9
1303;15
1303;35
1303;52
1303;88
1303;173
1304;5
1304;18
1304;31
1304;46
1304;95
1304;286
1305;4
1305;12
1305;34
1305;43
1305;86
1305;171
1306;7
1306;18
1306;23
1306;78
1306;82
1306;164
1307;6
1307;12
1307;24
1307;71
1307;84
1307;179
1308;9
1308;10
1308;27
1308;59
1308;89
1308;179
1309;9
1309;12
1309;20
1309;53
1309;84
1309;188
1310;4
1310;13
1310;39
1310;40
1310;93
1310;186
1311;4
1311;18
1311;27
1311;71
1311;85
1311;174
1312;4
1312;15
1312;37
1312;71
1312;80
1312;175
1313;5
1313;10
1313;28
1313;71
1313;142
1313;179
1314;5
1314;10
1314;38
1314;56
1314;149
1314;170
1315;6
1315;12
1315;20
1315;52
1315;94
1315;176
1316;4
1316;14
1316;38
1316;47
1316;92
1316;185
1317;5
1317;10
1317;38
1317;42
1317;84
1317;319
1318;5
1318;10
1318;38
1318;42
1318;115
1318;173
1319;5
1319;10
1319;38
1319;42
1319;137
1319;165
1320;5
1320;10
1320;38
1320;42
1320;148
1320;175
1321;5
1321;13
1321;22
1321;74
1321;95
1321;188
1322;4
1322;10
1322;28
1322;68
1322;110
1322;185
1323;4
1323;19
1323;26
1323;79
1323;83
1323;166
1324;4
1324;10
1324;22
1324;71
1324;118
1324;178
1325;4
1325;10
1325;35
1325;58
1325;138
1325;167
1326;5
1326;12
1326;35
1326;55
1326;144
1326;169
1327;5
1327;10
1327;23
1327;47
1327;95
1327;166
1328;5
1328;10
1328;34
1328;71
1328;148
1328;170
1329;4
1329;18
1329;28
1329;42
1329;113
1329;319
1330;5
1330;19
1330;28
1330;71
1330;105
1330;169
1331;4
1331;18
1331;26
1331;42
1331;126
1331;236
1332;7
1332;12
1332;20
1332;44
1332;99
1332;214
1333;4
1333;10
1333;20
1333;74
1333;94
1333;303
1334;5
1334;14
1334;23
1334;71
1334;84
1334;170
1335;6
1335;12
1335;24
1335;72
1335;85
1335;301
1336;6
1336;18
1336;24
1336;42
1336;149
1336;198
1337;6
1337;18
1337;28
1337;63
1337;84
1337;185
1338;6
1338;12
1338;20
1338;47
1338;94
1338;255
1339;4
1339;18
1339;36
1339;54
1339;97
1339;168
1340;6
1340;18
1340;36
1340;71
1340;113
1340;283
1341;6
1341;18
1341;24
1341;56
1341;113
1341;170
1342;6
1342;18
1342;30
1342;56
1342;138
1342;222
1343;6
1343;11
1343;20
1343;56
1343;112
1343;168
1344;5
1344;14
1344;22
1344;57
1344;113
1344;283
1345;4
1345;12
1345;24
1345;58
1345;115
1345;290
1346;4
1346;19
1346;20
1346;63
1346;127
1346;316
1347;6
1347;18
1347;24
1347;61
1347;127
1347;312
1348;6
1348;18
1348;24
1348;47
1348;94
1348;168
1349;7
1349;13
1349;20
1349;55
1349;108
1349;162
1350;4
1350;12
1350;23
1350;51
1350;98
1350;259
1351;6
1351;18
1351;24
1351;47
1351;94
1351;236
1352;6
1352;10
1352;23
1352;47
1352;95
1352;189
1353;6
1353;12
1353;24
1353;49
1353;96
1353;191
1354;9
1354;10
1354;23
1354;52
1354;84
1354;192
1355;7
1355;12
1355;20
1355;47
1355;92
1355;238
1356;4
1356;18
1356;26
1356;42
1356;84
1356;211
1357;4
1357;18
1357;24
1357;42
1357;83
1357;207
1358;5
1358;10
1358;20
1358;66
1358;85
1358;214
1359;5
1359;10
1359;28
1359;42
1359;83
1359;206
1360;5
1360;10
1360;28
1360;43
1360;86
1360;216
1361;5
1361;15
1361;22
1361;42
1361;85
1361;212
1362;4
1362;10
1362;38
1362;42
1362;83
1362;207
1363;4
1363;19
1363;37
1363;47
1363;85
1363;213
1364;5
1364;10
1364;38
1364;42
1364;84
1364;209
1365;5
1365;10
1365;38
1365;42
1365;85
1365;213
1366;5
1366;13
1366;38
1366;42
1366;83
1366;209
1367;5
1367;13
1367;22
1367;42
1367;84
1367;210
1368;4
1368;19
1368;24
1368;43
1368;85
1368;213
1369;4
1369;18
1369;21
1369;43
1369;88
1369;214
1370;4
1370;10
1370;32
1370;47
1370;95
1370;191
1371;4
1371;10
1371;29
1371;56
1371;143
1371;176
1372;9
1372;12
1372;20
1372;57
1372;84
1372;212
1373;4
1373;10
1373;37
1373;53
1373;83
1373;208
1374;5
1374;10
1374;37
1374;64
1374;94
1374;171
1375;5
1375;19
1375;28
1375;70
1375;104
1375;230
1376;5
1376;19
1376;28
1376;70
1376;107
1376;188
1377;9
1377;10
1377;31
1377;71
1377;142
1377;177
1378;6
1378;10
1378;20
1378;71
1378;143
1378;214
1379;4
1379;10
1379;21
1379;72
1379;141
1379;176
1380;4
1380;10
1380;35
1380;71
1380;106
1380;213
1381;6
1381;18
1381;23
1381;71
1381;111
1381;177
1382;6
1382;18
1382;24
1382;63
1382;142
1382;178
1383;6
1383;18
1383;36
1383;42
1383;141
1383;176
1384;5
1384;18
1384;36
1384;71
1384;91
1384;178
1385;4
1385;18
1385;29
1385;70
1385;107
1385;177
1386;5
1386;18
1386;31
1386;71
1386;93
1386;179
1387;6
1387;18
1387;36
1387;62
1387;143
1387;187
1388;6
1388;18
1388;35
1388;71
1388;92
1388;212
1389;6
1389;13
1389;20
1389;69
1389;127
1389;164
1390;4
1390;13
1390;28
1390;42
1390;84
1390;170
1391;4
1391;12
1391;27
1391;71
1391;94
1391;210
1392;5
1392;10
1392;28
1392;43
1392;85
1392;254
1393;5
1393;11
1393;27
1393;43
1393;86
1393;215
1394;5
1394;11
1394;21
1394;48
1394;95
1394;238
1395;7
1395;13
1395;36
1395;44
1395;85
1395;190
1396;4
1396;12
1396;35
1396;63
1396;127
1396;167
1397;6
1397;18
1397;24
1397;71
1397;84
1397;167
1398;6
1398;11
1398;24
1398;71
1398;83
1398;211
1399;6
1399;11
1399;24
1399;71
1399;90
1399;235
1400;9
1400;18
1400;27
1400;48
1400;83
1400;192
1401;5
1401;13
1401;23
1401;48
1401;92
1401;188
1402;4
1402;19
1402;26
1402;71
1402;83
1402;167
1403;4
1403;12
1403;24
1403;71
1403;98
1403;167
1404;5
1404;10
1404;38
1404;63
1404;84
1404;192
1405;5
1405;10
1405;38
1405;66
1405;81
1405;170
1406;5
1406;14
1406;24
1406;65
1406;149
1406;215
1407;5
1407;14
1407;38
1407;48
1407;142
1407;191
1408;5
1408;10
1408;37
1408;47
1408;149
1408;318
1409;5
1409;10
1409;37
1409;74
1409;115
1409;390
1410;5
1410;10
1410;37
1410;47
1410;97
1410;163
1411;5
1411;10
1411;37
1411;55
1411;109
1411;168
1412;9
1412;12
1412;20
1412;56
1412;148
1412;164
1413;4
1413;13
1413;24
1413;43
1413;86
1413;189
1414;4
1414;10
1414;33
1414;47
1414;95
1414;189
1415;4
1415;13
1415;28
1415;56
1415;86
1415;185
1416;4
1416;13
1416;32
1416;79
1416;81
1416;162
1417;4
1417;13
1417;35
1417;70
1417;148
1417;211
1418;6
1418;10
1418;32
1418;63
1418;84
1418;189
1419;4
1419;10
1419;32
1419;64
1419;123
1419;160
1420;9
1420;10
1420;36
1420;71
1420;143
1420;178
1421;5
1421;19
1421;28
1421;70
1421;123
1421;177
1422;4
1422;19
1422;32
1422;42
1422;126
1422;167
1423;4
1423;18
1423;26
1423;42
1423;106
1423;235
1424;5
1424;13
1424;22
1424;63
1424;114
1424;188
1425;4
1425;11
1425;22
1425;64
1425;85
1425;197
1426;4
1426;10
1426;27
1426;71
1426;83
1426;177
1427;6
1427;18
1427;24
1427;56
1427;84
1427;185
1428;6
1428;18
1428;24
1428;47
1428;84
1428;235
1429;6
1429;12
1429;20
1429;47
1429;83
1429;179
1430;4
1430;18
1430;24
1430;71
1430;127
1430;169
1431;6
1431;18
1431;23
1431;47
1431;127
1431;169
1432;6
1432;18
1432;36
1432;47
1432;116
1432;319
1433;6
1433;18
1433;36
1433;59
1433;138
1433;163
1434;6
1434;18
1434;29
1434;53
1434;148
1434;176
1435;7
1435;12
1435;20
1435;64
1435;83
1435;188
1436;4
1436;12
1436;21
1436;63
1436;127
1436;171
1437;4
1437;12
1437;24
1437;42
1437;128
1437;169
1438;6
1438;18
1438;24
1438;48
1438;127
1438;302
1439;6
1439;18
1439;24
1439;56
1439;127
1439;168
1440;6
1440;18
1440;23
1440;55
1440;149
1440;163
1441;5
1441;13
1441;24
1441;42
1441;85
1441;171
1442;4
1442;12
1442;23
1442;44
1442;84
1442;170
1443;5
1443;18
1443;24
1443;47
1443;94
1443;189
1444;6
1444;12
1444;24
1444;42
1444;84
1444;168
1445;5
1445;18
1445;36
1445;71
1445;89
1445;247
1446;9
1446;12
1446;35
1446;41
1446;83
1446;283
1447;5
1447;13
1447;31
1447;63
1447;155
1447;160
1448;3
1448;18
1448;36
1448;71
1448;107
1448;321
1449;5
1449;19
1449;35
1449;71
1449;105
1449;319
1450;5
1450;10
1450;31
1450;71
1450;126
1450;316
1451;5
1451;10
1451;28
1451;56
1451;146
1451;183
1452;6
1452;11
1452;31
1452;60
1452;149
1452;190
1453;4
1453;14
1453;32
1453;63
1453;94
1453;189
1454;5
1454;10
1454;38
1454;57
1454;148
1454;170
1455;5
1455;10
1455;38
1455;58
1455;115
1455;302
1456;5
1456;10
1456;37
1456;42
1456;137
1456;164
1457;5
1457;10
1457;38
1457;42
1457;148
1457;175
1458;6
1458;12
1458;22
1458;64
1458;91
1458;188
1459;4
1459;12
1459;27
1459;63
1459;106
1459;189
1460;4
1460;19
1460;28
1460;47
1460;132
1460;169
1461;4
1461;13
1461;29
1461;64
1461;95
1461;177
1462;4
1462;13
1462;36
1462;71
1462;138
1462;179
1463;4
1463;14
1463;35
1463;72
1463;148
1463;212
1464;5
1464;10
1464;34
1464;56
1464;84
1464;172
1465;4
1465;10
1465;31
1465;63
1465;81
1465;284
1466;9
1466;10
1466;28
1466;71
1466;93
1466;214
1467;5
1467;19
1467;28
1467;71
1467;94
1467;229
1468;5
1468;10
1468;27
1468;71
1468;141
1468;176
1469;9
1469;12
1469;20
1469;71
1469;142
1469;178
1470;4
1470;10
1470;20
1470;71
1470;143
1470;179
1471;5
1471;11
1471;27
1471;53
1471;141
1471;176
1472;6
1472;17
1472;24
1472;42
1472;112
1472;176
1473;6
1473;18
1473;24
1473;42
1473;149
1473;177
1474;6
1474;18
1474;24
1474;42
1474;143
1474;179
1475;6
1475;12
1475;20
1475;70
1475;141
1475;176
1476;4
1476;18
1476;35
1476;70
1476;127
1476;169
1477;6
1477;18
1477;26
1477;42
1477;142
1477;177
1478;6
1478;18
1478;35
1478;77
1478;108
1478;176
1479;6
1479;18
1479;35
1479;71
1479;90
1479;182
1480;6
1480;18
1480;36
1480;70
1480;89
1480;177
1481;5
1481;12
1481;30
1481;56
1481;106
1481;201
1482;4
1482;12
1482;27
1482;71
1482;93
1482;167
1483;3
1483;11
1483;28
1483;63
1483;95
1483;287
1484;5
1484;10
1484;21
1484;55
1484;123
1484;254
1485;5
1485;11
1485;21
1485;71
1485;104
1485;200
1486;6
1486;17
1486;20
1486;55
1486;142
1486;219
1487;4
1487;18
1487;30
1487;71
1487;89
1487;169
1488;5
1488;18
1488;23
1488;71
1488;84
1488;169
1489;9
1489;18
1489;35
1489;42
1489;82
1489;160
1490;7
1490;18
1490;21
1490;71
1490;113
1490;186
1491;8
1491;18
1491;24
1491;53
1491;83
1491;215
1492;9
1492;12
1492;31
1492;40
1492;93
1492;164
1493;4
1493;18
1493;24
1493;64
1493;126
1493;160
1494;8
1494;18
1494;24
1494;71
1494;97
1494;186
1495;9
1495;12
1495;36
1495;42
1495;85
1495;298
1496;6
1496;18
1496;36
1496;47
1496;93
1496;189
1497;6
1497;18
1497;35
1497;47
1497;94
1497;189
1498;7
1498;13
1498;35
1498;42
1498;83
1498;190
1499;3
1499;18
1499;35
1499;43
1499;86
1499;215
1500;6
1500;18
1500;35
1500;41
1500;83
1500;208
1501;6
1501;18
1501;36
1501;56
1501;86
1501;163
1502;6
1502;18
1502;36
1502;42
1502;83
1502;191
1503;9
1503;18
1503;24
1503;56
1503;140
1503;168
1504;5
1504;18
1504;35
1504;48
1504;144
1504;193
1505;3
1505;18
1505;35
1505;47
1505;86
1505;230
1506;6
1506;18
1506;35
1506;48
1506;83
1506;277
1507;6
1507;18
1507;35
1507;42
1507;84
1507;221
1508;6
1508;18
1508;36
1508;70
1508;95
1508;191
1509;9
1509;11
1509;36
1509;44
1509;84
1509;171
1510;4
1510;18
1510;35
1510;41
1510;85
1510;396
1511;3
1511;18
1511;36
1511;47
1511;84
1511;397
1512;6
1512;18
1512;35
1512;47
1512;84
1512;160
1513;6
1513;18
1513;36
1513;55
1513;84
1513;191
1514;0
1514;18
1514;35
1514;47
1514;80
1514;380
1515;9
1515;12
1515;32
1515;79
1515;82
1515;191
1516;4
1516;18
1516;35
1516;47
1516;84
1516;280
1517;6
1517;18
1517;24
1517;42
1517;85
1517;223
1518;0
1518;17
1518;35
1518;56
1518;84
1518;330
1519;6
1519;18
1519;21
1519;56
1519;84
1519;192
1520;8
1520;18
1520;21
1520;56
1520;83
1520;380
1521;6
1521;18
1521;24
1521;43
1521;83
1521;167
1522;3
1522;18
1522;24
1522;43
1522;86
1522;329
1523;6
1523;18
1523;24
1523;56
1523;123
1523;160
1524;6
1524;18
1524;21
1524;56
1524;85
1524;187
1525;6
1525;18
1525;28
1525;56
1525;96
1525;177
1526;9
1526;14
1526;27
1526;70
1526;103
1526;179
1527;5
1527;18
1527;21
1527;42
1527;84
1527;226
1528;3
1528;18
1528;21
1528;56
1528;85
1528;160
1529;6
1529;18
1529;21
1529;71
1529;111
1529;169
1530;6
1530;18
1530;21
1530;55
1530;84
1530;169
1531;5
1531;18
1531;21
1531;57
1531;89
1531;171
1532;9
1532;11
1532;22
1532;40
1532;82
1532;166
1533;4
1533;18
1533;21
1533;47
1533;112
1533;335
1534;3
1534;18
1534;21
1534;47
1534;94
1534;226
1535;6
1535;18
1535;21
1535;42
1535;83
1535;168
1536;6
1536;18
1536;37
1536;55
1536;113
1536;169
1537;6
1537;18
1537;35
1537;57
1537;145
1537;227
1538;8
1538;18
1538;32
1538;41
1538;145
1538;164
1539;3
1539;18
1539;26
1539;57
1539;80
1539;330
1540;6
1540;18
1540;24
1540;70
1540;114
1540;331
1541;7
1541;19
1541;28
1541;56
1541;84
1541;335
1542;8
1542;19
1542;21
1542;56
1542;84
1542;223
1543;9
1543;19
1543;28
1543;55
1543;113
1543;331
1544;5
1544;19
1544;28
1544;42
1544;83
1544;226
1545;9
1545;19
1545;28
1545;48
1545;95
1545;333
1546;9
1546;19
1546;21
1546;56
1546;84
1546;223
1547;9
1547;19
1547;24
1547;56
1547;84
1547;227
1548;9
1548;19
1548;35
1548;57
1548;85
1548;225
1549;9
1549;14
1549;22
1549;56
1549;84
1549;192
1550;4
1550;18
1550;21
1550;71
1550;84
1550;225
1551;9
1551;19
1551;21
1551;57
1551;87
1551;225
1552;9
1552;19
1552;21
1552;56
1552;94
1552;227
1553;9
1553;18
1553;32
1553;57
1553;145
1553;226
1554;9
1554;18
1554;35
1554;56
1554;145
1554;224
1555;9
1555;10
1555;22
1555;40
1555;82
1555;170
1556;4
1556;18
1556;21
1556;56
1556;140
1556;222
1557;9
1557;18
1557;21
1557;56
1557;141
1557;225
1558;9
1558;19
1558;21
1558;47
1558;80
1558;226
1559;9
1559;19
1559;21
1559;56
1559;80
1559;241
1560;9
1560;19
1560;28
1560;57
1560;113
1560;225
1561;6
1561;19
1561;21
1561;56
1561;83
1561;226
1562;9
1562;19
1562;20
1562;42
1562;85
1562;223
1563;9
1563;19
1563;36
1563;42
1563;84
1563;223
1564;7
1564;19
1564;21
1564;56
1564;112
1564;225
1565;9
1565;19
1565;21
1565;56
1565;85
1565;225
1566;9
1566;19
1566;21
1566;55
1566;85
1566;224
1567;5
1567;19
1567;24
1567;71
1567;110
1567;225
1568;9
1568;19
1568;24
1568;71
1568;155
1568;226
1569;9
1569;19
1569;24
1569;71
1569;129
1569;185
1570;9
1570;19
1570;24
1570;56
1570;138
1570;223
1571;9
1571;19
1571;28
1571;56
1571;111
1571;177
1572;9
1572;14
1572;22
1572;56
1572;85
1572;161
1573;4
1573;18
1573;21
1573;56
1573;91
1573;170
1574;9
1574;18
1574;21
1574;49
1574;134
1574;196
1575;9
1575;19
1575;21
1575;53
1575;84
1575;173
1576;9
1576;19
1576;21
1576;43
1576;85
1576;165
1577;9
1577;19
1577;24
1577;48
1577;144
1577;191
1578;8
1578;17
1578;21
1578;71
1578;141
1578;189
1579;4
1579;18
1579;21
1579;47
1579;95
1579;166
1580;3
1580;18
1580;23
1580;71
1580;111
1580;167
1581;3
1581;18
1581;21
1581;61
1581;110
1581;242
1582;6
1582;18
1582;21
1582;57
1582;159
1582;160
1583;9
1583;18
1583;24
1583;61
1583;159
1583;478
1584;5
1584;15
1584;28
1584;56
1584;142
1584;315
1585;3
1585;13
1585;28
1585;57
1585;114
1585;316
1586;3
1586;18
1586;27
1586;42
1586;133
1586;301
1587;9
1587;14
1587;21
1587;56
1587;139
1587;376
1588;4
1588;18
1588;21
1588;56
1588;113
1588;324
1589;9
1589;18
1589;21
1589;61
1589;147
1589;178
1590;4
1590;18
1590;21
1590;64
1590;95
1590;316
1591;3
1591;18
1591;35
1591;79
1591;81
1591;179
1592;2
1592;18
1592;35
1592;70
1592;141
1592;176
1593;2
1593;18
1593;36
1593;71
1593;143
1593;179
1594;6
1594;18
1594;31
1594;63
1594;82
1594;188
1595;9
1595;17
1595;21
1595;56
1595;82
1595;179
1596;4
1596;18
1596;21
1596;71
1596;81
1596;226
1597;3
1597;18
1597;21
1597;56
1597;82
1597;179
1598;6
1598;18
1598;21
1598;55
1598;112
1598;223
1599;6
1599;18
1599;21
1599;56
1599;81
1599;225
1600;6
1600;18
1600;21
1600;71
1600;82
1600;227
1601;6
1601;18
1601;21
1601;71
1601;96
1601;169
1602;3
1602;18
1602;21
1602;57
1602;98
1602;170
1603;6
1603;18
1603;21
1603;71
1603;106
1603;169
1604;6
1604;18
1604;21
1604;75
1604;90
1604;242
1605;6
1605;18
1605;21
1605;43
1605;89
1605;186
1606;9
1606;18
1606;30
1606;56
1606;111
1606;223
1607;5
1607;15
1607;29
1607;43
1607;95
1607;230
1608;3
1608;14
1608;28
1608;42
1608;95
1608;224
1609;9
1609;18
1609;30
1609;44
1609;107
1609;227
1610;9
1610;18
1610;21
1610;43
1610;100
1610;229
1611;8
1611;18
1611;35
1611;43
1611;114
1611;226
1612;9
1612;18
1612;30
1612;46
1612;98
1612;172
1613;4
1613;18
1613;28
1613;79
1613;83
1613;166
1614;3
1614;18
1614;24
1614;63
1614;118
1614;226
1615;1
1615;18
1615;37
1615;63
1615;146
1615;167
1616;6
1616;18
1616;24
1616;63
1616;81
1616;179
1617;6
1617;18
1617;24
1617;63
1617;126
1617;495
1618;8
1618;14
1618;30
1618;42
1618;83
1618;172
1619;3
1619;18
1619;38
1619;42
1619;126
1619;210
1620;6
1620;18
1620;24
1620;71
1620;91
1620;303
1621;6
1621;18
1621;28
1621;70
1621;85
1621;316
1622;6
1622;18
1622;30
1622;67
1622;108
1622;268
1623;9
1623;18
1623;32
1623;52
1623;158
1623;220
1624;5
1624;14
1624;32
1624;63
1624;95
1624;221
1625;3
1625;18
1625;32
1625;42
1625;95
1625;222
1626;6
1626;18
1626;31
1626;64
1626;94
1626;189
1627;6
1627;18
1627;32
1627;63
1627;125
1627;314
1628;6
1628;18
1628;24
1628;56
1628;80
1628;324
1629;9
1629;18
1629;30
1629;56
1629;110
1629;248
1630;4
1630;18
1630;31
1630;71
1630;107
1630;307
1631;3
1631;18
1631;24
1631;56
1631;113
1631;226
1632;9
1632;18
1632;29
1632;56
1632;127
1632;348
1633;9
1633;18
1633;23
1633;56
1633;112
1633;224
1634;7
1634;18
1634;24
1634;56
1634;85
1634;224
1635;9
1635;13
1635;28
1635;58
1635;142
1635;170
1636;4
1636;18
1636;27
1636;54
1636;134
1636;296
1637;2
1637;18
1637;28
1637;71
1637;95
1637;306
1638;6
1638;18
1638;28
1638;57
1638;85
1638;316
1639;6
1639;18
1639;27
1639;54
1639;135
1639;227
1640;6
1640;18
1640;26
1640;56
1640;137
1640;223
1641;6
1641;18
1641;23
1641;57
1641;128
1641;225
1642;3
1642;18
1642;21
1642;56
1642;97
1642;225
1643;6
1643;18
1643;21
1643;56
1643;85
1643;224
1644;6
1644;18
1644;21
1644;57
1644;112
1644;223
1645;6
1645;18
1645;21
1645;71
1645;128
1645;224
1646;9
1646;18
1646;24
1646;62
1646;110
1646;226
1647;5
1647;18
1647;21
1647;56
1647;138
1647;199
1648;3
1648;18
1648;21
1648;56
1648;85
1648;199
1649;2
1649;14
1649;28
1649;42
1649;90
1649;173
1650;3
1650;18
1650;31
1650;46
1650;156
1650;203
1651;9
1651;18
1651;28
1651;56
1651;92
1651;202
1652;9
1652;12
1652;28
1652;66
1652;108
1652;202
1653;4
1653;15
1653;29
1653;59
1653;103
1653;223
1654;3
1654;14
1654;28
1654;56
1654;85
1654;201
1655;9
1655;14
1655;29
1655;43
1655;139
1655;215
1656;4
1656;13
1656;21
1656;57
1656;115
1656;433
1657;9
1657;18
1657;21
1657;42
1657;111
1657;481
1658;8
1658;15
1658;31
1658;44
1658;85
1658;162
1659;3
1659;15
1659;30
1659;45
1659;106
1659;223
1660;6
1660;14
1660;28
1660;71
1660;106
1660;223
1661;6
1661;18
1661;24
1661;71
1661;106
1661;223
1662;6
1662;12
1662;27
1662;71
1662;95
1662;225
1663;9
1663;12
1663;24
1663;71
1663;106
1663;226
1664;5
1664;12
1664;36
1664;56
1664;106
1664;220
1665;3
1665;12
1665;21
1665;56
1665;106
1665;235
1666;3
1666;18
1666;35
1666;75
1666;94
1666;181
1667;5
1667;18
1667;38
1667;76
1667;85
1667;169
1668;5
1668;18
1668;21
1668;47
1668;94
1668;190
1669;7
1669;14
1669;22
1669;47
1669;94
1669;188
1670;6
1670;12
1670;21
1670;48
1670;127
1670;169
1671;6
1671;11
1671;21
1671;63
1671;94
1671;265
1672;6
1672;18
1672;21
1672;70
1672;144
1672;247
1673;6
1673;18
1673;24
1673;57
1673;84
1673;230
1674;4
1674;13
1674;21
1674;57
1674;126
1674;223
1675;4
1675;13
1675;32
1675;72
1675;140
1675;167
1676;4
1676;14
1676;28
1676;71
1676;141
1676;281
1677;4
1677;18
1677;32
1677;71
1677;95
1677;307
1678;5
1678;19
1678;32
1678;63
1678;155
1678;301
1679;5
1679;14
1679;21
1679;56
1679;127
1679;507
1680;5
1680;10
1680;28
1680;71
1680;144
1680;226
1681;5
1681;10
1681;35
1681;71
1681;143
1681;285
1682;5
1682;14
1682;28
1682;70
1682;105
1682;171
1683;9
1683;10
1683;31
1683;47
1683;157
1683;283
1684;9
1684;14
1684;32
1684;56
1684;95
1684;285
1685;9
1685;14
1685;28
1685;56
1685;84
1685;166
1686;9
1686;14
1686;28
1686;71
1686;106
1686;165
1687;9
1687;12
1687;24
1687;71
1687;92
1687;166
1688;9
1688;10
1688;21
1688;74
1688;88
1688;189
1689;9
1689;10
1689;20
1689;64
1689;96
1689;160
1690;9
1690;13
1690;31
1690;70
1690;99
1690;312
1691;9
1691;10
1691;35
1691;71
1691;86
1691;214
1692;5
1692;13
1692;21
1692;40
1692;85
1692;261
1693;5
1693;10
1693;21
1693;71
1693;99
1693;287
1694;5
1694;14
1694;28
1694;71
1694;99
1694;299
1695;5
1695;18
1695;21
1695;71
1695;100
1695;318
1696;5
1696;18
1696;21
1696;71
1696;85
1696;226
1697;4
1697;18
1697;32
1697;71
1697;85
1697;186
1698;9
1698;18
1698;29
1698;40
1698;101
1698;227
1699;4
1699;14
1699;28
1699;42
1699;155
1699;226
1700;5
1700;11
1700;32
1700;63
1700;156
1700;225
1701;6
1701;12
1701;24
1701;48
1701;123
1701;197
1702;6
1702;12
1702;24
1702;45
1702;103
1702;242
1703;6
1703;18
1703;24
1703;56
1703;85
1703;223
1704;6
1704;16
1704;24
1704;63
1704;126
1704;203
1705;6
1705;12
1705;24
1705;71
1705;85
1705;169
1706;6
1706;12
1706;35
1706;71
1706;109
1706;274
1707;6
1707;18
1707;36
1707;51
1707;123
1707;312
1708;6
1708;18
1708;36
1708;47
1708;126
1708;226
1709;6
1709;18
1709;23
1709;47
1709;95
1709;177
1710;6
1710;14
1710;28
1710;42
1710;151
1710;161
1711;6
1711;18
1711;37
1711;42
1711;144
1711;165
1712;6
1712;17
1712;23
1712;76
1712;84
1712;160
1713;7
1713;18
1713;24
1713;47
1713;94
1713;188
1714;5
1714;18
1714;36
1714;54
1714;107
1714;322
1715;6
1715;12
1715;24
1715;53
1715;106
1715;316
1716;6
1716;18
1716;35
1716;53
1716;106
1716;319
1717;6
1717;18
1717;24
1717;63
1717;84
1717;264
1718;6
1718;18
1718;24
1718;75
1718;127
1718;298
1719;6
1719;18
1719;23
1719;71
1719;126
1719;214
1720;4
1720;18
1720;27
1720;42
1720;84
1720;215
1721;4
1721;13
1721;26
1721;70
1721;84
1721;298
1722;4
1722;17
1722;27
1722;42
1722;129
1722;299
1723;5
1723;18
1723;24
1723;71
1723;83
1723;168
1724;9
1724;19
1724;30
1724;56
1724;106
1724;301
1725;5
1725;10
1725;28
1725;63
1725;124
1725;375
1726;5
1726;10
1726;28
1726;43
1726;126
1726;169
1727;5
1727;14
1727;37
1727;71
1727;86
1727;169
1728;5
1728;10
1728;28
1728;76
1728;95
1728;286
1729;9
1729;10
1729;28
1729;42
1729;85
1729;314
1730;9
1730;18
1730;28
1730;42
1730;85
1730;171
1731;9
1731;12
1731;29
1731;48
1731;95
1731;190
1732;9
1732;13
1732;30
1732;44
1732;87
1732;167
1733;4
1733;10
1733;20
1733;42
1733;84
1733;167
1734;9
1734;19
1734;20
1734;43
1734;87
1734;304
1735;9
1735;14
1735;29
1735;41
1735;82
1735;164
1736;9
1736;10
1736;28
1736;43
1736;86
1736;304
1737;9
1737;19
1737;20
1737;42
1737;84
1737;168
1738;9
1738;10
1738;33
1738;50
1738;96
1738;240
1739;6
1739;10
1739;33
1739;47
1739;93
1739;178
1740;6
1740;16
1740;32
1740;48
1740;86
1740;195
1741;9
1741;16
1741;32
1741;48
1741;83
1741;206
1742;9
1742;16
1742;32
1742;50
1742;86
1742;179
1743;9
1743;15
1743;33
1743;50
1743;99
1743;191
1744;9
1744;16
1744;33
1744;48
1744;82
1744;164
1745;9
1745;16
1745;33
1745;50
1745;133
1745;196
1746;4
1746;16
1746;31
1746;48
1746;84
1746;206
1747;7
1747;19
1747;31
1747;48
1747;83
1747;191
1748;9
1748;13
1748;33
1748;43
1748;133
1748;235
1749;9
1749;17
1749;36
1749;74
1749;81
1749;171
1750;6
1750;10
1750;29
1750;74
1750;84
1750;168
1751;6
1751;15
1751;29
1751;59
1751;85
1751;170
1752;9
1752;10
1752;36
1752;47
1752;103
1752;191
1753;9
1753;14
1753;28
1753;47
1753;94
1753;187
1754;9
1754;14
1754;28
1754;48
1754;95
1754;189
1755;9
1755;11
1755;22
1755;59
1755;112
1755;186
1756;9
1756;10
1756;20
1756;56
1756;91
1756;168
1757;8
1757;16
1757;24
1757;57
1757;89
1757;168
1758;8
1758;14
1758;21
1758;65
1758;95
1758;193
1759;7
1759;12
1759;32
1759;62
1759;112
1759;169
1760;6
1760;15
1760;32
1760;62
1760;112
1760;168
1761;6
1761;10
1761;34
1761;57
1761;113
1761;189
1762;4
1762;18
1762;39
1762;56
1762;112
1762;168
1763;6
1763;18
1763;24
1763;56
1763;113
1763;355
1764;6
1764;11
1764;24
1764;71
1764;113
1764;168
1765;4
1765;18
1765;35
1765;71
1765;114
1765;354
1766;4
1766;18
1766;21
1766;71
1766;142
1766;285
1767;5
1767;13
1767;39
1767;56
1767;142
1767;223
1768;4
1768;18
1768;26
1768;71
1768;142
1768;354
1769;4
1769;18
1769;24
1769;71
1769;142
1769;213
1770;9
1770;10
1770;38
1770;71
1770;126
1770;170
1771;9
1771;10
1771;37
1771;71
1771;142
1771;213
1772;6
1772;11
1772;20
1772;71
1772;142
1772;287
1773;4
1773;14
1773;32
1773;71
1773;141
1773;283
1774;5
1774;10
1774;38
1774;71
1774;142
1774;212
1775;5
1775;10
1775;38
1775;71
1775;128
1775;211
1776;5
1776;10
1776;38
1776;42
1776;84
1776;290
1777;5
1777;10
1777;37
1777;43
1777;127
1777;212
1778;7
1778;12
1778;22
1778;42
1778;82
1778;188
1779;4
1779;12
1779;28
1779;42
1779;85
1779;295
1780;4
1780;10
1780;28
1780;42
1780;84
1780;169
1781;4
1781;14
1781;22
1781;42
1781;85
1781;169
1782;4
1782;13
1782;33
1782;42
1782;85
1782;168
1783;4
1783;12
1783;36
1783;42
1783;128
1783;253
1784;5
1784;10
1784;22
1784;42
1784;85
1784;212
1785;4
1785;10
1785;38
1785;71
1785;148
1785;249
1786;9
1786;10
1786;24
1786;71
1786;148
1786;171
1787;5
1787;19
1787;28
1787;42
1787;126
1787;295
1788;4
1788;18
1788;27
1788;42
1788;126
1788;294
1789;9
1789;13
1789;23
1789;42
1789;85
1789;212
1790;5
1790;10
1790;20
1790;42
1790;126
1790;294
1791;4
1791;13
1791;35
1791;42
1791;126
1791;378
1792;4
1792;18
1792;39
1792;43
1792;83
1792;169
1793;6
1793;18
1793;24
1793;42
1793;84
1793;167
1794;6
1794;18
1794;24
1794;48
1794;95
1794;197
1795;6
1795;12
1795;20
1795;53
1795;95
1795;167
1796;4
1796;18
1796;24
1796;56
1796;127
1796;279
1797;6
1797;18
1797;35
1797;63
1797;126
1797;185
1798;6
1798;18
1798;24
1798;57
1798;126
1798;190
1799;6
1799;18
1799;36
1799;56
1799;112
1799;189
1800;6
1800;18
1800;36
1800;47
1800;127
1800;166
1801;6
1801;12
1801;22
1801;53
1801;120
1801;188
1802;4
1802;12
1802;24
1802;47
1802;94
1802;329
1803;4
1803;12
1803;26
1803;47
1803;140
1803;187
1804;6
1804;18
1804;32
1804;63
1804;95
1804;189
1805;6
1805;18
1805;36
1805;47
1805;103
1805;190
1806;6
1806;17
1806;35
1806;48
1806;95
1806;191
1807;5
1807;18
1807;31
1807;56
1807;95
1807;313
1808;4
1808;18
1808;36
1808;57
1808;107
1808;322
1809;5
1809;18
1809;23
1809;56
1809;111
1809;279
1810;6
1810;12
1810;24
1810;57
1810;83
1810;172
1811;4
1811;18
1811;28
1811;56
1811;90
1811;222
1812;5
1812;12
1812;20
1812;56
1812;85
1812;236
1813;4
1813;18
1813;27
1813;63
1813;126
1813;251
1814;4
1814;18
1814;27
1814;71
1814;142
1814;214
1815;5
1815;19
1815;27
1815;55
1815;141
1815;319
1816;5
1816;10
1816;27
1816;54
1816;83
1816;166
1817;5
1817;10
1817;28
1817;56
1817;149
1817;198
1818;6
1818;12
1818;20
1818;58
1818;85
1818;227
1819;4
1819;10
1819;28
1819;56
1819;148
1819;170
1820;5
1820;10
1820;38
1820;47
1820;123
1820;313
1821;5
1821;10
1821;28
1821;56
1821;142
1821;169
1822;5
1822;10
1822;28
1822;57
1822;84
1822;203
1823;5
1823;10
1823;38
1823;55
1823;106
1823;222
1824;5
1824;12
1824;28
1824;57
1824;121
1824;188
1825;4
1825;10
1825;28
1825;68
1825;106
1825;205
1826;4
1826;10
1826;23
1826;71
1826;86
1826;219
1827;4
1827;13
1827;31
1827;71
1827;95
1827;179
1828;4
1828;10
1828;37
1828;71
1828;107
1828;189
1829;4
1829;13
1829;20
1829;75
1829;149
1829;186
1830;5
1830;10
1830;31
1830;74
1830;106
1830;354
1831;4
1831;10
1831;28
1831;71
1831;107
1831;319
1832;9
1832;10
1832;31
1832;47
1832;149
1832;171
1833;5
1833;19
1833;28
1833;56
1833;112
1833;222
1834;5
1834;18
1834;31
1834;63
1834;149
1834;221
1835;9
1835;12
1835;28
1835;54
1835;148
1835;217
1836;4
1836;10
1836;20
1836;71
1836;96
1836;303
1837;5
1837;10
1837;27
1837;71
1837;95
1837;281
1838;6
1838;12
1838;31
1838;64
1838;159
1838;160
1839;6
1839;18
1839;32
1839;63
1839;157
1839;189
1840;6
1840;18
1840;28
1840;63
1840;83
1840;191
1841;6
1841;12
1841;28
1841;40
1841;83
1841;197
1842;4
1842;18
1842;24
1842;71
1842;126
1842;168
1843;6
1843;12
1843;35
1843;47
1843;144
1843;335
1844;6
1844;12
1844;24
1844;63
1844;159
1844;160
1845;6
1845;18
1845;32
1845;63
1845;158
1845;209
1846;6
1846;17
1846;28
1846;53
1846;84
1846;170
1847;5
1847;13
1847;29
1847;57
1847;96
1847;160
1848;4
1848;12
1848;28
1848;46
1848;87
1848;390
1849;9
1849;10
1849;21
1849;41
1849;122
1849;162
1850;5
1850;11
1850;27
1850;53
1850;148
1850;320
1851;5
1851;11
1851;21
1851;57
1851;113
1851;170
1852;8
1852;12
1852;22
1852;54
1852;113
1852;188
1853;4
1853;18
1853;38
1853;57
1853;111
1853;169
1854;6
1854;18
1854;24
1854;57
1854;113
1854;173
1855;6
1855;12
1855;24
1855;56
1855;111
1855;205
1856;6
1856;12
1856;24
1856;56
1856;113
1856;173
1857;4
1857;18
1857;27
1857;42
1857;84
1857;206
1858;9
1858;12
1858;20
1858;56
1858;114
1858;226
1859;4
1859;10
1859;26
1859;56
1859;83
1859;334
1860;4
1860;18
1860;24
1860;71
1860;83
1860;211
1861;9
1861;10
1861;37
1861;63
1861;127
1861;170
1862;9
1862;10
1862;38
1862;42
1862;84
1862;210
1863;9
1863;10
1863;38
1863;63
1863;95
1863;286
1864;5
1864;13
1864;20
1864;63
1864;94
1864;283
1865;4
1865;10
1865;37
1865;52
1865;95
1865;217
1866;5
1866;19
1866;37
1866;56
1866;142
1866;206
1867;5
1867;10
1867;38
1867;42
1867;126
1867;215
1868;5
1868;10
1868;38
1868;42
1868;85
1868;206
1869;5
1869;15
1869;38
1869;41
1869;83
1869;212
1870;5
1870;14
1870;22
1870;43
1870;86
1870;203
1871;4
1871;19
1871;28
1871;42
1871;84
1871;295
1872;4
1872;14
1872;28
1872;42
1872;85
1872;211
1873;4
1873;10
1873;28
1873;42
1873;84
1873;168
1874;4
1874;10
1874;35
1874;43
1874;126
1874;214
1875;9
1875;12
1875;20
1875;41
1875;85
1875;168
1876;4
1876;10
1876;39
1876;42
1876;85
1876;213
1877;5
1877;10
1877;38
1877;42
1877;148
1877;209
1878;5
1878;19
1878;28
1878;42
1878;85
1878;213
1879;5
1879;19
1879;28
1879;42
1879;126
1879;208
1880;9
1880;10
1880;26
1880;42
1880;126
1880;170
1881;6
1881;12
1881;20
1881;42
1881;128
1881;188
1882;4
1882;10
1882;21
1882;42
1882;126
1882;295
1883;4
1883;10
1883;23
1883;41
1883;85
1883;215
1884;6
1884;18
1884;23
1884;43
1884;85
1884;247
1885;6
1885;18
1885;24
1885;47
1885;95
1885;215
1886;6
1886;18
1886;31
1886;41
1886;95
1886;208
1887;5
1887;18
1887;31
1887;54
1887;113
1887;168
1888;4
1888;18
1888;35
1888;55
1888;126
1888;208
1889;4
1889;18
1889;36
1889;57
1889;114
1889;212
1890;6
1890;18
1890;35
1890;55
1890;105
1890;212
1891;6
1891;18
1891;36
1891;56
1891;112
1891;214
1892;7
1892;12
1892;36
1892;71
1892;142
1892;213
1893;4
1893;13
1893;36
1893;72
1893;108
1893;323
1894;4
1894;12
1894;35
1894;42
1894;140
1894;314
1895;6
1895;18
1895;25
1895;63
1895;127
1895;160
1896;6
1896;18
1896;24
1896;71
1896;101
1896;258
1897;6
1897;18
1897;35
1897;54
1897;96
1897;285
1898;7
1898;13
1898;35
1898;57
1898;125
1898;311
1899;4
1899;18
1899;28
1899;71
1899;107
1899;356
1900;6
1900;18
1900;35
1900;71
1900;140
1900;319
1901;6
1901;11
1901;24
1901;57
1901;84
1901;202
1902;6
1902;17
1902;27
1902;71
1902;94
1902;214
1903;4
1903;18
1903;35
1903;70
1903;95
1903;223
1904;5
1904;11
1904;22
1904;56
1904;85
1904;188
1905;4
1905;18
1905;26
1905;55
1905;83
1905;302
1906;4
1906;19
1906;24
1906;71
1906;83
1906;197
1907;5
1907;10
1907;28
1907;71
1907;84
1907;171
1908;9
1908;10
1908;28
1908;57
1908;85
1908;202
1909;5
1909;10
1909;24
1909;56
1909;85
1909;221
1910;5
1910;14
1910;29
1910;55
1910;142
1910;171
1911;5
1911;10
1911;38
1911;52
1911;123
1911;318
1912;4
1912;14
1912;38
1912;57
1912;141
1912;319
1913;5
1913;10
1913;37
1913;56
1913;83
1913;168
1914;5
1914;10
1914;28
1914;42
1914;105
1914;201
1915;9
1915;13
1915;20
1915;56
1915;106
1915;183
1916;4
1916;13
1916;28
1916;55
1916;107
1916;211
1917;4
1917;10
1917;29
1917;48
1917;88
1917;223
1918;4
1918;14
1918;32
1918;63
1918;94
1918;312
1919;4
1919;10
1919;36
1919;71
1919;107
1919;358
1920;4
1920;13
1920;34
1920;69
1920;104
1920;174
1921;9
1921;16
1921;33
1921;50
1921;116
1921;199
1922;9
1922;16
1922;32
1922;48
1922;147
1922;178
1923;5
1923;10
1923;23
1923;71
1923;84
1923;195
1924;5
1924;19
1924;23
1924;47
1924;80
1924;206
1925;5
1925;16
1925;24
1925;42
1925;116
1925;198
1926;4
1926;15
1926;31
1926;42
1926;82
1926;191
1927;9
1927;10
1927;28
1927;49
1927;115
1927;169
1928;5
1928;17
1928;30
1928;48
1928;104
1928;206
1929;9
1929;10
1929;26
1929;43
1929;113
1929;283
1930;6
1930;18
1930;30
1930;47
1930;84
1930;269
1931;6
1931;18
1931;23
1931;42
1931;119
1931;434
1932;6
1932;18
1932;24
1932;71
1932;90
1932;301
1933;6
1933;18
1933;30
1933;59
1933;89
1933;343
1934;6
1934;18
1934;29
1934;59
1934;89
1934;400
1935;6
1935;18
1935;25
1935;58
1935;103
1935;296
1936;6
1936;18
1936;24
1936;46
1936;90
1936;265
1937;6
1937;18
1937;29
1937;47
1937;95
1937;238
1938;6
1938;14
1938;29
1938;42
1938;127
1938;183
1939;0
1939;12
1939;38
1939;59
1939;89
1939;331
1940;9
1940;19
1940;20
1940;59
1940;84
1940;337
1941;9
1941;16
1941;24
1941;42
1941;84
1941;340
1942;8
1942;16
1942;23
1942;42
1942;85
1942;340
1943;9
1943;15
1943;31
1943;42
1943;126
1943;168
1944;5
1944;17
1944;34
1944;42
1944;84
1944;169
1945;4
1945;18
1945;39
1945;45
1945;91
1945;230
1946;6
1946;18
1946;23
1946;48
1946;88
1946;238
1947;6
1947;12
1947;24
1947;47
1947;94
1947;189
1948;4
1948;18
1948;36
1948;71
1948;106
1948;283
1949;4
1949;12
1949;32
1949;62
1949;85
1949;173
1950;5
1950;10
1950;35
1950;71
1950;115
1950;176
1951;4
1951;18
1951;36
1951;71
1951;142
1951;178
1952;4
1952;18
1952;24
1952;71
1952;142
1952;285
1953;9
1953;10
1953;35
1953;71
1953;142
1953;189
1954;9
1954;10
1954;37
1954;57
1954;84
1954;179
1955;6
1955;11
1955;37
1955;75
1955;113
1955;301
1956;4
1956;14
1956;38
1956;75
1956;108
1956;338
1957;5
1957;10
1957;38
1957;42
1957;151
1957;190
1958;5
1958;10
1958;36
1958;42
1958;142
1958;284
1959;5
1959;10
1959;38
1959;42
1959;141
1959;189
1960;5
1960;10
1960;37
1960;42
1960;105
1960;225
1961;6
1961;12
1961;34
1961;70
1961;139
1961;183
1962;4
1962;12
1962;33
1962;65
1962;94
1962;313
1963;4
1963;19
1963;30
1963;64
1963;97
1963;320
1964;4
1964;13
1964;28
1964;56
1964;141
1964;282
1965;4
1965;13
1965;28
1965;49
1965;85
1965;223
1966;4
1966;19
1966;27
1966;47
1966;106
1966;227
1967;5
1967;10
1967;32
1967;63
1967;159
1967;160
1968;4
1968;10
1968;32
1968;64
1968;129
1968;284
1969;9
1969;10
1969;31
1969;62
1969;123
1969;190
1970;5
1970;19
1970;28
1970;64
1970;127
1970;323
1971;4
1971;18
1971;32
1971;64
1971;106
1971;236
1972;9
1972;13
1972;30
1972;59
1972;95
1972;316
1973;4
1973;10
1973;31
1973;62
1973;95
1973;308
1974;4
1974;13
1974;31
1974;63
1974;127
1974;224
1975;4
1975;18
1975;26
1975;72
1975;84
1975;493
1976;6
1976;18
1976;28
1976;56
1976;83
1976;253
1977;6
1977;18
1977;27
1977;57
1977;84
1977;311
1978;6
1978;12
1978;28
1978;57
1978;113
1978;309
1979;4
1979;18
1979;28
1979;56
1979;127
1979;169
1980;6
1980;18
1980;28
1980;71
1980;85
1980;169
1981;6
1981;18
1981;28
1981;56
1981;127
1981;197
1982;6
1982;18
1982;30
1982;47
1982;126
1982;168
1983;6
1983;18
1983;38
1983;47
1983;113
1983;339
1984;5
1984;12
1984;22
1984;42
1984;85
1984;340
1985;4
1985;12
1985;39
1985;42
1985;85
1985;340
1986;4
1986;12
1986;39
1986;41
1986;126
1986;210
1987;6
1987;18
1987;37
1987;75
1987;151
1987;184
1988;6
1988;18
1988;24
1988;71
1988;126
1988;177
1989;6
1989;17
1989;35
1989;71
1989;142
1989;178
1990;5
1990;18
1990;35
1990;71
1990;106
1990;211
1991;4
1991;18
1991;23
1991;42
1991;83
1991;264
1992;6
1992;18
1992;23
1992;77
1992;126
1992;282
1993;6
1993;12
1993;24
1993;47
1993;84
1993;227
1994;4
1994;18
1994;27
1994;71
1994;83
1994;236
1995;9
1995;12
1995;20
1995;42
1995;84
1995;234
1996;4
1996;18
1996;27
1996;42
1996;90
1996;171
1997;4
1997;18
1997;27
1997;63
1997;83
1997;169
1998;5
1998;19
1998;20
1998;62
1998;159
1998;189
1999;9
1999;10
1999;28
1999;64
1999;158
1999;190
2000;9
2000;10
2000;32
2000;63
2000;157
2000;190
2001;6
2001;12
2001;20
2001;63
2001;157
2001;188
2002;4
2002;10
2002;38
2002;56
2002;148
2002;225
2003;4
2003;10
2003;37
2003;47
2003;123
2003;189
2004;5
2004;10
2004;28
2004;42
2004;127
2004;285
2005;5
2005;10
2005;28
2005;42
2005;113
2005;223
2006;5
2006;15
2006;38
2006;54
2006;106
2006;223
2007;5
2007;13
2007;27
2007;53
2007;121
2007;186
2008;4
2008;10
2008;27
2008;53
2008;159
2008;186
2009;4
2009;18
2009;27
2009;54
2009;107
2009;160
2010;4
2010;10
2010;27
2010;56
2010;84
2010;168
2011;4
2011;10
2011;28
2011;56
2011;142
2011;169
2012;4
2012;13
2012;20
2012;55
2012;112
2012;223
2013;4
2013;10
2013;37
2013;56
2013;84
2013;255
2014;4
2014;10
2014;38
2014;64
2014;94
2014;170
2015;4
2015;10
2015;28
2015;70
2015;95
2015;191
2016;5
2016;19
2016;28
2016;71
2016;83
2016;209
2017;4
2017;14
2017;27
2017;63
2017;141
2017;168
2018;7
2018;12
2018;20
2018;63
2018;142
2018;190
2019;4
2019;11
2019;21
2019;63
2019;140
2019;176
2020;5
2020;10
2020;32
2020;71
2020;84
2020;253
2021;6
2021;12
2021;23
2021;71
2021;106
2021;170
2022;6
2022;18
2022;24
2022;71
2022;105
2022;234
2023;6
2023;18
2023;24
2023;70
2023;105
2023;176
2024;6
2024;10
2024;22
2024;71
2024;105
2024;176
2025;4
2025;18
2025;39
2025;71
2025;127
2025;178
2026;5
2026;12
2026;35
2026;71
2026;142
2026;191
2027;6
2027;12
2027;24
2027;76
2027;143
2027;179
2028;6
2028;18
2028;30
2028;71
2028;85
2028;166
2029;6
2029;17
2029;35
2029;70
2029;83
2029;170
2030;5
2030;14
2030;22
2030;62
2030;96
2030;160
2031;4
2031;12
2031;36
2031;72
2031;126
2031;173
2032;9
2032;10
2032;21
2032;71
2032;94
2032;416
2033;5
2033;11
2033;27
2033;65
2033;106
2033;177
2034;5
2034;11
2034;21
2034;71
2034;109
2034;284
2035;8
2035;12
2035;20
2035;71
2035;139
2035;179
2036;4
2036;18
2036;36
2036;56
2036;127
2036;276
2037;6
2037;18
2037;24
2037;47
2037;92
2037;264
2038;6
2038;12
2038;24
2038;64
2038;96
2038;193
2039;6
2039;11
2039;24
2039;71
2039;97
2039;325
2040;4
2040;18
2040;34
2040;70
2040;84
2040;168
2041;7
2041;12
2041;36
2041;71
2041;92
2041;248
2042;4
2042;10
2042;35
2042;71
2042;127
2042;176
2043;4
2043;18
2043;35
2043;71
2043;144
2043;167
2044;9
2044;10
2044;37
2044;71
2044;143
2044;284
2045;9
2045;10
2045;38
2045;56
2045;106
2045;183
2046;9
2046;10
2046;38
2046;66
2046;149
2046;214
2047;5
2047;13
2047;38
2047;75
2047;113
2047;301
2048;4
2048;10
2048;37
2048;75
2048;113
2048;300
2049;5
2049;14
2049;34
2049;42
2049;113
2049;319
2050;5
2050;10
2050;36
2050;42
2050;142
2050;283
2051;5
2051;10
2051;38
2051;47
2051;105
2051;226
2052;5
2052;13
2052;20
2052;41
2052;105
2052;166
2053;5
2053;13
2053;36
2053;71
2053;141
2053;287
2054;4
2054;19
2054;31
2054;63
2054;125
2054;310
2055;4
2055;14
2055;28
2055;74
2055;95
2055;319
2056;4
2056;10
2056;28
2056;55
2056;84
2056;168
2057;4
2057;10
2057;28
2057;56
2057;106
2057;224
2058;9
2058;12
2058;32
2058;64
2058;157
2058;161
2059;4
2059;10
2059;31
2059;62
2059;94
2059;188
2060;5
2060;10
2060;32
2060;63
2060;126
2060;318
2061;5
2061;19
2061;32
2061;64
2061;95
2061;323
2062;5
2062;19
2062;31
2062;62
2062;126
2062;315
2063;9
2063;10
2063;30
2063;61
2063;106
2063;315
2064;6
2064;10
2064;32
2064;64
2064;95
2064;317
2065;4
2065;10
2065;32
2065;63
2065;94
2065;314
2066;9
2066;10
2066;28
2066;71
2066;95
2066;169
2067;6
2067;18
2067;28
2067;56
2067;85
2067;253
2068;6
2068;18
2068;28
2068;56
2068;85
2068;256
2069;6
2069;18
2069;28
2069;56
2069;112
2069;251
2070;5
2070;18
2070;28
2070;56
2070;140
2070;168
2071;4
2071;18
2071;28
2071;47
2071;127
2071;169
2072;6
2072;18
2072;28
2072;47
2072;113
2072;169
2073;6
2073;18
2073;27
2073;47
2073;127
2073;196
2074;6
2074;18
2074;38
2074;59
2074;113
2074;339
2075;7
2075;12
2075;20
2075;41
2075;127
2075;183
2076;4
2076;13
2076;21
2076;56
2076;84
2076;337
2077;4
2077;12
2077;24
2077;42
2077;126
2077;211
2078;6
2078;18
2078;25
2078;75
2078;84
2078;168
2079;6
2079;18
2079;24
2079;71
2079;85
2079;177
2080;6
2080;18
2080;24
2080;71
2080;95
2080;177
2081;6
2081;13
2081;20
2081;71
2081;95
2081;177
2082;4
2082;18
2082;24
2082;45
2082;86
2082;169
2083;6
2083;18
2083;24
2083;42
2083;82
2083;165
2084;6
2084;11
2084;24
2084;47
2084;107
2084;177
2085;5
2085;17
2085;24
2085;63
2085;96
2085;202
2086;4
2086;18
2086;32
2086;64
2086;83
2086;191
2087;5
2087;15
2087;22
2087;71
2087;120
2087;179
2088;4
2088;18
2088;26
2088;70
2088;106
2088;212
2089;4
2089;19
2089;24
2089;69
2089;140
2089;160
2090;5
2090;10
2090;32
2090;63
2090;85
2090;190
2091;5
2091;10
2091;31
2091;63
2091;157
2091;190
2092;5
2092;10
2092;24
2092;63
2092;95
2092;189
2093;5
2093;14
2093;38
2093;62
2093;94
2093;190
2094;5
2094;10
2094;38
2094;52
2094;84
2094;168
2095;5
2095;14
2095;28
2095;42
2095;148
2095;307
2096;5
2096;10
2096;28
2096;56
2096;127
2096;223
2097;5
2097;10
2097;28
2097;42
2097;105
2097;226
2098;7
2098;12
2098;27
2098;63
2098;99
2098;210
2099;4
2099;11
2099;27
2099;54
2099;133
2099;160
2100;4
2100;10
2100;27
2100;53
2100;159
2100;185
2101;4
2101;13
2101;22
2101;56
2101;95
2101;170
2102;4
2102;10
2102;32
2102;55
2102;140
2102;169
2103;4
2103;13
2103;35
2103;56
2103;140
2103;168
2104;9
2104;16
2104;33
2104;50
2104;85
2104;386
2105;9
2105;10
2105;32
2105;48
2105;83
2105;178
2106;9
2106;10
2106;32
2106;71
2106;94
2106;209
2107;5
2107;19
2107;28
2107;71
2107;106
2107;206
2108;5
2108;16
2108;20
2108;50
2108;141
2108;212
2109;9
2109;10
2109;30
2109;63
2109;142
2109;178
2110;9
2110;19
2110;32
2110;48
2110;142
2110;195
2111;5
2111;11
2111;22
2111;48
2111;141
2111;176
2112;4
2112;10
2112;31
2112;71
2112;109
2112;181
2113;6
2113;12
2113;24
2113;56
2113;142
2113;184
2114;6
2114;18
2114;24
2114;42
2114;143
2114;178
2115;6
2115;18
2115;24
2115;72
2115;91
2115;176
2116;6
2116;18
2116;30
2116;74
2116;88
2116;169
2117;6
2117;18
2117;35
2117;59
2117;141
2117;176
2118;6
2118;12
2118;24
2118;58
2118;103
2118;179
2119;6
2119;18
2119;28
2119;59
2119;90
2119;178
2120;6
2120;18
2120;36
2120;59
2120;106
2120;176
2121;6
2121;14
2121;28
2121;70
2121;90
2121;188
2122;9
2122;12
2122;29
2122;74
2122;89
2122;339
2123;6
2123;12
2123;36
2123;63
2123;95
2123;298
2124;5
2124;11
2124;21
2124;48
2124;126
2124;168
2125;5
2125;11
2125;21
2125;70
2125;127
2125;224
2126;5
2126;15
2126;21
2126;55
2126;107
2126;213
2127;0
2127;17
2127;33
2127;51
2127;86
2127;199
2128;0
2128;13
2128;35
2128;40
2128;88
2128;218
2129;9
2129;11
2129;20
2129;42
2129;89
2129;204
2130;9
2130;17
2130;20
2130;51
2130;156
2130;202
2131;9
2131;17
2131;35
2131;51
2131;156
2131;175
2132;9
2132;16
2132;39
2132;51
2132;156
2132;191
2133;4
2133;14
2133;39
2133;41
2133;81
2133;200
2134;7
2134;16
2134;32
2134;43
2134;89
2134;221
2135;0
2135;17
2135;33
2135;41
2135;83
2135;190
2136;0
2136;17
2136;31
2136;44
2136;81
2136;174
2137;0
2137;13
2137;35
2137;41
2137;109
2137;173
2138;0
2138;17
2138;34
2138;44
2138;142
2138;172
2139;0
2139;13
2139;39
2139;41
2139;114
2139;198
2140;4
2140;17
2140;39
2140;40
2140;115
2140;209
