6;0
6;10
6;20
6;40
6;80
6;160
7;8
7;19
7;33
7;67
7;100
7;166
8;4
8;19
8;33
8;57
8;133
8;167
9;5
9;19
9;33
9;57
9;133
9;166
10;5
10;16
10;33
10;57
10;133
10;167
11;5
11;19
11;33
11;66
11;133
11;166
12;7
12;15
12;33
12;67
12;84
12;167
13;6
13;12
13;33
13;67
13;113
13;167
14;6
14;12
14;33
14;67
14;113
14;167
15;7
15;10
15;33
15;67
15;133
15;167
16;5
16;10
16;33
16;67
16;133
16;167
17;5
17;13
17;33
17;67
17;90
17;167
18;5
18;16
18;33
18;67
18;89
18;167
19;5
19;15
19;34
19;57
19;90
19;170
20;8
20;12
20;37
20;63
20;149
20;188
21;5
21;14
21;37
21;75
21;149
21;262
22;7
22;16
22;33
22;66
22;133
22;169
23;5
23;16
23;33
23;67
23;134
23;200
24;5
24;12
24;31
24;67
24;157
24;190
25;7
25;19
25;31
25;63
25;94
25;189
26;8
26;19
26;31
26;62
26;94
26;251
27;7
27;12
27;31
27;63
27;158
27;189
28;6
28;13
28;31
28;63
28;157
28;371
29;5
29;13
29;25
29;63
29;84
29;169
30;6
30;13
30;25
30;63
30;84
30;167
31;5
31;18
31;34
31;67
31;126
31;169
32;5
32;18
32;33
32;42
32;85
32;168
33;1
33;19
33;38
33;75
33;84
33;168
34;7
34;16
34;38
34;75
34;126
34;338
35;5
35;17
35;37
35;67
35;127
35;168
36;7
36;12
36;38
36;75
36;112
36;367
37;8
37;19
37;38
37;56
37;84
37;366
38;3
38;14
38;37
38;56
38;85
38;168
39;6
39;14
39;37
39;56
39;140
39;169
40;8
40;17
40;31
40;63
40;126
40;283
41;5
41;12
41;32
41;75
41;158
41;380
42;8
42;11
42;21
42;42
42;84
42;280
43;7
43;17
43;31
43;50
43;85
43;214
44;5
44;11
44;21
44;51
44;102
44;170
45;6
45;19
45;21
45;50
45;100
45;170
46;1
46;19
46;21
46;50
46;125
46;213
47;6
47;17
47;21
47;51
47;100
47;170
48;7
48;19
48;20
48;50
48;83
48;169
49;6
49;19
49;21
49;50
49;85
49;170
50;9
50;19
50;21
50;51
50;84
50;213
51;6
51;17
51;21
51;50
51;100
51;214
52;7
52;19
52;21
52;51
52;125
52;200
53;0
53;19
53;21
53;50
53;100
53;303
54;9
54;19
54;21
54;75
54;125
54;225
55;4
55;19
55;25
55;50
55;100
55;276
56;9
56;18
56;21
56;50
56;125
56;200
57;8
57;19
57;21
57;42
57;100
57;170
58;8
58;17
58;21
58;75
58;100
58;214
59;7
59;19
59;21
59;51
59;100
59;170
60;6
60;19
60;21
60;50
60;125
60;170
61;4
61;17
61;21
61;50
61;100
61;170
62;6
62;17
62;21
62;50
62;126
62;200
63;0
63;17
63;21
63;50
63;100
63;170
64;3
64;17
64;21
64;50
64;124
64;200
65;9
65;19
65;25
65;50
65;100
65;170
66;8
66;19
66;21
66;42
66;106
66;214
67;1
67;17
67;21
67;42
67;84
67;213
68;8
68;17
68;21
68;50
68;85
68;214
69;8
69;19
69;21
69;50
69;121
69;170
70;5
70;18
70;31
70;63
70;126
70;346
71;7
71;17
71;31
71;63
71;125
71;188
72;7
72;14
72;21
72;63
72;94
72;277
73;9
73;19
73;21
73;63
73;100
73;284
74;5
74;19
74;37
74;42
74;124
74;358
75;8
75;15
75;38
75;42
75;84
75;361
76;9
76;10
76;39
76;42
76;124
76;456
77;8
77;15
77;33
77;42
77;133
77;166
78;7
78;19
78;33
78;42
78;84
78;201
79;5
79;15
79;33
79;42
79;85
79;200
80;5
80;13
80;33
80;67
80;134
80;167
81;7
81;16
81;38
81;66
81;133
81;166
82;8
82;16
82;34
82;67
82;84
82;168
83;3
83;16
83;33
83;56
83;134
83;200
84;6
84;15
84;33
84;67
84;84
84;201
85;8
85;17
85;33
85;75
85;85
85;228
86;6
86;16
86;34
86;67
86;134
86;171
87;5
87;15
87;33
87;67
87;127
87;456
88;5
88;15
88;33
88;67
88;133
88;200
89;8
89;19
89;37
89;75
89;150
89;456
90;5
90;18
90;37
90;76
90;84
90;263
91;7
91;19
91;34
91;54
91;133
91;457
92;3
92;10
92;33
92;57
92;133
92;167
93;6
93;14
93;33
93;66
93;100
93;167
94;9
94;12
94;32
94;63
94;158
94;190
95;4
95;19
95;31
95;63
95;158
95;189
96;4
96;19
96;25
96;63
96;126
96;189
97;4
97;14
97;31
97;50
97;157
97;283
98;2
98;17
98;31
98;50
98;157
98;456
99;5
99;17
99;32
99;63
99;84
99;283
100;8
100;19
100;31
100;50
100;94
100;484
101;8
101;19
101;31
101;50
101;85
101;462
102;8
102;15
102;32
102;50
102;86
102;229
103;2
103;17
103;31
103;63
103;95
103;170
104;6
104;14
104;31
104;50
104;94
104;473
105;3
105;11
105;28
105;56
105;141
105;169
106;4
106;12
106;28
106;56
106;141
106;170
107;8
107;19
107;28
107;56
107;84
107;169
108;7
108;19
108;28
108;56
108;140
108;168
109;8
109;19
109;32
109;63
109;158
109;380
110;5
110;19
110;31
110;56
110;157
110;169
111;5
111;19
111;21
111;50
111;158
111;160
112;8
112;18
112;21
112;56
112;126
112;170
113;6
113;17
113;21
113;50
113;101
113;501
114;4
114;19
114;21
114;42
114;94
114;170
115;7
115;19
115;21
115;42
115;100
115;456
116;7
116;19
116;21
116;51
116;100
116;170
117;5
117;19
117;21
117;50
117;101
117;456
118;5
118;19
118;21
118;50
118;84
118;170
119;9
119;16
119;21
119;50
119;93
119;227
120;7
120;17
120;21
120;50
120;88
120;218
121;0
121;19
121;21
121;51
121;125
121;171
122;6
122;18
122;21
122;50
122;125
122;345
123;8
123;17
123;21
123;75
123;126
123;227
124;8
124;19
124;25
124;50
124;100
124;505
125;0
125;19
125;21
125;50
125;100
125;500
126;9
126;18
126;25
126;63
126;100
126;446
127;0
127;18
127;21
127;63
127;106
127;214
128;5
128;19
128;21
128;40
128;113
128;456
129;8
129;17
129;37
129;75
129;112
129;263
130;8
130;17
130;37
130;40
130;112
130;500
131;8
131;13
131;33
131;67
131;101
131;263
132;8
132;17
132;31
132;63
132;112
132;501
133;8
133;10
133;32
133;63
133;95
133;286
134;8
134;15
134;32
134;63
134;94
134;221
135;8
135;19
135;28
135;50
135;126
135;506
136;8
136;16
136;32
136;50
136;126
136;463
137;8
137;16
137;25
137;75
137;101
137;228
138;8
138;16
138;25
138;50
138;100
138;276
139;9
139;10
139;21
139;42
139;83
139;277
140;8
140;17
140;21
140;79
140;80
140;276
141;7
141;15
141;21
141;42
141;80
141;192
142;7
142;13
142;21
142;42
142;105
142;252
143;6
143;12
143;22
143;42
143;80
143;232
144;5
144;11
144;22
144;45
144;105
144;190
145;5
145;10
145;31
145;79
145;158
145;168
146;6
146;10
146;25
146;51
146;150
146;199
147;5
147;15
147;25
147;50
147;150
147;201
148;5
148;14
148;25
148;50
148;100
148;251
149;5
149;14
149;22
149;57
149;100
149;465
150;5
150;14
150;25
150;50
150;98
150;501
151;5
151;14
151;25
151;50
151;125
151;226
152;5
152;14
152;25
152;56
152;150
152;251
153;5
153;14
153;28
153;56
153;114
153;223
154;5
154;14
154;27
154;78
154;86
154;229
155;5
155;14
155;28
155;56
155;87
155;170
156;5
156;14
156;28
156;57
156;114
156;262
157;4
157;11
157;28
157;57
157;114
157;252
158;0
158;16
158;28
158;56
158;122
158;262
159;8
159;19
159;39
159;57
159;156
159;342
160;6
160;10
160;39
160;56
160;150
160;347
161;7
161;15
161;32
161;56
161;152
161;456
162;5
162;14
162;34
162;57
162;148
162;272
163;7
163;15
163;25
163;50
163;101
163;501
164;7
164;19
164;25
164;50
164;100
164;250
165;9
165;11
165;25
165;40
165;89
165;200
166;6
166;16
166;26
166;40
166;150
166;404
167;4
167;10
167;28
167;46
167;90
167;506
168;6
168;10
168;21
168;42
168;85
168;233
169;7
169;10
169;21
169;42
169;85
169;422
170;3
170;10
170;28
170;57
170;86
170;280
171;3
171;10
171;27
171;56
171;101
171;483
172;3
172;10
172;21
172;42
172;88
172;227
173;3
173;10
173;21
173;42
173;84
173;168
174;3
174;10
174;25
174;43
174;85
174;456
175;3
175;10
175;25
175;43
175;84
175;167
176;9
176;11
176;23
176;79
176;97
176;176
177;9
177;19
177;21
177;42
177;153
177;164
178;9
178;19
178;22
178;44
178;139
178;456
179;6
179;19
179;22
179;44
179;84
179;299
180;9
180;15
180;26
180;40
180;90
180;501
181;6
181;10
181;24
181;51
181;85
181;249
182;4
182;13
182;30
182;51
182;85
182;500
183;4
183;13
183;25
183;50
183;100
183;201
184;4
184;13
184;25
184;50
184;100
184;175
185;4
185;13
185;25
185;50
185;151
185;201
186;4
186;12
186;25
186;50
186;100
186;226
187;4
187;13
187;25
187;49
187;100
187;427
188;4
188;13
188;21
188;42
188;85
188;468
189;4
189;13
189;25
189;77
189;86
189;228
190;4
190;12
190;25
190;75
190;150
190;201
191;4
191;13
191;22
191;45
191;101
191;473
192;4
192;16
192;22
192;45
192;88
192;201
193;4
193;17
193;34
193;45
193;101
193;505
194;6
194;19
194;21
194;42
194;85
194;165
195;6
195;19
195;22
195;50
195;152
195;324
196;4
196;19
196;21
196;42
196;85
196;463
197;8
197;19
197;20
197;42
197;152
197;281
198;6
198;14
198;25
198;51
198;143
198;197
199;6
199;17
199;25
199;50
199;151
199;176
200;9
200;10
200;25
200;40
200;150
200;177
201;5
201;10
201;25
201;50
201;151
201;176
202;9
202;10
202;20
202;46
202;91
202;175
203;5
203;13
203;21
203;42
203;84
203;191
204;4
204;13
204;26
204;43
204;132
204;427
205;4
205;13
205;28
205;57
205;85
205;253
206;4
206;13
206;27
206;43
206;93
206;229
207;4
207;12
207;21
207;74
207;87
207;171
208;4
208;13
208;36
208;41
208;93
208;164
209;6
209;10
209;21
209;42
209;85
209;168
210;4
210;13
210;21
210;42
210;147
210;168
211;4
211;13
211;21
211;42
211;126
211;190
212;4
212;13
212;21
212;42
212;105
212;450
213;4
213;13
213;22
213;44
213;92
213;482
214;4
214;12
214;21
214;45
214;148
214;499
215;9
215;10
215;27
215;40
215;93
215;170
216;5
216;15
216;25
216;50
216;125
216;176
217;5
217;14
217;25
217;50
217;100
217;225
218;5
218;14
218;25
218;50
218;100
218;470
219;5
219;14
219;23
219;57
219;114
219;473
220;5
220;14
220;25
220;50
220;90
220;225
221;5
221;14
221;25
221;50
221;100
221;225
222;5
222;14
222;28
222;57
222;90
222;253
223;5
223;14
223;28
223;57
223;91
223;272
224;5
224;14
224;34
224;57
224;87
224;227
225;5
225;14
225;34
225;57
225;151
225;165
226;5
226;15
226;39
226;57
226;154
226;456
227;6
227;18
227;34
227;57
227;113
227;209
228;9
228;19
228;21
228;42
228;92
228;195
229;7
229;19
229;21
229;57
229;114
229;407
230;4
230;19
230;21
230;42
230;85
230;471
231;7
231;14
231;21
231;57
231;114
231;190
232;9
232;16
232;35
232;48
232;108
232;453
233;9
233;19
233;25
233;50
233;100
233;277
234;9
234;14
234;25
234;50
234;151
234;176
235;7
235;10
235;25
235;50
235;150
235;201
236;7
236;10
236;25
236;48
236;151
236;201
237;7
237;10
237;21
237;43
237;85
237;210
238;4
238;10
238;32
238;42
238;85
238;200
239;3
239;10
239;25
239;42
239;84
239;473
240;3
240;10
240;28
240;56
240;140
240;168
241;3
241;10
241;22
241;43
241;86
241;228
242;3
242;10
242;21
242;43
242;105
242;170
243;3
243;10
243;26
243;43
243;85
243;456
244;3
244;10
244;32
244;42
244;85
244;160
245;3
245;19
245;22
245;43
245;85
245;397
246;6
246;19
246;21
246;42
246;128
246;438
247;4
247;19
247;21
247;42
247;84
247;358
248;6
248;19
248;22
248;44
248;159
248;160
249;9
249;13
249;24
249;43
249;85
249;167
250;9
250;10
250;22
250;43
250;86
250;166
251;5
251;13
251;22
251;45
251;135
251;226
252;4
252;13
252;24
252;45
252;85
252;268
253;4
253;13
253;25
253;50
253;125
253;176
254;4
254;13
254;25
254;50
254;100
254;176
255;4
255;13
255;25
255;51
255;102
255;201
256;4
256;13
256;25
256;50
256;100
256;198
257;4
257;13
257;25
257;50
257;101
257;175
258;4
258;12
258;25
258;51
258;93
258;229
259;4
259;13
259;25
259;50
259;125
259;326
260;4
260;12
260;25
260;49
260;126
260;252
261;4
261;19
261;24
261;44
261;101
261;256
262;8
262;10
262;25
262;44
262;82
262;181
263;8
263;19
263;22
263;43
263;89
263;174
264;8
264;19
264;21
264;42
264;101
264;420
265;8
265;19
265;22
265;44
265;157
265;511
266;8
266;18
266;21
266;50
266;129
266;244
267;8
267;19
267;25
267;75
267;122
267;500
268;8
268;19
268;25
268;48
268;150
268;303
269;9
269;17
269;25
269;40
269;140
269;474
270;6
270;18
270;25
270;76
270;101
270;352
271;4
271;15
271;25
271;49
271;150
271;376
272;6
272;10
272;21
272;42
272;85
272;171
273;4
273;13
273;21
273;42
273;84
273;472
274;4
274;13
274;26
274;51
274;150
274;175
275;4
275;13
275;28
275;56
275;84
275;511
276;4
276;13
276;21
276;42
276;85
276;228
277;4
277;13
277;21
277;42
277;148
277;190
278;9
278;10
278;21
278;40
278;89
278;501
279;5
279;10
279;32
279;79
279;80
279;169
280;7
280;15
280;32
280;79
280;80
280;478
281;7
281;13
281;20
281;42
281;80
281;511
282;6
282;18
282;31
282;42
282;106
282;500
283;6
283;17
283;25
283;42
283;105
283;169
284;6
284;16
284;32
284;42
284;80
284;314
285;6
285;10
285;37
285;57
285;94
285;262
286;5
286;10
286;38
286;42
286;85
286;210
287;5
287;10
287;38
287;42
287;84
287;295
288;5
288;10
288;37
288;42
288;85
288;253
289;5
289;10
289;38
289;75
289;84
289;186
290;5
290;10
290;38
290;75
290;150
290;188
291;5
291;10
291;38
291;45
291;150
291;458
292;5
292;10
292;22
292;45
292;91
292;179
293;5
293;10
293;33
293;45
293;86
293;229
294;5
294;10
294;21
294;45
294;89
294;223
295;5
295;10
295;22
295;45
295;84
295;392
296;5
296;10
296;25
296;50
296;150
296;175
297;5
297;10
297;25
297;50
297;100
297;225
298;5
298;10
298;25
298;50
298;100
298;225
299;5
299;10
299;23
299;45
299;90
299;326
300;5
300;10
300;25
300;50
300;152
300;177
301;5
301;10
301;22
301;54
301;133
301;214
302;6
302;13
302;38
302;40
302;87
302;186
303;6
303;13
303;38
303;42
303;88
303;211
304;6
304;13
304;25
304;42
304;84
304;211
305;6
305;13
305;25
305;42
305;84
305;253
306;6
306;13
306;37
306;45
306;88
306;482
307;6
307;13
307;38
307;75
307;150
307;188
308;6
308;13
308;38
308;75
308;112
308;188
309;6
309;13
309;32
309;45
309;95
309;207
310;6
310;12
310;32
310;63
310;95
310;357
311;6
311;19
311;22
311;45
311;95
311;227
312;6
312;19
312;32
312;63
312;95
312;357
313;6
313;13
313;25
313;49
313;94
313;176
314;6
314;13
314;31
314;63
314;95
314;475
315;6
315;19
315;25
315;50
315;95
315;176
316;6
316;12
316;25
316;75
316;101
316;175
317;6
317;12
317;25
317;50
317;125
317;175
318;6
318;19
318;25
318;75
318;151
318;175
319;7
319;10
319;32
319;59
319;93
319;384
320;8
320;17
320;33
320;67
320;134
320;201
321;8
321;17
321;38
321;59
321;95
321;263
322;8
322;17
322;38
322;59
322;93
322;263
323;8
323;17
323;33
323;59
323;107
323;161
324;8
324;17
324;34
324;67
324;95
324;190
325;8
325;17
325;33
325;67
325;83
325;201
326;8
326;17
326;33
326;67
326;84
326;201
327;8
327;17
327;33
327;67
327;105
327;201
328;8
328;17
328;33
328;78
328;85
328;228
329;8
329;17
329;32
329;42
329;80
329;203
330;8
330;17
330;32
330;79
330;80
330;201
331;8
331;17
331;32
331;79
331;84
331;200
332;8
332;17
332;32
332;79
332;84
332;456
333;8
333;17
333;32
333;42
333;84
333;322
334;8
334;17
334;37
334;74
334;84
334;263
335;8
335;17
335;33
335;67
335;100
335;301
336;8
336;17
336;34
336;68
336;126
336;201
337;8
337;17
337;37
337;67
337;112
337;263
338;8
338;17
338;38
338;75
338;112
338;262
339;8
339;17
339;38
339;68
339;112
339;338
340;8
340;10
340;38
340;76
340;112
340;338
341;8
341;17
341;32
341;75
341;94
341;284
342;8
342;10
342;32
342;75
342;95
342;288
343;8
343;17
343;33
343;67
343;113
343;457
344;8
344;17
344;37
344;75
344;112
344;302
345;4
345;10
345;38
345;78
345;86
345;229
346;4
346;10
346;25
346;50
346;100
346;169
347;4
347;10
347;38
347;50
347;100
347;276
348;4
348;10
348;38
348;50
348;100
348;275
349;4
349;10
349;25
349;42
349;100
349;276
350;4
350;18
350;25
350;42
350;105
350;210
351;4
351;19
351;21
351;42
351;105
351;274
352;4
352;19
352;21
352;42
352;105
352;189
353;8
353;10
353;21
353;42
353;105
353;274
354;8
354;10
354;35
354;56
354;85
354;264
355;5
355;10
355;38
355;56
355;113
355;188
356;5
356;10
356;37
356;42
356;84
356;272
357;5
357;10
357;38
357;42
357;84
357;253
358;5
358;10
358;38
358;42
358;85
358;462
359;5
359;10
359;38
359;75
359;150
359;187
360;5
360;10
360;38
360;44
360;150
360;225
361;5
361;10
361;34
361;45
361;84
361;179
362;5
362;10
362;22
362;45
362;90
362;227
363;5
363;19
363;21
363;46
363;88
363;218
364;5
364;10
364;21
364;44
364;89
364;216
365;5
365;10
365;25
365;50
365;90
365;302
366;5
366;10
366;25
366;50
366;150
366;175
367;5
367;10
367;25
367;50
367;100
367;225
368;5
368;10
368;25
368;50
368;99
368;225
369;5
369;10
369;25
369;50
369;149
369;172
370;5
370;10
370;23
370;45
370;90
370;232
371;5
371;10
371;37
371;64
371;87
371;225
372;6
372;13
372;38
372;50
372;88
372;187
373;6
373;13
373;25
373;42
373;84
373;211
374;6
374;13
374;25
374;42
374;84
374;253
375;6
375;13
375;38
375;41
375;87
375;212
376;6
376;13
376;38
376;75
376;150
376;188
377;6
377;13
377;38
377;45
377;150
377;187
378;6
378;13
378;32
378;63
378;95
378;458
379;6
379;13
379;32
379;63
379;95
379;379
380;6
380;12
380;31
380;75
380;85
380;228
381;6
381;13
381;32
381;63
381;95
381;165
382;6
382;18
382;31
382;41
382;90
382;174
383;6
383;12
383;32
383;63
383;95
383;190
384;6
384;19
384;22
384;63
384;95
384;418
385;6
385;13
385;25
385;50
385;125
385;176
386;6
386;12
386;25
386;50
386;151
386;175
387;6
387;19
387;24
387;44
387;95
387;384
388;6
388;19
388;20
388;50
388;90
388;261
389;8
389;16
389;33
389;59
389;84
389;163
390;8
390;17
390;34
390;59
390;92
390;202
391;8
391;17
391;37
391;75
391;112
391;225
392;8
392;17
392;38
392;59
392;93
392;227
393;8
393;17
393;32
393;59
393;95
393;252
394;8
394;17
394;33
394;67
394;100
394;234
395;8
395;17
395;33
395;67
395;106
395;234
396;8
396;17
396;33
396;67
396;80
396;201
397;8
397;17
397;33
397;42
397;86
397;229
398;8
398;17
398;32
398;42
398;80
398;171
399;8
399;17
399;32
399;67
399;80
399;338
400;8
400;17
400;28
400;59
400;80
400;451
401;8
401;17
401;31
401;79
401;80
401;272
402;8
402;17
402;33
402;67
402;100
402;166
403;8
403;17
403;21
403;67
403;84
403;171
404;8
404;10
404;38
404;75
404;150
404;188
405;8
405;17
405;21
405;42
405;125
405;327
406;5
406;11
406;39
406;42
406;128
406;169
407;5
407;12
407;37
407;42
407;112
407;169
408;5
408;18
408;37
408;40
408;113
408;339
409;6
409;18
409;37
409;74
409;112
409;284
410;7
410;17
410;31
410;40
410;126
410;213
411;4
411;15
411;31
411;42
411;84
411;168
412;9
412;18
412;31
412;42
412;95
412;212
413;5
413;12
413;38
413;75
413;126
413;189
414;7
414;18
414;38
414;75
414;112
414;338
415;8
415;19
415;25
415;42
415;84
415;211
416;9
416;11
416;25
416;42
416;100
416;456
417;5
417;10
417;37
417;40
417;96
417;416
418;5
418;10
418;37
418;75
418;117
418;488
419;6
419;13
419;33
419;68
419;128
419;265
420;7
420;15
420;33
420;67
420;101
420;273
421;7
421;14
421;34
421;74
421;105
421;274
422;6
422;12
422;37
422;75
422;112
422;188
423;5
423;15
423;38
423;41
423;105
423;265
424;6
424;10
424;33
424;42
424;84
424;166
425;5
425;14
425;33
425;42
425;84
425;165
426;5
426;14
426;33
426;56
426;83
426;166
427;5
427;14
427;33
427;67
427;84
427;168
428;5
428;14
428;33
428;67
428;83
428;168
429;5
429;14
429;33
429;67
429;151
429;168
430;5
430;14
430;33
430;67
430;84
430;167
431;5
431;14
431;33
431;45
431;84
431;164
432;5
432;14
432;33
432;66
432;122
432;228
433;5
433;10
433;22
433;67
433;112
433;165
434;5
434;10
434;22
434;56
434;84
434;501
435;5
435;10
435;22
435;56
435;85
435;170
436;5
436;10
436;22
436;45
436;84
436;166
437;5
437;10
437;37
437;63
437;158
437;327
438;5
438;10
438;34
438;57
438;84
438;213
439;5
439;10
439;22
439;67
439;133
439;167
440;5
440;10
440;33
440;67
440;100
440;166
441;6
441;13
441;38
441;75
441;95
441;190
442;6
442;13
442;38
442;40
442;88
442;283
443;9
443;10
443;33
443;42
443;142
443;405
444;5
444;15
444;31
444;63
444;88
444;511
445;9
445;10
445;23
445;42
445;89
445;382
446;6
446;10
446;21
446;42
446;84
446;168
447;7
447;10
447;31
447;42
447;84
447;168
448;3
448;10
448;32
448;45
448;95
448;425
449;3
449;10
449;31
449;44
449;95
449;229
450;3
450;10
450;32
450;42
450;84
450;169
451;3
451;10
451;31
451;42
451;84
451;169
452;3
452;10
452;38
452;75
452;90
452;263
453;3
453;10
453;31
453;63
453;95
453;264
454;3
454;10
454;32
454;57
454;95
454;161
455;3
455;10
455;33
455;56
455;140
455;275
456;3
456;10
456;37
456;75
456;95
456;380
457;3
457;10
457;38
457;75
457;157
457;283
458;4
458;10
458;38
458;42
458;85
458;210
459;5
459;13
459;21
459;42
459;84
459;168
460;4
460;13
460;21
460;59
460;100
460;170
461;4
461;13
461;21
461;59
461;85
461;169
462;4
462;13
462;21
462;59
462;126
462;345
463;4
463;13
463;21
463;59
463;95
463;163
464;4
464;13
464;21
464;59
464;95
464;171
465;4
465;13
465;21
465;42
465;106
465;169
466;4
466;13
466;21
466;42
466;84
466;214
467;4
467;13
467;21
467;75
467;85
467;228
468;4
468;13
468;21
468;50
468;125
468;277
469;4
469;12
469;21
469;50
469;125
469;456
470;8
470;10
470;21
470;50
470;100
470;171
471;8
471;10
471;21
471;50
471;126
471;511
472;8
472;10
472;25
472;50
472;100
472;160
473;8
473;19
473;25
473;50
473;94
473;451
474;8
474;19
474;21
474;76
474;100
474;214
475;8
475;17
475;21
475;42
475;98
475;160
476;8
476;10
476;37
476;75
476;126
476;188
477;8
477;10
477;21
477;63
477;125
477;407
478;7
478;10
478;21
478;42
478;84
478;256
479;4
479;13
479;21
479;42
479;126
479;168
480;9
480;10
480;25
480;42
480;84
480;210
481;5
481;13
481;21
481;42
481;126
481;271
482;4
482;13
482;22
482;42
482;85
482;213
483;4
483;13
483;21
483;42
483;84
483;214
484;4
484;13
484;21
484;42
484;84
484;229
485;4
485;12
485;21
485;42
485;84
485;171
486;4
486;14
486;38
486;40
486;91
486;438
487;6
487;14
487;37
487;63
487;126
487;189
488;5
488;14
488;31
488;63
488;126
488;189
489;5
489;10
489;34
489;67
489;100
489;167
490;6
490;11
490;25
490;63
490;100
490;511
491;6
491;13
491;38
491;75
491;126
491;300
492;7
492;14
492;21
492;42
492;101
492;443
493;9
493;10
493;20
493;42
493;85
493;167
494;5
494;10
494;33
494;42
494;84
494;169
495;5
495;14
495;33
495;43
495;84
495;167
496;5
496;14
496;33
496;67
496;133
496;167
497;5
497;14
497;23
497;67
497;134
497;456
498;5
498;14
498;33
498;67
498;100
498;166
499;5
499;14
499;33
499;57
499;84
499;456
500;5
500;14
500;33
500;45
500;84
500;180
501;5
501;14
501;22
501;45
501;91
501;229
502;5
502;10
502;22
502;67
502;141
502;200
503;5
503;10
503;22
503;56
503;112
503;252
504;5
504;10
504;28
504;66
504;112
504;252
505;5
505;10
505;28
505;45
505;113
505;371
506;5
506;11
506;37
506;75
506;149
506;187
507;5
507;10
507;33
507;57
507;150
507;323
508;5
508;10
508;33
508;56
508;133
508;331
509;5
509;10
509;33
509;67
509;100
509;167
510;5
510;10
510;37
510;40
510;118
510;456
511;6
511;13
511;37
511;63
511;88
511;189
512;6
512;13
512;25
512;63
512;88
512;405
513;6
513;19
513;30
513;42
513;84
513;184
514;6
514;10
514;32
514;42
514;84
514;168
515;7
515;10
515;23
515;42
515;84
515;210
516;6
516;10
516;22
516;42
516;89
516;179
517;3
517;10
517;32
517;42
517;88
517;477
518;3
518;10
518;32
518;63
518;95
518;338
519;3
519;10
519;32
519;44
519;122
519;228
520;3
520;10
520;32
520;63
520;95
520;252
521;3
521;10
521;38
521;40
521;95
521;500
522;3
522;10
522;38
522;75
522;95
522;188
523;3
523;10
523;33
523;66
523;95
523;166
524;6
524;10
524;28
524;56
524;88
524;168
525;6
525;10
525;28
525;56
525;88
525;428
526;6
526;10
526;37
526;75
526;157
526;283
527;6
527;10
527;32
527;49
527;158
527;379
528;6
528;10
528;33
528;67
528;101
528;298
529;4
529;13
529;33
529;67
529;100
529;167
530;4
530;13
530;33
530;67
530;100
530;170
531;4
531;13
531;33
531;67
531;100
531;170
532;4
532;13
532;21
532;59
532;100
532;168
533;4
533;12
533;21
533;59
533;95
533;160
534;4
534;13
534;32
534;79
534;133
534;473
535;4
535;13
535;21
535;79
535;80
535;170
536;4
536;13
536;21
536;79
536;122
536;229
537;4
537;12
537;21
537;79
537;80
537;169
538;4
538;13
538;21
538;50
538;100
538;200
539;8
539;17
539;21
539;75
539;100
539;200
540;8
540;17
540;21
540;75
540;126
540;283
541;8
541;16
541;25
541;79
541;125
541;317
542;8
542;11
542;25
542;50
542;80
542;356
543;8
543;19
543;21
543;50
543;142
543;204
544;8
544;10
544;21
544;63
544;115
544;353
545;8
545;10
545;37
545;75
545;112
545;263
546;8
546;10
546;37
546;50
546;112
546;225
547;8
547;11
547;33
547;43
547;85
547;404
548;5
548;15
548;21
548;50
548;112
548;247
549;9
549;16
549;33
549;40
549;86
549;165
550;6
550;14
550;32
550;42
550;84
550;190
551;4
551;13
551;31
551;43
551;95
551;297
552;4
552;13
552;32
552;42
552;85
552;169
553;4
553;12
553;31
553;42
553;84
553;168
554;4
554;13
554;32
554;42
554;101
554;200
555;4
555;13
555;21
555;41
555;100
555;301
556;9
556;10
556;37
556;75
556;101
556;188
557;5
557;16
557;37
557;50
557;80
557;412
558;7
558;14
558;34
558;67
558;105
558;274
559;6
559;13
559;33
559;67
559;100
559;274
560;6
560;12
560;32
560;41
560;154
560;404
561;6
561;12
561;37
561;42
561;112
561;263
562;6
562;17
562;38
562;43
562;91
562;247
563;6
563;10
563;33
563;67
563;84
563;166
564;5
564;14
564;33
564;67
564;84
564;246
565;5
565;14
565;33
565;57
565;84
565;167
566;5
566;14
566;33
566;57
566;134
566;167
567;5
567;14
567;33
567;67
567;133
567;469
568;5
568;14
568;33
568;67
568;151
568;167
569;5
569;14
569;33
569;45
569;89
569;167
570;5
570;14
570;33
570;67
570;84
570;180
571;5
571;14
571;33
571;67
571;122
571;228
572;9
572;10
572;28
572;56
572;84
572;283
573;5
573;10
573;22
573;45
573;112
573;473
574;5
574;10
574;22
574;45
574;112
574;252
575;5
575;10
575;38
575;76
575;150
575;160
576;5
576;10
576;37
576;75
576;150
576;346
577;5
577;10
577;34
577;57
577;139
577;264
578;5
578;10
578;33
578;67
578;133
578;167
579;5
579;10
579;33
579;67
579;134
579;167
580;6
580;13
580;31
580;63
580;113
580;189
581;6
581;12
581;38
581;63
581;88
581;226
582;9
582;10
582;32
582;42
582;142
582;229
583;5
583;10
583;32
583;43
583;88
583;189
584;9
584;10
584;22
584;40
584;88
584;295
585;5
585;10
585;22
585;45
585;158
585;284
586;3
586;10
586;39
586;43
586;126
586;170
587;3
587;10
587;32
587;42
587;95
587;169
588;3
588;10
588;32
588;42
588;95
588;229
589;3
589;10
589;32
589;42
589;127
589;169
590;3
590;10
590;31
590;42
590;127
590;168
591;3
591;10
591;38
591;75
591;113
591;188
592;3
592;10
592;34
592;40
592;95
592;163
593;3
593;10
593;33
593;56
593;134
593;167
594;3
594;10
594;34
594;56
594;140
594;168
595;3
595;10
595;37
595;75
595;95
595;188
596;3
596;10
596;31
596;50
596;126
596;346
597;9
597;10
597;20
597;40
597;85
597;168
598;5
598;13
598;21
598;42
598;84
598;168
599;4
599;13
599;21
599;42
599;84
599;169
600;4
600;13
600;21
600;42
600;127
600;170
601;4
601;13
601;21
601;42
601;85
601;500
602;4
602;12
602;21
602;42
602;126
602;160
603;4
603;13
603;34
603;42
603;95
603;160
604;4
604;13
604;21
604;42
604;84
604;213
605;4
605;12
605;21
605;42
605;105
605;214
606;4
606;13
606;21
606;42
606;106
606;203
607;4
607;13
607;21
607;50
607;125
607;170
608;8
608;17
608;25
608;75
608;134
608;189
609;8
609;17
609;32
609;50
609;134
609;189
610;8
610;17
610;31
610;79
610;134
610;511
611;8
611;17
611;21
611;79
611;134
611;340
612;8
612;17
612;21
612;50
612;100
612;450
613;8
613;17
613;21
613;50
613;106
613;214
614;8
614;17
614;37
614;42
614;85
614;312
615;8
615;17
615;38
615;63
615;126
615;377
616;8
616;18
616;21
616;43
616;84
616;170
617;7
617;10
617;21
617;42
617;84
617;256
618;4
618;13
618;21
618;42
618;84
618;169
619;9
619;10
619;21
619;42
619;85
619;169
620;5
620;13
620;21
620;42
620;84
620;168
621;4
621;13
621;21
621;42
621;83
621;212
622;4
622;13
622;21
622;42
622;85
622;398
623;4
623;13
623;33
623;42
623;122
623;228
624;4
624;13
624;21
624;41
624;84
624;417
625;4
625;14
625;21
625;40
625;100
625;327
626;6
626;14
626;38
626;75
626;150
626;189
627;5
627;14
627;37
627;75
627;94
627;188
628;5
628;16
628;34
628;67
628;100
628;167
629;6
629;12
629;21
629;62
629;125
629;188
630;6
630;13
630;37
630;75
630;151
630;225
631;7
631;14
631;21
631;75
631;99
631;249
632;8
632;10
632;34
632;42
632;85
632;167
633;5
633;15
633;33
633;42
633;84
633;169
634;5
634;14
634;33
634;42
634;84
634;211
635;5
635;14
635;33
635;66
635;133
635;166
636;5
636;14
636;33
636;67
636;134
636;167
637;5
637;14
637;33
637;66
637;84
637;166
638;5
638;14
638;33
638;67
638;84
638;500
639;5
639;14
639;33
639;67
639;84
639;180
640;5
640;14
640;34
640;45
640;122
640;229
641;5
641;10
641;22
641;56
641;117
641;171
642;5
642;10
642;22
642;57
642;112
642;252
643;5
643;10
643;22
643;56
643;112
643;168
644;5
644;10
644;28
644;45
644;112
644;276
645;9
645;10
645;31
645;75
645;149
645;317
646;5
646;10
646;33
646;66
646;149
646;166
647;5
647;10
647;33
647;66
647;101
647;175
648;5
648;10
648;33
648;67
648;123
648;165
649;5
649;10
649;37
649;76
649;124
649;167
650;6
650;13
650;37
650;63
650;88
650;189
651;7
651;13
651;25
651;40
651;94
651;405
652;6
652;17
652;25
652;40
652;88
652;162
653;6
653;19
653;25
653;41
653;84
653;268
654;6
654;10
654;23
654;42
654;84
654;169
655;6
655;10
655;22
655;45
655;89
655;264
656;3
656;10
656;31
656;42
656;85
656;168
657;3
657;10
657;31
657;42
657;84
657;169
658;3
658;10
658;31
658;42
658;85
658;275
659;3
659;10
659;32
659;42
659;95
659;449
660;3
660;10
660;38
660;76
660;95
660;501
661;3
661;10
661;37
661;63
661;95
661;454
662;3
662;10
662;34
662;67
662;95
662;456
663;6
663;10
663;33
663;56
663;88
663;281
664;6
664;10
664;37
664;76
664;88
664;188
665;6
665;10
665;38
665;75
665;158
665;188
666;6
666;10
666;38
666;63
666;88
666;274
667;6
667;10
667;33
667;67
667;100
667;167
668;4
668;13
668;34
668;59
668;84
668;167
669;4
669;13
669;33
669;59
669;126
669;170
670;4
670;13
670;34
670;59
670;100
670;188
671;4
671;13
671;32
671;59
671;100
671;168
672;4
672;12
672;32
672;59
672;95
672;477
673;4
673;12
673;32
673;79
673;127
673;213
674;4
674;13
674;21
674;42
674;84
674;170
675;4
675;13
675;21
675;42
675;85
675;228
676;4
676;13
676;21
676;42
676;100
676;277
677;4
677;13
677;21
677;50
677;125
677;456
678;8
678;17
678;21
678;63
678;100
678;188
679;8
679;16
679;21
679;50
679;99
679;506
680;8
680;17
680;25
680;79
680;100
680;275
681;8
681;17
681;21
681;50
681;95
681;381
682;8
682;19
682;21
682;42
682;141
682;256
683;8
683;17
683;21
683;50
683;106
683;171
684;8
684;10
684;21
684;40
684;113
684;261
685;8
685;17
685;37
685;50
685;112
685;263
686;9
686;11
686;33
686;40
686;142
686;405
687;5
687;10
687;21
687;50
687;112
687;263
688;9
688;10
688;21
688;40
688;126
688;285
689;6
689;13
689;32
689;63
689;95
689;350
690;4
690;13
690;31
690;50
690;95
690;504
691;4
691;13
691;32
691;50
691;126
691;421
692;4
692;13
692;31
692;78
692;121
692;229
693;4
693;13
693;25
693;50
693;100
693;226
694;4
694;12
694;22
694;44
694;100
694;276
695;9
695;10
695;21
695;42
695;100
695;238
696;8
696;16
696;32
696;50
696;80
696;276
697;7
697;14
697;21
697;42
697;126
697;211
698;6
698;13
698;21
698;42
698;80
698;252
699;6
699;10
699;33
699;42
699;142
699;199
700;6
700;11
700;21
700;40
700;90
700;465
701;6
701;14
701;22
701;40
701;106
701;430
702;5
702;10
702;25
702;50
702;95
702;175
703;5
703;10
703;25
703;50
703;100
703;276
704;5
704;14
704;37
704;57
704;95
704;160
705;5
705;14
705;38
705;57
705;87
705;178
706;5
706;14
706;25
706;50
706;84
706;251
707;5
707;14
707;26
707;50
707;84
707;199
708;5
708;14
708;28
708;56
708;84
708;197
709;5
709;14
709;28
709;45
709;84
709;305
710;5
710;14
710;33
710;45
710;85
710;228
711;5
711;14
711;32
711;45
711;90
711;194
712;9
712;10
712;22
712;45
712;89
712;456
713;9
713;10
713;22
713;45
713;90
713;179
714;9
714;10
714;21
714;42
714;84
714;235
715;9
715;10
715;20
715;43
715;88
715;230
716;9
716;10
716;21
716;42
716;89
716;169
717;9
717;10
717;22
717;45
717;157
717;178
718;9
718;10
718;22
718;43
718;112
718;358
719;9
719;14
719;25
719;51
719;87
719;225
720;3
720;12
720;25
720;50
720;88
720;226
721;8
721;10
721;25
721;50
721;125
721;274
722;5
722;13
722;22
722;50
722;88
722;451
723;9
723;10
723;25
723;40
723;88
723;179
724;5
724;10
724;22
724;45
724;87
724;180
725;3
725;10
725;24
725;45
725;112
725;407
726;3
726;10
726;28
726;56
726;140
726;169
727;3
727;10
727;33
727;78
727;122
727;229
728;3
728;10
728;21
728;42
728;95
728;170
729;3
729;10
729;21
729;42
729;95
729;355
730;3
730;10
730;31
730;63
730;90
730;190
731;3
731;13
731;32
731;63
731;95
731;190
732;8
732;19
732;21
732;42
732;95
732;253
733;7
733;18
733;32
733;63
733;95
733;500
734;5
734;19
734;22
734;44
734;95
734;199
735;9
735;19
735;21
735;42
735;95
735;168
736;9
736;10
736;21
736;42
736;89
736;169
737;5
737;13
737;21
737;42
737;92
737;275
738;4
738;13
738;25
738;59
738;92
738;501
739;4
739;13
739;25
739;59
739;93
739;176
740;4
740;13
740;25
740;59
740;149
740;174
741;4
741;13
741;25
741;50
741;100
741;175
742;4
742;13
742;25
742;79
742;95
742;225
743;4
743;12
743;25
743;42
743;84
743;479
744;4
744;12
744;31
744;79
744;105
744;497
745;4
745;13
745;25
745;50
745;151
745;176
746;4
746;13
746;25
746;79
746;80
746;499
747;4
747;19
747;22
747;45
747;80
747;310
748;8
748;13
748;32
748;63
748;106
748;171
749;8
749;13
749;22
749;43
749;155
749;178
750;8
750;19
750;21
750;42
750;84
750;500
751;8
751;19
751;22
751;45
751;89
751;180
752;8
752;19
752;21
752;50
752;80
752;359
753;8
753;16
753;21
753;42
753;84
753;414
754;8
754;16
754;25
754;50
754;150
754;175
755;9
755;15
755;25
755;40
755;155
755;404
756;6
756;10
756;25
756;50
756;141
756;201
757;4
757;13
757;34
757;43
757;93
757;264
758;6
758;10
758;21
758;42
758;106
758;169
759;4
759;13
759;21
759;42
759;127
759;401
760;4
760;13
760;28
760;52
760;142
760;171
761;4
761;13
761;28
761;56
761;141
761;169
762;4
762;13
762;21
762;42
762;122
762;228
763;4
763;13
763;21
763;51
763;85
763;331
764;4
764;10
764;21
764;45
764;89
764;199
765;5
765;13
765;20
765;40
765;90
765;378
766;4
766;13
766;22
766;43
766;109
766;282
767;4
767;13
767;21
767;42
767;84
767;210
768;4
768;13
768;23
768;45
768;90
768;179
769;4
769;13
769;22
769;66
769;135
769;269
770;4
770;13
770;23
770;43
770;89
770;171
771;6
771;10
771;23
771;45
771;86
771;173
772;5
772;15
772;25
772;50
772;100
772;401
773;5
773;14
773;25
773;50
773;100
773;302
774;5
774;14
774;23
774;56
774;92
774;455
775;5
775;14
775;23
775;47
775;152
775;175
776;5
776;14
776;26
776;50
776;84
776;200
777;5
777;14
777;28
777;56
777;83
777;197
778;5
778;10
778;28
778;45
778;84
778;198
779;5
779;10
779;32
779;45
779;122
779;229
780;5
780;14
780;22
780;45
780;117
780;170
781;5
781;14
781;22
781;45
781;90
781;171
782;4
782;17
782;22
782;45
782;84
782;179
783;8
783;10
783;22
783;45
783;90
783;179
784;9
784;19
784;21
784;42
784;85
784;232
785;9
785;13
785;33
785;57
785;89
785;188
786;9
786;10
786;21
786;56
786;90
786;422
787;9
787;10
787;22
787;56
787;100
787;441
788;7
788;19
788;25
788;50
788;101
788;175
789;9
789;12
789;25
789;50
789;88
789;201
790;7
790;13
790;33
790;40
790;154
790;404
791;6
791;12
791;22
791;40
791;88
791;251
792;6
792;17
792;22
792;40
792;101
792;345
793;6
793;10
793;21
793;45
793;89
793;179
794;7
794;10
794;22
794;45
794;89
794;201
795;3
795;10
795;28
795;56
795;113
795;337
796;3
796;10
796;28
796;55
796;112
796;339
797;3
797;10
797;21
797;42
797;118
797;200
798;3
798;10
798;21
798;63
798;95
798;177
799;3
799;10
799;32
799;63
799;95
799;456
800;3
800;10
800;32
800;63
800;95
800;201
801;9
801;19
801;32
801;64
801;95
801;315
802;8
802;13
802;21
802;42
802;88
802;164
803;9
803;13
803;32
803;50
803;88
803;456
804;4
804;12
804;21
804;42
804;88
804;168
805;9
805;14
805;20
805;42
805;88
805;169
806;6
806;14
806;22
806;45
806;92
806;246
807;4
807;13
807;33
807;59
807;84
807;354
808;4
808;13
808;25
808;75
808;100
808;201
809;4
809;13
809;25
809;50
809;125
809;251
810;4
810;13
810;25
810;50
810;100
810;200
811;4
811;13
811;32
811;59
811;95
811;275
812;4
812;12
812;25
812;51
812;80
812;175
813;4
813;13
813;25
813;50
813;84
813;176
814;4
814;13
814;25
814;42
814;122
814;228
815;4
815;12
815;25
815;42
815;105
815;225
816;4
816;12
816;21
816;43
816;105
816;501
817;4
817;19
817;22
817;44
817;105
817;201
818;8
818;16
818;31
818;79
818;105
818;428
819;8
819;17
819;21
819;63
819;84
819;169
820;8
820;19
820;31
820;50
820;80
820;404
821;8
821;19
821;22
821;45
821;141
821;256
822;8
822;16
822;32
822;50
822;80
822;410
823;9
823;10
823;24
823;50
823;100
823;324
824;8
824;17
824;25
824;50
824;125
824;277
825;9
825;10
825;33
825;50
825;142
825;405
826;5
826;10
826;22
826;43
826;101
826;301
827;9
827;10
827;21
827;40
827;92
827;473
828;5
828;13
828;22
828;42
828;85
828;169
829;4
829;13
829;31
829;49
829;86
829;506
830;4
830;13
830;28
830;56
830;114
830;167
831;4
831;12
831;28
831;55
831;141
831;229
832;4
832;13
832;21
832;42
832;105
832;168
833;4
833;12
833;21
833;41
833;80
833;171
834;7
834;10
834;32
834;79
834;80
834;168
835;8
835;15
835;32
835;79
835;80
835;169
836;7
836;14
836;32
836;79
836;80
836;446
837;6
837;12
837;32
837;79
837;80
837;494
838;9
838;10
838;33
838;42
838;142
838;204
839;5
839;11
839;32
839;40
839;80
839;165
840;6
840;10
840;32
840;56
840;87
840;299
841;5
841;10
841;38
841;56
841;95
841;188
842;5
842;10
842;37
842;42
842;84
842;212
843;5
843;10
843;38
843;42
843;84
843;253
844;5
844;10
844;38
844;42
844;85
844;462
845;5
845;10
845;38
845;75
845;150
845;188
846;5
846;10
846;38
846;75
846;113
846;263
847;5
847;10
847;37
847;67
847;84
847;179
848;5
848;10
848;33
848;45
848;90
848;180
849;5
849;10
849;22
849;45
849;89
849;227
850;5
850;19
850;20
850;45
850;89
850;264
851;5
851;10
851;25
851;50
851;90
851;482
852;5
852;10
852;25
852;75
852;150
852;175
853;5
853;10
853;25
853;50
853;100
853;327
854;5
854;10
854;25
854;50
854;126
854;225
855;5
855;10
855;23
855;51
855;151
855;175
856;5
856;10
856;24
856;45
856;90
856;231
857;5
857;12
857;28
857;62
857;86
857;346
858;6
858;13
858;38
858;75
858;88
858;187
859;6
859;13
859;25
859;42
859;84
859;211
860;6
860;13
860;25
860;42
860;84
860;253
861;6
861;13
861;38
861;42
861;85
861;253
862;6
862;13
862;38
862;45
862;113
862;300
863;6
863;13
863;38
863;45
863;150
863;188
864;6
864;13
864;38
864;45
864;95
864;226
865;6
865;12
865;32
865;45
865;95
865;483
866;6
866;13
866;32
866;75
866;86
866;228
867;6
867;19
867;22
867;45
867;95
867;224
868;6
868;12
868;25
868;63
868;90
868;509
869;6
869;13
869;25
869;63
869;95
869;395
870;6
870;19
870;31
870;63
870;95
870;426
871;6
871;19
871;25
871;50
871;150
871;175
872;6
872;13
872;25
872;75
872;125
872;175
873;6
873;13
873;25
873;50
873;150
873;175
874;6
874;19
874;23
874;44
874;95
874;308
875;7
875;10
875;33
875;66
875;95
875;189
876;8
876;17
876;34
876;67
876;92
876;201
877;8
877;17
877;38
877;59
877;113
877;225
878;8
878;17
878;38
878;59
878;93
878;188
879;8
879;17
879;32
879;59
879;109
879;457
880;8
880;17
880;33
880;67
880;95
880;201
881;8
881;17
881;33
881;67
881;84
881;234
882;8
882;17
882;33
882;67
882;80
882;201
883;8
883;16
883;34
883;79
883;93
883;229
884;8
884;10
884;33
884;79
884;106
884;218
885;8
885;10
885;32
885;51
885;80
885;206
886;8
886;16
886;32
886;79
886;80
886;201
887;8
887;17
887;32
887;79
887;80
887;200
888;8
888;17
888;32
888;79
888;80
888;327
889;8
889;10
889;21
889;50
889;148
889;314
890;8
890;16
890;21
890;79
890;84
890;457
891;8
891;10
891;21
891;42
891;84
891;198
892;8
892;10
892;31
892;42
892;111
892;265
893;8
893;10
893;32
893;42
893;112
893;263
894;8
894;10
894;21
894;42
894;84
894;482
895;8
895;19
895;34
895;44
895;89
895;179
896;8
896;19
896;21
896;44
896;89
896;178
897;8
897;19
897;32
897;42
897;95
897;168
898;4
898;19
898;31
898;42
898;84
898;168
899;4
899;19
899;38
899;45
899;89
899;168
900;4
900;19
900;37
900;44
900;150
900;168
901;4
901;19
901;25
901;75
901;85
901;228
902;4
902;19
902;33
902;50
902;100
902;276
903;4
903;19
903;34
903;67
903;134
903;458
904;4
904;19
904;33
904;67
904;133
904;276
905;4
905;19
905;33
905;42
905;134
905;457
906;4
906;18
906;31
906;42
906;105
906;457
907;4
907;19
907;32
907;42
907;126
907;457
908;4
908;18
908;32
908;63
908;105
908;274
909;4
909;10
909;31
909;63
909;105
909;259
910;5
910;10
910;38
910;40
910;95
910;260
911;5
911;10
911;38
911;42
911;84
911;208
912;5
912;10
912;28
912;42
912;84
912;211
913;5
913;10
913;28
913;42
913;85
913;253
914;5
914;10
914;38
914;75
914;84
914;201
915;5
915;10
915;38
915;75
915;150
915;225
916;5
916;10
916;38
916;45
916;113
916;458
917;5
917;10
917;34
917;45
917;112
917;179
918;5
918;10
918;34
918;57
918;86
918;229
919;5
919;10
919;22
919;45
919;112
919;268
920;5
920;10
920;22
920;45
920;89
920;440
921;5
921;10
921;25
921;50
921;150
921;176
922;5
922;10
922;25
922;50
922;100
922;175
923;5
923;10
923;25
923;50
923;100
923;226
924;5
924;10
924;25
924;50
924;126
924;252
925;5
925;10
925;25
925;50
925;150
925;300
926;5
926;10
926;28
926;40
926;125
926;232
927;6
927;13
927;38
927;63
927;88
927;260
928;6
928;13
928;38
928;42
928;88
928;211
929;6
929;13
929;25
929;42
929;84
929;212
930;6
930;13
930;25
930;42
930;84
930;212
931;6
931;12
931;38
931;42
931;88
931;482
932;6
932;13
932;38
932;75
932;150
932;188
933;6
933;13
933;37
933;45
933;95
933;187
934;6
934;12
934;32
934;45
934;95
934;190
935;6
935;13
935;32
935;63
935;95
935;379
936;6
936;11
936;38
936;45
936;94
936;218
937;6
937;19
937;32
937;42
937;95
937;176
938;6
938;11
938;25
938;42
938;94
938;175
939;6
939;13
939;32
939;63
939;94
939;461
940;6
940;19
940;25
940;50
940;95
940;175
941;6
941;17
941;25
941;50
941;150
941;351
942;6
942;19
942;25
942;50
942;151
942;176
943;6
943;13
943;21
943;42
943;95
943;364
944;6
944;19
944;21
944;60
944;84
944;457
945;8
945;17
945;33
945;67
945;133
945;200
946;8
946;17
946;37
946;76
946;95
946;187
947;8
947;17
947;38
947;75
947;101
947;226
948;8
948;17
948;21
948;59
948;101
948;203
949;8
949;17
949;33
949;59
949;95
949;216
950;8
950;17
950;33
950;67
950;101
950;234
951;8
951;17
951;33
951;67
951;84
951;201
952;8
952;10
952;33
952;67
952;105
952;201
953;8
953;10
953;33
953;75
953;85
953;228
954;8
954;17
954;34
954;79
954;80
954;368
955;8
955;17
955;29
955;79
955;80
955;328
956;8
956;17
956;32
956;79
956;84
956;452
957;8
957;17
957;32
957;43
957;100
957;301
958;8
958;17
958;33
958;67
958;100
958;457
959;8
959;17
959;37
959;40
959;147
959;166
960;8
960;17
960;37
960;44
960;150
960;375
961;8
961;17
961;32
961;50
961;128
961;323
962;5
962;10
962;37
962;42
962;127
962;169
963;4
963;19
963;37
963;41
963;112
963;169
964;8
964;19
964;38
964;75
964;89
964;336
965;5
965;11
965;32
965;42
965;112
965;215
966;8
966;12
966;32
966;42
966;84
966;168
967;6
967;10
967;32
967;41
967;100
967;170
968;7
968;10
968;38
968;40
968;95
968;245
969;7
969;19
969;38
969;44
969;89
969;178
970;9
970;18
970;37
970;42
970;102
970;165
971;5
971;15
971;25
971;42
971;84
971;253
972;9
972;10
972;24
972;50
972;100
972;413
973;5
973;14
973;38
973;75
973;89
973;188
974;5
974;11
974;37
974;44
974;89
974;412
975;7
975;15
975;33
975;42
975;105
975;234
976;7
976;14
976;34
976;42
976;105
976;274
977;6
977;13
977;37
977;75
977;113
977;188
978;6
978;11
978;38
978;75
978;89
978;188
979;9
979;10
979;37
979;42
979;86
979;167
980;5
980;10
980;33
980;67
980;84
980;211
981;5
981;14
981;33
981;56
981;82
981;165
982;5
982;14
982;33
982;57
982;84
982;168
983;5
983;14
983;33
983;43
983;84
983;168
984;5
984;14
984;33
984;42
984;84
984;261
985;5
985;14
985;34
985;42
985;84
985;166
986;5
986;14
986;38
986;67
986;89
986;163
987;5
987;14
987;38
987;66
987;133
987;166
988;5
988;10
988;33
988;42
988;85
988;265
989;5
989;10
989;22
989;42
989;84
989;164
990;5
990;10
990;22
990;42
990;112
990;167
991;5
991;10
991;28
991;42
991;112
991;267
992;5
992;10
992;38
992;76
992;150
992;189
993;5
993;10
993;37
993;75
993;149
993;247
994;5
994;10
994;33
994;66
994;134
994;357
995;5
995;10
995;33
995;66
995;133
995;166
996;5
996;10
996;34
996;67
996;134
996;210
997;6
997;12
997;37
997;63
997;113
997;177
998;6
998;17
998;38
998;42
998;88
998;404
999;7
999;10
999;31
999;42
999;87
999;256
1000;4
1000;13
1000;31
1000;63
1000;88
1000;253
1001;7
1001;10
1001;38
1001;42
1001;88
1001;169
1002;4
1002;10
1002;23
1002;42
1002;84
1002;253
1003;3
1003;10
1003;31
1003;42
1003;84
1003;253
1004;3
1004;10
1004;32
1004;45
1004;95
1004;366
1005;3
1005;10
1005;32
1005;42
1005;85
1005;228
1006;3
1006;10
1006;32
1006;42
1006;84
1006;169
1007;3
1007;10
1007;38
1007;41
1007;84
1007;254
1008;3
1008;10
1008;37
1008;44
1008;94
1008;254
1009;3
1009;10
1009;32
1009;42
1009;95
1009;511
1010;3
1010;10
1010;33
1010;56
1010;95
1010;169
1011;3
1011;10
1011;37
1011;42
1011;140
1011;168
1012;3
1012;10
1012;37
1012;45
1012;126
1012;347
1013;3
1013;10
1013;38
1013;75
1013;157
1013;378
1014;8
1014;10
1014;21
1014;42
1014;100
1014;210
1015;5
1015;13
1015;21
1015;42
1015;100
1015;201
1016;4
1016;13
1016;21
1016;59
1016;100
1016;201
1017;4
1017;13
1017;21
1017;59
1017;101
1017;201
1018;4
1018;13
1018;21
1018;59
1018;100
1018;201
1019;4
1019;13
1019;21
1019;59
1019;85
1019;202
1020;4
1020;12
1020;32
1020;79
1020;80
1020;501
1021;4
1021;13
1021;21
1021;42
1021;84
1021;214
1022;4
1022;12
1022;21
1022;79
1022;122
1022;229
1023;4
1023;13
1023;21
1023;42
1023;100
1023;170
1024;4
1024;13
1024;21
1024;50
1024;100
1024;200
1025;8
1025;17
1025;32
1025;63
1025;100
1025;199
1026;8
1026;17
1026;31
1026;79
1026;100
1026;188
1027;8
1027;17
1027;32
1027;79
1027;127
1027;200
1028;8
1028;17
1028;31
1028;50
1028;126
1028;324
1029;8
1029;19
1029;21
1029;50
1029;100
1029;160
1030;8
1030;17
1030;21
1030;50
1030;100
1030;213
1031;8
1031;14
1031;36
1031;45
1031;106
1031;192
1032;8
1032;10
1032;21
1032;63
1032;125
1032;200
1033;8
1033;12
1033;32
1033;41
1033;154
1033;404
1034;6
1034;11
1034;21
1034;42
1034;84
1034;169
1035;4
1035;14
1035;21
1035;43
1035;84
1035;209
1036;6
1036;10
1036;21
1036;42
1036;84
1036;211
1037;4
1037;13
1037;21
1037;42
1037;100
1037;210
1038;4
1038;13
1038;21
1038;42
1038;84
1038;213
1039;4
1039;13
1039;21
1039;42
1039;85
1039;511
1040;4
1040;13
1040;21
1040;42
1040;85
1040;200
1041;4
1041;13
1041;21
1041;50
1041;84
1041;409
1042;9
1042;10
1042;37
1042;40
1042;126
1042;260
1043;5
1043;14
1043;21
1043;63
1043;113
1043;189
1044;5
1044;15
1044;33
1044;67
1044;100
1044;463
1045;5
1045;11
1045;33
1045;42
1045;84
1045;494
1046;6
1046;12
1046;37
1046;75
1046;126
1046;501
1047;7
1047;13
1047;20
1047;40
1047;128
1047;393
1048;7
1048;14
1048;21
1048;40
1048;90
1048;449
1049;6
1049;10
1049;33
1049;42
1049;84
1049;168
1050;5
1050;14
1050;33
1050;42
1050;84
1050;169
1051;5
1051;14
1051;33
1051;67
1051;113
1051;225
1052;5
1052;14
1052;33
1052;67
1052;133
1052;427
1053;5
1053;14
1053;33
1053;67
1053;84
1053;167
1054;5
1054;14
1054;33
1054;42
1054;84
1054;169
1055;5
1055;14
1055;33
1055;67
1055;84
1055;456
1056;5
1056;14
1056;33
1056;67
1056;134
1056;167
1057;5
1057;14
1057;32
1057;75
1057;122
1057;228
1058;9
1058;10
1058;37
1058;67
1058;84
1058;280
1059;5
1059;10
1059;37
1059;56
1059;112
1059;501
1060;5
1060;10
1060;38
1060;56
1060;113
1060;226
1061;5
1061;10
1061;38
1061;67
1061;150
1061;473
1062;9
1062;10
1062;33
1062;75
1062;150
1062;166
1063;5
1063;10
1063;34
1063;56
1063;140
1063;323
1064;5
1064;10
1064;33
1064;67
1064;100
1064;167
1065;5
1065;10
1065;33
1065;67
1065;100
1065;167
1066;6
1066;13
1066;37
1066;75
1066;151
1066;191
1067;6
1067;13
1067;31
1067;63
1067;88
1067;188
1068;7
1068;12
1068;33
1068;42
1068;142
1068;404
1069;5
1069;11
1069;21
1069;42
1069;88
1069;189
1070;6
1070;10
1070;22
1070;43
1070;84
1070;473
1071;6
1071;10
1071;22
1071;42
1071;84
1071;210
1072;6
1072;10
1072;39
1072;43
1072;87
1072;200
1073;3
1073;10
1073;32
1073;42
1073;95
1073;477
1074;3
1074;10
1074;32
1074;63
1074;130
1074;229
1075;3
1075;10
1075;32
1075;42
1075;85
1075;168
1076;3
1076;10
1076;32
1076;63
1076;95
1076;200
1077;3
1077;10
1077;37
1077;75
1077;95
1077;200
1078;3
1078;10
1078;37
1078;42
1078;95
1078;200
1079;3
1079;10
1079;33
1079;56
1079;84
1079;201
1080;6
1080;10
1080;28
1080;56
1080;88
1080;398
1081;6
1081;10
1081;38
1081;40
1081;157
1081;160
1082;6
1082;10
1082;32
1082;63
1082;126
1082;380
1083;4
1083;10
1083;38
1083;40
1083;88
1083;164
1084;5
1084;13
1084;34
1084;67
1084;100
1084;169
1085;4
1085;13
1085;33
1085;67
1085;134
1085;170
1086;4
1086;13
1086;33
1086;67
1086;100
1086;169
1087;4
1087;13
1087;34
1087;50
1087;84
1087;169
1088;4
1088;13
1088;32
1088;59
1088;96
1088;169
1089;4
1089;13
1089;32
1089;63
1089;95
1089;168
1090;4
1090;13
1090;21
1090;64
1090;84
1090;214
1091;4
1091;13
1091;21
1091;79
1091;80
1091;169
1092;4
1092;13
1092;21
1092;42
1092;123
1092;228
1093;4
1093;13
1093;21
1093;42
1093;100
1093;170
1094;4
1094;17
1094;21
1094;76
1094;99
1094;456
1095;8
1095;17
1095;21
1095;67
1095;99
1095;188
1096;8
1096;17
1096;21
1096;63
1096;101
1096;445
1097;8
1097;19
1097;25
1097;75
1097;100
1097;170
1098;8
1098;17
1098;25
1098;50
1098;152
1098;405
1099;8
1099;10
1099;21
1099;50
1099;123
1099;214
1100;8
1100;16
1100;21
1100;77
1100;118
1100;332
1101;8
1101;17
1101;37
1101;44
1101;112
1101;300
1102;8
1102;10
1102;37
1102;50
1102;112
1102;263
1103;7
1103;10
1103;20
1103;42
1103;150
1103;256
1104;4
1104;13
1104;34
1104;63
1104;112
1104;169
1105;9
1105;10
1105;27
1105;42
1105;84
1105;285
1106;5
1106;13
1106;31
1106;63
1106;95
1106;279
1107;4
1107;13
1107;39
1107;42
1107;85
1107;293
1108;4
1108;13
1108;25
1108;42
1108;84
1108;169
1109;4
1109;13
1109;34
1109;42
1109;84
1109;229
1110;4
1110;12
1110;21
1110;42
1110;84
1110;200
1111;4
1111;12
1111;24
1111;41
1111;100
1111;277
1112;6
1112;10
1112;37
1112;75
1112;100
1112;188
1113;8
1113;15
1113;32
1113;50
1113;80
1113;474
1114;7
1114;14
1114;34
1114;67
1114;126
1114;167
1115;6
1115;12
1115;34
1115;43
1115;106
1115;511
1116;7
1116;10
1116;37
1116;75
1116;113
1116;189
1117;8
1117;10
1117;38
1117;42
1117;105
1117;226
1118;9
1118;10
1118;39
1118;42
1118;85
1118;231
1119;5
1119;10
1119;33
1119;42
1119;84
1119;167
1120;5
1120;14
1120;33
1120;42
1120;83
1120;165
1121;5
1121;14
1121;33
1121;67
1121;84
1121;168
1122;5
1122;14
1122;33
1122;66
1122;85
1122;170
1123;5
1123;14
1123;33
1123;42
1123;100
1123;167
1124;5
1124;14
1124;34
1124;42
1124;84
1124;268
1125;5
1125;14
1125;22
1125;42
1125;84
1125;168
1126;5
1126;14
1126;22
1126;42
1126;84
1126;229
1127;5
1127;10
1127;38
1127;67
1127;84
1127;265
1128;5
1128;10
1128;37
1128;56
1128;83
1128;253
1129;5
1129;10
1129;38
1129;42
1129;113
1129;252
1130;5
1130;10
1130;37
1130;42
1130;84
1130;168
1131;5
1131;10
1131;31
1131;76
1131;149
1131;357
1132;5
1132;10
1132;37
1132;75
1132;148
1132;328
1133;5
1133;10
1133;33
1133;42
1133;134
1133;367
1134;5
1134;10
1134;33
1134;56
1134;133
1134;166
1135;9
1135;10
1135;38
1135;40
1135;90
1135;511
1136;6
1136;12
1136;38
1136;63
1136;88
1136;189
1137;6
1137;14
1137;31
1137;42
1137;88
1137;404
1138;6
1138;10
1138;31
1138;42
1138;84
1138;210
1139;4
1139;12
1139;31
1139;63
1139;157
1139;282
1140;7
1140;10
1140;33
1140;63
1140;88
1140;252
1141;4
1141;10
1141;22
1141;45
1141;85
1141;253
1142;3
1142;10
1142;31
1142;42
1142;84
1142;170
1143;3
1143;10
1143;32
1143;42
1143;95
1143;254
1144;3
1144;10
1144;31
1144;42
1144;84
1144;228
1145;3
1145;10
1145;32
1145;42
1145;126
1145;168
1146;3
1146;10
1146;38
1146;75
1146;151
1146;188
1147;3
1147;10
1147;38
1147;45
1147;127
1147;188
1148;3
1148;10
1148;33
1148;67
1148;95
1148;451
1149;3
1149;10
1149;33
1149;56
1149;84
1149;167
1150;3
1150;10
1150;39
1150;40
1150;89
1150;168
1151;3
1151;10
1151;37
1151;63
1151;95
1151;378
1152;3
1152;10
1152;32
1152;63
1152;158
1152;379
1153;7
1153;10
1153;21
1153;42
1153;127
1153;168
1154;4
1154;13
1154;21
1154;42
1154;84
1154;169
1155;4
1155;13
1155;21
1155;42
1155;84
1155;169
1156;4
1156;13
1156;21
1156;59
1156;100
1156;201
1157;4
1157;13
1157;21
1157;42
1157;117
1157;380
1158;4
1158;13
1158;31
1158;42
1158;101
1158;201
1159;4
1159;12
1159;33
1159;42
1159;126
1159;201
1160;4
1160;13
1160;21
1160;42
1160;84
1160;214
1161;4
1161;13
1161;34
1161;42
1161;122
1161;229
1162;4
1162;12
1162;21
1162;42
1162;85
1162;170
1163;4
1163;13
1163;21
1163;50
1163;100
1163;170
1164;8
1164;17
1164;21
1164;63
1164;133
1164;200
1165;8
1165;17
1165;21
1165;79
1165;94
1165;188
1166;8
1166;17
1166;32
1166;50
1166;134
1166;277
1167;8
1167;17
1167;31
1167;50
1167;133
1167;317
1168;8
1168;19
1168;31
1168;75
1168;106
1168;465
1169;8
1169;17
1169;21
1169;50
1169;106
1169;213
1170;8
1170;10
1170;37
1170;44
1170;106
1170;201
1171;8
1171;17
1171;38
1171;63
1171;125
1171;200
1172;9
1172;11
1172;21
1172;42
1172;84
1172;404
1173;5
1173;11
1173;25
1173;42
1173;84
1173;169
1174;9
1174;16
1174;26
1174;42
1174;84
1174;168
1175;6
1175;14
1175;21
1175;42
1175;100
1175;170
1176;4
1176;13
1176;21
1176;42
1176;84
1176;168
1177;4
1177;13
1177;21
1177;41
1177;84
1177;214
1178;4
1178;13
1178;21
1178;50
1178;106
1178;511
1179;4
1179;13
1179;21
1179;42
1179;84
1179;168
1180;4
1180;13
1180;21
1180;50
1180;100
1180;355
1181;9
1181;10
1181;38
1181;41
1181;126
1181;279
1182;5
1182;14
1182;38
1182;75
1182;126
1182;188
1183;5
1183;15
1183;34
1183;67
1183;101
1183;167
1184;5
1184;11
1184;33
1184;67
1184;100
1184;169
1185;6
1185;12
1185;37
1185;76
1185;149
1185;188
1186;7
1186;13
1186;20
1186;44
1186;90
1186;179
1187;7
1187;14
1187;28
1187;40
1187;89
1187;255
1188;6
1188;10
1188;28
1188;42
1188;84
1188;167
1189;5
1189;14
1189;28
1189;42
1189;84
1189;168
1190;5
1190;14
1190;28
1190;42
1190;84
1190;167
1191;5
1191;14
1191;33
1191;57
1191;134
1191;224
1192;5
1192;14
1192;33
1192;67
1192;133
1192;224
1193;5
1193;14
1193;33
1193;56
1193;84
1193;225
1194;5
1194;14
1194;33
1194;45
1194;84
1194;225
1195;5
1195;14
1195;33
1195;45
1195;84
1195;225
1196;5
1196;14
1196;32
1196;45
1196;122
1196;228
1197;5
1197;10
1197;22
1197;56
1197;112
1197;225
1198;5
1198;10
1198;22
1198;57
1198;112
1198;501
1199;5
1199;10
1199;28
1199;45
1199;84
1199;224
1200;5
1200;10
1200;37
1200;76
1200;148
1200;340
1201;5
1201;10
1201;38
1201;56
1201;150
1201;263
1202;5
1202;10
1202;22
1202;56
1202;147
1202;166
1203;5
1203;10
1203;33
1203;66
1203;134
1203;310
1204;5
1204;10
1204;33
1204;66
1204;133
1204;165
1205;6
1205;13
1205;37
1205;63
1205;88
1205;191
1206;6
1206;13
1206;25
1206;63
1206;88
1206;188
1207;7
1207;10
1207;32
1207;42
1207;84
1207;204
1208;9
1208;10
1208;21
1208;40
1208;88
1208;371
1209;6
1209;10
1209;22
1209;43
1209;84
1209;166
1210;5
1210;10
1210;25
1210;45
1210;88
1210;201
1211;6
1211;10
1211;39
1211;43
1211;86
1211;464
1212;3
1212;10
1212;31
1212;42
1212;84
1212;168
1213;3
1213;10
1213;32
1213;42
1213;100
1213;229
1214;3
1214;10
1214;31
1214;42
1214;84
1214;200
1215;3
1215;10
1215;38
1215;63
1215;95
1215;201
1216;3
1216;10
1216;38
1216;45
1216;95
1216;201
1217;3
1217;10
1217;31
1217;43
1217;95
1217;441
1218;3
1218;10
1218;33
1218;42
1218;84
1218;168
1219;6
1219;10
1219;33
1219;42
1219;88
1219;168
1220;6
1220;10
1220;38
1220;75
1220;157
1220;188
1221;6
1221;10
1221;38
1221;63
1221;89
1221;226
1222;9
1222;10
1222;33
1222;64
1222;85
1222;300
1223;5
1223;13
1223;33
1223;67
1223;100
1223;167
1224;4
1224;13
1224;21
1224;42
1224;84
1224;201
1225;4
1225;13
1225;21
1225;59
1225;92
1225;170
1226;4
1226;13
1226;21
1226;59
1226;84
1226;268
1227;4
1227;13
1227;32
1227;59
1227;96
1227;168
1228;4
1228;13
1228;32
1228;59
1228;95
1228;491
1229;4
1229;12
1229;21
1229;42
1229;106
1229;170
1230;4
1230;12
1230;21
1230;42
1230;80
1230;167
1231;4
1231;13
1231;21
1231;42
1231;119
1231;203
1232;4
1232;13
1232;21
1232;75
1232;100
1232;378
1233;8
1233;17
1233;21
1233;63
1233;100
1233;379
1234;8
1234;17
1234;21
1234;63
1234;100
1234;189
1235;8
1235;17
1235;31
1235;63
1235;105
1235;445
1236;8
1236;17
1236;25
1236;50
1236;126
1236;500
1237;8
1237;19
1237;33
1237;42
1237;154
1237;405
1238;8
1238;17
1238;21
1238;67
1238;100
1238;463
1239;8
1239;17
1239;21
1239;63
1239;106
1239;170
1240;8
1240;17
1240;21
1240;62
1240;112
1240;301
1241;8
1241;18
1241;34
1241;40
1241;112
1241;262
1242;7
1242;10
1242;20
1242;50
1242;141
1242;256
1243;4
1243;10
1243;34
1243;63
1243;83
1243;262
1244;9
1244;10
1244;33
1244;63
1244;95
1244;286
1245;5
1245;13
1245;31
1245;63
1245;94
1245;221
1246;4
1246;13
1246;32
1246;75
1246;95
1246;506
1247;4
1247;13
1247;32
1247;63
1247;83
1247;482
1248;4
1248;13
1248;25
1248;42
1248;122
1248;228
1249;4
1249;13
1249;25
1249;50
1249;100
1249;275
1250;4
1250;12
1250;25
1250;40
1250;100
1250;277
1251;6
1251;17
1251;32
1251;67
1251;100
1251;276
1252;8
1252;15
1252;32
1252;79
1252;80
1252;511
1253;7
1253;14
1253;20
1253;63
1253;105
1253;273
1254;6
1254;12
1254;32
1254;43
1254;105
1254;402
1255;7
1255;10
1255;21
1255;79
1255;141
1255;256
1256;7
1256;10
1256;21
1256;42
1256;106
1256;214
1257;9
1257;10
1257;37
1257;75
1257;105
1257;204
1258;5
1258;10
1258;38
1258;66
1258;95
1258;189
1259;4
1259;10
1259;38
1259;42
1259;127
1259;211
1260;5
1260;10
1260;38
1260;42
1260;84
1260;253
1261;5
1261;10
1261;38
1261;75
1261;84
1261;463
1262;5
1262;10
1262;37
1262;75
1262;150
1262;188
1263;5
1263;10
1263;38
1263;75
1263;150
1263;225
1264;5
1264;10
1264;33
1264;45
1264;89
1264;179
1265;5
1265;10
1265;22
1265;45
1265;93
1265;229
1266;5
1266;10
1266;33
1266;44
1266;88
1266;201
1267;5
1267;10
1267;22
1267;45
1267;112
1267;218
1268;5
1268;10
1268;25
1268;50
1268;150
1268;175
1269;5
1269;10
1269;25
1269;45
1269;101
1269;175
1270;5
1270;10
1270;25
1270;75
1270;100
1270;226
1271;5
1271;10
1271;23
1271;45
1271;125
1271;458
1272;5
1272;10
1272;25
1272;50
1272;151
1272;176
1273;5
1273;10
1273;22
1273;45
1273;137
1273;249
1274;5
1274;10
1274;38
1274;76
1274;115
1274;219
1275;6
1275;13
1275;38
1275;75
1275;88
1275;226
1276;6
1276;12
1276;20
1276;42
1276;84
1276;211
1277;6
1277;12
1277;25
1277;42
1277;84
1277;254
1278;6
1278;13
1278;37
1278;43
1278;88
1278;456
1279;7
1279;10
1279;38
1279;75
1279;150
1279;188
1280;6
1280;13
1280;38
1280;45
1280;150
1280;188
1281;6
1281;13
1281;37
1281;45
1281;96
1281;226
1282;6
1282;13
1282;32
1282;45
1282;95
1282;353
1283;6
1283;13
1283;32
1283;45
1283;85
1283;228
1284;6
1284;12
1284;32
1284;45
1284;95
1284;210
1285;6
1285;13
1285;32
1285;63
1285;95
1285;176
1286;6
1286;13
1286;31
1286;63
1286;94
1286;494
1287;6
1287;13
1287;32
1287;63
1287;95
1287;239
1288;6
1288;13
1288;32
1288;76
1288;101
1288;175
1289;6
1289;13
1289;25
1289;75
1289;125
1289;175
1290;6
1290;12
1290;32
1290;75
1290;151
1290;175
1291;6
1291;19
1291;32
1291;45
1291;96
1291;343
1292;7
1292;10
1292;33
1292;67
1292;135
1292;200
1293;8
1293;17
1293;37
1293;59
1293;84
1293;226
1294;8
1294;17
1294;38
1294;59
1294;150
1294;263
1295;8
1295;17
1295;37
1295;59
1295;93
1295;226
1296;8
1296;17
1296;33
1296;59
1296;123
1296;481
1297;8
1297;17
1297;34
1297;67
1297;100
1297;201
1298;8
1298;17
1298;33
1298;67
1298;84
1298;201
1299;8
1299;17
1299;33
1299;67
1299;84
1299;234
1300;8
1300;17
1300;32
1300;78
1300;85
1300;229
1301;8
1301;17
1301;31
1301;42
1301;105
1301;201
1302;8
1302;17
1302;32
1302;79
1302;158
1302;197
1303;8
1303;17
1303;31
1303;67
1303;126
1303;225
1304;8
1304;17
1304;32
1304;79
1304;80
1304;201
1305;8
1305;17
1305;32
1305;63
1305;158
1305;190
1306;8
1306;17
1306;31
1306;63
1306;158
1306;257
1307;8
1307;10
1307;21
1307;56
1307;141
1307;201
1308;4
1308;10
1308;21
1308;56
1308;141
1308;189
1309;8
1309;10
1309;21
1309;64
1309;141
1309;210
1310;8
1310;10
1310;32
1310;63
1310;158
1310;190
1311;9
1311;11
1311;20
1311;40
1311;113
1311;197
1312;5
1312;12
1312;28
1312;63
1312;141
1312;190
1313;8
1313;12
1313;21
1313;40
1313;89
1313;482
1314;6
1314;11
1314;25
1314;50
1314;126
1314;176
1315;8
1315;10
1315;21
1315;43
1315;126
1315;172
1316;8
1316;10
1316;21
1316;50
1316;125
1316;197
1317;8
1317;13
1317;34
1317;75
1317;93
1317;229
1318;8
1318;10
1318;25
1318;50
1318;149
1318;218
1319;8
1319;10
1319;25
1319;50
1319;100
1319;275
1320;9
1320;10
1320;25
1320;75
1320;95
1320;190
1321;5
1321;13
1321;21
1321;75
1321;125
1321;201
1322;8
1322;19
1322;21
1322;43
1322;127
1322;210
1323;8
1323;10
1323;21
1323;42
1323;125
1323;189
1324;8
1324;10
1324;21
1324;42
1324;105
1324;458
1325;8
1325;10
1325;21
1325;42
1325;105
1325;274
1326;9
1326;12
1326;20
1326;43
1326;106
1326;269
1327;5
1327;10
1327;38
1327;56
1327;95
1327;188
1328;5
1328;10
1328;37
1328;42
1328;84
1328;209
1329;5
1329;10
1329;38
1329;42
1329;84
1329;253
1330;5
1330;10
1330;38
1330;42
1330;85
1330;254
1331;5
1331;10
1331;38
1331;75
1331;149
1331;187
1332;5
1332;10
1332;38
1332;75
1332;150
1332;263
1333;5
1333;10
1333;37
1333;45
1333;90
1333;225
1334;5
1334;10
1334;22
1334;45
1334;84
1334;180
1335;5
1335;10
1335;33
1335;45
1335;85
1335;228
1336;5
1336;10
1336;22
1336;45
1336;84
1336;223
1337;5
1337;10
1337;22
1337;50
1337;90
1337;198
1338;5
1338;10
1338;25
1338;50
1338;150
1338;175
1339;5
1339;10
1339;25
1339;75
1339;100
1339;176
1340;5
1340;10
1340;33
1340;56
1340;100
1340;225
1341;5
1341;10
1341;22
1341;56
1341;89
1341;276
1342;5
1342;10
1342;22
1342;56
1342;90
1342;174
1343;5
1343;10
1343;22
1343;67
1343;93
1343;225
1344;6
1344;13
1344;38
1344;75
1344;113
1344;187
1345;6
1345;13
1345;25
1345;42
1345;85
1345;211
1346;9
1346;10
1346;25
1346;42
1346;84
1346;253
1347;6
1347;13
1347;25
1347;42
1347;85
1347;213
1348;9
1348;10
1348;38
1348;75
1348;150
1348;188
1349;6
1349;13
1349;38
1349;75
1349;150
1349;188
1350;6
1350;12
1350;37
1350;45
1350;89
1350;187
1351;6
1351;13
1351;32
1351;45
1351;95
1351;187
1352;6
1352;13
1352;32
1352;78
1352;86
1352;229
1353;6
1353;12
1353;32
1353;45
1353;95
1353;170
1354;6
1354;13
1354;32
1354;63
1354;95
1354;169
1355;6
1355;13
1355;32
1355;63
1355;95
1355;190
1356;6
1356;12
1356;32
1356;63
1356;95
1356;393
1357;7
1357;13
1357;25
1357;50
1357;150
1357;176
1358;6
1358;13
1358;25
1358;50
1358;150
1358;175
1359;6
1359;13
1359;25
1359;75
1359;88
1359;176
1360;6
1360;13
1360;25
1360;50
1360;87
1360;285
1361;9
1361;11
1361;21
1361;40
1361;88
1361;190
1362;5
1362;17
1362;34
1362;67
1362;92
1362;201
1363;8
1363;17
1363;37
1363;76
1363;150
1363;187
1364;8
1364;17
1364;38
1364;59
1364;151
1364;226
1365;8
1365;17
1365;21
1365;59
1365;125
1365;211
1366;8
1366;17
1366;34
1366;67
1366;95
1366;233
1367;8
1367;17
1367;32
1367;67
1367;100
1367;234
1368;8
1368;17
1368;33
1368;67
1368;80
1368;201
1369;8
1369;17
1369;33
1369;42
1369;80
1369;201
1370;8
1370;17
1370;32
1370;42
1370;105
1370;227
1371;8
1371;17
1371;32
1371;42
1371;105
1371;368
1372;8
1372;17
1372;29
1372;79
1372;94
1372;347
1373;8
1373;17
1373;32
1373;79
1373;84
1373;397
1374;8
1374;17
1374;33
1374;67
1374;100
1374;166
1375;8
1375;17
1375;34
1375;79
1375;80
1375;456
1376;9
1376;12
1376;37
1376;74
1376;150
1376;168
1377;6
1377;17
1377;20
1377;40
1377;125
1377;167
1378;6
1378;17
1378;20
1378;41
1378;125
1378;169
1379;6
1379;17
1379;34
1379;42
1379;84
1379;169
1380;4
1380;16
1380;20
1380;43
1380;92
1380;482
1381;7
1381;10
1381;37
1381;76
1381;151
1381;261
1382;4
1382;13
1382;34
1382;67
1382;150
1382;227
1383;8
1383;10
1383;31
1383;42
1383;84
1383;170
1384;5
1384;13
1384;34
1384;67
1384;84
1384;200
1385;9
1385;10
1385;38
1385;40
1385;149
1385;189
1386;5
1386;13
1386;38
1386;75
1386;105
1386;235
1387;9
1387;11
1387;21
1387;42
1387;84
1387;210
1388;5
1388;10
1388;21
1388;42
1388;84
1388;253
1389;9
1389;12
1389;20
1389;47
1389;89
1389;200
1390;6
1390;16
1390;37
1390;75
1390;80
1390;198
1391;8
1391;16
1391;31
1391;42
1391;89
1391;458
1392;6
1392;18
1392;33
1392;67
1392;101
1392;167
1393;8
1393;18
1393;33
1393;67
1393;80
1393;201
1394;7
1394;10
1394;37
1394;75
1394;112
1394;225
1395;4
1395;16
1395;38
1395;42
1395;106
1395;264
1396;8
1396;10
1396;33
1396;42
1396;84
1396;167
1397;5
1397;13
1397;33
1397;42
1397;84
1397;169
1398;4
1398;13
1398;33
1398;67
1398;100
1398;267
1399;4
1399;11
1399;33
1399;75
1399;134
1399;201
1400;7
1400;18
1400;38
1400;57
1400;134
1400;167
1401;5
1401;17
1401;33
1401;42
1401;133
1401;170
1402;8
1402;13
1402;33
1402;42
1402;84
1402;168
1403;6
1403;14
1403;33
1403;42
1403;84
1403;211
1404;7
1404;18
1404;38
1404;67
1404;85
1404;229
1405;6
1405;17
1405;38
1405;66
1405;150
1405;171
1406;4
1406;15
1406;38
1406;67
1406;150
1406;188
1407;8
1407;19
1407;38
1407;66
1407;126
1407;168
1408;5
1408;15
1408;37
1408;75
1408;84
1408;189
1409;9
1409;14
1409;37
1409;75
1409;149
1409;189
1410;9
1410;19
1410;37
1410;75
1410;135
1410;214
1411;8
1411;17
1411;33
1411;66
1411;133
1411;366
1412;6
1412;16
1412;33
1412;67
1412;100
1412;201
1413;6
1413;19
1413;37
1413;40
1413;157
1413;205
1414;8
1414;11
1414;38
1414;63
1414;126
1414;189
1415;4
1415;15
1415;39
1415;42
1415;84
1415;250
1416;8
1416;11
1416;31
1416;63
1416;94
1416;189
1417;9
1417;18
1417;31
1417;49
1417;126
1417;382
1418;6
1418;18
1418;32
1418;42
1418;84
1418;169
1419;7
1419;14
1419;32
1419;42
1419;84
1419;169
1420;4
1420;17
1420;31
1420;50
1420;126
1420;329
1421;7
1421;18
1421;31
1421;50
1421;125
1421;227
1422;6
1422;16
1422;32
1422;42
1422;84
1422;168
1423;5
1423;15
1423;31
1423;42
1423;84
1423;169
1424;7
1424;19
1424;38
1424;75
1424;126
1424;189
1425;6
1425;19
1425;38
1425;42
1425;126
1425;251
1426;9
1426;19
1426;32
1426;64
1426;84
1426;163
1427;6
1427;14
1427;33
1427;56
1427;84
1427;168
1428;8
1428;14
1428;37
1428;76
1428;140
1428;337
1429;5
1429;18
1429;38
1429;63
1429;126
1429;189
1430;6
1430;18
1430;37
1430;42
1430;158
1430;160
1431;8
1431;17
1431;21
1431;42
1431;84
1431;168
1432;9
1432;13
1432;31
1432;42
1432;84
1432;200
1433;7
1433;10
1433;21
1433;51
1433;85
1433;174
1434;7
1434;16
1434;21
1434;51
1434;100
1434;296
1435;9
1435;15
1435;21
1435;42
1435;84
1435;201
1436;9
1436;15
1436;21
1436;42
1436;85
1436;169
1437;8
1437;19
1437;38
1437;42
1437;85
1437;201
1438;7
1438;19
1438;37
1438;51
1438;101
1438;201
1439;9
1439;10
1439;21
1439;75
1439;85
1439;228
1440;3
1440;17
1440;21
1440;42
1440;84
1440;211
1441;6
1441;19
1441;21
1441;42
1441;84
1441;210
1442;8
1442;18
1442;21
1442;42
1442;84
1442;211
1443;8
1443;19
1443;21
1443;42
1443;85
1443;212
1444;6
1444;17
1444;25
1444;50
1444;85
1444;164
1445;6
1445;12
1445;21
1445;42
1445;127
1445;168
1446;8
1446;19
1446;21
1446;42
1446;85
1446;170
1447;5
1447;18
1447;21
1447;42
1447;84
1447;168
1448;5
1448;15
1448;38
1448;40
1448;100
1448;188
1449;4
1449;17
1449;21
1449;50
1449;84
1449;201
1450;6
1450;19
1450;21
1450;42
1450;85
1450;168
1451;9
1451;18
1451;21
1451;42
1451;84
1451;201
1452;4
1452;19
1452;21
1452;42
1452;85
1452;210
1453;9
1453;17
1453;21
1453;41
1453;85
1453;210
1454;4
1454;19
1454;25
1454;42
1454;86
1454;170
1455;4
1455;17
1455;21
1455;42
1455;84
1455;169
1456;8
1456;18
1456;21
1456;42
1456;85
1456;229
1457;3
1457;17
1457;21
1457;42
1457;85
1457;170
1458;6
1458;19
1458;21
1458;50
1458;100
1458;421
1459;5
1459;19
1459;38
1459;75
1459;113
1459;187
1460;6
1460;19
1460;31
1460;42
1460;112
1460;188
1461;5
1461;18
1461;33
1461;67
1461;100
1461;167
1462;6
1462;15
1462;21
1462;63
1462;94
1462;284
1463;6
1463;19
1463;38
1463;75
1463;127
1463;300
1464;7
1464;19
1464;31
1464;42
1464;84
1464;410
1465;9
1465;19
1465;34
1465;41
1465;85
1465;167
1466;3
1466;15
1466;33
1466;67
1466;84
1466;211
1467;8
1467;18
1467;33
1467;42
1467;84
1467;169
1468;9
1468;15
1468;33
1468;42
1468;84
1468;166
1469;6
1469;17
1469;26
1469;57
1469;133
1469;167
1470;5
1470;17
1470;37
1470;67
1470;149
1470;187
1471;5
1471;15
1471;34
1471;42
1471;152
1471;168
1472;6
1472;18
1472;38
1472;67
1472;84
1472;168
1473;5
1473;13
1473;25
1473;67
1473;150
1473;188
1474;8
1474;17
1474;37
1474;67
1474;85
1474;227
1475;6
1475;13
1475;37
1475;67
1475;84
1475;161
1476;9
1476;16
1476;37
1476;75
1476;84
1476;189
1477;5
1477;16
1477;38
1477;75
1477;151
1477;168
1478;7
1478;19
1478;37
1478;76
1478;151
1478;189
1479;7
1479;14
1479;37
1479;76
1479;150
1479;166
1480;8
1480;15
1480;33
1480;66
1480;134
1480;280
1481;7
1481;14
1481;33
1481;66
1481;133
1481;167
1482;6
1482;10
1482;34
1482;67
1482;121
1482;167
1483;4
1483;17
1483;37
1483;75
1483;158
1483;189
1484;5
1484;19
1484;32
1484;63
1484;95
1484;189
1485;4
1485;12
1485;31
1485;42
1485;85
1485;169
1486;9
1486;15
1486;31
1486;42
1486;84
1486;210
1487;7
1487;16
1487;25
1487;42
1487;84
1487;210
1488;8
1488;17
1488;25
1488;42
1488;100
1488;201
1489;5
1489;12
1489;39
1489;43
1489;86
1489;201
1490;7
1490;14
1490;32
1490;42
1490;100
1490;200
1491;9
1491;11
1491;31
1491;43
1491;86
1491;228
1492;4
1492;12
1492;39
1492;42
1492;84
1492;200
1493;6
1493;18
1493;38
1493;63
1493;101
1493;201
1494;4
1494;13
1494;38
1494;75
1494;100
1494;202
1495;6
1495;19
1495;33
1495;66
1495;100
1495;201
1496;4
1496;18
1496;28
1496;56
1496;84
1496;281
1497;4
1497;19
1497;28
1497;56
1497;84
1497;364
1498;6
1498;19
1498;37
1498;63
1498;95
1498;379
1499;5
1499;11
1499;31
1499;63
1499;157
1499;283
1500;9
1500;19
1500;33
1500;63
1500;101
1500;160
1501;4
1501;18
1501;33
1501;67
1501;100
1501;169
1502;8
1502;18
1502;33
1502;67
1502;100
1502;169
1503;4
1503;19
1503;33
1503;67
1503;100
1503;169
1504;7
1504;19
1504;21
1504;43
1504;100
1504;167
1505;5
1505;19
1505;21
1505;50
1505;100
1505;168
1506;5
1506;19
1506;21
1506;50
1506;140
1506;169
1507;7
1507;19
1507;21
1507;42
1507;112
1507;168
1508;6
1508;19
1508;21
1508;51
1508;93
1508;228
1509;8
1509;10
1509;21
1509;42
1509;80
1509;218
1510;8
1510;19
1510;20
1510;73
1510;99
1510;169
1511;7
1511;18
1511;27
1511;53
1511;101
1511;169
1512;7
1512;16
1512;24
1512;50
1512;95
1512;169
1513;6
1513;18
1513;22
1513;56
1513;99
1513;169
1514;5
1514;16
1514;21
1514;51
1514;80
1514;173
1515;5
1515;13
1515;25
1515;49
1515;135
1515;353
1516;5
1516;11
1516;27
1516;42
1516;116
1516;353
1517;4
1517;11
1517;37
1517;75
1517;111
1517;331
1518;6
1518;18
1518;38
1518;75
1518;84
1518;169
1519;9
1519;10
1519;39
1519;42
1519;85
1519;169
1520;4
1520;10
1520;39
1520;42
1520;86
1520;168
1521;7
1521;11
1521;38
1521;42
1521;85
1521;169
1522;3
1522;15
1522;39
1522;42
1522;85
1522;170
1523;9
1523;12
1523;38
1523;43
1523;118
1523;291
1524;7
1524;17
1524;21
1524;42
1524;85
1524;169
1525;3
1525;17
1525;22
1525;42
1525;84
1525;168
1526;6
1526;11
1526;25
1526;42
1526;84
1526;168
1527;4
1527;18
1527;25
1527;43
1527;125
1527;392
1528;5
1528;13
1528;38
1528;75
1528;126
1528;190
1529;5
1529;14
1529;37
1529;56
1529;84
1529;413
1530;6
1530;15
1530;33
1530;67
1530;125
1530;474
1531;7
1531;17
1531;33
1531;67
1531;101
1531;268
1532;7
1532;18
1532;34
1532;69
1532;125
1532;201
1533;8
1533;19
1533;37
1533;75
1533;112
1533;225
1534;9
1534;16
1534;38
1534;42
1534;80
1534;253
1535;6
1535;10
1535;33
1535;42
1535;84
1535;166
1536;5
1536;15
1536;33
1536;42
1536;98
1536;167
1537;5
1537;14
1537;33
1537;56
1537;101
1537;201
1538;5
1538;14
1538;38
1538;67
1538;100
1538;201
1539;5
1539;14
1539;38
1539;66
1539;134
1539;479
1540;5
1540;14
1540;33
1540;67
1540;100
1540;477
1541;5
1541;14
1541;33
1541;67
1541;84
1541;196
1542;5
1542;14
1542;23
1542;67
1542;101
1542;201
1543;5
1543;14
1543;33
1543;67
1543;122
1543;228
1544;5
1544;10
1544;22
1544;45
1544;134
1544;457
1545;5
1545;10
1545;22
1545;56
1545;112
1545;196
1546;5
1546;10
1546;28
1546;56
1546;112
1546;201
1547;5
1547;10
1547;28
1547;45
1547;84
1547;199
1548;5
1548;10
1548;28
1548;75
1548;112
1548;357
1549;5
1549;10
1549;22
1549;74
1549;148
1549;327
1550;5
1550;10
1550;33
1550;67
1550;100
1550;167
1551;5
1551;10
1551;33
1551;66
1551;133
1551;199
1552;5
1552;13
1552;38
1552;75
1552;114
1552;160
1553;6
1553;13
1553;38
1553;63
1553;88
1553;188
1554;9
1554;11
1554;32
1554;42
1554;88
1554;404
1555;5
1555;10
1555;31
1555;41
1555;125
1555;211
1556;9
1556;10
1556;23
1556;40
1556;88
1556;281
1557;6
1557;10
1557;23
1557;45
1557;88
1557;179
1558;7
1558;10
1558;22
1558;45
1558;84
1558;253
1559;3
1559;10
1559;31
1559;42
1559;85
1559;253
1560;3
1560;10
1560;32
1560;42
1560;95
1560;254
1561;3
1561;10
1561;32
1561;42
1561;84
1561;194
1562;3
1562;10
1562;31
1562;42
1562;127
1562;168
1563;3
1563;10
1563;38
1563;75
1563;113
1563;189
1564;3
1564;10
1564;37
1564;75
1564;126
1564;188
1565;3
1565;10
1565;33
1565;56
1565;84
1565;167
1566;3
1566;10
1566;33
1566;42
1566;140
1566;168
1567;3
1567;10
1567;38
1567;75
1567;113
1567;160
1568;3
1568;10
1568;31
1568;50
1568;157
1568;189
1569;4
1569;15
1569;38
1569;40
1569;96
1569;473
1570;6
1570;13
1570;25
1570;42
1570;127
1570;169
1571;4
1571;13
1571;21
1571;42
1571;100
1571;169
1572;4
1572;13
1572;21
1572;42
1572;127
1572;200
1573;4
1573;13
1573;21
1573;59
1573;100
1573;201
1574;4
1574;13
1574;21
1574;42
1574;127
1574;200
1575;4
1575;13
1575;33
1575;42
1575;95
1575;160
1576;4
1576;13
1576;21
1576;42
1576;84
1576;213
1577;4
1577;13
1577;21
1577;42
1577;106
1577;214
1578;4
1578;13
1578;21
1578;77
1578;85
1578;228
1579;4
1579;12
1579;21
1579;50
1579;127
1579;201
1580;4
1580;17
1580;21
1580;75
1580;134
1580;473
1581;8
1581;17
1581;32
1581;63
1581;134
1581;201
1582;8
1582;17
1582;21
1582;50
1582;134
1582;397
1583;8
1583;17
1583;25
1583;50
1583;133
1583;340
1584;8
1584;17
1584;25
1584;63
1584;94
1584;344
1585;8
1585;17
1585;21
1585;50
1585;126
1585;214
1586;8
1586;17
1586;21
1586;63
1586;101
1586;312
1587;8
1587;10
1587;38
1587;44
1587;126
1587;190
1588;8
1588;17
1588;21
1588;42
1588;86
1588;169
1589;8
1589;10
1589;21
1589;42
1589;84
1589;204
1590;5
1590;10
1590;21
1590;42
1590;84
1590;169
1591;9
1591;10
1591;24
1591;42
1591;84
1591;169
1592;5
1592;13
1592;21
1592;42
1592;100
1592;169
1593;4
1593;13
1593;25
1593;42
1593;83
1593;167
1594;4
1594;13
1594;21
1594;42
1594;106
1594;213
1595;4
1595;13
1595;32
1595;42
1595;122
1595;229
1596;4
1596;13
1596;21
1596;42
1596;84
1596;170
1597;4
1597;13
1597;21
1597;40
1597;100
1597;327
1598;6
1598;10
1598;38
1598;40
1598;151
1598;187
1599;5
1599;14
1599;37
1599;75
1599;150
1599;188
1600;5
1600;10
1600;34
1600;67
1600;101
1600;167
1601;6
1601;11
1601;34
1601;66
1601;84
1601;500
1602;6
1602;13
1602;38
1602;75
1602;148
1602;224
1603;7
1603;14
1603;21
1603;42
1603;84
1603;168
1604;9
1604;10
1604;21
1604;43
1604;86
1604;262
1605;5
1605;10
1605;33
1605;42
1605;84
1605;168
1606;5
1606;14
1606;34
1606;42
1606;84
1606;169
1607;5
1607;14
1607;38
1607;67
1607;133
1607;225
1608;5
1608;14
1608;38
1608;67
1608;134
1608;209
1609;5
1609;14
1609;37
1609;67
1609;84
1609;167
1610;5
1610;14
1610;38
1610;67
1610;84
1610;357
1611;5
1611;14
1611;37
1611;45
1611;84
1611;225
1612;5
1612;14
1612;33
1612;67
1612;149
1612;168
1613;5
1613;14
1613;37
1613;45
1613;118
1613;203
1614;5
1614;10
1614;37
1614;56
1614;113
1614;168
1615;5
1615;10
1615;38
1615;66
1615;112
1615;456
1616;5
1616;10
1616;37
1616;45
1616;112
1616;168
1617;5
1617;11
1617;37
1617;45
1617;149
1617;188
1618;5
1618;10
1618;37
1618;57
1618;150
1618;262
1619;5
1619;10
1619;23
1619;56
1619;157
1619;183
1620;5
1620;10
1620;37
1620;67
1620;133
1620;166
1621;5
1621;10
1621;37
1621;66
1621;156
1621;173
1622;6
1622;13
1622;37
1622;63
1622;158
1622;189
1623;6
1623;13
1623;25
1623;63
1623;157
1623;406
1624;7
1624;10
1624;31
1624;42
1624;100
1624;256
1625;7
1625;10
1625;20
1625;50
1625;125
1625;179
1626;7
1626;10
1626;32
1626;42
1626;85
1626;201
1627;4
1627;10
1627;31
1627;45
1627;100
1627;201
1628;3
1628;10
1628;31
1628;42
1628;85
1628;200
1629;3
1629;10
1629;31
1629;42
1629;84
1629;168
1630;3
1630;10
1630;32
1630;42
1630;122
1630;228
1631;3
1631;10
1631;32
1631;50
1631;100
1631;200
1632;3
1632;10
1632;37
1632;40
1632;100
1632;200
1633;3
1633;10
1633;37
1633;50
1633;95
1633;201
1634;3
1634;10
1634;33
1634;50
1634;95
1634;200
1635;6
1635;10
1635;33
1635;56
1635;85
1635;168
1636;6
1636;10
1636;37
1636;50
1636;88
1636;168
1637;6
1637;10
1637;38
1637;45
1637;157
1637;188
1638;6
1638;10
1638;37
1638;45
1638;89
1638;201
1639;6
1639;10
1639;33
1639;43
1639;101
1639;167
1640;5
1640;13
1640;34
1640;67
1640;100
1640;167
1641;4
1641;13
1641;21
1641;59
1641;84
1641;207
1642;4
1642;13
1642;21
1642;59
1642;89
1642;179
1643;4
1643;13
1643;21
1643;59
1643;100
1643;169
1644;4
1644;13
1644;21
1644;59
1644;95
1644;168
1645;4
1645;13
1645;21
1645;79
1645;133
1645;501
1646;4
1646;13
1646;21
1646;79
1646;80
1646;170
1647;4
1647;12
1647;21
1647;42
1647;85
1647;229
1648;4
1648;13
1648;21
1648;50
1648;125
1648;200
1649;4
1649;17
1649;21
1649;50
1649;100
1649;276
1650;8
1650;17
1650;21
1650;50
1650;100
1650;268
1651;8
1651;17
1651;25
1651;50
1651;101
1651;189
1652;8
1652;17
1652;25
1652;50
1652;126
1652;275
1653;8
1653;17
1653;21
1653;62
1653;100
1653;221
1654;8
1654;18
1654;32
1654;62
1654;141
1654;204
1655;8
1655;17
1655;21
1655;75
1655;85
1655;214
1656;8
1656;10
1656;21
1656;40
1656;113
1656;473
1657;8
1657;17
1657;37
1657;63
1657;112
1657;263
1658;8
1658;12
1658;33
1658;40
1658;112
1658;404
1659;6
1659;16
1659;32
1659;75
1659;112
1659;263
1660;4
1660;15
1660;24
1660;46
1660;99
1660;456
1661;6
1661;10
1661;32
1661;40
1661;95
1661;286
1662;4
1662;13
1662;32
1662;67
1662;95
1662;221
1663;4
1663;13
1663;32
1663;54
1663;84
1663;463
1664;4
1664;13
1664;32
1664;50
1664;94
1664;221
1665;4
1665;13
1665;21
1665;78
1665;125
1665;203
1666;4
1666;13
1666;21
1666;50
1666;125
1666;275
1667;9
1667;10
1667;21
1667;40
1667;100
1667;473
1668;5
1668;16
1668;21
1668;79
1668;80
1668;275
1669;7
1669;15
1669;22
1669;43
1669;105
1669;506
1670;7
1670;13
1670;20
1670;42
1670;105
1670;463
1671;6
1671;12
1671;32
1671;42
1671;89
1671;404
1672;6
1672;17
1672;22
1672;40
1672;90
1672;273
1673;6
1673;10
1673;31
1673;79
1673;105
1673;275
1674;4
1674;13
1674;33
1674;66
1674;86
1674;165
1675;4
1675;10
1675;33
1675;67
1675;134
1675;167
1676;9
1676;10
1676;33
1676;57
1676;133
1676;166
1677;9
1677;10
1677;33
1677;67
1677;134
1677;167
1678;9
1678;10
1678;33
1678;66
1678;100
1678;166
1679;9
1679;10
1679;33
1679;67
1679;84
1679;201
1680;9
1680;10
1680;33
1680;66
1680;84
1680;166
1681;9
1681;10
1681;34
1681;67
1681;84
1681;167
1682;9
1682;10
1682;22
1682;45
1682;112
1682;179
1683;6
1683;16
1683;32
1683;45
1683;95
1683;190
1684;6
1684;17
1684;31
1684;63
1684;94
1684;316
1685;4
1685;17
1685;28
1685;45
1685;141
1685;169
1686;8
1686;16
1686;28
1686;56
1686;84
1686;170
1687;9
1687;17
1687;37
1687;75
1687;150
1687;375
1688;9
1688;10
1688;32
1688;66
1688;95
1688;316
1689;9
1689;10
1689;33
1689;66
1689;100
1689;167
1690;9
1690;10
1690;33
1690;67
1690;100
1690;168
1691;9
1691;14
1691;31
1691;63
1691;88
1691;380
1692;9
1692;13
1692;25
1692;63
1692;88
1692;189
1693;6
1693;13
1693;31
1693;63
1693;88
1693;188
1694;2
1694;13
1694;31
1694;50
1694;88
1694;189
1695;8
1695;13
1695;31
1695;50
1695;157
1695;283
1696;8
1696;13
1696;22
1696;45
1696;89
1696;179
1697;4
1697;12
1697;22
1697;45
1697;89
1697;179
1698;5
1698;12
1698;32
1698;45
1698;89
1698;189
1699;8
1699;13
1699;31
1699;63
1699;94
1699;189
1700;7
1700;12
1700;31
1700;45
1700;95
1700;188
1701;9
1701;12
1701;31
1701;45
1701;95
1701;189
1702;9
1702;12
1702;32
1702;63
1702;95
1702;190
1703;0
1703;12
1703;32
1703;63
1703;95
1703;189
1704;8
1704;19
1704;28
1704;56
1704;95
1704;366
1705;9
1705;12
1705;28
1705;56
1705;88
1705;168
1706;6
1706;13
1706;33
1706;75
1706;88
1706;379
1707;2
1707;12
1707;31
1707;50
1707;125
1707;377
1708;9
1708;19
1708;22
1708;58
1708;158
1708;160
1709;8
1709;17
1709;21
1709;59
1709;125
1709;213
1710;8
1710;17
1710;21
1710;59
1710;85
1710;214
1711;8
1711;17
1711;21
1711;59
1711;84
1711;170
1712;8
1712;17
1712;21
1712;59
1712;85
1712;170
1713;8
1713;16
1713;31
1713;59
1713;95
1713;160
1714;8
1714;16
1714;31
1714;42
1714;84
1714;211
1715;8
1715;19
1715;20
1715;42
1715;84
1715;213
1716;8
1716;16
1716;21
1716;42
1716;105
1716;170
1717;8
1717;16
1717;21
1717;42
1717;105
1717;170
1718;8
1718;17
1718;25
1718;42
1718;106
1718;170
1719;8
1719;16
1719;32
1719;63
1719;125
1719;189
1720;8
1720;16
1720;31
1720;79
1720;126
1720;170
1721;8
1721;16
1721;31
1721;79
1721;94
1721;276
1722;8
1722;16
1722;25
1722;50
1722;100
1722;200
1723;8
1723;18
1723;22
1723;50
1723;125
1723;220
1724;8
1724;19
1724;21
1724;63
1724;106
1724;170
1725;8
1725;19
1725;21
1725;63
1725;84
1725;213
1726;8
1726;18
1726;21
1726;63
1726;100
1726;170
1727;8
1727;17
1727;21
1727;62
1727;100
1727;200
1728;8
1728;17
1728;21
1728;50
1728;100
1728;170
1729;8
1729;16
1729;21
1729;63
1729;126
1729;200
1730;8
1730;17
1730;21
1730;63
1730;100
1730;170
1731;8
1731;17
1731;21
1731;63
1731;125
1731;188
1732;8
1732;19
1732;21
1732;50
1732;84
1732;200
1733;8
1733;16
1733;21
1733;42
1733;84
1733;170
1734;8
1734;16
1734;21
1734;42
1734;84
1734;168
1735;8
1735;16
1735;21
1735;50
1735;80
1735;200
1736;8
1736;16
1736;31
1736;50
1736;84
1736;170
1737;8
1737;16
1737;32
1737;79
1737;80
1737;170
1738;8
1738;16
1738;32
1738;79
1738;80
1738;168
1739;8
1739;16
1739;32
1739;79
1739;80
1739;170
1740;8
1740;16
1740;32
1740;63
1740;80
1740;169
1741;8
1741;16
1741;32
1741;79
1741;80
1741;169
1742;8
1742;15
1742;32
1742;42
1742;106
1742;169
1743;7
1743;10
1743;31
1743;42
1743;85
1743;173
1744;2
1744;19
1744;21
1744;63
1744;100
1744;168
1745;9
1745;19
1745;31
1745;63
1745;126
1745;174
1746;5
1746;19
1746;25
1746;62
1746;126
1746;171
1747;5
1747;19
1747;21
1747;63
1747;127
1747;215
1748;5
1748;19
1748;21
1748;63
1748;126
1748;215
1749;5
1749;19
1749;21
1749;62
1749;125
1749;189
1750;5
1750;19
1750;21
1750;63
1750;93
1750;171
1751;5
1751;19
1751;25
1751;63
1751;126
1751;214
1752;0
1752;19
1752;21
1752;63
1752;126
1752;215
1753;5
1753;19
1753;21
1753;63
1753;127
1753;200
1754;5
1754;19
1754;21
1754;63
1754;125
1754;213
1755;2
1755;19
1755;21
1755;63
1755;125
1755;188
1756;2
1756;19
1756;21
1756;63
1756;100
1756;201
1757;2
1757;19
1757;21
1757;63
1757;94
1757;170
1758;5
1758;18
1758;21
1758;62
1758;99
1758;169
1759;5
1759;19
1759;25
1759;63
1759;126
1759;167
1760;0
1760;19
1760;26
1760;63
1760;126
1760;213
1761;0
1761;13
1761;21
1761;63
1761;94
1761;200
1762;0
1762;19
1762;21
1762;62
1762;94
1762;170
1763;5
1763;17
1763;21
1763;63
1763;125
1763;188
1764;4
1764;14
1764;21
1764;59
1764;101
1764;188
1765;9
1765;17
1765;22
1765;55
1765;152
1765;209
1766;0
1766;16
1766;35
1766;59
1766;110
1766;169
