1;9
1;18
1;22
1;42
1;104
1;168
2;5
2;14
2;21
2;44
2;86
2;190
3;6
3;12
3;26
3;43
3;87
3;196
4;7
4;14
4;21
4;41
4;89
4;177
5;6
5;17
5;33
5;40
5;87
5;331
6;8
6;11
6;33
6;49
6;86
6;168
7;6
7;18
7;20
7;68
7;104
7;172
8;7
8;17
8;32
8;55
8;85
8;187
9;6
9;12
9;29
9;42
9;84
9;162
10;6
10;18
10;29
10;63
10;85
10;162
11;7
11;11
11;20
11;55
11;90
11;335
12;7
12;18
12;25
12;41
12;106
12;173
13;8
13;19
13;22
13;45
13;90
13;185
14;9
14;14
14;28
14;46
14;88
14;183
15;6
15;17
15;32
15;51
15;90
15;161
16;6
16;19
16;20
16;47
16;82
16;234
17;7
17;17
17;20
17;41
17;113
17;252
18;9
18;11
18;27
18;44
18;88
18;173
19;6
19;18
19;22
19;40
19;95
19;307
20;7
20;19
20;20
20;42
20;114
20;261
21;8
21;17
21;27
21;43
21;90
21;165
22;7
22;19
22;20
22;41
22;104
22;321
23;7
23;13
23;20
23;58
23;81
23;371
24;8
24;16
24;22
24;43
24;83
24;174
25;9
25;19
25;24
25;42
25;81
25;332
26;9
26;17
26;24
26;46
26;94
26;165
27;7
27;18
27;24
27;52
27;113
27;258
28;7
28;16
28;22
28;41
28;82
28;237
29;8
29;16
29;25
29;45
29;94
29;232
30;7
30;11
30;21
30;60
30;84
30;228
31;6
31;17
31;23
31;62
31;105
31;176
32;6
32;14
32;20
32;41
32;86
32;187
33;8
33;18
33;21
33;66
33;83
33;160
34;7
34;17
34;20
34;50
34;92
34;186
35;7
35;17
35;30
35;40
35;90
35;189
36;8
36;17
36;20
36;48
36;85
36;228
37;7
37;12
37;23
37;41
37;84
37;173
38;7
38;19
38;21
38;41
38;91
38;166
39;9
39;14
39;25
39;40
39;85
39;163
40;7
40;11
40;20
40;42
40;117
40;161
41;9
41;10
41;20
41;42
41;87
41;162
42;6
42;18
42;22
42;44
42;94
42;189
43;7
43;16
43;25
43;46
43;91
43;179
44;7
44;13
44;22
44;42
44;91
44;195
45;7
45;13
45;26
45;44
45;91
45;165
46;7
46;16
46;20
46;64
46;96
46;176
47;7
47;13
47;23
47;40
47;89
47;187
48;6
48;11
48;23
48;65
48;108
48;173
49;9
49;10
49;34
49;41
49;109
49;162
50;6
50;14
50;21
50;41
50;91
50;163
51;9
51;11
51;27
51;42
51;82
51;177
52;7
52;18
52;22
52;42
52;84
52;185
53;7
53;12
53;25
53;40
53;84
53;168
54;7
54;12
54;20
54;43
54;89
54;207
55;7
55;18
55;21
55;56
55;97
55;165
56;8
56;10
56;22
56;40
56;86
56;160
57;6
57;11
57;27
57;41
57;119
57;162
58;8
58;13
58;22
58;43
58;82
58;204
59;9
59;10
59;22
59;55
59;81
59;168
60;6
60;19
60;31
60;56
60;86
60;200
61;7
61;12
61;28
61;56
61;84
61;198
62;9
62;12
62;24
62;56
62;85
62;169
63;6
63;12
63;24
63;56
63;84
63;169
64;9
64;12
64;23
64;56
64;84
64;169
65;0
65;12
65;24
65;56
65;85
65;169
66;8
66;12
66;23
66;47
66;84
66;198
67;8
67;12
67;23
67;47
67;84
67;169
68;1
68;12
68;24
68;48
68;84
68;198
69;9
69;12
69;24
69;47
69;83
69;198
70;9
70;12
70;23
70;56
70;141
70;198
71;7
71;12
71;24
71;56
71;84
71;169
72;8
72;12
72;23
72;57
72;84
72;169
73;9
73;12
73;24
73;71
73;106
73;198
74;1
74;12
74;35
74;71
74;106
74;169
75;8
75;12
75;24
75;71
75;141
75;169
76;9
76;12
76;24
76;56
76;84
76;169
77;8
77;18
77;24
77;71
77;85
77;169
78;8
78;18
78;35
78;56
78;85
78;170
79;8
79;18
79;23
79;52
79;107
79;196
80;8
80;10
80;27
80;53
80;80
80;188
81;5
81;16
81;27
81;54
81;80
81;160
82;9
82;11
82;27
82;53
82;80
82;187
83;9
83;11
83;27
83;53
83;80
83;187
84;9
84;11
84;21
84;53
84;80
84;188
85;9
85;11
85;21
85;53
85;80
85;187
86;9
86;11
86;21
86;53
86;80
86;186
87;9
87;11
87;21
87;53
87;80
87;187
88;9
88;11
88;21
88;53
88;80
88;189
89;9
89;11
89;27
89;53
89;80
89;187
90;9
90;11
90;26
90;53
90;159
90;187
91;9
91;11
91;21
91;53
91;80
91;187
92;9
92;11
92;21
92;53
92;80
92;187
93;9
93;11
93;21
93;53
93;80
93;187
94;9
94;11
94;21
94;53
94;80
94;186
95;9
95;10
95;21
95;53
95;80
95;187
96;9
96;10
96;21
96;53
96;80
96;187
97;9
97;15
97;21
97;53
97;80
97;187
98;8
98;19
98;21
98;53
98;159
98;187
99;9
99;18
99;21
99;42
99;85
99;160
100;9
100;18
100;21
100;42
100;85
100;160
101;9
101;18
101;21
101;42
101;106
101;187
102;9
102;18
102;27
102;42
102;85
102;160
103;9
103;18
103;26
103;64
103;85
103;187
104;9
104;18
104;26
104;64
104;85
104;187
105;9
105;18
105;27
105;42
105;85
105;187
106;9
106;18
106;27
106;42
106;85
106;213
107;9
107;18
107;21
107;42
107;80
107;188
108;9
108;18
108;21
108;53
108;80
108;187
109;9
109;18
109;21
109;54
109;80
109;188
110;9
110;18
110;21
110;57
110;85
110;199
111;9
111;18
111;21
111;53
111;85
111;170
112;9
112;18
112;27
112;63
112;96
112;160
113;9
113;18
113;32
113;63
113;159
113;191
114;8
114;17
114;32
114;63
114;95
114;190
115;9
115;10
115;27
115;63
115;95
115;190
116;9
116;18
116;32
116;53
116;119
116;198
117;9
117;14
117;28
117;56
117;84
117;191
118;9
118;14
118;24
118;56
118;84
118;191
119;9
119;14
119;24
119;56
119;84
119;169
120;9
120;14
120;24
120;47
120;84
120;167
121;9
121;14
121;24
121;47
121;84
121;191
122;9
122;14
122;24
122;47
122;143
122;167
123;9
123;14
123;24
123;47
123;143
123;191
124;9
124;14
124;24
124;47
124;85
124;191
125;9
125;14
125;24
125;47
125;84
125;215
126;9
126;10
126;24
126;47
126;141
126;169
127;9
127;10
127;24
127;47
127;141
127;169
128;9
128;10
128;24
128;47
128;140
128;169
129;9
129;10
129;24
129;56
129;119
129;169
130;9
130;10
130;24
130;48
130;141
130;169
131;9
131;10
131;23
131;47
131;143
131;169
132;9
132;10
132;25
132;50
132;143
132;169
133;9
133;10
133;24
133;52
133;119
133;169
134;9
134;11
134;24
134;48
134;119
134;169
135;9
135;12
135;24
135;54
135;81
135;165
136;7
136;12
136;28
136;56
136;84
136;198
137;9
137;12
137;24
137;56
137;85
137;169
138;9
138;12
138;23
138;56
138;84
138;169
139;6
139;12
139;24
139;56
139;84
139;169
140;8
140;12
140;24
140;56
140;85
140;198
141;1
141;12
141;31
141;47
141;84
141;198
142;9
142;12
142;23
142;47
142;84
142;377
143;8
143;12
143;24
143;48
143;85
143;417
144;9
144;12
144;24
144;47
144;85
144;169
145;5
145;16
145;32
145;63
145;123
145;169
146;1
146;16
146;31
146;47
146;126
146;169
147;3
147;16
147;32
147;47
147;142
147;169
148;3
148;16
148;32
148;48
148;80
148;169
149;3
149;16
149;32
149;48
149;80
149;176
150;2
150;16
150;24
150;71
150;80
150;175
151;9
151;16
151;31
151;56
151;84
151;170
152;8
152;12
152;24
152;71
152;85
152;353
153;8
153;16
153;24
153;56
153;84
153;170
154;9
154;12
154;23
154;52
154;105
154;161
155;8
155;16
155;31
155;47
155;80
155;188
156;9
156;16
156;32
156;79
156;80
156;160
157;9
157;16
157;32
157;53
157;80
157;187
158;9
158;16
158;31
158;53
158;80
158;188
159;9
159;11
159;23
159;53
159;159
159;160
160;9
160;16
160;31
160;53
160;80
160;187
161;9
161;16
161;32
161;53
161;80
161;187
162;9
162;11
162;21
162;53
162;80
162;187
163;9
163;11
163;21
163;53
163;81
163;272
164;9
164;16
164;32
164;53
164;96
164;164
165;9
165;16
165;31
165;53
165;80
165;187
166;9
166;16
166;32
166;53
166;80
166;187
167;9
167;16
167;32
167;53
167;80
167;187
168;9
168;11
168;31
168;53
168;81
168;187
169;9
169;16
169;32
169;48
169;95
169;186
170;9
170;16
170;31
170;53
170;126
170;187
171;9
171;16
171;24
171;53
171;80
171;187
172;9
172;10
172;21
172;53
172;80
172;187
173;9
173;10
173;21
173;53
173;159
173;187
174;9
174;18
174;21
174;42
174;85
174;187
175;9
175;18
175;21
175;42
175;155
175;181
176;9
176;18
176;21
176;42
176;87
176;187
177;9
177;18
177;21
177;42
177;85
177;160
178;9
178;16
178;24
178;79
178;80
178;188
179;9
179;18
179;21
179;64
179;85
179;187
180;9
180;16
180;32
180;47
180;85
180;187
181;9
181;16
181;31
181;42
181;84
181;213
182;9
182;18
182;21
182;63
182;81
182;208
183;9
183;16
183;32
183;53
183;80
183;164
184;9
184;16
184;32
184;53
184;80
184;252
185;9
185;16
185;31
185;47
185;94
185;267
186;9
186;16
186;31
186;63
186;85
186;170
187;9
187;16
187;32
187;63
187;97
187;253
188;9
188;14
188;28
188;63
188;159
188;253
189;8
189;14
189;28
189;63
189;95
189;191
190;8
190;18
190;24
190;63
190;149
190;248
191;9
191;18
191;32
191;63
191;156
191;167
192;9
192;16
192;31
192;47
192;84
192;265
193;9
193;16
193;32
193;56
193;84
193;191
194;9
194;16
194;32
194;56
194;84
194;271
195;9
195;16
195;32
195;47
195;84
195;222
196;9
196;16
196;32
196;47
196;84
196;172
197;9
197;16
197;32
197;48
197;95
197;190
198;9
198;17
198;35
198;71
198;84
198;191
199;9
199;18
199;35
199;70
199;119
199;167
200;9
200;18
200;35
200;47
200;88
200;167
201;8
201;18
201;36
201;53
201;128
201;163
202;9
202;18
202;35
202;53
202;88
202;169
203;9
203;18
203;24
203;47
203;141
203;169
204;9
204;18
204;24
204;47
204;119
204;169
205;9
205;10
205;24
205;47
205;141
205;169
206;9
206;11
206;24
206;47
206;142
206;169
207;9
207;10
207;25
207;50
207;143
207;169
208;9
208;10
208;24
208;47
208;119
208;198
209;9
209;11
209;24
209;48
209;119
209;169
210;9
210;11
210;24
210;43
210;158
210;167
211;9
211;12
211;28
211;56
211;84
211;198
212;6
212;12
212;24
212;56
212;84
212;169
213;9
213;12
213;23
213;56
213;158
213;169
214;8
214;12
214;23
214;56
214;84
214;169
215;9
215;12
215;21
215;44
215;129
215;170
216;9
216;15
216;30
216;47
216;84
216;198
217;9
217;16
217;32
217;48
217;84
217;160
218;9
218;12
218;24
218;47
218;84
218;198
219;1
219;12
219;24
219;47
219;84
219;320
220;0
220;16
220;32
220;47
220;95
220;189
221;5
221;12
221;24
221;56
221;84
221;169
222;0
222;12
222;32
222;47
222;84
222;198
223;9
223;16
223;31
223;71
223;106
223;198
224;8
224;12
224;35
224;71
224;106
224;370
225;8
225;16
225;24
225;71
225;158
225;170
226;9
226;12
226;24
226;56
226;84
226;169
227;8
227;16
227;32
227;47
227;142
227;169
228;8
228;12
228;24
228;56
228;84
228;170
229;5
229;16
229;32
229;48
229;80
229;189
230;8
230;16
230;27
230;63
230;157
230;188
231;8
231;16
231;27
231;47
231;80
231;160
232;9
232;10
232;27
232;53
232;80
232;187
233;9
233;11
233;27
233;53
233;80
233;187
234;9
234;16
234;32
234;53
234;159
234;160
235;9
235;16
235;31
235;53
235;142
235;187
236;9
236;16
236;32
236;53
236;80
236;188
237;9
237;11
237;21
237;53
237;80
237;411
238;9
238;11
238;21
238;53
238;128
238;356
239;9
239;16
239;32
239;53
239;95
239;164
240;9
240;16
240;31
240;53
240;80
240;187
241;9
241;16
241;32
241;53
241;80
241;187
242;9
242;11
242;24
242;53
242;80
242;187
243;9
243;11
243;33
243;53
243;80
243;263
244;9
244;16
244;31
244;47
244;94
244;187
245;9
245;16
245;32
245;53
245;80
245;187
246;9
246;16
246;24
246;53
246;143
246;187
247;9
247;11
247;24
247;53
247;80
247;187
248;9
248;19
248;21
248;53
248;159
248;187
249;9
249;18
249;21
249;42
249;85
249;160
250;9
250;18
250;21
250;42
250;85
250;187
251;9
251;18
251;21
251;43
251;106
251;160
252;9
252;18
252;21
252;42
252;85
252;160
253;9
253;16
253;31
253;47
253;124
253;160
254;9
254;16
254;32
254;47
254;159
254;160
255;9
255;18
255;24
255;42
255;85
255;354
256;9
256;18
256;24
256;42
256;84
256;364
257;9
257;16
257;32
257;42
257;81
257;208
258;9
258;16
258;32
258;47
258;158
258;164
259;9
259;18
259;21
259;53
259;80
259;273
260;9
260;18
260;24
260;57
260;85
260;442
261;9
261;18
261;21
261;56
261;85
261;170
262;9
262;18
262;21
262;63
262;95
262;279
263;9
263;14
263;28
263;63
263;159
263;252
264;8
264;15
264;29
264;63
264;95
264;190
265;8
265;18
265;24
265;63
265;95
265;190
266;9
266;17
266;32
266;63
266;120
266;190
267;9
267;16
267;31
267;47
267;84
267;266
268;9
268;16
268;32
268;47
268;84
268;270
269;9
269;16
269;31
269;47
269;84
269;266
270;9
270;16
270;24
270;47
270;84
270;252
271;9
271;16
271;24
271;47
271;84
271;261
272;9
272;16
272;32
272;48
272;95
272;191
273;9
273;17
273;34
273;71
273;81
273;191
274;9
274;18
274;36
274;71
274;85
274;167
275;9
275;18
275;35
275;71
275;88
275;215
276;9
276;18
276;35
276;53
276;127
276;208
277;9
277;18
277;35
277;53
277;88
277;169
278;9
278;18
278;35
278;47
278;141
278;169
279;9
279;10
279;24
279;47
279;119
279;169
280;9
280;10
280;24
280;47
280;141
280;169
281;9
281;16
281;31
281;47
281;93
281;169
282;9
282;18
282;35
282;53
282;143
282;169
283;9
283;18
283;35
283;71
283;124
283;169
284;8
284;10
284;24
284;48
284;119
284;169
285;9
285;11
285;24
285;43
285;148
285;165
286;5
286;12
286;28
286;62
286;81
286;198
287;8
287;12
287;23
287;56
287;84
287;169
288;1
288;18
288;35
288;56
288;88
288;169
289;9
289;12
289;35
289;56
289;84
289;169
290;8
290;12
290;36
290;54
290;107
290;198
291;3
291;12
291;35
291;53
291;88
291;198
292;0
292;18
292;36
292;54
292;90
292;169
293;7
293;12
293;24
293;48
293;124
293;198
294;1
294;12
294;23
294;47
294;101
294;169
295;9
295;12
295;21
295;43
295;85
295;169
296;2
296;12
296;21
296;41
296;83
296;169
297;9
297;18
297;35
297;57
297;123
297;169
298;0
298;18
298;36
298;71
298;106
298;198
299;0
299;18
299;36
299;71
299;106
299;282
300;9
300;18
300;24
300;53
300;89
300;169
301;9
301;18
301;36
301;54
301;90
301;169
302;8
302;18
302;35
302;53
302;106
302;169
303;8
303;18
303;36
303;56
303;109
303;170
304;8
304;12
304;23
304;52
304;107
304;160
305;8
305;15
305;31
305;54
305;80
305;188
306;9
306;16
306;32
306;53
306;80
306;160
307;9
307;16
307;32
307;53
307;80
307;160
308;9
308;16
308;31
308;53
308;80
308;187
309;9
309;16
309;31
309;53
309;80
309;160
310;9
310;16
310;32
310;53
310;80
310;187
311;9
311;16
311;31
311;53
311;80
311;188
312;9
312;16
312;32
312;47
312;94
312;187
313;9
313;16
313;32
313;53
313;80
313;214
314;9
314;16
314;32
314;53
314;95
314;163
315;9
315;17
315;35
315;53
315;80
315;187
316;9
316;11
316;24
316;53
316;80
316;187
317;9
317;11
317;24
317;53
317;80
317;378
318;9
318;11
318;35
318;42
318;80
318;187
319;9
319;18
319;35
319;53
319;88
319;186
320;9
320;18
320;36
320;54
320;126
320;187
321;9
321;17
321;35
321;53
321;88
321;187
322;9
322;18
322;35
322;53
322;87
322;187
323;8
323;18
323;20
323;41
323;82
323;187
324;9
324;18
324;21
324;42
324;128
324;160
325;9
325;18
325;21
325;42
325;85
325;359
326;9
326;18
326;21
326;42
326;85
326;341
327;9
327;18
327;21
327;42
327;85
327;160
328;9
328;18
328;36
328;53
328;107
328;187
329;9
329;17
329;34
329;64
329;85
329;378
330;9
330;17
330;35
330;52
330;106
330;291
331;9
331;18
331;36
331;42
331;85
331;213
332;9
332;18
332;36
332;54
332;81
332;207
333;9
333;18
333;35
333;71
333;80
333;164
334;9
334;18
334;36
334;53
334;80
334;287
335;9
335;18
335;36
335;54
335;90
335;199
336;9
336;17
336;35
336;42
336;86
336;170
337;9
337;15
337;24
337;63
337;94
337;175
338;9
338;16
338;32
338;48
338;159
338;175
339;9
339;17
339;32
339;63
339;95
339;168
340;9
340;10
340;24
340;63
340;95
340;417
341;9
341;18
341;32
341;42
341;121
341;194
342;9
342;16
342;32
342;48
342;84
342;191
343;9
343;16
343;24
343;56
343;84
343;191
344;9
344;16
344;31
344;47
344;84
344;186
345;9
345;16
345;32
345;63
345;84
345;188
346;9
346;16
346;31
346;47
346;84
346;167
347;9
347;16
347;32
347;48
347;143
347;224
348;9
348;16
348;32
348;47
348;143
348;269
349;9
349;16
349;32
349;47
349;85
349;269
350;9
350;16
350;31
350;47
350;80
350;222
351;9
351;16
351;33
351;47
351;124
351;163
352;9
352;16
352;32
352;47
352;80
352;169
353;9
353;18
353;36
353;47
353;119
353;169
354;9
354;10
354;24
354;47
354;119
354;424
355;9
355;10
355;24
355;47
355;141
355;169
356;9
356;18
356;24
356;53
356;89
356;169
357;9
357;18
357;35
357;53
357;88
357;169
358;9
358;18
358;36
358;53
358;89
358;198
359;9
359;18
359;24
359;48
359;143
359;370
360;9
360;11
360;24
360;48
360;81
360;379
361;9
361;12
361;28
361;42
361;149
361;198
362;9
362;12
362;24
362;56
362;84
362;169
363;9
363;18
363;35
363;56
363;107
363;169
364;7
364;18
364;35
364;56
364;84
364;169
365;8
365;12
365;24
365;46
365;85
365;166
366;9
366;12
366;35
366;48
366;88
366;198
367;2
367;12
367;36
367;48
367;84
367;162
368;6
368;12
368;24
368;48
368;84
368;169
369;0
369;12
369;24
369;47
369;128
369;169
370;9
370;12
370;36
370;54
370;89
370;165
371;6
371;12
371;35
371;53
371;88
371;169
372;4
372;12
372;24
372;57
372;84
372;169
373;2
373;12
373;35
373;71
373;106
373;340
374;0
374;12
374;35
374;71
374;106
374;318
375;9
375;12
375;24
375;71
375;142
375;169
376;9
376;12
376;24
376;56
376;84
376;170
377;8
377;16
377;32
377;48
377;142
377;169
378;8
378;16
378;24
378;56
378;84
378;170
379;8
379;11
379;23
379;53
379;99
379;386
380;8
380;16
380;31
380;78
380;80
380;188
381;5
381;16
381;32
381;79
381;80
381;160
382;9
382;16
382;32
382;53
382;80
382;187
383;9
383;16
383;32
383;53
383;96
383;187
384;9
384;16
384;32
384;53
384;80
384;160
385;9
385;16
385;31
385;53
385;80
385;187
386;9
386;16
386;32
386;53
386;80
386;208
387;9
387;16
387;31
387;53
387;80
387;220
388;9
388;16
388;31
388;53
388;126
388;214
389;9
389;10
389;31
389;53
389;125
389;164
390;9
390;17
390;35
390;53
390;80
390;187
391;9
391;11
391;35
391;53
391;80
391;187
392;9
392;11
392;24
392;53
392;80
392;351
393;9
393;11
393;21
393;53
393;80
393;348
394;9
394;11
394;31
394;47
394;94
394;186
395;9
395;18
395;36
395;53
395;90
395;187
396;9
396;10
396;24
396;53
396;80
396;187
397;9
397;11
397;25
397;53
397;109
397;484
398;8
398;14
398;21
398;53
398;158
398;187
399;9
399;18
399;26
399;42
399;85
399;160
400;9
400;18
400;21
400;42
400;85
400;160
401;9
401;18
401;21
401;42
401;106
401;187
402;9
402;18
402;21
402;42
402;159
402;368
403;9
403;18
403;24
403;42
403;95
403;187
404;9
404;18
404;21
404;64
404;85
404;187
405;9
405;18
405;24
405;42
405;85
405;187
406;9
406;18
406;24
406;63
406;159
406;188
407;9
407;18
407;21
407;63
407;81
407;207
408;9
408;18
408;21
408;53
408;80
408;164
409;9
409;18
409;21
409;53
409;80
409;160
410;9
410;18
410;24
410;56
410;85
410;199
411;9
411;18
411;21
411;57
411;85
411;170
412;9
412;16
412;32
412;48
412;158
412;160
413;9
413;16
413;32
413;63
413;159
413;191
414;8
414;16
414;32
414;63
414;95
414;268
415;8
415;16
415;31
415;63
415;95
415;202
416;9
416;16
416;31
416;42
416;144
416;173
417;9
417;10
417;24
417;56
417;84
417;368
418;9
418;10
418;24
418;56
418;84
418;279
419;9
419;18
419;24
419;56
419;84
419;191
420;9
420;10
420;24
420;56
420;84
420;191
421;9
421;10
421;24
421;47
421;84
421;167
422;9
422;10
422;24
422;47
422;143
422;166
423;9
423;10
423;24
423;47
423;143
423;166
424;9
424;18
424;24
424;47
424;85
424;167
425;9
425;10
425;24
425;47
425;84
425;193
426;9
426;19
426;24
426;47
426;124
426;208
427;9
427;10
427;24
427;47
427;126
427;169
428;9
428;18
428;24
428;47
428;97
428;169
429;9
429;18
429;24
429;47
429;119
429;169
430;9
430;19
430;24
430;47
430;113
430;197
431;8
431;17
431;28
431;56
431;85
431;169
432;9
432;10
432;25
432;50
432;143
432;343
433;9
433;10
433;26
433;53
433;80
433;185
434;9
434;11
434;24
434;71
434;159
434;170
435;9
435;10
435;27
435;56
435;139
435;167
436;9
436;18
436;28
436;56
436;84
436;168
437;5
437;18
437;24
437;56
437;142
437;170
438;7
438;18
438;27
438;53
438;105
438;169
439;5
439;18
439;27
439;53
439;80
439;169
440;7
440;12
440;28
440;56
440;112
440;169
441;1
441;12
441;28
441;56
441;119
441;197
442;2
442;12
442;27
442;55
442;83
442;162
443;2
443;12
443;26
443;53
443;132
443;160
444;4
444;12
444;27
444;53
444;133
444;160
445;0
445;12
445;28
445;57
445;85
445;169
446;7
446;12
446;28
446;56
446;84
446;169
447;5
447;12
447;36
447;57
447;84
447;198
448;0
448;12
448;35
448;71
448;106
448;198
449;7
449;12
449;35
449;71
449;106
449;169
450;3
450;12
450;28
450;56
450;84
450;166
451;8
451;18
451;29
451;57
451;86
451;200
452;8
452;12
452;28
452;56
452;140
452;169
453;8
453;18
453;24
453;56
453;85
453;170
454;8
454;17
454;26
454;52
454;80
454;187
455;8
455;10
455;27
455;53
455;106
455;160
456;8
456;10
456;27
456;53
456;106
456;160
457;6
457;11
457;26
457;52
457;105
457;188
458;9
458;11
458;27
458;54
458;107
458;187
459;9
459;18
459;27
459;53
459;107
459;160
460;9
460;11
460;27
460;53
460;80
460;213
461;9
461;11
461;35
461;53
461;80
461;187
462;9
462;11
462;27
462;53
462;80
462;160
463;9
463;11
463;26
463;53
463;81
463;214
464;9
464;10
464;24
464;53
464;80
464;164
465;9
465;11
465;26
465;53
465;80
465;187
466;9
466;10
466;20
466;41
466;83
466;187
467;9
467;10
467;21
467;42
467;127
467;187
468;9
468;11
468;21
468;42
468;127
468;187
469;9
469;11
469;21
469;42
469;84
469;186
470;9
470;19
470;21
470;42
470;125
470;187
471;9
471;10
471;21
471;42
471;80
471;423
472;9
472;18
472;21
472;53
472;80
472;351
473;9
473;17
473;27
473;53
473;159
473;160
474;9
474;18
474;26
474;53
474;106
474;160
475;9
475;18
475;27
475;53
475;133
475;161
476;9
476;18
476;26
476;53
476;80
476;403
477;9
477;18
477;27
477;53
477;80
477;187
478;9
478;18
478;21
478;42
478;80
478;231
479;9
479;18
479;21
479;43
479;84
479;188
480;9
480;18
480;21
480;42
480;84
480;167
481;9
481;18
481;21
481;42
481;126
481;169
482;9
482;18
482;21
482;48
482;98
482;207
483;9
483;18
483;27
483;53
483;80
483;164
484;9
484;18
484;26
484;54
484;80
484;207
485;9
485;10
485;26
485;42
485;80
485;199
486;9
486;10
486;27
486;53
486;85
486;269
487;9
487;19
487;21
487;42
487;95
487;209
488;9
488;18
488;21
488;42
488;84
488;191
489;9
489;19
489;21
489;42
489;95
489;333
490;9
490;18
490;24
490;63
490;95
490;278
491;9
491;17
491;27
491;52
491;132
491;262
492;9
492;19
492;28
492;53
492;80
492;191
493;9
493;19
493;27
493;53
493;80
493;160
494;9
494;19
494;26
494;53
494;80
494;212
495;9
495;19
495;27
495;53
495;80
495;214
496;9
496;19
496;24
496;56
496;84
496;214
497;9
497;19
497;24
497;47
497;119
497;236
498;9
498;19
498;24
498;48
498;84
498;191
499;9
499;19
499;24
499;47
499;85
499;191
500;9
500;19
500;24
500;47
500;85
500;215
501;9
501;19
501;28
501;47
501;123
501;164
502;9
502;19
502;24
502;56
502;128
502;174
503;9
503;19
503;24
503;56
503;89
503;194
504;9
504;19
504;24
504;56
504;119
504;202
505;9
505;19
505;24
505;71
505;84
505;169
506;9
506;19
506;28
506;57
506;113
506;197
507;9
507;10
507;28
507;47
507;143
507;170
508;9
508;11
508;27
508;47
508;84
508;210
509;9
509;19
509;27
509;53
509;80
509;266
510;9
510;10
510;28
510;55
510;82
510;165
511;9
511;18
511;28
511;56
511;85
511;169
512;9
512;18
512;28
512;56
512;84
512;169
513;9
513;18
513;27
513;53
513;133
513;160
514;9
514;18
514;26
514;53
514;106
514;169
515;8
515;18
515;28
515;56
515;84
515;170
516;8
516;12
516;28
516;56
516;84
516;280
517;7
517;12
517;27
517;54
517;80
517;162
518;6
518;12
518;27
518;53
518;159
518;160
519;7
519;12
519;27
519;47
519;159
519;160
520;7
520;12
520;28
520;57
520;85
520;170
521;8
521;12
521;28
521;56
521;84
521;169
522;6
522;12
522;35
522;57
522;103
522;169
523;6
523;12
523;35
523;71
523;106
523;405
524;7
524;12
524;35
524;71
524;106
524;318
525;9
525;12
525;28
525;57
525;112
525;169
526;9
526;12
526;28
526;56
526;84
526;170
527;8
527;12
527;26
527;53
527;80
527;169
528;8
528;18
528;27
528;53
528;80
528;213
529;9
529;17
529;27
529;54
529;80
529;160
530;9
530;10
530;35
530;53
530;106
530;211
531;9
531;11
531;35
531;53
531;80
531;161
532;9
532;11
532;26
532;53
532;158
532;210
533;9
533;11
533;26
533;53
533;80
533;187
534;9
534;11
534;27
534;54
534;80
534;188
535;9
535;11
535;27
535;53
535;80
535;213
536;9
536;11
536;35
536;53
536;80
536;187
537;9
537;11
537;24
537;53
537;80
537;187
538;9
538;11
538;35
538;53
538;127
538;213
539;9
539;11
539;24
539;53
539;109
539;163
540;9
540;11
540;26
540;53
540;80
540;187
541;9
541;10
541;24
541;53
541;80
541;198
542;9
542;11
542;24
542;53
542;80
542;202
543;9
543;10
543;20
543;42
543;80
543;207
544;9
544;11
544;20
544;53
544;80
544;186
545;9
545;10
545;21
545;53
545;80
545;266
546;9
546;10
546;21
546;42
546;84
546;188
547;9
547;11
547;21
547;42
547;83
547;186
548;9
548;10
548;25
548;52
548;80
548;187
549;9
549;18
549;27
549;42
549;80
549;212
550;8
550;18
550;27
550;42
550;107
550;160
551;9
551;18
551;27
551;53
551;80
551;161
552;9
552;18
552;24
552;53
552;106
552;160
553;9
553;18
553;21
553;42
553;126
553;189
554;9
554;17
554;21
554;42
554;83
554;208
555;9
555;18
555;22
555;43
555;86
555;195
556;9
556;18
556;21
556;43
556;85
556;169
557;9
557;18
557;26
557;54
557;80
557;161
558;9
558;18
558;27
558;53
558;80
558;164
559;9
559;18
559;26
559;53
559;80
559;214
560;9
560;10
560;27
560;53
560;107
560;294
561;9
561;10
561;24
561;53
561;85
561;170
562;9
562;18
562;21
562;42
562;85
562;168
563;9
563;10
563;21
563;42
563;85
563;191
564;9
564;19
564;21
564;41
564;127
564;347
565;9
565;18
565;24
565;63
565;95
565;342
566;9
566;18
566;32
566;53
566;89
566;504
567;9
567;19
567;24
567;47
567;118
567;167
568;9
568;19
568;28
568;54
568;81
568;191
569;9
569;19
569;24
569;47
569;95
569;169
570;9
570;19
570;24
570;47
570;95
570;167
571;9
571;18
571;24
571;47
571;119
571;166
572;9
572;19
572;24
572;47
572;143
572;215
573;9
573;19
573;23
573;47
573;119
573;234
574;8
574;19
574;21
574;42
574;85
574;211
575;9
575;19
575;21
575;42
575;125
575;168
576;9
576;19
576;21
576;42
576;83
576;208
577;9
577;19
577;20
577;42
577;141
577;164
578;9
578;19
578;23
578;47
578;116
578;169
579;9
579;19
579;24
579;48
579;119
579;169
580;9
580;19
580;24
580;48
580;141
580;169
581;8
581;18
581;35
581;53
581;88
581;169
582;9
582;18
582;36
582;54
582;89
582;215
583;9
583;18
583;35
583;53
583;88
583;212
584;9
584;18
584;36
584;72
584;119
584;218
585;9
585;18
585;28
585;41
585;101
585;172
586;9
586;18
586;28
586;63
586;119
586;198
587;9
587;18
587;28
587;56
587;89
587;169
588;8
588;18
588;28
588;47
588;93
588;169
589;9
589;18
589;23
589;47
589;111
589;169
590;7
590;12
590;22
590;43
590;84
590;168
591;7
591;12
591;28
591;42
591;85
591;169
592;9
592;12
592;24
592;48
592;84
592;169
593;7
593;12
593;24
593;71
593;119
593;238
594;7
594;12
594;24
594;47
594;85
594;169
595;2
595;18
595;37
595;55
595;95
595;165
596;7
596;12
596;35
596;53
596;88
596;169
597;7
597;12
597;35
597;53
597;88
597;169
598;7
598;18
598;35
598;71
598;106
598;198
599;1
599;18
599;35
599;71
599;106
599;169
600;0
600;18
600;24
600;53
600;140
600;169
601;9
601;18
601;36
601;53
601;89
601;169
602;8
602;18
602;35
602;53
602;89
602;169
603;8
603;18
603;35
603;56
603;124
603;170
604;7
604;19
604;20
604;42
604;107
604;170
605;8
605;11
605;35
605;53
605;80
605;160
606;8
606;10
606;35
606;53
606;133
606;160
607;7
607;10
607;24
607;53
607;105
607;160
608;8
608;11
608;21
608;53
608;107
608;160
609;9
609;18
609;36
609;54
609;106
609;187
610;9
610;18
610;35
610;53
610;106
610;187
611;8
611;18
611;35
611;53
611;88
611;187
612;7
612;18
612;35
612;53
612;124
612;212
613;9
613;18
613;37
613;53
613;128
613;207
614;9
614;10
614;27
614;53
614;80
614;164
615;9
615;11
615;26
615;53
615;106
615;187
616;9
616;11
616;24
616;48
616;80
616;187
617;9
617;11
617;24
617;53
617;80
617;187
618;9
618;10
618;35
618;52
618;80
618;173
619;9
619;18
619;35
619;53
619;88
619;160
620;9
620;18
620;36
620;54
620;90
620;215
621;9
621;18
621;35
621;53
621;124
621;187
622;8
622;18
622;21
622;53
622;80
622;187
623;9
623;17
623;26
623;42
623;106
623;282
624;9
624;18
624;27
624;42
624;126
624;160
625;9
625;18
625;24
625;47
625;95
625;214
626;9
626;18
626;24
626;47
626;107
626;213
627;9
627;18
627;23
627;53
627;107
627;178
628;9
628;18
628;21
628;42
628;147
628;168
629;9
629;18
629;36
629;53
629;108
629;160
630;9
630;18
630;24
630;47
630;106
630;238
631;9
631;18
631;24
631;53
631;106
631;160
632;9
632;18
632;36
632;52
632;81
632;207
633;9
633;18
633;36
633;54
633;89
633;164
634;9
634;18
634;35
634;53
634;88
634;213
635;9
635;18
635;36
635;42
635;127
635;199
636;9
636;18
636;36
636;54
636;144
636;170
637;9
637;18
637;36
637;53
637;159
637;160
638;9
638;18
638;35
638;53
638;88
638;191
639;8
639;18
639;36
639;54
639;90
639;162
640;9
640;18
640;35
640;53
640;89
640;212
641;9
641;18
641;36
641;54
641;126
641;216
642;9
642;19
642;28
642;43
642;119
642;164
643;9
643;19
643;24
643;48
643;119
643;166
644;9
644;19
644;24
644;47
644;118
644;239
645;9
645;19
645;28
645;56
645;84
645;167
646;9
646;19
646;23
646;47
646;95
646;196
647;9
647;18
647;35
647;53
647;88
647;228
648;9
648;18
648;36
648;53
648;89
648;214
649;9
649;18
649;36
649;53
649;89
649;213
650;9
650;18
650;35
650;47
650;85
650;215
651;9
651;19
651;28
651;47
651;124
651;207
652;8
652;19
652;28
652;56
652;150
652;174
653;7
653;19
653;24
653;56
653;84
653;194
654;8
654;19
654;24
654;47
654;119
654;169
655;7
655;19
655;28
655;48
655;95
655;169
656;9
656;18
656;28
656;47
656;142
656;197
657;9
657;10
657;28
657;50
657;143
657;191
658;9
658;10
658;27
658;48
658;80
658;209
659;9
659;11
659;27
659;53
659;80
659;267
660;9
660;10
660;28
660;56
660;84
660;225
661;8
661;18
661;28
661;56
661;84
661;198
662;9
662;17
662;27
662;55
662;85
662;198
663;7
663;18
663;24
663;53
663;133
663;160
664;9
664;12
664;26
664;51
664;119
664;169
665;8
665;12
665;28
665;57
665;85
665;170
666;3
666;12
666;28
666;57
666;85
666;284
667;1
667;18
667;27
667;54
667;135
667;164
668;9
668;12
668;26
668;53
668;159
668;160
669;2
669;12
669;26
669;53
669;159
669;212
670;6
670;18
670;23
670;57
670;85
670;170
671;1
671;18
671;29
671;57
671;85
671;169
672;5
672;18
672;35
672;47
672;107
672;169
673;6
673;18
673;24
673;71
673;106
673;384
674;5
674;18
674;35
674;71
674;106
674;317
675;5
675;18
675;28
675;57
675;112
675;169
676;3
676;18
676;28
676;57
676;85
676;169
677;8
677;18
677;27
677;53
677;80
677;169
678;8
678;18
678;26
678;53
678;80
678;212
679;9
679;18
679;27
679;53
679;81
679;188
680;9
680;16
680;36
680;53
680;80
680;213
681;9
681;11
681;35
681;54
681;80
681;215
682;9
682;11
682;26
682;53
682;80
682;211
683;9
683;11
683;26
683;53
683;106
683;212
684;9
684;11
684;26
684;53
684;80
684;187
685;9
685;11
685;26
685;53
685;80
685;291
686;9
686;11
686;27
686;53
686;80
686;187
687;9
687;11
687;24
687;53
687;80
687;187
688;6
688;11
688;26
688;53
688;81
688;214
689;9
689;11
689;24
689;53
689;95
689;164
690;9
690;11
690;31
690;53
690;80
690;187
691;9
691;11
691;24
691;53
691;80
691;188
692;9
692;11
692;20
692;42
692;80
692;160
693;9
693;11
693;21
693;42
693;80
693;213
694;9
694;10
694;20
694;53
694;80
694;203
695;9
695;16
695;20
695;53
695;80
695;212
696;7
696;15
696;21
696;42
696;84
696;187
697;7
697;15
697;21
697;42
697;147
697;167
698;9
698;17
698;26
698;53
698;81
698;187
699;9
699;18
699;27
699;53
699;80
699;212
700;8
700;18
700;27
700;54
700;159
700;162
701;9
701;18
701;27
701;53
701;159
701;160
702;9
702;18
702;26
702;53
702;153
702;160
703;9
703;18
703;21
703;42
703;84
703;188
704;9
704;10
704;21
704;42
704;85
704;274
705;9
705;18
705;21
705;42
705;85
705;233
706;9
706;18
706;21
706;42
706;85
706;190
707;9
707;18
707;26
707;54
707;80
707;185
708;9
708;18
708;27
708;53
708;80
708;164
709;9
709;18
709;26
709;54
709;80
709;214
710;9
710;18
710;26
710;56
710;142
710;199
711;9
711;18
711;27
711;56
711;85
711;170
712;9
712;17
712;21
712;43
712;85
712;169
713;9
713;14
713;21
713;63
713;84
713;191
714;9
714;19
714;21
714;42
714;95
714;384
715;9
715;13
715;24
715;63
715;95
715;444
716;9
716;13
716;24
716;46
716;113
716;450
717;9
717;19
717;28
717;48
717;97
717;167
718;9
718;19
718;28
718;54
718;81
718;169
719;9
719;19
719;28
719;47
719;94
719;191
720;9
720;14
720;23
720;47
720;94
720;167
721;9
721;14
721;24
721;47
721;119
721;167
722;9
722;19
722;24
722;47
722;142
722;190
723;9
723;19
723;23
723;46
723;143
723;280
724;9
724;19
724;24
724;47
724;119
724;282
725;9
725;19
725;28
725;47
725;84
725;191
726;9
726;19
726;28
726;78
726;124
726;214
727;8
727;19
727;28
727;48
727;141
727;169
728;7
728;19
728;28
728;47
728;84
728;169
729;9
729;19
729;24
729;56
729;119
729;169
730;9
730;19
730;24
730;48
730;141
730;169
731;9
731;19
731;24
731;47
731;95
731;169
732;9
732;10
732;25
732;50
732;143
732;169
733;9
733;11
733;28
733;56
733;143
733;169
734;9
734;10
734;24
734;56
734;119
734;169
735;7
735;18
735;24
735;41
735;119
735;265
736;4
736;18
736;28
736;56
736;119
736;198
737;4
737;18
737;28
737;53
737;119
737;213
738;5
738;11
738;24
738;53
738;119
738;169
739;4
739;18
739;28
739;56
739;119
739;169
740;4
740;12
740;28
740;56
740;84
740;213
741;6
741;12
741;32
741;47
741;86
741;169
742;9
742;12
742;23
742;63
742;95
742;459
743;5
743;12
743;24
743;47
743;85
743;390
744;4
744;12
744;24
744;47
744;88
744;198
745;5
745;12
745;33
745;47
745;80
745;220
746;4
746;12
746;31
746;63
746;95
746;190
747;8
747;12
747;31
747;63
747;94
747;198
748;4
748;12
748;31
748;63
748;94
748;198
749;7
749;12
749;31
749;63
749;97
749;261
750;1
750;12
750;24
750;63
750;156
750;188
751;9
751;16
751;33
751;64
751;81
751;169
752;8
752;16
752;32
752;63
752;95
752;190
753;8
753;18
753;32
753;64
753;142
753;254
754;9
754;12
754;20
754;53
754;106
754;187
755;4
755;16
755;32
755;53
755;80
755;160
756;4
756;15
756;32
756;53
756;106
756;160
757;5
757;12
757;35
757;53
757;80
757;160
758;4
758;11
758;21
758;53
758;80
758;187
759;9
759;16
759;31
759;63
759;94
759;160
760;9
760;16
760;32
760;53
760;97
760;160
761;9
761;11
761;32
761;53
761;95
761;160
762;4
762;11
762;27
762;53
762;80
762;188
763;4
763;11
763;26
763;53
763;85
763;386
764;5
764;16
764;33
764;53
764;94
764;163
765;9
765;11
765;32
765;63
765;95
765;221
766;9
766;10
766;31
766;63
766;95
766;160
767;9
767;16
767;32
767;62
767;94
767;187
768;9
768;10
768;29
768;44
768;95
768;187
769;9
769;11
769;21
769;53
769;93
769;186
770;9
770;11
770;21
770;53
770;80
770;187
771;9
771;10
771;21
771;53
771;80
771;187
772;9
772;11
772;21
772;53
772;80
772;214
773;5
773;11
773;26
773;53
773;159
773;160
774;4
774;18
774;27
774;53
774;127
774;213
775;9
775;18
775;21
775;53
775;80
775;160
776;4
776;18
776;26
776;53
776;80
776;187
777;9
777;18
777;26
777;53
777;80
777;160
778;9
778;15
778;31
778;61
778;84
778;169
779;9
779;16
779;32
779;48
779;85
779;391
780;5
780;11
780;20
780;64
780;95
780;160
781;4
781;16
781;31
781;62
781;92
781;215
782;9
782;16
782;21
782;48
782;80
782;213
783;4
783;16
783;31
783;63
783;94
783;164
784;9
784;18
784;21
784;53
784;80
784;213
785;9
785;16
785;31
785;63
785;94
785;220
786;9
786;16
786;32
786;53
786;97
786;170
787;9
787;16
787;32
787;64
787;94
787;189
788;9
788;16
788;32
788;63
788;94
788;188
789;9
789;15
789;28
789;45
789;138
789;166
790;9
790;15
790;26
790;58
790;158
790;189
791;9
791;18
791;28
791;53
791;116
791;287
792;5
792;19
792;28
792;63
792;94
792;239
793;4
793;19
793;28
793;63
793;94
793;189
794;6
794;11
794;32
794;47
794;95
794;189
795;4
795;16
795;31
795;63
795;95
795;220
796;9
796;16
796;28
796;63
796;95
796;190
797;6
797;16
797;24
797;64
797;96
797;412
798;9
798;18
798;36
798;72
798;107
798;287
799;5
799;10
799;35
799;71
799;106
799;283
800;4
800;19
800;24
800;47
800;84
800;189
801;6
801;11
801;36
801;73
801;80
801;251
802;4
802;18
802;35
802;71
802;106
802;169
803;8
803;14
803;35
803;71
803;106
803;169
804;4
804;18
804;35
804;70
804;105
804;244
805;4
805;18
805;36
805;40
805;106
805;181
806;5
806;19
806;28
806;47
806;107
806;198
807;9
807;10
807;28
807;47
807;106
807;198
808;9
808;19
808;28
808;48
808;105
808;198
809;9
809;11
809;28
809;47
809;107
809;169
810;7
810;18
810;25
810;56
810;119
810;165
811;5
811;18
811;28
811;53
811;119
811;198
812;4
812;18
812;28
812;53
812;119
812;169
813;5
813;11
813;24
813;53
813;119
813;188
814;4
814;12
814;28
814;53
814;119
814;169
815;4
815;12
815;28
815;53
815;83
815;186
816;1
816;12
816;29
816;62
816;94
816;181
817;9
817;16
817;32
817;64
817;95
817;160
818;5
818;12
818;24
818;64
818;96
818;223
819;4
819;16
819;31
819;63
819;94
819;219
820;5
820;12
820;32
820;64
820;95
820;165
821;4
821;12
821;31
821;63
821;95
821;169
822;9
822;12
822;32
822;63
822;95
822;169
823;0
823;12
823;35
823;63
823;94
823;252
824;9
824;12
824;32
824;63
824;95
824;222
825;7
825;12
825;24
825;63
825;94
825;189
826;9
826;12
826;24
826;63
826;158
826;160
827;8
827;16
827;24
827;48
827;97
827;165
828;8
828;16
828;31
828;56
828;94
828;170
829;9
829;12
829;20
829;52
829;80
829;261
830;4
830;10
830;27
830;63
830;93
830;160
831;4
831;10
831;36
831;63
831;95
831;348
832;5
832;11
832;35
832;53
832;107
832;160
833;4
833;11
833;21
833;53
833;80
833;188
834;9
834;11
834;32
834;63
834;95
834;191
835;9
835;11
835;31
835;63
835;94
835;187
836;9
836;11
836;32
836;63
836;95
836;160
837;4
837;11
837;32
837;63
837;95
837;221
838;4
838;11
838;32
838;63
838;95
838;214
839;5
839;10
839;27
839;63
839;95
839;164
840;9
840;11
840;32
840;53
840;95
840;189
841;7
841;11
841;31
841;63
841;95
841;160
842;9
842;11
842;31
842;62
842;157
842;181
843;9
843;10
843;29
843;46
843;95
843;160
844;9
844;11
844;21
844;53
844;126
844;186
845;9
845;10
845;21
845;53
845;127
845;187
846;8
846;10
846;24
846;53
846;80
846;187
847;9
847;10
847;21
847;53
847;80
847;187
848;5
848;11
848;26
848;42
848;127
848;187
849;4
849;18
849;26
849;53
849;106
849;160
850;9
850;18
850;21
850;53
850;106
850;187
851;4
851;18
851;21
851;53
851;106
851;160
852;9
852;18
852;26
852;53
852;85
852;347
853;9
853;18
853;31
853;62
853;93
853;187
854;9
854;16
854;32
854;64
854;97
854;213
855;5
855;11
855;31
855;63
855;94
855;220
856;4
856;16
856;33
856;63
856;96
856;160
857;9
857;13
857;32
857;63
857;81
857;213
858;4
858;18
858;31
858;64
858;80
858;164
859;9
859;18
859;27
859;54
859;80
859;264
860;9
860;16
860;31
860;63
860;95
860;191
861;9
861;10
861;21
861;64
861;146
861;170
862;9
862;16
862;32
862;63
862;96
862;256
863;9
863;16
863;32
863;63
863;95
863;191
864;9
864;15
864;29
864;45
864;92
864;215
865;9
865;14
865;28
865;56
865;83
865;167
866;9
866;14
866;28
866;57
866;85
866;265
867;5
867;19
867;28
867;64
867;95
867;189
868;4
868;16
868;32
868;63
868;95
868;189
869;6
869;11
869;23
869;47
869;119
869;189
870;4
870;19
870;24
870;47
870;119
870;189
871;9
871;19
871;24
871;56
871;119
871;170
872;9
872;16
872;31
872;63
872;93
872;186
873;9
873;18
873;35
873;72
873;107
873;179
874;5
874;18
874;36
874;71
874;107
874;178
875;4
875;18
875;35
875;70
875;106
875;178
876;5
876;11
876;36
876;72
876;80
876;179
877;4
877;17
877;35
877;71
877;106
877;198
878;9
878;17
878;36
878;70
878;106
878;245
879;5
879;17
879;35
879;70
879;105
879;176
880;4
880;18
880;38
880;47
880;105
880;180
881;5
881;16
881;35
881;49
881;82
881;169
882;9
882;18
882;36
882;53
882;106
882;169
883;9
883;18
883;35
883;70
883;106
883;170
884;4
884;19
884;28
884;70
884;105
884;221
885;7
885;18
885;20
885;42
885;85
885;166
886;5
886;18
886;28
886;53
886;119
886;213
887;4
887;18
887;28
887;53
887;119
887;213
888;5
888;18
888;35
888;56
888;119
888;169
889;4
889;18
889;35
889;56
889;119
889;169
890;4
890;12
890;36
890;54
890;105
890;175
891;9
891;12
891;36
891;53
891;88
891;213
892;9
892;12
892;36
892;54
892;90
892;198
893;5
893;12
893;24
893;47
893;119
893;198
894;4
894;12
894;24
894;47
894;95
894;198
895;5
895;12
895;21
895;43
895;84
895;165
896;4
896;12
896;21
896;42
896;84
896;169
897;9
897;12
897;36
897;47
897;85
897;198
898;4
898;18
898;35
898;71
898;125
898;198
899;7
899;18
899;35
899;71
899;106
899;177
900;8
900;12
900;24
900;53
900;106
900;177
901;8
901;18
901;24
901;53
901;143
901;169
902;8
902;18
902;35
902;53
902;105
902;169
903;8
903;18
903;36
903;56
903;109
903;170
904;9
904;11
904;33
904;53
904;106
904;189
905;4
905;16
905;31
905;53
905;80
905;160
906;4
906;16
906;32
906;53
906;107
906;160
907;5
907;16
907;35
907;53
907;107
907;188
908;4
908;16
908;31
908;53
908;80
908;187
909;9
909;16
909;33
909;53
909;106
909;160
910;6
910;16
910;35
910;63
910;80
910;187
911;9
911;11
911;20
911;53
911;95
911;187
912;4
912;16
912;32
912;63
912;94
912;187
913;4
913;16
913;31
913;53
913;80
913;214
914;5
914;16
914;32
914;53
914;80
914;164
915;9
915;18
915;35
915;53
915;94
915;187
916;7
916;11
916;23
916;53
916;80
916;390
917;9
917;10
917;24
917;53
917;80
917;434
918;9
918;10
918;35
918;53
918;142
918;187
919;9
919;11
919;36
919;53
919;88
919;185
920;9
920;18
920;36
920;54
920;142
920;187
921;9
921;18
921;24
921;53
921;142
921;356
922;9
922;17
922;35
922;53
922;105
922;186
923;5
923;11
923;22
923;41
923;84
923;160
924;4
924;18
924;21
924;53
924;127
924;213
925;9
925;18
925;21
925;53
925;80
925;369
926;4
926;18
926;27
926;53
926;80
926;358
927;9
927;18
927;27
927;53
927;80
927;212
928;9
928;18
928;36
928;53
928;107
928;285
929;9
929;17
929;35
929;53
929;127
929;391
930;5
930;11
930;36
930;53
930;144
930;178
931;4
931;18
931;35
931;53
931;107
931;213
932;9
932;18
932;36
932;53
932;80
932;214
933;4
933;18
933;35
933;53
933;106
933;164
934;9
934;18
934;35
934;53
934;106
934;177
935;9
935;18
935;35
935;54
935;106
935;214
936;9
936;18
936;35
936;53
936;87
936;176
937;9
937;15
937;32
937;63
937;95
937;174
938;9
938;16
938;31
938;63
938;80
938;175
939;8
939;13
939;32
939;63
939;95
939;507
940;8
940;10
940;24
940;63
940;95
940;417
941;9
941;19
941;35
941;53
941;95
941;287
942;5
942;19
942;32
942;47
942;119
942;253
943;4
943;16
943;32
943;56
943;119
943;189
944;6
944;11
944;31
944;56
944;119
944;188
945;4
945;16
945;32
945;56
945;84
945;188
946;9
946;16
946;32
946;47
946;84
946;189
947;9
947;16
947;32
947;47
947;85
947;188
948;9
948;16
948;32
948;63
948;84
948;269
949;5
949;16
949;24
949;63
949;85
949;189
950;4
950;16
950;31
950;47
950;85
950;190
951;6
951;11
951;24
951;63
951;80
951;208
952;4
952;16
952;33
952;48
952;127
952;169
953;9
953;18
953;24
953;56
953;126
953;169
954;5
954;19
954;24
954;71
954;127
954;425
955;4
955;18
955;35
955;71
955;127
955;169
956;5
956;18
956;35
956;53
956;88
956;181
957;9
957;18
957;36
957;53
957;88
957;169
958;9
958;18
958;35
958;53
958;89
958;169
959;9
959;11
959;28
959;56
959;119
959;414
960;9
960;19
960;20
960;43
960;107
960;394
961;4
961;18
961;28
961;43
961;119
961;198
962;4
962;18
962;28
962;53
962;119
962;169
963;5
963;11
963;36
963;53
963;119
963;169
964;4
964;17
964;34
964;53
964;119
964;169
965;4
965;18
965;35
965;56
965;107
965;179
966;6
966;18
966;35
966;56
966;106
966;176
967;9
967;12
967;36
967;40
967;108
967;163
968;5
968;12
968;24
968;47
968;95
968;198
969;4
969;12
969;24
969;47
969;128
969;167
970;5
970;18
970;35
970;53
970;89
970;165
971;4
971;18
971;35
971;53
971;89
971;169
972;9
972;12
972;24
972;47
972;84
972;169
973;5
973;12
973;35
973;71
973;106
973;347
974;8
974;12
974;35
974;71
974;106
974;334
975;5
975;12
975;24
975;47
975;95
975;160
976;9
976;12
976;31
976;56
976;84
976;170
977;8
977;16
977;32
977;56
977;94
977;169
978;8
978;18
978;32
978;56
978;85
978;170
979;9
979;12
979;20
979;52
979;81
979;187
980;4
980;16
980;31
980;53
980;80
980;160
981;4
981;16
981;32
981;53
981;80
981;160
982;5
982;16
982;32
982;53
982;81
982;160
983;4
983;11
983;31
983;53
983;95
983;188
984;9
984;11
984;32
984;47
984;80
984;172
985;9
985;16
985;32
985;63
985;127
985;160
986;9
986;11
986;32
986;53
986;80
986;187
987;4
987;11
987;31
987;53
987;95
987;220
988;4
988;11
988;31
988;53
988;84
988;214
989;5
989;10
989;31
989;53
989;124
989;164
990;9
990;18
990;36
990;53
990;80
990;187
991;7
991;11
991;23
991;53
991;80
991;187
992;9
992;11
992;24
992;53
992;106
992;352
993;9
993;10
993;32
993;53
993;80
993;187
994;9
994;16
994;33
994;64
994;82
994;186
995;9
995;18
995;36
995;53
995;108
995;187
996;9
996;10
996;24
996;53
996;80
996;187
997;9
997;10
997;36
997;53
997;80
997;477
998;5
998;11
998;22
998;42
998;127
998;187
999;4
999;18
999;21
999;53
999;106
999;160
1000;9
1000;18
1000;21
1000;53
1000;106
1000;187
1001;4
1001;18
1001;21
1001;53
1001;106
1001;160
1002;9
1002;18
1002;21
1002;53
1002;106
1002;356
1003;9
1003;18
1003;24
1003;53
1003;106
1003;161
1004;9
1004;18
1004;21
1004;53
1004;106
1004;213
1005;5
1005;11
1005;26
1005;53
1005;106
1005;160
1006;4
1006;18
1006;21
1006;53
1006;106
1006;213
1007;9
1007;17
1007;21
1007;79
1007;80
1007;214
1008;4
1008;18
1008;27
1008;53
1008;80
1008;164
1009;9
1009;18
1009;27
1009;54
1009;81
1009;177
1010;9
1010;18
1010;24
1010;53
1010;106
1010;199
1011;9
1011;10
1011;21
1011;43
1011;124
1011;170
1012;9
1012;16
1012;31
1012;63
1012;158
1012;170
1013;9
1013;16
1013;31
1013;53
1013;95
1013;221
1014;9
1014;16
1014;32
1014;63
1014;158
1014;191
1015;9
1015;16
1015;31
1015;63
1015;106
1015;202
1016;9
1016;16
1016;27
1016;53
1016;119
1016;265
1017;5
1017;19
1017;28
1017;47
1017;119
1017;349
1018;4
1018;19
1018;24
1018;47
1018;119
1018;189
1019;6
1019;11
1019;28
1019;47
1019;119
1019;189
1020;4
1020;19
1020;24
1020;47
1020;119
1020;190
1021;9
1021;19
1021;28
1021;56
1021;119
1021;189
1022;9
1022;19
1022;24
1022;47
1022;119
1022;198
1023;9
1023;19
1023;38
1023;48
1023;143
1023;188
1024;5
1024;10
1024;24
1024;47
1024;113
1024;198
1025;4
1025;19
1025;24
1025;47
1025;113
1025;167
1026;5
1026;11
1026;24
1026;79
1026;80
1026;165
1027;4
1027;19
1027;28
1027;47
1027;141
1027;165
1028;9
1028;19
1028;28
1028;56
1028;84
1028;176
1029;4
1029;19
1029;28
1029;56
1029;119
1029;169
1030;4
1030;19
1030;24
1030;48
1030;84
1030;218
1031;5
1031;19
1031;28
1031;47
1031;113
1031;170
1032;9
1032;10
1032;37
1032;56
1032;143
1032;349
1033;9
1033;14
1033;26
1033;53
1033;159
1033;185
1034;8
1034;10
1034;28
1034;48
1034;159
1034;182
1035;9
1035;18
1035;24
1035;40
1035;95
1035;167
1036;4
1036;18
1036;28
1036;56
1036;95
1036;168
1037;6
1037;12
1037;28
1037;57
1037;142
1037;170
1038;5
1038;11
1038;28
1038;55
1038;138
1038;166
1039;6
1039;12
1039;27
1039;53
1039;80
1039;213
1040;6
1040;12
1040;28
1040;56
1040;96
1040;170
1041;6
1041;12
1041;28
1041;56
1041;96
1041;169
1042;6
1042;12
1042;27
1042;56
1042;95
1042;167
1043;5
1043;12
1043;27
1043;53
1043;158
1043;264
1044;6
1044;11
1044;26
1044;53
1044;133
1044;291
1045;5
1045;12
1045;28
1045;57
1045;84
1045;169
1046;7
1046;18
1046;28
1046;48
1046;95
1046;169
1047;7
1047;14
1047;38
1047;57
1047;95
1047;198
1048;7
1048;14
1048;34
1048;71
1048;95
1048;169
1049;7
1049;18
1049;35
1049;71
1049;95
1049;169
1050;6
1050;12
1050;28
1050;56
1050;84
1050;166
1051;7
1051;13
1051;28
1051;57
1051;85
1051;170
1052;6
1052;12
1052;24
1052;56
1052;95
1052;169
1053;6
1053;12
1053;24
1053;56
1053;85
1053;402
1054;9
1054;13
1054;23
1054;53
1054;84
1054;266
1055;4
1055;10
1055;27
1055;53
1055;106
1055;187
1056;5
1056;10
1056;27
1056;53
1056;80
1056;160
1057;5
1057;11
1057;26
1057;53
1057;105
1057;188
1058;4
1058;11
1058;27
1058;53
1058;107
1058;187
1059;9
1059;10
1059;27
1059;53
1059;80
1059;188
1060;5
1060;11
1060;27
1060;53
1060;85
1060;213
1061;9
1061;12
1061;26
1061;53
1061;80
1061;253
1062;4
1062;11
1062;21
1062;53
1062;80
1062;160
1063;4
1063;11
1063;35
1063;53
1063;80
1063;214
1064;9
1064;10
1064;23
1064;53
1064;85
1064;164
1065;9
1065;11
1065;21
1065;53
1065;105
1065;187
1066;9
1066;11
1066;21
1066;41
1066;80
1066;187
1067;9
1067;10
1067;27
1067;42
1067;127
1067;187
1068;9
1068;11
1068;21
1068;42
1068;84
1068;161
1069;9
1069;11
1069;27
1069;42
1069;84
1069;186
1070;9
1070;10
1070;21
1070;42
1070;126
1070;187
1071;9
1071;10
1071;21
1071;42
1071;134
1071;361
1072;5
1072;18
1072;21
1072;53
1072;80
1072;312
1073;5
1073;11
1073;27
1073;53
1073;159
1073;160
1074;9
1074;18
1074;26
1074;53
1074;107
1074;214
1075;8
1075;18
1075;27
1075;53
1075;159
1075;160
1076;4
1076;13
1076;27
1076;53
1076;80
1076;213
1077;9
1077;10
1077;22
1077;53
1077;106
1077;213
1078;9
1078;10
1078;21
1078;42
1078;106
1078;231
1079;9
1079;10
1079;21
1079;43
1079;84
1079;239
1080;5
1080;10
1080;20
1080;42
1080;146
1080;167
1081;4
1081;10
1081;21
1081;42
1081;126
1081;169
1082;9
1082;10
1082;26
1082;52
1082;81
1082;214
1083;9
1083;10
1083;21
1083;53
1083;96
1083;164
1084;9
1084;10
1084;26
1084;53
1084;106
1084;195
1085;9
1085;10
1085;26
1085;54
1085;108
1085;269
1086;9
1086;10
1086;26
1086;53
1086;108
1086;269
1087;9
1087;10
1087;21
1087;42
1087;104
1087;209
1088;5
1088;11
1088;21
1088;42
1088;80
1088;191
1089;8
1089;10
1089;21
1089;42
1089;80
1089;292
1090;9
1090;10
1090;22
1090;63
1090;95
1090;367
1091;9
1091;10
1091;22
1091;53
1091;153
1091;262
1092;5
1092;19
1092;26
1092;53
1092;105
1092;287
1093;9
1093;10
1093;27
1093;53
1093;80
1093;160
1094;9
1094;10
1094;26
1094;53
1094;80
1094;212
1095;4
1095;19
1095;27
1095;53
1095;80
1095;214
1096;9
1096;10
1096;24
1096;47
1096;119
1096;189
1097;9
1097;10
1097;23
1097;47
1097;118
1097;235
1098;9
1098;10
1098;24
1098;48
1098;84
1098;189
1099;5
1099;10
1099;23
1099;47
1099;85
1099;189
1100;4
1100;19
1100;24
1100;47
1100;85
1100;189
1101;5
1101;11
1101;24
1101;47
1101;80
1101;165
1102;4
1102;19
1102;24
1102;56
1102;143
1102;174
1103;9
1103;15
1103;21
1103;47
1103;84
1103;194
1104;5
1104;11
1104;24
1104;56
1104;127
1104;201
1105;7
1105;11
1105;24
1105;71
1105;84
1105;169
1106;9
1106;10
1106;28
1106;57
1106;85
1106;198
1107;9
1107;10
1107;28
1107;50
1107;143
1107;192
1108;9
1108;10
1108;26
1108;47
1108;84
1108;210
1109;5
1109;11
1109;27
1109;53
1109;80
1109;160
1110;6
1110;11
1110;28
1110;56
1110;83
1110;166
1111;4
1111;12
1111;28
1111;56
1111;95
1111;197
1112;6
1112;18
1112;27
1112;55
1112;95
1112;167
1113;5
1113;10
1113;27
1113;53
1113;133
1113;160
1114;6
1114;18
1114;26
1114;53
1114;96
1114;169
1115;6
1115;12
1115;28
1115;56
1115;96
1115;214
1116;6
1116;12
1116;28
1116;56
1116;84
1116;308
1117;6
1117;12
1117;27
1117;54
1117;95
1117;162
1118;5
1118;12
1118;26
1118;53
1118;159
1118;160
1119;6
1119;12
1119;27
1119;47
1119;159
1119;160
1120;5
1120;12
1120;28
1120;57
1120;113
1120;170
1121;8
1121;12
1121;28
1121;56
1121;84
1121;170
1122;7
1122;12
1122;35
1122;48
1122;95
1122;169
1123;8
1123;12
1123;35
1123;71
1123;95
1123;400
1124;8
1124;12
1124;35
1124;71
1124;95
1124;333
1125;6
1125;12
1125;28
1125;55
1125;112
1125;170
1126;7
1126;13
1126;28
1126;57
1126;84
1126;169
1127;7
1127;11
1127;26
1127;53
1127;80
1127;169
1128;6
1128;12
1128;27
1128;53
1128;80
1128;160
1129;7
1129;12
1129;27
1129;54
1129;80
1129;214
1130;5
1130;10
1130;35
1130;53
1130;85
1130;211
1131;5
1131;11
1131;36
1131;53
1131;80
1131;213
1132;5
1132;11
1132;26
1132;53
1132;158
1132;210
1133;5
1133;11
1133;26
1133;53
1133;106
1133;212
1134;9
1134;10
1134;27
1134;53
1134;80
1134;213
1135;5
1135;11
1135;27
1135;53
1135;106
1135;213
1136;8
1136;11
1136;26
1136;42
1136;80
1136;188
1137;4
1137;11
1137;26
1137;53
1137;80
1137;253
1138;4
1138;11
1138;26
1138;53
1138;85
1138;214
1139;9
1139;10
1139;27
1139;53
1139;80
1139;164
1140;9
1140;11
1140;26
1140;53
1140;127
1140;177
1141;9
1141;11
1141;24
1141;53
1141;80
1141;198
1142;9
1142;11
1142;24
1142;42
1142;106
1142;204
1143;9
1143;10
1143;20
1143;42
1143;127
1143;207
1144;6
1144;11
1144;20
1144;42
1144;85
1144;187
1145;5
1145;10
1145;21
1145;43
1145;107
1145;269
1146;5
1146;10
1146;21
1146;42
1146;84
1146;184
1147;5
1147;11
1147;21
1147;42
1147;84
1147;160
1148;5
1148;11
1148;25
1148;52
1148;127
1148;213
1149;4
1149;18
1149;27
1149;63
1149;127
1149;213
1150;9
1150;18
1150;26
1150;42
1150;106
1150;160
1151;4
1151;18
1151;27
1151;53
1151;158
1151;161
1152;9
1152;18
1152;26
1152;53
1152;127
1152;187
1153;9
1153;10
1153;21
1153;42
1153;106
1153;189
1154;9
1154;10
1154;21
1154;42
1154;106
1154;212
1155;5
1155;10
1155;22
1155;43
1155;106
1155;215
1156;4
1156;10
1156;21
1156;43
1156;106
1156;211
1157;9
1157;10
1157;26
1157;54
1157;83
1157;160
1158;9
1158;18
1158;26
1158;54
1158;80
1158;164
1159;9
1159;18
1159;26
1159;53
1159;80
1159;215
1160;8
1160;10
1160;27
1160;54
1160;107
1160;294
1161;9
1161;18
1161;31
1161;42
1161;106
1161;170
1162;8
1162;12
1162;21
1162;42
1162;85
1162;168
1163;5
1163;10
1163;21
1163;42
1163;85
1163;211
1164;9
1164;19
1164;21
1164;41
1164;127
1164;347
1165;8
1165;11
1165;24
1165;53
1165;106
1165;423
1166;9
1166;10
1166;23
1166;43
1166;119
1166;265
1167;5
1167;14
1167;24
1167;48
1167;119
1167;169
1168;9
1168;10
1168;27
1168;54
1168;81
1168;189
1169;9
1169;10
1169;24
1169;47
1169;119
1169;189
1170;9
1170;10
1170;24
1170;56
1170;95
1170;189
1171;9
1171;10
1171;24
1171;56
1171;95
1171;189
1172;9
1172;10
1172;24
1172;56
1172;143
1172;191
1173;9
1173;10
1173;23
1173;56
1173;84
1173;282
1174;5
1174;10
1174;21
1174;42
1174;85
1174;211
1175;4
1175;10
1175;21
1175;42
1175;125
1175;165
1176;6
1176;11
1176;28
1176;42
1176;80
1176;208
1177;4
1177;19
1177;20
1177;42
1177;141
1177;168
1178;9
1178;19
1178;23
1178;47
1178;96
1178;263
1179;5
1179;11
1179;24
1179;47
1179;95
1179;169
1180;7
1180;11
1180;24
1180;48
1180;95
1180;169
1181;9
1181;10
1181;35
1181;53
1181;88
1181;171
1182;9
1182;10
1182;36
1182;54
1182;89
1182;214
1183;9
1183;18
1183;35
1183;53
1183;88
1183;218
1184;5
1184;11
1184;36
1184;72
1184;86
1184;272
1185;6
1185;11
1185;24
1185;41
1185;95
1185;161
1186;4
1186;12
1186;28
1186;57
1186;96
1186;168
1187;6
1187;18
1187;23
1187;47
1187;138
1187;169
1188;5
1188;10
1188;23
1188;47
1188;94
1188;168
1189;6
1189;18
1189;24
1189;56
1189;108
1189;213
1190;6
1190;12
1190;22
1190;43
1190;96
1190;169
1191;6
1191;12
1191;21
1191;42
1191;95
1191;169
1192;6
1192;12
1192;28
1192;47
1192;95
1192;189
1193;5
1193;12
1193;24
1193;56
1193;95
1193;286
1194;6
1194;12
1194;23
1194;47
1194;94
1194;189
1195;6
1195;12
1195;36
1195;55
1195;95
1195;170
1196;7
1196;18
1196;35
1196;53
1196;124
1196;169
1197;6
1197;18
1197;35
1197;57
1197;95
1197;190
1198;7
1198;18
1198;35
1198;47
1198;95
1198;189
1199;6
1199;18
1199;35
1199;48
1199;96
1199;190
1200;6
1200;18
1200;35
1200;53
1200;141
1200;169
1201;7
1201;18
1201;36
1201;54
1201;89
1201;169
1202;9
1202;18
1202;24
1202;53
1202;89
1202;213
1203;6
1203;12
1203;35
1203;56
1203;85
1203;170
1204;7
1204;12
1204;20
1204;42
1204;85
1204;170
1205;5
1205;10
1205;35
1205;57
1205;85
1205;209
1206;5
1206;11
1206;23
1206;53
1206;133
1206;160
1207;5
1207;11
1207;24
1207;63
1207;106
1207;160
1208;5
1208;11
1208;21
1208;53
1208;107
1208;188
1209;9
1209;10
1209;36
1209;53
1209;106
1209;169
1210;5
1210;11
1210;26
1210;53
1210;84
1210;169
1211;7
1211;11
1211;35
1211;53
1211;88
1211;212
1212;4
1212;11
1212;35
1212;53
1212;80
1212;213
1213;4
1213;18
1213;36
1213;54
1213;84
1213;210
1214;9
1214;11
1214;27
1214;53
1214;80
1214;164
1215;9
1215;11
1215;26
1215;53
1215;107
1215;160
1216;9
1216;11
1216;24
1216;48
1216;84
1216;188
1217;9
1217;11
1217;23
1217;53
1217;84
1217;187
1218;9
1218;10
1218;35
1218;52
1218;84
1218;172
1219;6
1219;11
1219;35
1219;53
1219;88
1219;160
1220;5
1220;18
1220;36
1220;54
1220;90
1220;215
1221;5
1221;10
1221;35
1221;53
1221;80
1221;160
1222;5
1222;11
1222;21
1222;53
1222;80
1222;161
1223;5
1223;11
1223;26
1223;54
1223;83
1223;282
1224;4
1224;18
1224;21
1224;42
1224;84
1224;213
1225;9
1225;18
1225;23
1225;47
1225;142
1225;213
1226;4
1226;18
1226;24
1226;47
1226;142
1226;213
1227;9
1227;10
1227;23
1227;53
1227;84
1227;160
1228;9
1228;10
1228;21
1228;42
1228;84
1228;168
1229;9
1229;10
1229;36
1229;42
1229;107
1229;214
1230;5
1230;10
1230;24
1230;47
1230;106
1230;237
1231;4
1231;10
1231;24
1231;53
1231;107
1231;177
1232;9
1232;10
1232;35
1232;71
1232;81
1232;214
1233;9
1233;18
1233;36
1233;53
1233;89
1233;164
1234;9
1234;18
1234;35
1234;53
1234;105
1234;160
1235;9
1235;18
1235;36
1235;71
1235;106
1235;199
1236;9
1236;18
1236;36
1236;71
1236;107
1236;216
1237;8
1237;18
1237;36
1237;54
1237;89
1237;162
1238;5
1238;18
1238;35
1238;53
1238;141
1238;191
1239;9
1239;18
1239;36
1239;54
1239;90
1239;216
1240;8
1240;18
1240;35
1240;53
1240;88
1240;210
1241;9
1241;18
1241;35
1241;71
1241;125
1241;287
1242;5
1242;14
1242;28
1242;41
1242;159
1242;160
1243;9
1243;10
1243;37
1243;54
1243;119
1243;189
1244;9
1244;10
1244;24
1244;47
1244;95
1244;263
1245;9
1245;10
1245;24
1245;48
1245;95
1245;189
1246;9
1246;10
1246;28
1246;47
1246;84
1246;188
1247;9
1247;10
1247;24
1247;53
1247;88
1247;191
1248;9
1248;10
1248;36
1248;54
1248;107
1248;226
1249;5
1249;18
1249;36
1249;54
1249;89
1249;226
1250;4
1250;18
1250;35
1250;47
1250;85
1250;226
1251;5
1251;11
1251;25
1251;47
1251;80
1251;165
1252;4
1252;19
1252;38
1252;56
1252;113
1252;185
1253;9
1253;12
1253;37
1253;56
1253;95
1253;171
1254;4
1254;10
1254;24
1254;47
1254;113
1254;198
1255;7
1255;11
1255;24
1255;48
1255;106
1255;198
1256;9
1256;10
1256;28
1256;57
1256;112
1256;199
1257;9
1257;10
1257;28
1257;75
1257;143
1257;188
1258;9
1258;12
1258;26
1258;48
1258;95
1258;213
1259;5
1259;11
1259;27
1259;53
1259;84
1259;160
1260;6
1260;11
1260;27
1260;53
1260;80
1260;165
1261;4
1261;12
1261;28
1261;57
1261;85
1261;167
1262;6
1262;18
1262;28
1262;56
1262;84
1262;169
1263;5
1263;18
1263;27
1263;53
1263;132
1263;160
1264;6
1264;18
1264;26
1264;56
1264;106
1264;169
1265;6
1265;18
1265;28
1265;57
1265;96
1265;428
1266;6
1266;12
1266;28
1266;57
1266;85
1266;283
1267;6
1267;12
1267;26
1267;57
1267;96
1267;284
1268;5
1268;12
1268;27
1268;53
1268;159
1268;160
1269;6
1269;12
1269;26
1269;53
1269;159
1269;185
1270;3
1270;12
1270;28
1270;57
1270;141
1270;168
1271;6
1271;12
1271;28
1271;56
1271;84
1271;169
1272;7
1272;12
1272;35
1272;47
1272;95
1272;169
1273;9
1273;12
1273;35
1273;47
1273;95
1273;397
1274;9
1274;12
1274;35
1274;56
1274;106
1274;190
1275;6
1275;12
1275;28
1275;56
1275;95
1275;169
1276;7
1276;18
1276;28
1276;56
1276;84
1276;170
1277;5
1277;11
1277;27
1277;56
1277;83
1277;169
1278;6
1278;12
1278;26
1278;53
1278;80
1278;211
1279;7
1279;12
1279;27
1279;53
1279;80
1279;213
1280;5
1280;11
1280;26
1280;53
1280;80
1280;213
1281;5
1281;16
1281;21
1281;53
1281;80
1281;211
1282;5
1282;11
1282;31
1282;53
1282;80
1282;188
1283;5
1283;11
1283;27
1283;53
1283;80
1283;213
1284;9
1284;10
1284;27
1284;53
1284;80
1284;161
1285;5
1285;11
1285;27
1285;42
1285;84
1285;293
1286;7
1286;11
1286;27
1286;53
1286;80
1286;187
1287;4
1287;11
1287;32
1287;53
1287;84
1287;188
1288;4
1288;11
1288;21
1288;53
1288;84
1288;211
1289;9
1289;11
1289;27
1289;53
1289;85
1289;163
1290;9
1290;11
1290;27
1290;53
1290;85
1290;161
1291;9
1291;10
1291;27
1291;53
1291;84
1291;188
1292;9
1292;11
1292;20
1292;54
1292;85
1292;187
1293;9
1293;10
1293;21
1293;42
1293;85
1293;214
1294;6
1294;11
1294;21
1294;53
1294;85
1294;188
1295;5
1295;16
1295;20
1295;42
1295;84
1295;274
1296;5
1296;10
1296;21
1296;42
1296;85
1296;161
1297;5
1297;11
1297;21
1297;42
1297;80
1297;161
1298;5
1298;11
1298;27
1298;42
1298;127
1298;213
1299;4
1299;18
1299;27
1299;53
1299;84
1299;211
1300;9
1300;13
1300;27
1300;54
1300;106
1300;162
1301;4
1301;18
1301;27
1301;53
1301;159
1301;160
1302;9
1302;18
1302;24
1302;53
1302;106
1302;160
1303;9
1303;18
1303;21
1303;42
1303;106
1303;188
1304;9
1304;10
1304;21
1304;42
1304;107
1304;274
1305;5
1305;10
1305;21
1305;42
1305;106
1305;233
1306;4
1306;10
1306;21
1306;42
1306;106
1306;169
1307;9
1307;10
1307;27
1307;53
1307;80
1307;160
1308;9
1308;18
1308;35
1308;53
1308;106
1308;164
1309;9
1309;18
1309;27
1309;53
1309;106
1309;214
1310;8
1310;10
1310;26
1310;53
1310;107
1310;213
1311;9
1311;13
1311;35
1311;53
1311;107
1311;170
1312;8
1312;12
1312;21
1312;42
1312;85
1312;169
1313;9
1313;18
1313;21
1313;42
1313;84
1313;191
1314;9
1314;19
1314;20
1314;41
1314;107
1314;410
1315;8
1315;11
1315;35
1315;54
1315;80
1315;382
1316;9
1316;10
1316;35
1316;53
1316;106
1316;265
1317;5
1317;19
1317;28
1317;51
1317;119
1317;185
1318;9
1318;10
1318;28
1318;55
1318;93
1318;189
1319;9
1319;10
1319;24
1319;47
1319;94
1319;190
1320;9
1320;10
1320;24
1320;47
1320;94
1320;189
1321;9
1321;10
1321;24
1321;47
1321;119
1321;191
1322;9
1322;10
1322;24
1322;47
1322;95
1322;284
1323;9
1323;10
1323;23
1323;47
1323;114
1323;226
1324;5
1324;10
1324;24
1324;48
1324;113
1324;226
1325;4
1325;10
1325;38
1325;47
1325;113
1325;226
1326;9
1326;19
1326;38
1326;57
1326;80
1326;190
1327;9
1327;19
1327;28
1327;56
1327;112
1327;168
1328;9
1328;19
1328;28
1328;75
1328;139
1328;169
1329;7
1329;11
1329;24
1329;64
1329;159
1329;160
1330;7
1330;11
1330;24
1330;63
1330;158
1330;252
1331;9
1331;10
1331;24
1331;47
1331;112
1331;253
1332;9
1332;14
1332;35
1332;56
1332;113
1332;215
1333;9
1333;12
1333;37
1333;71
1333;106
1333;177
1334;5
1334;11
1334;24
1334;56
1334;112
1334;191
1335;7
1335;11
1335;38
1335;47
1335;112
1335;169
1336;4
1336;12
1336;28
1336;75
1336;150
1336;189
1337;6
1337;18
1337;28
1337;74
1337;149
1337;261
1338;5
1338;18
1338;24
1338;56
1338;84
1338;168
1339;6
1339;18
1339;35
1339;56
1339;106
1339;177
1340;6
1340;12
1340;28
1340;72
1340;108
1340;179
1341;6
1341;12
1341;28
1341;48
1341;96
1341;213
1342;6
1342;12
1342;24
1342;72
1342;95
1342;212
1343;5
1343;12
1343;24
1343;72
1343;107
1343;284
1344;6
1344;12
1344;24
1344;71
1344;106
1344;286
1345;5
1345;12
1345;35
1345;71
1345;103
1345;218
1346;4
1346;12
1346;24
1346;73
1346;106
1346;169
1347;9
1347;12
1347;32
1347;48
1347;95
1347;213
1348;7
1348;12
1348;31
1348;63
1348;94
1348;212
1349;7
1349;12
1349;32
1349;64
1349;158
1349;222
1350;6
1350;13
1350;24
1350;56
1350;145
1350;169
1351;7
1351;13
1351;24
1351;56
1351;96
1351;198
1352;6
1352;11
1352;24
1352;64
1352;97
1352;169
1353;6
1353;12
1353;24
1353;62
1353;125
1353;250
1354;7
1354;12
1354;20
1354;62
1354;126
1354;169
1355;5
1355;11
1355;26
1355;63
1355;127
1355;160
1356;5
1356;11
1356;27
1356;63
1356;126
1356;253
1357;5
1357;11
1357;26
1357;62
1357;156
1357;160
1358;5
1358;11
1358;21
1358;53
1358;95
1358;161
1359;9
1359;10
1359;27
1359;53
1359;84
1359;190
1360;5
1360;11
1360;26
1360;64
1360;127
1360;160
1361;8
1361;11
1361;21
1361;53
1361;127
1361;168
1362;4
1362;11
1362;24
1362;53
1362;126
1362;169
1363;4
1363;11
1363;21
1363;53
1363;94
1363;212
1364;5
1364;10
1364;26
1364;63
1364;97
1364;164
1365;4
1365;11
1365;31
1365;63
1365;95
1365;160
1366;9
1366;10
1366;23
1366;63
1366;95
1366;190
1367;9
1367;10
1367;24
1367;64
1367;96
1367;187
1368;9
1368;10
1368;32
1368;53
1368;94
1368;187
1369;6
1369;11
1369;24
1369;42
1369;97
1369;186
1370;5
1370;11
1370;21
1370;53
1370;94
1370;187
1371;5
1371;10
1371;24
1371;48
1371;127
1371;169
1372;5
1372;11
1372;21
1372;53
1372;95
1372;169
1373;5
1373;11
1373;23
1373;53
1373;127
1373;282
1374;4
1374;18
1374;35
1374;42
1374;126
1374;169
1375;9
1375;18
1375;35
1375;43
1375;127
1375;210
1376;4
1376;10
1376;36
1376;71
1376;107
1376;169
1377;9
1377;10
1377;36
1377;72
1377;106
1377;214
1378;9
1378;10
1378;36
1378;53
1378;106
1378;176
1379;9
1379;10
1379;36
1379;72
1379;106
1379;210
1380;5
1380;10
1380;25
1380;53
1380;108
1380;245
1381;4
1381;10
1381;24
1381;53
1381;103
1381;258
1382;9
1382;10
1382;39
1382;40
1382;80
1382;223
1383;9
1383;18
1383;24
1383;42
1383;85
1383;169
1384;9
1384;18
1384;22
1384;42
1384;84
1384;169
1385;9
1385;10
1385;24
1385;71
1385;106
1385;162
1386;9
1386;18
1386;24
1386;71
1386;106
1386;164
1387;8
1387;12
1387;28
1387;55
1387;137
1387;219
1388;5
1388;18
1388;29
1388;57
1388;114
1388;200
1389;9
1389;11
1389;28
1389;56
1389;111
1389;195
1390;8
1390;11
1390;29
1390;57
1390;114
1390;199
1391;9
1391;10
1391;28
1391;56
1391;112
1391;196
1392;5
1392;14
1392;23
1392;56
1392;84
1392;196
1393;9
1393;10
1393;24
1393;57
1393;84
1393;188
1394;9
1394;10
1394;23
1394;71
1394;118
1394;213
1395;4
1395;10
1395;24
1395;56
1395;95
1395;213
1396;9
1396;10
1396;24
1396;56
1396;95
1396;187
1397;9
1397;10
1397;24
1397;76
1397;113
1397;187
1398;9
1398;10
1398;24
1398;71
1398;93
1398;172
1399;5
1399;14
1399;24
1399;75
1399;96
1399;196
1400;4
1400;19
1400;24
1400;47
1400;115
1400;252
1401;6
1401;11
1401;24
1401;56
1401;127
1401;198
1402;4
1402;18
1402;37
1402;56
1402;84
1402;169
1403;9
1403;10
1403;28
1403;75
1403;83
1403;167
1404;5
1404;11
1404;35
1404;64
1404;95
1404;160
1405;7
1405;10
1405;37
1405;63
1405;94
1405;252
1406;9
1406;10
1406;28
1406;71
1406;97
1406;188
1407;9
1407;10
1407;37
1407;75
1407;95
1407;214
1408;9
1408;12
1408;36
1408;71
1408;106
1408;177
1409;5
1409;11
1409;35
1409;63
1409;85
1409;176
1410;6
1410;11
1410;36
1410;47
1410;84
1410;169
1411;4
1411;12
1411;28
1411;75
1411;149
1411;189
1412;6
1412;18
1412;24
1412;75
1412;149
1412;262
1413;5
1413;18
1413;24
1413;56
1413;95
1413;280
1414;6
1414;18
1414;35
1414;56
1414;106
1414;249
1415;6
1415;12
1415;37
1415;71
1415;107
1415;284
1416;6
1416;12
1416;28
1416;70
1416;107
1416;177
1417;6
1417;12
1417;23
1417;72
1417;95
1417;213
1418;5
1418;12
1418;36
1418;71
1418;142
1418;178
1419;6
1419;12
1419;23
1419;71
1419;106
1419;425
1420;5
1420;12
1420;23
1420;71
1420;103
1420;165
1421;4
1421;12
1421;36
1421;72
1421;95
1421;198
1422;9
1422;12
1422;32
1422;64
1422;129
1422;213
1423;2
1423;12
1423;31
1423;63
1423;95
1423;220
1424;8
1424;12
1424;32
1424;63
1424;127
1424;213
1425;6
1425;13
1425;24
1425;48
1425;145
1425;169
1426;7
1426;14
1426;24
1426;56
1426;98
1426;170
1427;5
1427;11
1427;24
1427;63
1427;125
1427;249
1428;6
1428;12
1428;24
1428;63
1428;94
1428;251
1429;7
1429;12
1429;20
1429;63
1429;126
1429;252
1430;4
1430;11
1430;35
1430;53
1430;127
1430;210
1431;5
1431;11
1431;36
1431;62
1431;133
1431;253
1432;5
1432;11
1432;26
1432;54
1432;106
1432;172
1433;5
1433;11
1433;21
1433;53
1433;107
1433;160
1434;9
1434;10
1434;27
1434;53
1434;84
1434;190
1435;5
1435;11
1435;26
1435;53
1435;84
1435;168
1436;7
1436;11
1436;23
1436;53
1436;127
1436;211
1437;4
1437;11
1437;24
1437;53
1437;127
1437;169
1438;4
1438;11
1438;26
1438;53
1438;94
1438;212
1439;5
1439;11
1439;23
1439;63
1439;98
1439;163
1440;9
1440;11
1440;31
1440;63
1440;95
1440;187
1441;8
1441;11
1441;24
1441;53
1441;95
1441;187
1442;9
1442;11
1442;24
1442;63
1442;96
1442;187
1443;9
1443;10
1443;26
1443;53
1443;94
1443;187
1444;6
1444;11
1444;24
1444;42
1444;85
1444;160
1445;6
1445;10
1445;21
1445;42
1445;93
1445;187
1446;5
1446;10
1446;21
1446;42
1446;127
1446;169
1447;5
1447;11
1447;21
1447;53
1447;95
1447;169
1448;5
1448;11
1448;35
1448;42
1448;141
1448;282
1449;4
1449;18
1449;35
1449;42
1449;142
1449;282
1450;9
1450;13
1450;35
1450;42
1450;107
1450;211
1451;4
1451;10
1451;36
1451;71
1451;107
1451;169
1452;9
1452;10
1452;36
1452;53
1452;127
1452;210
1453;9
1453;10
1453;24
1453;53
1453;108
1453;177
1454;9
1454;10
1454;36
1454;53
1454;84
1454;212
1455;5
1455;10
1455;24
1455;53
1455;107
1455;245
1456;4
1456;10
1456;24
1456;53
1456;103
1456;258
1457;9
1457;10
1457;21
1457;79
1457;80
1457;184
1458;4
1458;18
1458;23
1458;47
1458;93
1458;164
1459;9
1459;18
1459;27
1459;54
1459;135
1459;161
1460;8
1460;10
1460;24
1460;53
1460;133
1460;212
1461;4
1461;17
1461;26
1461;53
1461;132
1461;212
1462;8
1462;12
1462;27
1462;54
1462;81
1462;160
1463;5
1463;18
1463;28
1463;56
1463;84
1463;168
1464;9
1464;17
1464;28
1464;57
1464;84
1464;196
1465;8
1465;11
1465;28
1465;56
1465;84
1465;168
1466;9
1466;10
1466;28
1466;56
1466;84
1466;169
1467;5
1467;14
1467;28
1467;56
1467;141
1467;196
1468;9
1468;10
1468;28
1468;58
1468;84
1468;188
1469;9
1469;10
1469;28
1469;48
1469;84
1469;167
1470;9
1470;10
1470;24
1470;47
1470;96
1470;213
1471;9
1471;10
1471;23
1471;56
1471;95
1471;167
1472;9
1472;10
1472;24
1472;76
1472;113
1472;265
1473;9
1473;10
1473;37
1473;47
1473;114
1473;195
1474;5
1474;14
1474;24
1474;48
1474;113
1474;189
1475;4
1475;19
1475;23
1475;56
1475;113
1475;264
1476;6
1476;11
1476;23
1476;57
1476;127
1476;200
1477;4
1477;19
1477;37
1477;56
1477;112
1477;168
1478;9
1478;14
1478;28
1478;57
1478;139
1478;166
1479;5
1479;11
1479;35
1479;63
1479;159
1479;160
1480;7
1480;11
1480;28
1480;62
1480;158
1480;252
1481;9
1481;10
1481;24
1481;47
1481;113
1481;160
1482;9
1482;10
1482;36
1482;56
1482;80
1482;216
1483;9
1483;12
1483;35
1483;71
1483;106
1483;177
1484;5
1484;10
1484;21
1484;48
1484;85
1484;170
1485;6
1485;11
1485;24
1485;64
1485;84
1485;160
1486;4
1486;12
1486;28
1486;75
1486;150
1486;189
1487;6
1487;18
1487;28
1487;74
1487;149
1487;262
1488;5
1488;10
1488;28
1488;56
1488;113
1488;169
1489;6
1489;18
1489;36
1489;56
1489;106
1489;177
1490;6
1490;12
1490;28
1490;72
1490;108
1490;179
1491;6
1491;12
1491;28
1491;71
1491;142
1491;213
1492;6
1492;12
1492;23
1492;56
1492;95
1492;341
1493;5
1493;12
1493;36
1493;71
1493;107
1493;177
1494;6
1494;12
1494;35
1494;71
1494;107
1494;285
1495;5
1495;12
1495;35
1495;71
1495;103
1495;165
1496;4
1496;12
1496;36
1496;72
1496;95
1496;198
1497;9
1497;12
1497;32
1497;71
1497;106
1497;213
1498;7
1498;12
1498;31
1498;63
1498;94
1498;213
1499;7
1499;12
1499;32
1499;71
1499;159
1499;223
1500;6
1500;12
1500;24
1500;56
1500;145
1500;169
1501;7
1501;14
1501;24
1501;56
1501;95
1501;169
1502;6
1502;11
1502;24
1502;64
1502;97
1502;252
1503;6
1503;12
1503;24
1503;62
1503;125
1503;250
1504;7
1504;12
1504;26
1504;63
1504;126
1504;169
1505;5
1505;11
1505;26
1505;53
1505;127
1505;160
1506;5
1506;11
1506;27
1506;53
1506;125
1506;160
1507;5
1507;11
1507;35
1507;63
1507;95
1507;171
1508;5
1508;11
1508;27
1508;53
1508;95
1508;187
1509;9
1509;10
1509;27
1509;63
1509;84
1509;160
1510;5
1510;11
1510;26
1510;64
1510;84
1510;187
1511;8
1511;11
1511;26
1511;53
1511;127
1511;211
1512;4
1512;11
1512;24
1512;54
1512;127
1512;169
1513;4
1513;11
1513;21
1513;53
1513;94
1513;169
1514;5
1514;10
1514;26
1514;63
1514;97
1514;163
1515;9
1515;11
1515;26
1515;63
1515;95
1515;187
1516;7
1516;11
1516;23
1516;63
1516;95
1516;188
1517;9
1517;11
1517;24
1517;63
1517;95
1517;187
1518;9
1518;10
1518;22
1518;63
1518;94
1518;187
1519;6
1519;11
1519;23
1519;42
1519;97
1519;170
1520;5
1520;10
1520;21
1520;42
1520;94
1520;187
1521;5
1521;10
1521;24
1521;48
1521;127
1521;169
1522;5
1522;11
1522;24
1522;63
1522;94
1522;169
1523;5
1523;11
1523;26
1523;42
1523;106
1523;282
1524;4
1524;18
1524;27
1524;42
1524;142
1524;170
1525;9
1525;18
1525;35
1525;53
1525;107
1525;210
1526;4
1526;18
1526;35
1526;53
1526;106
1526;169
1527;9
1527;10
1527;36
1527;53
1527;85
1527;209
1528;9
1528;10
1528;36
1528;42
1528;107
1528;168
1529;9
1529;10
1529;36
1529;42
1529;106
1529;169
1530;5
1530;10
1530;20
1530;53
1530;84
1530;245
1531;4
1531;10
1531;24
1531;54
1531;103
1531;258
1532;9
1532;10
1532;35
1532;42
1532;80
1532;182
1533;9
1533;10
1533;36
1533;42
1533;126
1533;168
1534;9
1534;18
1534;22
1534;42
1534;85
1534;169
1535;9
1535;10
1535;23
1535;71
1535;106
1535;164
1536;9
1536;13
1536;24
1536;42
1536;102
1536;169
1537;8
1537;12
1537;28
1537;55
1537;137
1537;193
1538;5
1538;18
1538;29
1538;57
1538;114
1538;200
1539;9
1539;18
1539;28
1539;56
1539;112
1539;195
1540;7
1540;12
1540;24
1540;57
1540;114
1540;199
1541;9
1541;10
1541;28
1541;56
1541;85
1541;196
1542;5
1542;19
1542;28
1542;56
1542;84
1542;160
1543;9
1543;10
1543;28
1543;57
1543;96
1543;188
1544;9
1544;10
1544;23
1544;71
1544;84
1544;213
1545;9
1545;10
1545;24
1545;48
1545;112
1545;213
1546;9
1546;10
1546;23
1546;56
1546;116
1546;170
1547;9
1547;10
1547;24
1547;76
1547;113
1547;191
1548;9
1548;10
1548;28
1548;56
1548;91
1548;189
1549;5
1549;14
1549;23
1549;56
1549;96
1549;197
1550;4
1550;10
1550;24
1550;56
1550;115
1550;252
1551;6
1551;11
1551;28
1551;56
1551;127
1551;169
1552;4
1552;10
1552;37
1552;56
1552;114
1552;169
1553;9
1553;18
1553;38
1553;57
1553;113
1553;170
1554;5
1554;11
1554;35
1554;64
1554;159
1554;160
1555;7
1555;11
1555;35
1555;63
1555;95
1555;189
1556;9
1556;10
1556;24
1556;73
1556;97
1556;188
1557;9
1557;10
1557;35
1557;75
1557;114
1557;214
1558;9
1558;12
1558;28
1558;71
1558;106
1558;177
1559;5
1559;11
1559;28
1559;42
1559;85
1559;168
1560;6
1560;11
1560;25
1560;42
1560;96
1560;160
1561;4
1561;12
1561;28
1561;75
1561;96
1561;170
1562;6
1562;18
1562;28
1562;75
1562;150
1562;262
1563;5
1563;18
1563;28
1563;48
1563;84
1563;169
1564;6
1564;18
1564;35
1564;56
1564;106
1564;249
1565;6
1565;12
1565;36
1565;71
1565;106
1565;213
1566;6
1566;12
1566;36
1566;48
1566;145
1566;177
1567;6
1567;12
1567;23
1567;72
1567;96
1567;398
1568;5
1568;12
1568;36
1568;70
1568;143
1568;284
1569;6
1569;12
1569;35
1569;71
1569;107
1569;248
1570;5
1570;12
1570;35
1570;71
1570;103
1570;208
1571;4
1571;12
1571;24
1571;72
1571;95
1571;255
1572;9
1572;12
1572;32
1572;64
1572;142
1572;213
1573;7
1573;12
1573;31
1573;63
1573;94
1573;219
1574;9
1574;12
1574;32
1574;63
1574;127
1574;222
1575;6
1575;13
1575;24
1575;56
1575;145
1575;169
1576;7
1576;13
1576;24
1576;48
1576;95
1576;170
1577;5
1577;11
1577;24
1577;63
1577;125
1577;250
1578;6
1578;12
1578;24
1578;63
1578;126
1578;251
1579;7
1579;12
1579;20
1579;63
1579;126
1579;252
1580;4
1580;10
1580;35
1580;63
1580;127
1580;160
1581;5
1581;11
1581;27
1581;61
1581;106
1581;160
1582;5
1582;11
1582;21
1582;48
1582;131
1582;172
1583;5
1583;11
1583;21
1583;53
1583;107
1583;187
1584;9
1584;10
1584;27
1584;63
1584;84
1584;190
1585;5
1585;11
1585;26
1585;64
1585;96
1585;160
1586;8
1586;11
1586;24
1586;63
1586;127
1586;162
1587;4
1587;11
1587;24
1587;53
1587;127
1587;169
1588;4
1588;11
1588;36
1588;53
1588;94
1588;160
1589;5
1589;11
1589;23
1589;63
1589;97
1589;163
1590;5
1590;11
1590;31
1590;63
1590;95
1590;160
1591;7
1591;10
1591;24
1591;64
1591;95
1591;190
1592;9
1592;11
1592;24
1592;64
1592;96
1592;187
1593;9
1593;10
1593;26
1593;53
1593;94
1593;187
1594;6
1594;11
1594;24
1594;63
1594;97
1594;178
1595;6
1595;10
1595;21
1595;42
1595;93
1595;188
1596;5
1596;10
1596;24
1596;62
1596;127
1596;169
1597;5
1597;11
1597;21
1597;53
1597;127
1597;169
1598;5
1598;11
1598;22
1598;42
1598;127
1598;282
1599;4
1599;18
1599;21
1599;42
1599;127
1599;169
1600;9
1600;13
1600;35
1600;53
1600;125
1600;211
1601;4
1601;10
1601;36
1601;42
1601;126
1601;178
1602;9
1602;10
1602;36
1602;72
1602;85
1602;169
1603;9
1603;10
1603;36
1603;53
1603;84
1603;178
1604;9
1604;10
1604;36
1604;53
1604;106
1604;214
1605;5
1605;10
1605;24
1605;53
1605;108
1605;187
1606;4
1606;10
1606;24
1606;54
1606;103
1606;258
1607;9
1607;10
1607;21
1607;79
1607;80
1607;214
1608;4
1608;18
1608;23
1608;47
1608;95
1608;165
1609;9
1609;18
1609;26
1609;54
1609;135
1609;160
1610;8
1610;10
1610;24
1610;53
1610;133
1610;212
1611;9
1611;10
1611;24
1611;53
1611;105
1611;211
1612;8
1612;19
1612;22
1612;54
1612;127
1612;160
1613;5
1613;18
1613;28
1613;56
1613;84
1613;168
1614;9
1614;17
1614;28
1614;57
1614;85
1614;169
1615;8
1615;16
1615;28
1615;56
1615;113
1615;168
1616;9
1616;10
1616;28
1616;56
1616;85
1616;197
1617;5
1617;10
1617;28
1617;56
1617;84
1617;160
1618;9
1618;10
1618;28
1618;57
1618;119
1618;200
1619;9
1619;10
1619;23
1619;56
1619;84
1619;168
1620;4
1620;10
1620;24
1620;47
1620;95
1620;187
1621;9
1621;10
1621;24
1621;56
1621;85
1621;198
1622;9
1622;10
1622;28
1622;47
1622;84
1622;192
1623;9
1623;10
1623;38
1623;56
1623;114
1623;169
1624;5
1624;14
1624;24
1624;57
1624;113
1624;188
1625;4
1625;19
1625;24
1625;57
1625;109
1625;167
1626;6
1626;11
1626;23
1626;58
1626;127
1626;165
1627;4
1627;19
1627;37
1627;75
1627;110
1627;169
1628;8
1628;14
1628;37
1628;57
1628;86
1628;176
1629;4
1629;10
1629;24
1629;57
1629;107
1629;169
1630;7
1630;11
1630;24
1630;56
1630;113
1630;195
1631;9
1631;10
1631;28
1631;56
1631;112
1631;170
1632;9
1632;10
1632;25
1632;56
1632;80
1632;357
1633;9
1633;12
1633;27
1633;42
1633;86
1633;185
1634;5
1634;11
1634;21
1634;63
1634;85
1634;175
1635;5
1635;11
1635;29
1635;42
1635;84
1635;165
1636;9
1636;12
1636;28
1636;56
1636;140
1636;168
1637;6
1637;12
1637;28
1637;56
1637;85
1637;170
1638;9
1638;12
1638;27
1638;53
1638;106
1638;169
1639;7
1639;12
1639;27
1639;54
1639;80
1639;169
1640;2
1640;12
1640;28
1640;56
1640;81
1640;170
1641;7
1641;12
1641;28
1641;56
1641;84
1641;197
1642;2
1642;12
1642;27
1642;56
1642;159
1642;161
1643;1
1643;12
1643;26
1643;53
1643;158
1643;264
1644;2
1644;12
1644;27
1644;53
1644;133
1644;292
1645;9
1645;12
1645;28
1645;57
1645;85
1645;170
1646;0
1646;12
1646;24
1646;56
1646;84
1646;169
1647;3
1647;12
1647;36
1647;57
1647;84
1647;169
1648;6
1648;12
1648;36
1648;71
1648;106
1648;169
1649;7
1649;12
1649;35
1649;71
1649;106
1649;213
1650;1
1650;12
1650;28
1650;56
1650;84
1650;166
1651;0
1651;12
1651;29
1651;57
1651;86
1651;169
1652;8
1652;12
1652;28
1652;56
1652;85
1652;169
1653;8
1653;16
1653;24
1653;56
1653;84
1653;170
1654;8
1654;12
1654;26
1654;54
1654;105
1654;161
1655;5
1655;10
1655;27
1655;53
1655;106
1655;187
1656;9
1656;11
1656;27
1656;53
1656;80
1656;187
1657;9
1657;11
1657;26
1657;52
1657;105
1657;187
1658;9
1658;10
1658;27
1658;54
1658;107
1658;187
1659;9
1659;11
1659;27
1659;53
1659;80
1659;160
1660;1
1660;11
1660;27
1660;53
1660;80
1660;187
1661;9
1661;11
1661;21
1661;53
1661;80
1661;187
1662;9
1662;11
1662;21
1662;53
1662;80
1662;187
1663;9
1663;11
1663;21
1663;53
1663;80
1663;187
1664;9
1664;11
1664;27
1664;53
1664;80
1664;187
1665;9
1665;11
1665;26
1665;53
1665;80
1665;187
1666;9
1666;19
1666;20
1666;41
1666;80
1666;187
1667;9
1667;11
1667;21
1667;42
1667;127
1667;187
1668;9
1668;11
1668;21
1668;43
1668;127
1668;187
1669;9
1669;11
1669;21
1669;42
1669;84
1669;187
1670;9
1670;19
1670;21
1670;42
1670;127
1670;187
1671;9
1671;19
1671;21
1671;42
1671;80
1671;187
1672;9
1672;11
1672;21
1672;53
1672;80
1672;392
1673;9
1673;19
1673;27
1673;53
1673;159
1673;160
1674;9
1674;18
1674;26
1674;53
1674;159
1674;160
1675;9
1675;18
1675;27
1675;53
1675;80
1675;187
1676;9
1676;18
1676;27
1676;53
1676;85
1676;160
1677;9
1677;18
1677;27
1677;53
1677;85
1677;187
1678;9
1678;18
1678;21
1678;42
1678;84
1678;232
1679;9
1679;18
1679;21
1679;43
1679;84
1679;188
1680;9
1680;18
1680;21
1680;42
1680;84
1680;167
1681;9
1681;18
1681;21
1681;42
1681;126
1681;169
1682;9
1682;18
1682;23
1682;49
1682;97
1682;160
1683;9
1683;18
1683;27
1683;53
1683;80
1683;187
1684;9
1684;18
1684;27
1684;53
1684;80
1684;207
1685;9
1685;18
1685;26
1685;57
1685;142
1685;199
1686;9
1686;18
1686;28
1686;56
1686;85
1686;232
1687;9
1687;19
1687;21
1687;42
1687;106
1687;210
1688;9
1688;18
1688;21
1688;42
1688;84
1688;191
1689;8
1689;19
1689;21
1689;42
1689;95
1689;190
1690;8
1690;15
1690;32
1690;63
1690;95
1690;278
1691;9
1691;19
1691;32
1691;54
1691;133
1691;262
1692;9
1692;10
1692;26
1692;53
1692;105
1692;210
1693;9
1693;19
1693;27
1693;53
1693;80
1693;160
1694;9
1694;19
1694;27
1694;53
1694;80
1694;212
1695;9
1695;19
1695;27
1695;53
1695;80
1695;214
1696;9
1696;19
1696;24
1696;47
1696;84
1696;190
1697;9
1697;19
1697;23
1697;47
1697;118
1697;235
1698;9
1698;19
1698;24
1698;48
1698;143
1698;191
1699;9
1699;10
1699;24
1699;47
1699;85
1699;191
1700;9
1700;10
1700;24
1700;47
1700;85
1700;167
1701;9
1701;18
1701;24
1701;56
1701;141
1701;170
1702;9
1702;10
1702;24
1702;56
1702;119
1702;169
1703;9
1703;10
1703;24
1703;56
1703;89
1703;169
1704;9
1704;10
1704;24
1704;56
1704;141
1704;198
1705;9
1705;10
1705;24
1705;48
1705;141
1705;169
1706;9
1706;19
1706;28
1706;57
1706;143
1706;198
1707;9
1707;10
1707;24
1707;47
1707;143
1707;169
1708;9
1708;10
1708;26
1708;48
1708;119
1708;207
1709;9
1709;11
1709;27
1709;53
1709;80
1709;266
1710;9
1710;10
1710;28
1710;56
1710;83
1710;166
1711;9
1711;12
1711;28
1711;56
1711;85
1711;198
1712;8
1712;12
1712;27
1712;55
1712;84
1712;169
1713;9
1713;12
1713;26
1713;53
1713;132
1713;169
1714;9
1714;12
1714;26
1714;56
1714;84
1714;169
1715;2
1715;12
1715;28
1715;57
1715;84
1715;168
1716;3
1716;12
1716;28
1716;56
1716;84
1716;280
1717;0
1717;12
1717;27
1717;54
1717;80
1717;162
1718;3
1718;12
1718;27
1718;53
1718;159
1718;160
1719;0
1719;12
1719;27
1719;54
1719;159
1719;160
1720;9
1720;12
1720;23
1720;57
1720;113
1720;170
1721;0
1721;12
1721;28
1721;56
1721;85
1721;169
1722;2
1722;12
1722;35
1722;57
1722;84
1722;169
1723;9
1723;12
1723;35
1723;71
1723;106
1723;399
1724;7
1724;12
1724;35
1724;71
1724;106
1724;325
1725;8
1725;12
1725;28
1725;57
1725;112
1725;169
1726;0
1726;12
1726;28
1726;56
1726;84
1726;169
1727;8
1727;12
1727;26
1727;53
1727;80
1727;169
1728;8
1728;12
1728;27
1728;53
1728;80
1728;170
1729;0
1729;12
1729;27
1729;53
1729;80
1729;214
1730;9
1730;10
1730;26
1730;53
1730;80
1730;187
1731;9
1731;11
1731;27
1731;53
1731;80
1731;214
1732;9
1732;11
1732;26
1732;53
1732;80
1732;211
1733;1
1733;11
1733;26
1733;53
1733;80
1733;212
1734;9
1734;10
1734;27
1734;53
1734;107
1734;187
1735;9
1735;11
1735;27
1735;53
1735;80
1735;187
1736;9
1736;11
1736;21
1736;53
1736;80
1736;186
1737;9
1737;11
1737;21
1737;53
1737;80
1737;187
1738;9
1738;11
1738;21
1738;53
1738;80
1738;187
1739;9
1739;11
1739;27
1739;53
1739;80
1739;187
1740;9
1740;11
1740;27
1740;53
1740;80
1740;187
1741;9
1741;11
1741;27
1741;53
1741;80
1741;187
1742;9
1742;11
1742;27
1742;53
1742;80
1742;187
1743;9
1743;11
1743;20
1743;42
1743;80
1743;187
1744;9
1744;11
1744;21
1744;53
1744;80
1744;187
1745;9
1745;19
1745;22
1745;53
1745;80
1745;264
1746;9
1746;10
1746;21
1746;42
1746;84
1746;187
1747;9
1747;11
1747;21
1747;42
1747;126
1747;187
1748;9
1748;17
1748;26
1748;53
1748;159
1748;160
1749;9
1749;10
1749;27
1749;53
1749;159
1749;187
1750;8
1750;11
1750;27
1750;53
1750;80
1750;187
1751;9
1751;10
1751;27
1751;54
1751;81
1751;161
1752;7
1752;19
1752;25
1752;53
1752;159
1752;187
1753;7
1753;19
1753;21
1753;42
1753;84
1753;189
1754;8
1754;19
1754;21
1754;42
1754;84
1754;208
1755;7
1755;19
1755;21
1755;43
1755;86
1755;195
1756;7
1756;19
1756;21
1756;43
1756;85
1756;169
1757;4
1757;18
1757;27
1757;54
1757;80
1757;161
1758;8
1758;14
1758;27
1758;53
1758;80
1758;187
1759;3
1759;19
1759;26
1759;53
1759;80
1759;187
1760;8
1760;14
1760;27
1760;54
1760;142
1760;199
1761;7
1761;19
1761;28
1761;56
1761;141
1761;170
1762;2
1762;19
1762;21
1762;42
1762;84
1762;168
1763;7
1763;19
1763;21
1763;42
1763;85
1763;191
1764;8
1764;19
1764;20
1764;41
1764;95
1764;348
1765;9
1765;19
1765;32
1765;63
1765;95
1765;341
1766;9
1766;19
1766;32
1766;42
1766;120
1766;439
1767;8
1767;14
1767;24
1767;48
1767;94
1767;413
1768;8
1768;19
1768;27
1768;54
1768;81
1768;163
1769;9
1769;16
1769;24
1769;47
1769;94
1769;285
1770;8
1770;18
1770;24
1770;47
1770;95
1770;283
1771;7
1771;19
1771;24
1771;47
1771;119
1771;166
1772;6
1772;19
1772;24
1772;48
1772;95
1772;215
1773;7
1773;19
1773;23
1773;46
1773;92
1773;234
1774;6
1774;19
1774;21
1774;42
1774;85
1774;211
1775;8
1775;19
1775;21
1775;42
1775;125
1775;168
1776;5
1776;19
1776;21
1776;42
1776;84
1776;168
1777;8
1777;19
1777;20
1777;42
1777;125
1777;167
1778;9
1778;19
1778;23
1778;47
1778;116
1778;192
1779;7
1779;19
1779;23
1779;47
1779;118
1779;260
1780;9
1780;13
1780;23
1780;42
1780;115
1780;167
1781;0
1781;18
1781;35
1781;53
1781;88
1781;174
1782;7
1782;18
1782;36
1782;54
1782;89
1782;215
1783;7
1783;18
1783;35
1783;53
1783;88
1783;212
1784;1
1784;18
1784;36
1784;72
1784;109
1784;218
1785;9
1785;16
1785;39
1785;62
1785;93
1785;177
1786;4
1786;12
1786;28
1786;64
1786;95
1786;169
1787;6
1787;12
1787;28
1787;55
1787;95
1787;169
1788;5
1788;10
1788;23
1788;47
1788;94
1788;169
1789;6
1789;18
1789;23
1789;56
1789;141
1789;189
1790;6
1790;12
1790;21
1790;56
1790;145
1790;213
1791;6
1791;12
1791;28
1791;42
1791;142
1791;167
1792;6
1792;12
1792;24
1792;70
1792;106
1792;247
1793;5
1793;12
1793;24
1793;48
1793;142
1793;249
1794;6
1794;12
1794;23
1794;72
1794;142
1794;249
1795;5
1795;12
1795;36
1795;54
1795;141
1795;198
1796;4
1796;18
1796;35
1796;53
1796;106
1796;247
1797;9
1797;12
1797;36
1797;71
1797;103
1797;213
1798;7
1798;18
1798;35
1798;71
1798;95
1798;213
1799;7
1799;18
1799;36
1799;71
1799;95
1799;160
1800;6
1800;12
1800;24
1800;53
1800;145
1800;169
1801;7
1801;18
1801;24
1801;53
1801;125
1801;169
1802;6
1802;11
1802;24
1802;53
1802;94
1802;169
1803;6
1803;12
1803;35
1803;63
1803;95
1803;253
1804;7
1804;12
1804;20
1804;40
1804;84
1804;170
1805;5
1805;11
1805;26
1805;42
1805;107
1805;253
1806;5
1806;11
1806;27
1806;63
1806;133
1806;160
1807;5
1807;11
1807;26
1807;53
1807;95
1807;160
1808;5
1808;11
1808;32
1808;53
1808;107
1808;187
1809;9
1809;10
1809;36
1809;53
1809;84
1809;160
1810;5
1810;11
1810;35
1810;63
1810;89
1810;253
1811;8
1811;11
1811;35
1811;53
1811;127
1811;211
1812;4
1812;11
1812;35
1812;53
1812;127
1812;169
1813;4
1813;19
1813;20
1813;53
1813;95
1813;211
1814;5
1814;10
1814;26
1814;63
1814;95
1814;164
1815;4
1815;11
1815;23
1815;63
1815;94
1815;187
1816;8
1816;11
1816;24
1816;53
1816;95
1816;240
1817;9
1817;11
1817;24
1817;64
1817;96
1817;187
1818;9
1818;17
1818;34
1818;52
1818;94
1818;172
1819;6
1819;18
1819;35
1819;53
1819;89
1819;186
1820;5
1820;18
1820;36
1820;53
1820;94
1820;160
1821;5
1821;10
1821;36
1821;63
1821;127
1821;169
1822;5
1822;11
1822;21
1822;60
1822;84
1822;169
1823;5
1823;11
1823;22
1823;42
1823;84
1823;282
1824;4
1824;13
1824;27
1824;43
1824;127
1824;170
1825;9
1825;13
1825;24
1825;48
1825;85
1825;215
1826;4
1826;10
1826;24
1826;42
1826;107
1826;167
1827;9
1827;10
1827;22
1827;42
1827;96
1827;160
1828;9
1828;10
1828;24
1828;42
1828;84
1828;213
1829;9
1829;18
1829;36
1829;53
1829;106
1829;253
1830;5
1830;10
1830;24
1830;53
1830;84
1830;252
1831;4
1831;10
1831;24
1831;53
1831;94
1831;258
1832;9
1832;18
1832;36
1832;64
1832;127
1832;183
1833;9
1833;18
1833;36
1833;53
1833;124
1833;164
1834;9
1834;18
1834;35
1834;53
1834;93
1834;250
1835;9
1835;10
1835;35
1835;53
1835;85
1835;255
1836;9
1836;17
1836;36
1836;53
1836;84
1836;252
1837;8
1837;18
1837;35
1837;53
1837;127
1837;169
1838;5
1838;18
1838;32
1838;52
1838;85
1838;169
1839;9
1839;18
1839;36
1839;53
1839;94
1839;252
1840;8
1840;18
1840;24
1840;63
1840;84
1840;254
1841;9
1841;18
1841;36
1841;40
1841;84
1841;252
1842;5
1842;19
1842;37
1842;56
1842;85
1842;264
1843;9
1843;10
1843;24
1843;48
1843;93
1843;264
1844;9
1844;10
1844;24
1844;71
1844;84
1844;253
1845;4
1845;10
1845;24
1845;48
1845;85
1845;255
1846;9
1846;10
1846;36
1846;47
1846;84
1846;262
1847;9
1847;18
1847;23
1847;56
1847;84
1847;253
1848;9
1848;10
1848;36
1848;54
1848;90
1848;254
1849;5
1849;14
1849;24
1849;71
1849;85
1849;253
1850;4
1850;17
1850;24
1850;47
1850;83
1850;253
1851;5
1851;11
1851;24
1851;47
1851;126
1851;184
1852;4
1852;18
1852;37
1852;75
1852;113
1852;187
1853;9
1853;18
1853;37
1853;75
1853;113
1853;193
1854;5
1854;11
1854;36
1854;70
1854;142
1854;197
1855;7
1855;11
1855;24
1855;47
1855;106
1855;177
1856;9
1856;10
1856;28
1856;56
1856;113
1856;197
1857;9
1857;10
1857;37
1857;75
1857;114
1857;188
1858;9
1858;12
1858;26
1858;48
1858;127
1858;260
1859;5
1859;11
1859;26
1859;79
1859;85
1859;168
1860;6
1860;11
1860;28
1860;56
1860;82
1860;190
1861;4
1861;12
1861;28
1861;57
1861;84
1861;168
1862;6
1862;12
1862;28
1862;55
1862;93
1862;166
1863;5
1863;18
1863;26
1863;53
1863;133
1863;160
1864;6
1864;18
1864;25
1864;71
1864;95
1864;167
1865;6
1865;18
1865;28
1865;56
1865;84
1865;168
1866;6
1866;12
1866;28
1866;57
1866;142
1866;284
1867;6
1867;12
1867;27
1867;54
1867;95
1867;298
1868;5
1868;11
1868;26
1868;71
1868;159
1868;160
1869;6
1869;12
1869;27
1869;71
1869;142
1869;168
1870;5
1870;18
1870;35
1870;71
1870;113
1870;198
1871;4
1871;18
1871;28
1871;71
1871;142
1871;169
1872;8
1872;12
1872;35
1872;71
1872;84
1872;168
1873;7
1873;18
1873;36
1873;71
1873;95
1873;169
1874;7
1874;18
1874;35
1874;63
1874;95
1874;338
1875;6
1875;18
1875;28
1875;71
1875;84
1875;169
1876;7
1876;18
1876;28
1876;56
1876;84
1876;212
1877;5
1877;11
1877;26
1877;71
1877;105
1877;169
1878;6
1878;12
1878;27
1878;53
1878;80
1878;212
1879;7
1879;12
1879;27
1879;54
1879;127
1879;215
1880;4
1880;16
1880;27
1880;53
1880;80
1880;160
1881;5
1881;16
1881;27
1881;53
1881;95
1881;214
1882;5
1882;11
1882;26
1882;53
1882;127
1882;213
1883;5
1883;11
1883;26
1883;53
1883;80
1883;213
1884;9
1884;10
1884;27
1884;42
1884;84
1884;161
1885;5
1885;11
1885;26
1885;44
1885;84
1885;291
1886;7
1886;11
1886;23
1886;53
1886;127
1886;253
1887;4
1887;11
1887;24
1887;53
1887;126
1887;253
1888;4
1888;11
1888;31
1888;53
1888;95
1888;253
1889;5
1889;11
1889;23
1889;63
1889;126
1889;164
1890;9
1890;11
1890;26
1890;63
1890;95
1890;189
1891;9
1891;11
1891;24
1891;63
1891;95
1891;312
1892;9
1892;11
1892;20
1892;64
1892;95
1892;187
1893;9
1893;10
1893;21
1893;42
1893;94
1893;297
1894;6
1894;11
1894;21
1894;42
1894;84
1894;169
1895;5
1895;10
1895;21
1895;42
1895;94
1895;168
1896;5
1896;10
1896;21
1896;42
1896;84
1896;212
1897;5
1897;11
1897;21
1897;42
1897;147
1897;253
1898;5
1898;10
1898;26
1898;46
1898;127
1898;187
1899;4
1899;18
1899;27
1899;53
1899;126
1899;293
1900;9
1900;18
1900;21
1900;53
1900;84
1900;162
1901;5
1901;10
1901;27
1901;53
1901;159
1901;160
1902;9
1902;18
1902;25
1902;53
1902;84
1902;169
1903;9
1903;18
1903;24
1903;42
1903;84
1903;188
1904;9
1904;10
1904;27
1904;42
1904;84
1904;252
1905;5
1905;10
1905;25
1905;43
1905;85
1905;253
1906;4
1906;18
1906;24
1906;42
1906;103
1906;257
1907;9
1907;10
1907;23
1907;54
1907;80
1907;253
1908;4
1908;18
1908;23
1908;72
1908;127
1908;253
1909;9
1909;18
1909;27
1909;63
1909;84
1909;253
1910;8
1910;10
1910;26
1910;53
1910;106
1910;295
1911;9
1911;18
1911;24
1911;53
1911;84
1911;253
1912;8
1912;18
1912;21
1912;42
1912;85
1912;168
1913;9
1913;18
1913;21
1913;42
1913;85
1913;169
1914;9
1914;17
1914;21
1914;53
1914;126
1914;252
1915;8
1915;18
1915;24
1915;54
1915;83
1915;390
1916;9
1916;10
1916;23
1916;54
1916;84
1916;160
1917;5
1917;14
1917;37
1917;48
1917;85
1917;189
1918;9
1918;14
1918;27
1918;54
1918;93
1918;253
1919;9
1919;10
1919;23
1919;63
1919;94
1919;254
1920;9
1920;10
1920;24
1920;48
1920;95
1920;253
1921;9
1921;10
1921;24
1921;56
1921;84
1921;169
1922;9
1922;10
1922;24
1922;47
1922;84
1922;213
1923;9
1923;10
1923;23
1923;47
1923;85
1923;189
1924;5
1924;14
1924;24
1924;57
1924;113
1924;188
1925;4
1925;10
1925;24
1925;47
1925;113
1925;227
1926;6
1926;11
1926;25
1926;58
1926;127
1926;169
1927;4
1927;19
1927;37
1927;55
1927;127
1927;185
1928;9
1928;19
1928;28
1928;47
1928;86
1928;193
1929;5
1929;11
1929;28
1929;47
1929;108
1929;196
1930;7
1930;11
1930;24
1930;56
1930;127
1930;169
1931;9
1931;10
1931;28
1931;47
1931;84
1931;191
1932;9
1932;10
1932;24
1932;47
1932;80
1932;169
1933;9
1933;12
1933;26
1933;57
1933;127
1933;186
1934;5
1934;11
1934;27
1934;53
1934;80
1934;168
1935;5
1935;11
1935;28
1935;56
1935;84
1935;169
1936;6
1936;18
1936;24
1936;56
1936;84
1936;223
1937;6
1937;18
1937;27
1937;56
1937;119
1937;219
1938;6
1938;18
1938;27
1938;53
1938;133
1938;160
1939;6
1939;18
1939;24
1939;56
1939;119
1939;167
1940;6
1940;18
1940;28
1940;56
1940;84
1940;280
1941;6
1941;18
1941;28
1941;56
1941;85
1941;282
1942;6
1942;18
1942;26
1942;56
1942;159
1942;163
1943;6
1943;18
1943;26
1943;53
1943;159
1943;160
1944;6
1944;18
1944;26
1944;53
1944;159
1944;212
1945;6
1945;18
1945;28
1945;57
1945;85
1945;170
1946;6
1946;18
1946;28
1946;57
1946;84
1946;170
1947;6
1947;18
1947;36
1947;40
1947;83
1947;251
1948;6
1948;18
1948;24
1948;56
1948;84
1948;399
1949;6
1949;18
1949;24
1949;53
1949;95
1949;366
1950;6
1950;18
1950;28
1950;57
1950;112
1950;170
1951;6
1951;18
1951;28
1951;57
1951;85
1951;226
1952;6
1952;18
1952;27
1952;54
1952;81
1952;160
1953;6
1953;18
1953;26
1953;53
1953;80
1953;211
1954;6
1954;17
1954;27
1954;54
1954;134
1954;214
1955;5
1955;18
1955;27
1955;53
1955;80
1955;213
1956;5
1956;16
1956;27
1956;53
1956;80
1956;214
1957;5
1957;16
1957;26
1957;53
1957;80
1957;211
1958;5
1958;16
1958;26
1958;53
1958;80
1958;212
1959;5
1959;16
1959;27
1959;53
1959;159
1959;186
1960;5
1960;16
1960;26
1960;53
1960;107
1960;291
1961;5
1961;16
1961;21
1961;53
1961;80
1961;215
1962;5
1962;16
1962;21
1962;53
1962;80
1962;293
1963;5
1963;16
1963;21
1963;53
1963;84
1963;169
1964;5
1964;16
1964;21
1964;53
1964;156
1964;202
1965;5
1965;16
1965;21
1965;53
1965;158
1965;203
1966;5
1966;16
1966;21
1966;53
1966;80
1966;195
1967;5
1967;18
1967;20
1967;53
1967;80
1967;214
1968;5
1968;19
1968;21
1968;42
1968;80
1968;213
1969;5
1969;16
1969;20
1969;53
1969;80
1969;198
1970;5
1970;16
1970;22
1970;53
1970;80
1970;275
1971;5
1971;16
1971;21
1971;42
1971;84
1971;275
1972;5
1972;16
1972;21
1972;42
1972;147
1972;167
1973;9
1973;18
1973;26
1973;53
1973;80
1973;269
1974;4
1974;18
1974;27
1974;53
1974;80
1974;212
1975;4
1975;18
1975;27
1975;54
1975;81
1975;162
1976;9
1976;18
1976;27
1976;53
1976;159
1976;160
1977;9
1977;18
1977;23
1977;42
1977;153
1977;170
1978;9
1978;18
1978;21
1978;42
1978;83
1978;188
1979;9
1979;18
1979;21
1979;42
1979;84
1979;274
1980;9
1980;18
1980;21
1980;42
1980;85
1980;233
1981;9
1981;18
1981;21
1981;42
1981;85
1981;190
1982;9
1982;18
1982;26
1982;54
1982;80
1982;160
1983;9
1983;18
1983;22
1983;42
1983;81
1983;160
1984;4
1984;18
1984;27
1984;53
1984;132
1984;214
1985;4
1985;18
1985;26
1985;53
1985;81
1985;294
1986;4
1986;18
1986;27
1986;53
1986;80
1986;187
1987;4
1987;18
1987;21
1987;42
1987;85
1987;169
1988;4
1988;18
1988;21
1988;42
1988;84
1988;169
1989;4
1989;19
1989;20
1989;41
1989;85
1989;385
1990;4
1990;17
1990;21
1990;42
1990;84
1990;378
1991;9
1991;17
1991;23
1991;46
1991;115
1991;424
1992;9
1992;15
1992;24
1992;48
1992;97
1992;357
1993;9
1993;10
1993;27
1993;55
1993;83
1993;277
1994;9
1994;17
1994;24
1994;47
1994;95
1994;353
1995;9
1995;19
1995;24
1995;47
1995;94
1995;461
1996;9
1996;17
1996;24
1996;47
1996;119
1996;166
1997;9
1997;19
1997;24
1997;47
1997;95
1997;284
1998;9
1998;19
1998;24
1998;47
1998;94
1998;282
1999;9
1999;10
1999;24
1999;47
1999;119
1999;168
2000;9
2000;12
2000;24
2000;48
2000;95
2000;191
2001;9
2001;10
2001;24
2001;47
2001;96
2001;190
2002;3
2002;18
2002;24
2002;48
2002;94
2002;283
2003;3
2003;10
2003;24
2003;47
2003;95
2003;168
2004;2
2004;17
2004;25
2004;47
2004;95
2004;167
2005;6
2005;19
2005;24
2005;47
2005;96
2005;191
2006;3
2006;19
2006;23
2006;48
2006;96
2006;168
2007;3
2007;19
2007;23
2007;47
2007;96
2007;167
2008;3
2008;13
2008;24
2008;48
2008;85
2008;190
2009;3
2009;19
2009;24
2009;47
2009;95
2009;168
2010;7
2010;11
2010;24
2010;47
2010;119
2010;283
2011;2
2011;19
2011;27
2011;47
2011;95
2011;167
2012;2
2012;18
2012;23
2012;48
2012;96
2012;190
2013;2
2013;19
2013;24
2013;48
2013;84
2013;168
2014;2
2014;19
2014;24
2014;47
2014;94
2014;193
2015;2
2015;19
2015;27
2015;48
2015;94
2015;190
2016;2
2016;19
2016;21
2016;48
2016;95
2016;166
2017;3
2017;10
2017;24
2017;47
2017;119
2017;282
2018;2
2018;16
2018;23
2018;47
2018;95
2018;167
2019;3
2019;19
2019;24
2019;47
2019;95
2019;188
2020;9
2020;19
2020;23
2020;47
2020;96
2020;165
2021;2
2021;19
2021;24
2021;47
2021;94
2021;190
2022;5
2022;19
2022;24
2022;48
2022;96
2022;167
2023;3
2023;17
2023;24
2023;48
2023;96
2023;163
2024;1
2024;19
2024;24
2024;42
2024;83
2024;222
2025;5
2025;19
2025;24
2025;47
2025;95
2025;204
2026;3
2026;19
2026;24
2026;47
2026;91
2026;166
2027;3
2027;19
2027;23
2027;48
2027;94
2027;214
2028;2
2028;17
2028;24
2028;47
2028;95
2028;166
2029;9
2029;19
2029;24
2029;47
2029;90
2029;165
2030;0
2030;14
2030;24
2030;48
2030;95
2030;170
2031;0
2031;10
2031;20
2031;40
2031;142
2031;160
