0;0
0;13
0;37
0;52
0;114
0;460
1;4
1;15
1;20
1;78
1;155
1;372
2;5
2;12
2;37
2;40
2;146
2;277
3;3
3;19
3;32
3;61
3;146
3;160
4;8
4;18
4;30
4;62
4;89
4;492
5;0
5;19
5;31
5;47
5;125
5;445
6;9
6;18
6;30
6;45
6;145
6;163
7;1
7;19
7;27
7;54
7;80
7;160
8;0
8;17
8;30
8;60
8;90
8;304
9;4
9;19
9;25
9;47
9;125
9;260
10;0
10;17
10;24
10;53
10;124
10;281
11;5
11;11
11;31
11;47
11;94
11;276
12;8
12;17
12;29
12;60
12;89
12;284
13;8
13;19
13;31
13;47
13;94
13;189
14;2
14;17
14;29
14;45
14;89
14;160
15;7
15;19
15;31
15;47
15;94
15;189
16;0
16;18
16;29
16;45
16;89
16;160
17;9
17;19
17;30
17;47
17;96
17;165
18;5
18;19
18;30
18;55
18;91
18;166
19;9
19;19
19;26
19;52
19;132
19;160
20;9
20;19
20;30
20;60
20;152
20;243
21;8
21;19
21;30
21;60
21;149
21;268
22;8
22;19
22;27
22;54
22;91
22;266
23;5
23;19
23;26
23;53
23;80
23;161
24;9
24;19
24;30
24;60
24;120
24;268
25;1
25;19
25;30
25;59
25;149
25;238
26;9
26;19
26;27
26;54
26;90
26;317
27;5
27;19
27;26
27;53
27;132
27;291
28;0
28;19
28;32
28;61
28;90
28;160
29;0
29;19
29;32
29;47
29;94
29;189
30;9
30;19
30;32
30;72
30;120
30;235
31;3
31;19
31;23
31;47
31;94
31;164
32;2
32;19
32;20
32;40
32;90
32;273
33;8
33;19
33;20
33;60
33;158
33;317
34;9
34;18
34;26
34;45
34;147
34;176
35;2
35;19
35;26
35;52
35;133
35;160
36;9
36;18
36;26
36;45
36;80
36;498
37;5
37;19
37;29
37;59
37;158
37;161
38;9
38;18
38;24
38;73
38;144
38;169
39;2
39;19
39;24
39;49
39;96
39;240
40;9
40;18
40;22
40;49
40;90
40;295
41;8
41;18
41;22
41;59
41;89
41;279
42;9
42;18
42;26
42;45
42;132
42;160
43;7
43;19
43;29
43;59
43;89
43;321
44;9
44;18
44;26
44;45
44;90
44;160
45;0
45;19
45;29
45;59
45;89
45;179
46;9
46;18
46;26
46;45
46;90
46;160
47;1
47;19
47;29
47;59
47;88
47;179
48;9
48;17
48;27
48;44
48;80
48;160
49;1
49;18
49;26
49;45
49;89
49;160
50;0
50;18
50;26
50;53
50;159
50;160
51;9
51;18
51;23
51;44
51;89
51;325
52;2
52;18
52;22
52;49
52;156
52;262
53;1
53;18
53;22
53;74
53;145
53;255
54;3
54;18
54;24
54;72
54;120
54;263
55;9
55;19
55;26
55;45
55;102
55;264
56;6
56;18
56;22
56;45
56;80
56;283
57;7
57;18
57;27
57;44
57;89
57;304
58;9
58;18
58;22
58;45
58;80
58;321
59;0
59;18
59;27
59;45
59;89
59;160
60;0
60;18
60;22
60;45
60;80
60;186
61;9
61;18
61;27
61;45
61;89
61;160
62;1
62;18
62;22
62;45
62;80
62;186
63;9
63;18
63;27
63;45
63;89
63;160
64;4
64;18
64;22
64;45
64;80
64;186
65;0
65;19
65;31
65;40
65;107
65;195
66;1
66;17
66;30
66;60
66;90
66;241
67;9
67;19
67;31
67;40
67;80
67;180
68;8
68;17
68;32
68;60
68;80
68;160
69;9
69;19
69;32
69;57
69;131
69;238
70;0
70;17
70;28
70;59
70;134
70;161
71;9
71;19
71;30
71;59
71;119
71;296
72;7
72;17
72;25
72;76
72;118
72;297
73;8
73;19
73;24
73;40
73;80
73;297
74;8
74;17
74;22
74;40
74;135
74;284
75;9
75;19
75;31
75;40
75;80
75;189
76;7
76;17
76;22
76;40
76;94
76;165
77;9
77;19
77;31
77;40
77;126
77;283
78;7
78;18
78;22
78;40
78;81
78;201
79;9
79;18
79;31
79;48
79;80
79;189
80;8
80;11
80;32
80;41
80;80
80;182
81;3
81;19
81;34
81;60
81;147
81;251
82;1
82;19
82;30
82;61
82;154
82;247
83;8
83;19
83;24
83;60
83;90
83;484
84;7
84;19
84;31
84;40
84;95
84;499
85;0
85;19
85;27
85;60
85;134
85;160
86;8
86;19
86;29
86;60
86;84
86;165
87;1
87;19
87;26
87;52
87;90
87;273
88;8
88;19
88;23
88;47
88;95
88;282
89;9
89;19
89;24
89;60
89;91
89;267
90;1
90;19
90;31
90;40
90;94
90;284
91;8
91;19
91;30
91;48
91;91
91;181
92;2
92;19
92;31
92;40
92;94
92;190
93;9
93;19
93;31
93;40
93;91
93;181
94;4
94;19
94;31
94;40
94;94
94;175
95;8
95;19
95;31
95;48
95;91
95;181
96;4
96;19
96;26
96;44
96;89
96;160
97;2
97;18
97;31
97;54
97;150
97;162
98;5
98;18
98;26
98;52
98;156
98;162
99;1
99;19
99;20
99;53
99;107
99;485
100;8
100;18
100;26
100;71
100;107
100;406
101;7
101;18
101;27
101;53
101;132
101;265
102;4
102;18
102;30
102;72
102;90
102;243
103;4
103;19
103;24
103;71
103;107
103;278
104;8
104;18
104;22
104;44
104;87
104;283
105;4
105;19
105;23
105;40
105;106
105;278
106;9
106;18
106;26
106;44
106;89
106;284
107;8
107;19
107;20
107;40
107;107
107;161
108;9
108;18
108;26
108;44
108;89
108;160
109;7
109;19
109;20
109;40
109;89
109;162
110;9
110;19
110;27
110;72
110;80
110;179
111;8
111;17
111;26
111;71
111;125
111;161
112;9
112;17
112;32
112;53
112;141
112;245
113;0
113;18
113;26
113;53
113;156
113;163
114;2
114;18
114;26
114;53
114;154
114;401
115;2
115;18
115;27
115;53
115;81
115;381
116;5
116;18
116;23
116;52
116;134
116;264
117;3
117;18
117;27
117;54
117;80
117;295
118;2
118;18
118;23
118;67
118;90
118;268
119;7
119;18
119;22
119;67
119;89
119;268
120;4
120;18
120;22
120;67
120;89
120;268
121;7
121;19
121;22
121;67
121;90
121;291
122;8
122;18
122;22
122;67
122;89
122;268
123;7
123;18
123;22
123;67
123;89
123;268
124;1
124;18
124;22
124;67
124;89
124;268
125;0
125;18
125;22
125;67
125;90
125;268
126;4
126;19
126;21
126;53
126;80
126;330
127;9
127;12
127;20
127;54
127;81
127;270
128;4
128;13
128;39
128;40
128;145
128;214
129;4
129;14
129;30
129;59
129;150
129;275
130;4
130;13
130;31
130;47
130;125
130;484
131;4
131;12
131;29
131;45
131;89
131;471
132;4
132;12
132;39
132;57
132;141
132;168
133;4
133;12
133;31
133;61
133;121
133;186
134;4
134;12
134;24
134;47
134;81
134;289
135;4
135;12
135;24
135;63
135;81
135;160
136;4
136;12
136;31
136;47
136;126
136;252
137;4
137;12
137;20
137;40
137;89
137;493
138;4
138;12
138;31
138;47
138;94
138;188
139;3
139;10
139;20
139;48
139;80
139;492
140;4
140;12
140;31
140;47
140;94
140;163
141;4
141;12
141;20
141;60
141;93
141;484
142;4
142;12
142;20
142;47
142;126
142;161
143;4
143;12
143;32
143;47
143;95
143;324
144;4
144;12
144;31
144;56
144;143
144;230
145;4
145;12
145;30
145;60
145;121
145;243
146;4
146;12
146;30
146;61
146;89
146;297
147;7
147;10
147;28
147;60
147;83
147;179
148;4
148;14
148;27
148;54
148;105
148;266
149;7
149;10
149;32
149;64
149;120
149;271
150;4
150;12
150;31
150;59
150;149
150;178
151;3
151;13
151;27
151;47
151;133
151;162
152;3
152;19
152;27
152;53
152;132
152;266
153;3
153;19
153;32
153;47
153;90
153;486
154;8
154;19
154;32
154;60
154;90
154;178
155;7
155;19
155;24
155;72
155;119
155;166
156;8
156;19
156;23
156;69
156;93
156;257
157;1
157;19
157;20
157;40
157;103
157;233
158;4
158;19
158;23
158;60
158;94
158;397
159;5
159;10
159;20
159;54
159;159
159;163
160;4
160;18
160;25
160;53
160;131
160;262
161;6
161;10
161;26
161;52
161;87
161;492
162;4
162;10
162;27
162;60
162;147
162;257
163;3
163;10
163;26
163;71
163;142
163;166
164;2
164;10
164;25
164;54
164;80
164;273
165;2
165;10
165;23
165;71
165;80
165;260
166;2
166;19
166;20
166;46
166;159
166;160
167;2
167;19
167;26
167;40
167;80
167;313
168;2
168;10
168;30
168;60
168;89
168;239
169;2
169;10
169;26
169;44
169;80
169;160
170;3
170;19
170;29
170;59
170;89
170;339
171;4
171;11
171;26
171;45
171;130
171;291
172;2
172;10
172;29
172;60
172;141
172;249
173;2
173;10
173;27
173;44
173;80
173;160
174;2
174;18
174;27
174;45
174;89
174;322
175;2
175;10
175;27
175;53
175;80
175;162
176;2
176;10
176;26
176;52
176;135
176;161
177;2
177;10
177;22
177;45
177;80
177;164
178;8
178;10
178;21
178;54
178;159
178;160
179;4
179;13
179;24
179;75
179;145
179;170
180;3
180;10
180;20
180;53
180;106
180;272
181;4
181;12
181;21
181;44
181;80
181;267
182;3
182;19
182;27
182;49
182;85
182;160
183;3
183;19
183;22
183;40
183;80
183;209
184;3
184;18
184;27
184;40
184;89
184;340
185;1
185;18
185;23
185;45
185;80
185;161
186;6
186;18
186;22
186;45
186;89
186;341
187;9
187;18
187;22
187;45
187;80
187;160
188;9
188;18
188;27
188;53
188;89
188;490
189;0
189;18
189;22
189;45
189;80
189;185
190;7
190;10
190;30
190;41
190;88
190;189
191;4
191;12
191;30
191;58
191;88
191;237
192;7
192;10
192;25
192;40
192;87
192;486
193;4
193;12
193;20
193;47
193;87
193;161
194;3
194;12
194;28
194;59
194;141
194;170
195;4
195;12
195;29
195;60
195;147
195;183
196;4
196;12
196;29
196;59
196;89
196;177
197;4
197;12
197;25
197;50
197;94
197;284
198;4
198;12
198;24
198;40
198;86
198;162
199;4
199;12
199;24
199;40
199;89
199;287
200;4
200;12
200;32
200;40
200;80
200;493
201;4
201;12
201;39
201;40
201;89
201;170
202;5
202;12
202;32
202;48
202;80
202;494
203;4
203;12
203;20
203;61
203;92
203;167
204;4
204;12
204;33
204;47
204;126
204;160
205;4
205;12
205;20
205;63
205;95
205;160
206;4
206;12
206;33
206;47
206;152
206;164
207;4
207;12
207;30
207;59
207;90
207;174
208;4
208;12
208;31
208;60
208;94
208;490
209;4
209;13
209;30
209;48
209;89
209;465
210;5
210;12
210;27
210;79
210;132
210;265
211;4
211;11
211;20
211;59
211;81
211;161
212;4
212;13
212;29
212;58
212;89
212;270
213;4
213;10
213;24
213;63
213;84
213;160
214;3
214;19
214;23
214;40
214;89
214;285
215;3
215;19
215;31
215;40
215;95
215;285
216;3
216;19
216;30
216;60
216;89
216;160
217;3
217;19
217;31
217;40
217;95
217;341
218;3
218;19
218;24
218;40
218;137
218;276
219;3
219;19
219;31
219;40
219;95
219;262
220;3
220;19
220;30
220;48
220;90
220;180
221;9
221;10
221;20
221;43
221;81
221;341
222;4
222;12
222;27
222;54
222;133
222;160
223;8
223;10
223;20
223;56
223;83
223;487
224;4
224;12
224;29
224;40
224;88
224;498
225;3
225;10
225;26
225;53
225;146
225;171
226;2
226;10
226;25
226;50
226;136
226;167
227;2
227;10
227;25
227;51
227;80
227;258
228;2
228;19
228;20
228;58
228;136
228;253
229;3
229;19
229;20
229;49
229;81
229;161
230;2
230;10
230;39
230;40
230;82
230;160
231;2
231;10
231;21
231;53
231;105
231;493
232;3
232;19
232;20
232;40
232;137
232;166
233;6
233;13
233;27
233;53
233;144
233;493
234;3
234;11
234;29
234;40
234;138
234;276
235;2
235;15
235;35
235;53
235;106
235;489
236;2
236;10
236;25
236;40
236;80
236;163
237;2
237;10
237;34
237;53
237;131
237;260
238;2
238;18
238;26
238;53
238;158
238;160
239;2
239;10
239;27
239;53
239;106
239;454
240;2
240;10
240;27
240;45
240;80
240;468
241;6
241;10
241;20
241;52
241;138
241;261
242;4
242;18
242;26
242;79
242;132
242;264
243;6
243;10
243;23
243;45
243;138
243;160
244;4
244;18
244;22
244;45
244;89
244;178
245;3
245;18
245;22
245;67
245;90
245;268
246;3
246;19
246;22
246;67
246;89
246;268
247;5
247;10
247;22
247;67
247;89
247;268
248;4
248;15
248;22
248;67
248;89
248;268
249;5
249;10
249;22
249;67
249;89
249;268
250;4
250;10
250;22
250;67
250;89
250;267
251;3
251;18
251;22
251;53
251;90
251;270
252;3
252;19
252;20
252;42
252;84
252;266
253;5
253;13
253;39
253;79
253;80
253;160
254;4
254;15
254;39
254;40
254;80
254;279
255;4
255;13
255;39
255;40
255;80
255;471
256;4
256;10
256;23
256;40
256;80
256;279
257;8
257;16
257;36
257;71
257;106
257;249
258;8
258;16
258;35
258;71
258;107
258;283
259;8
259;16
259;34
259;40
259;120
259;281
260;8
260;16
260;39
260;40
260;80
260;278
261;8
261;16
261;27
261;54
261;80
261;164
262;8
262;16
262;30
262;60
262;90
262;240
263;8
263;16
263;30
263;59
263;89
263;237
264;8
264;16
264;30
264;74
264;85
264;265
265;8
265;16
265;27
265;53
265;80
265;264
266;8
266;16
266;26
266;52
266;106
266;486
267;8
267;16
267;30
267;40
267;90
267;440
268;8
268;16
268;30
268;60
268;89
268;323
269;8
269;16
269;30
269;59
269;118
269;236
270;8
270;16
270;29
270;60
270;82
270;194
271;8
271;15
271;26
271;52
271;131
271;238
272;7
272;10
272;27
272;54
272;80
272;424
273;4
273;14
273;25
273;51
273;106
273;292
274;6
274;10
274;24
274;46
274;84
274;304
275;4
275;19
275;20
275;40
275;145
275;177
276;3
276;17
276;39
276;42
276;135
276;488
277;9
277;18
277;20
277;60
277;139
277;239
278;5
278;19
278;20
278;60
278;140
278;222
279;6
279;17
279;26
279;40
279;122
279;193
280;5
280;18
280;25
280;50
280;80
280;241
281;7
281;18
281;30
281;60
281;150
281;180
282;4
282;17
282;30
282;59
282;142
282;172
283;4
283;12
283;29
283;41
283;159
283;261
284;5
284;10
284;25
284;42
284;129
284;256
285;4
285;10
285;23
285;47
285;143
285;177
286;5
286;10
286;22
286;42
286;89
286;476
287;4
287;10
287;30
287;47
287;144
287;264
288;3
288;10
288;35
288;48
288;143
288;176
289;9
289;10
289;35
289;47
289;147
289;236
290;9
290;10
290;30
290;60
290;90
290;241
291;9
291;10
291;30
291;60
291;89
291;241
292;9
292;10
292;30
292;48
292;142
292;168
293;9
293;10
293;29
293;59
293;89
293;212
294;9
294;10
294;22
294;59
294;134
294;178
295;9
295;10
295;22
295;45
295;156
295;178
296;9
296;10
296;24
296;48
296;149
296;177
297;9
297;10
297;23
297;45
297;148
297;182
298;9
298;10
298;20
298;44
298;89
298;273
299;9
299;10
299;20
299;45
299;89
299;340
300;9
300;10
300;23
300;48
300;143
300;237
301;9
301;10
301;24
301;47
301;149
301;165
302;9
302;10
302;22
302;44
302;154
302;307
303;9
303;10
303;25
303;41
303;82
303;162
304;4
304;13
304;24
304;48
304;142
304;310
305;4
305;10
305;23
305;42
305;80
305;236
306;4
306;11
306;23
306;45
306;158
306;178
307;3
307;11
307;23
307;44
307;144
307;179
308;3
308;12
308;24
308;48
308;149
308;308
309;6
309;11
309;23
309;47
309;149
309;491
310;4
310;13
310;23
310;47
310;135
310;182
311;5
311;15
311;29
311;60
311;123
311;255
312;5
312;15
312;36
312;54
312;159
312;161
313;1
313;14
313;28
313;53
313;133
313;187
314;8
314;12
314;24
314;61
314;134
314;206
315;6
315;10
315;20
315;42
315;82
315;486
316;4
316;16
316;39
316;40
316;80
316;279
317;6
317;10
317;39
317;40
317;159
317;160
318;4
318;16
318;39
318;40
318;80
318;318
319;3
319;16
319;36
319;72
319;109
319;254
320;8
320;16
320;33
320;70
320;81
320;282
321;8
321;16
321;36
321;40
321;120
321;391
322;8
322;16
322;39
322;40
322;120
322;281
323;8
323;16
323;27
323;53
323;119
323;342
324;8
324;15
324;26
324;79
324;80
324;163
325;8
325;16
325;30
325;59
325;90
325;326
326;8
326;16
326;30
326;60
326;90
326;476
327;8
327;16
327;30
327;60
327;148
327;223
328;8
328;16
328;26
328;53
328;158
328;264
329;8
329;16
329;24
329;47
329;90
329;166
330;8
330;16
330;23
330;47
330;138
330;236
331;8
331;16
331;30
331;67
331;104
331;268
332;8
332;16
332;27
332;52
332;80
332;264
333;8
333;17
333;27
333;53
333;134
333;263
334;8
334;15
334;26
334;60
334;104
334;171
335;5
335;13
335;27
335;79
335;133
335;266
336;4
336;16
336;27
336;52
336;80
336;263
337;5
337;13
337;24
337;47
337;142
337;236
338;3
338;16
338;22
338;47
338;80
338;177
339;3
339;18
339;39
339;40
339;158
339;239
340;9
340;18
340;20
340;40
340;159
340;238
341;6
341;18
341;20
341;48
341;80
341;494
342;6
342;16
342;39
342;47
342;133
342;477
343;7
343;18
343;26
343;54
343;152
343;256
344;8
344;18
344;30
344;60
344;90
344;179
345;6
345;19
345;30
345;59
345;89
345;267
346;8
346;10
346;25
346;60
346;82
346;340
347;4
347;10
347;30
347;48
347;159
347;474
348;7
348;10
348;20
348;42
348;85
348;308
349;4
349;10
349;29
349;54
349;149
349;283
350;3
350;10
350;25
350;60
350;90
350;392
351;3
351;10
351;35
351;47
351;95
351;192
352;9
352;10
352;30
352;59
352;90
352;186
353;9
353;10
353;30
353;60
353;89
353;241
354;9
354;10
354;30
354;60
354;89
354;486
355;9
355;10
355;30
355;59
355;148
355;237
356;9
356;10
356;30
356;59
356;90
356;493
357;9
357;10
357;20
357;59
357;158
357;178
358;9
358;10
358;30
358;40
358;140
358;180
359;9
359;10
359;35
359;46
359;149
359;166
360;9
360;10
360;34
360;55
360;137
360;194
361;9
361;10
361;37
361;44
361;120
361;236
362;9
362;10
362;22
362;45
362;138
362;495
363;9
363;10
363;24
363;47
363;142
363;166
364;9
364;10
364;22
364;45
364;148
364;490
365;9
365;10
365;22
365;45
365;148
365;276
366;6
366;10
366;25
366;48
366;120
366;162
367;4
367;10
367;24
367;47
367;149
367;237
368;6
368;11
368;20
368;45
368;158
368;318
369;4
369;11
369;22
369;44
369;158
369;178
370;3
370;12
370;24
370;47
370;141
370;235
371;3
371;12
371;24
371;47
371;142
371;238
372;5
372;10
372;22
372;45
372;136
372;317
373;4
373;10
373;23
373;45
373;81
373;257
374;5
374;19
374;20
374;58
374;123
374;238
375;4
375;15
375;24
375;60
375;138
375;259
376;3
376;14
376;26
376;47
376;144
376;274
377;3
377;15
377;25
377;42
377;81
377;167
378;5
378;13
378;30
378;59
378;88
378;208
379;4
379;15
379;30
379;60
379;90
379;179
380;4
380;16
380;30
380;60
380;90
380;239
381;3
381;16
381;30
381;60
381;89
381;269
382;8
382;16
382;30
382;59
382;89
382;268
383;8
383;16
383;30
383;60
383;89
383;269
384;8
384;16
384;30
384;60
384;119
384;269
385;8
385;16
385;25
385;59
385;120
385;160
386;8
386;16
386;27
386;53
386;159
386;317
387;8
387;15
387;27
387;53
387;159
387;186
388;8
388;16
388;27
388;53
388;159
388;160
389;8
389;16
389;23
389;47
389;119
389;258
390;8
390;16
390;23
390;60
390;90
390;259
391;8
391;16
391;20
391;60
391;119
391;238
392;8
392;18
392;35
392;53
392;119
392;241
393;8
393;18
393;36
393;53
393;124
393;249
394;8
394;18
394;36
394;53
394;124
394;249
395;7
395;18
395;35
395;53
395;124
395;247
396;7
396;18
396;35
396;53
396;124
396;248
397;6
397;10
397;20
397;53
397;124
397;248
398;4
398;18
398;30
398;52
398;89
398;250
399;6
399;10
399;25
399;42
399;145
399;342
400;4
400;16
400;30
400;40
400;114
400;177
401;3
401;16
401;27
401;40
401;159
401;161
402;7
402;16
402;30
402;59
402;89
402;268
403;7
403;16
403;30
403;60
403;90
403;239
404;7
404;16
404;30
404;40
404;124
404;179
405;8
405;16
405;36
405;40
405;142
405;248
406;9
406;16
406;30
406;40
406;159
406;160
407;9
407;15
407;29
407;60
407;120
407;263
408;8
408;13
408;30
408;59
408;89
408;268
409;6
409;10
409;30
409;60
409;119
409;268
410;4
410;10
410;30
410;60
410;119
410;268
411;5
411;10
411;30
411;60
411;119
411;268
412;4
412;10
412;30
412;60
412;89
412;268
413;3
413;10
413;30
413;59
413;120
413;299
414;3
414;10
414;36
414;53
414;90
414;248
415;9
415;10
415;30
415;60
415;90
415;179
416;9
416;10
416;30
416;60
416;90
416;160
417;9
417;10
417;26
417;53
417;80
417;262
418;9
418;10
418;27
418;79
418;80
418;160
419;9
419;10
419;27
419;79
419;80
419;160
420;9
420;10
420;26
420;52
420;80
420;160
421;9
421;10
421;24
421;53
421;89
421;309
422;9
422;10
422;22
422;54
422;80
422;182
423;9
423;10
423;23
423;47
423;140
423;258
424;9
424;10
424;24
424;47
424;142
424;260
425;9
425;10
425;23
425;47
425;118
425;178
426;9
426;10
426;30
426;54
426;80
426;492
427;9
427;10
427;27
427;54
427;89
427;178
428;9
428;10
428;20
428;41
428;80
428;260
429;4
429;13
429;23
429;55
429;143
429;510
430;3
430;14
430;25
430;42
430;80
430;474
431;4
431;11
431;23
431;45
431;158
431;178
432;3
432;11
432;25
432;54
432;81
432;161
433;3
433;18
433;35
433;53
433;88
433;229
434;5
434;18
434;35
434;54
434;89
434;182
435;9
435;10
435;23
435;71
435;89
435;179
436;7
436;15
436;22
436;41
436;91
436;229
437;4
437;19
437;20
437;60
437;89
437;278
438;9
438;19
438;20
438;60
438;99
438;487
439;7
439;13
439;39
439;40
439;139
439;203
440;7
440;10
440;20
440;40
440;108
440;486
441;4
441;16
441;30
441;40
441;89
441;237
442;6
442;10
442;30
442;59
442;89
442;238
443;4
443;19
443;30
443;59
443;89
443;238
444;3
444;19
444;30
444;59
444;89
444;239
445;8
445;16
445;30
445;60
445;89
445;268
446;8
446;16
446;30
446;60
446;89
446;239
447;8
447;16
447;30
447;40
447;121
447;237
448;8
448;16
448;26
448;53
448;85
448;268
449;8
449;16
449;26
449;53
449;80
449;212
450;8
450;19
450;27
450;53
450;80
450;265
451;8
451;16
451;27
451;53
451;134
451;432
452;8
452;16
452;24
452;48
452;95
452;239
453;8
453;18
453;22
453;60
453;89
453;180
454;8
454;16
454;35
454;60
454;136
454;264
455;8
455;18
455;36
455;53
455;124
455;248
456;8
456;18
456;35
456;53
456;106
456;248
457;8
457;18
457;36
457;71
457;106
457;248
458;8
458;18
458;35
458;71
458;106
458;248
459;8
459;17
459;35
459;53
459;106
459;160
460;5
460;18
460;35
460;53
460;107
460;462
461;4
461;18
461;30
461;42
461;84
461;211
462;5
462;19
462;20
462;40
462;145
462;230
463;4
463;19
463;20
463;67
463;159
463;160
464;9
464;10
464;30
464;59
464;140
464;264
465;9
465;10
465;30
465;59
465;89
465;267
466;2
466;16
466;29
466;59
466;119
466;300
467;9
467;16
467;30
467;40
467;120
467;300
468;1
468;16
468;36
468;72
468;143
468;177
469;7
469;16
469;35
469;70
469;105
469;211
470;4
470;14
470;25
470;71
470;89
470;461
471;9
471;10
471;25
471;41
471;81
471;433
472;4
472;10
472;36
472;59
472;147
472;176
473;7
473;10
473;20
473;60
473;90
473;269
474;4
474;10
474;36
474;60
474;89
474;180
475;3
475;10
475;20
475;63
475;157
475;258
476;3
476;18
476;27
476;79
476;80
476;239
477;3
477;18
477;27
477;79
477;80
477;160
478;9
478;18
478;27
478;52
478;135
478;266
479;9
479;10
479;29
479;56
479;145
479;337
480;9
480;10
480;26
480;53
480;80
480;264
481;9
481;10
481;27
481;53
481;80
481;266
482;9
482;10
482;27
482;53
482;131
482;243
483;9
483;10
483;22
483;54
483;80
483;215
484;9
484;10
484;24
484;48
484;140
484;237
485;9
485;10
485;24
485;47
485;94
485;284
486;8
486;18
486;24
486;71
486;95
486;261
487;7
487;17
487;30
487;48
487;149
487;179
488;9
488;15
488;31
488;47
488;80
488;162
489;8
489;18
489;35
489;68
489;141
489;160
490;8
490;18
490;21
490;43
490;80
490;162
491;9
491;14
491;24
491;47
491;143
491;198
492;9
492;19
492;24
492;46
492;138
492;164
493;6
493;10
493;20
493;44
493;131
493;196
494;4
494;15
494;20
494;59
494;155
494;165
495;3
495;19
495;39
495;59
495;98
495;196
496;3
496;18
496;35
496;52
496;132
496;318
497;5
497;14
497;26
497;53
497;132
497;166
498;4
498;13
498;26
498;42
498;132
498;308
499;5
499;13
499;24
499;44
499;159
499;163
500;4
500;11
500;38
500;56
500;148
500;161
501;3
501;17
501;34
501;70
501;138
501;297
502;3
502;18
502;27
502;40
502;80
502;174
503;5
503;13
503;30
503;60
503;90
503;179
504;4
504;14
504;25
504;42
504;81
504;162
505;5
505;11
505;22
505;48
505;136
505;473
506;4
506;12
506;32
506;61
506;120
506;198
507;4
507;12
507;30
507;60
507;120
507;208
508;4
508;12
508;28
508;59
508;120
508;208
509;4
509;12
509;33
509;40
509;120
509;245
510;4
510;12
510;27
510;61
510;81
510;160
511;4
511;12
511;30
511;60
511;150
511;180
512;4
512;12
512;30
512;60
512;90
512;181
513;4
513;12
513;20
513;60
513;81
513;236
514;8
514;10
514;20
514;60
514;104
514;178
515;4
515;12
515;30
515;60
515;89
515;211
516;4
516;12
516;30
516;60
516;89
516;208
517;4
517;12
517;34
517;59
517;90
517;244
518;4
518;12
518;30
518;71
518;125
518;248
519;4
519;12
519;26
519;79
519;80
519;266
520;4
520;12
520;26
520;40
520;104
520;492
521;4
521;12
521;20
521;60
521;120
521;315
522;7
522;10
522;20
522;42
522;86
522;317
523;4
523;14
523;26
523;53
523;105
523;290
524;6
524;10
524;27
524;54
524;80
524;269
525;4
525;16
525;32
525;53
525;106
525;162
526;3
526;16
526;26
526;57
526;87
526;160
527;9
527;10
527;26
527;53
527;107
527;184
528;5
528;13
528;27
528;53
528;133
528;186
529;4
529;13
529;26
529;52
529;132
529;262
530;6
530;18
530;24
530;47
530;95
530;187
531;7
531;18
531;24
531;47
531;107
531;189
532;4
532;17
532;24
532;48
532;95
532;190
533;4
533;19
533;24
533;47
533;95
533;188
534;5
534;10
534;31
534;48
534;142
534;234
535;4
535;10
535;20
535;47
535;149
535;178
536;5
536;10
536;26
536;48
536;159
536;327
537;4
537;10
537;20
537;47
537;143
537;454
538;3
538;10
538;30
538;60
538;91
538;161
539;2
539;10
539;30
539;60
539;89
539;179
540;2
540;10
540;30
540;60
540;149
540;179
541;2
541;10
541;30
541;59
541;89
541;328
542;2
542;10
542;30
542;60
542;89
542;267
543;2
543;10
543;30
543;59
543;90
543;181
544;2
544;10
544;22
544;59
544;89
544;178
545;9
545;10
545;32
545;45
545;151
545;178
546;4
546;10
546;35
546;71
546;106
546;249
547;2
547;10
547;35
547;70
547;105
547;248
548;3
548;10
548;29
548;45
548;90
548;475
549;2
549;10
549;22
549;45
549;89
549;474
550;2
550;10
550;26
550;49
550;106
550;265
551;2
551;10
551;26
551;45
551;80
551;160
552;2
552;10
552;27
552;53
552;80
552;186
553;2
553;10
553;25
553;42
553;84
553;185
554;4
554;13
554;26
554;53
554;131
554;265
555;3
555;10
555;26
555;43
555;82
555;342
556;4
556;11
556;22
556;45
556;158
556;178
557;3
557;11
557;27
557;48
557;82
557;161
558;3
558;12
558;27
558;55
558;82
558;165
559;6
559;11
559;26
559;53
559;80
559;185
560;4
560;13
560;26
560;52
560;132
560;184
561;5
561;14
561;24
561;48
561;142
561;309
562;0
562;15
562;23
562;47
562;142
562;306
563;0
563;14
563;24
563;47
563;142
563;190
564;8
564;12
564;23
564;48
564;159
564;205
565;6
565;10
565;39
565;40
565;105
565;161
566;4
566;12
566;39
566;40
566;80
566;239
567;7
567;10
567;25
567;42
567;80
567;485
568;4
568;12
568;32
568;40
568;80
568;190
569;3
569;12
569;35
569;71
569;141
569;176
570;4
570;12
570;35
570;71
570;143
570;250
571;4
571;12
571;20
571;40
571;121
571;438
572;4
572;12
572;39
572;40
572;120
572;420
573;4
573;12
573;28
573;56
573;82
573;240
574;4
574;12
574;30
574;60
574;120
574;269
575;4
575;12
575;30
575;60
575;119
575;298
576;4
576;12
576;27
576;59
576;119
576;239
577;5
577;10
577;26
577;53
577;107
577;239
578;4
578;12
578;27
578;54
578;83
578;274
579;4
579;12
579;30
579;53
579;120
579;482
580;4
580;12
580;20
580;59
580;118
580;482
581;4
581;12
581;27
581;54
581;109
581;270
582;4
582;12
582;30
582;40
582;119
582;238
583;4
583;12
583;26
583;53
583;106
583;214
584;4
584;11
584;26
584;53
584;80
584;319
585;5
585;12
585;27
585;53
585;106
585;239
586;4
586;12
586;27
586;53
586;80
586;265
587;4
587;13
587;27
587;53
587;107
587;320
588;4
588;16
588;27
588;62
588;159
588;160
589;9
589;10
589;27
589;53
589;80
589;238
590;9
590;10
590;26
590;53
590;80
590;238
591;6
591;18
591;24
591;48
591;95
591;237
592;6
592;16
592;23
592;47
592;132
592;235
593;5
593;18
593;24
593;62
593;118
593;188
594;6
594;18
594;24
594;71
594;118
594;307
595;6
595;19
595;24
595;71
595;95
595;308
596;5
596;17
596;38
596;40
596;119
596;238
597;8
597;19
597;39
597;40
597;80
597;278
598;3
598;19
598;39
598;41
598;80
598;239
599;9
599;15
599;39
599;40
599;118
599;259
600;9
600;18
600;35
600;70
600;108
600;175
601;9
601;18
601;35
601;71
601;106
601;178
602;9
602;15
602;34
602;40
602;120
602;179
603;9
603;10
603;25
603;71
603;120
603;160
604;9
604;10
604;30
604;60
604;146
604;164
605;9
605;10
605;30
605;60
605;90
605;270
606;9
606;10
606;30
606;60
606;90
606;268
607;9
607;15
607;30
607;59
607;89
607;268
608;9
608;15
608;31
608;69
608;155
608;270
609;9
609;15
609;35
609;71
609;106
609;283
610;9
610;10
610;20
610;40
610;90
610;269
611;9
611;10
611;20
611;40
611;89
611;270
612;9
612;10
612;25
612;53
612;130
612;258
613;9
613;19
613;20
613;53
613;133
613;266
614;9
614;19
614;20
614;53
614;133
614;266
615;9
615;18
615;27
615;53
615;133
615;266
616;9
616;17
616;27
616;53
616;133
616;239
617;8
617;15
617;30
617;53
617;132
617;265
618;6
618;15
618;29
618;47
618;118
618;306
619;4
619;13
619;27
619;45
619;158
619;486
620;3
620;13
620;25
620;51
620;152
620;309
621;3
621;18
621;24
621;47
621;95
621;260
622;5
622;12
622;23
622;41
622;81
622;182
623;4
623;19
623;20
623;41
623;80
623;320
624;5
624;10
624;20
624;59
624;118
624;281
625;4
625;15
625;20
625;60
625;120
625;160
626;3
626;19
626;20
626;40
626;118
626;372
627;3
627;17
627;20
627;40
627;81
627;277
628;3
628;16
628;30
628;61
628;146
628;186
629;7
629;18
629;30
629;60
629;89
629;506
630;9
630;19
630;31
630;47
630;80
630;447
631;9
631;17
631;29
631;59
631;80
631;265
632;8
632;11
632;27
632;79
632;80
632;160
633;0
633;17
633;30
633;60
633;90
633;271
634;8
634;19
634;25
634;47
634;83
634;261
635;2
635;17
635;24
635;59
635;120
635;281
636;0
636;11
636;31
636;48
636;134
636;276
637;8
637;17
637;33
637;51
637;133
637;450
638;8
638;19
638;31
638;47
638;80
638;485
639;8
639;18
639;29
639;51
639;134
639;235
640;6
640;18
640;31
640;47
640;134
640;447
641;7
641;18
641;29
641;54
641;81
641;239
642;9
642;18
642;30
642;63
642;137
642;168
643;5
643;19
643;31
643;55
643;133
643;166
644;8
644;19
644;26
644;52
644;132
644;160
645;8
645;19
645;30
645;60
645;152
645;243
646;8
646;19
646;30
646;59
646;149
646;268
647;9
647;19
647;27
647;61
647;120
647;265
648;9
648;19
648;26
648;53
648;80
648;267
649;8
649;19
649;30
649;60
649;149
649;268
650;8
650;19
650;30
650;59
650;149
650;238
651;8
651;19
651;27
651;54
651;132
651;317
652;8
652;19
652;26
652;53
652;132
652;238
653;3
653;19
653;32
653;53
653;90
653;237
654;8
654;19
654;32
654;47
654;94
654;194
655;8
655;19
655;24
655;70
655;119
655;237
656;0
656;19
656;23
656;70
656;117
656;165
657;7
657;19
657;20
657;40
657;90
657;285
658;9
658;19
658;20
658;48
658;80
658;471
659;9
659;18
659;26
659;67
659;147
659;175
660;8
660;18
660;26
660;52
660;133
660;213
661;6
661;18
661;26
661;45
661;89
661;497
662;0
662;17
662;29
662;40
662;159
662;161
663;9
663;18
663;24
663;72
663;144
663;169
664;0
664;19
664;26
664;71
664;107
664;269
665;9
665;19
665;22
665;72
665;133
665;294
666;0
666;18
666;23
666;71
666;106
666;230
667;9
667;18
667;26
667;45
667;106
667;160
668;6
668;19
668;29
668;59
668;89
668;321
669;9
669;18
669;22
669;45
669;106
669;160
670;8
670;19
670;29
670;59
670;80
670;161
671;8
671;18
671;26
671;45
671;90
671;160
672;9
672;19
672;29
672;59
672;80
672;163
673;9
673;17
673;27
673;52
673;89
673;160
674;9
674;18
674;26
674;53
674;81
674;267
675;7
675;18
675;27
675;53
675;159
675;160
676;7
676;18
676;26
676;44
676;89
676;290
677;8
677;18
677;22
677;44
677;157
677;261
678;1
678;18
678;26
678;74
678;145
678;256
679;4
679;18
679;24
679;72
679;121
679;264
680;9
680;19
680;25
680;52
680;104
680;267
681;8
681;18
681;20
681;44
681;80
681;282
682;9
682;18
682;27
682;45
682;80
682;304
683;8
683;18
683;22
683;45
683;80
683;320
684;8
684;18
684;27
684;45
684;80
684;160
685;9
685;18
685;22
685;45
685;80
685;186
686;5
686;18
686;27
686;45
686;81
686;160
687;9
687;18
687;22
687;79
687;80
687;161
688;9
688;18
688;27
688;45
688;81
688;160
689;4
689;18
689;22
689;44
689;81
689;186
690;9
690;13
690;31
690;40
690;107
690;195
691;8
691;17
691;30
691;59
691;90
691;301
692;9
692;19
692;32
692;40
692;80
692;190
693;8
693;17
693;32
693;72
693;80
693;178
694;8
694;19
694;27
694;57
694;132
694;186
695;8
695;17
695;28
695;59
695;135
695;162
696;8
696;19
696;29
696;59
696;89
696;295
697;8
697;17
697;25
697;76
697;120
697;284
698;9
698;19
698;32
698;40
698;80
698;297
699;9
699;17
699;32
699;59
699;133
699;284
700;8
700;19
700;31
700;40
700;95
700;189
701;8
701;17
701;22
701;40
701;80
701;166
702;9
702;19
702;31
702;40
702;80
702;262
703;8
703;17
703;22
703;40
703;81
703;266
704;9
704;18
704;31
704;40
704;80
704;191
705;8
705;11
705;24
705;70
705;98
705;192
706;5
706;19
706;30
706;61
706;155
706;168
707;9
707;19
707;31
707;61
707;154
707;161
708;8
708;19
708;30
708;60
708;90
708;508
709;8
709;19
709;31
709;40
709;94
709;467
710;8
710;19
710;27
710;59
710;134
710;160
711;3
711;19
711;30
711;60
711;151
711;165
712;8
712;19
712;26
712;52
712;90
712;268
713;8
713;19
713;23
713;70
713;94
713;282
714;9
714;19
714;24
714;60
714;91
714;264
715;2
715;19
715;31
715;63
715;152
715;167
716;0
716;19
716;30
716;48
716;153
716;230
717;8
717;19
717;31
717;40
717;134
717;167
718;8
718;19
718;31
718;40
718;152
718;165
719;8
719;19
719;31
719;40
719;134
719;172
720;7
720;19
720;31
720;58
720;142
720;202
721;8
721;19
721;26
721;54
721;137
721;164
722;5
722;19
722;31
722;54
722;150
722;162
723;7
723;19
723;26
723;52
723;156
723;162
724;8
724;19
724;20
724;53
724;138
724;488
725;0
725;18
725;27
725;71
725;134
725;470
726;0
726;19
726;27
726;53
726;132
726;160
727;9
727;18
727;30
727;60
727;90
727;241
728;0
728;19
728;24
728;69
728;107
728;279
729;9
729;18
729;22
729;67
729;141
729;290
730;8
730;19
730;20
730;58
730;137
730;278
731;7
731;18
731;26
731;53
731;134
731;164
732;7
732;19
732;20
732;53
732;143
732;161
733;9
733;18
733;26
733;78
733;137
733;164
734;8
734;19
734;20
734;72
734;80
734;163
735;9
735;17
735;27
735;78
735;141
735;160
736;8
736;17
736;26
736;68
736;80
736;164
737;8
737;17
737;32
737;69
737;141
737;245
738;2
738;12
738;27
738;53
738;136
738;163
739;8
739;16
739;26
739;53
739;141
739;402
740;7
740;11
740;25
740;53
740;136
740;381
741;0
741;19
741;26
741;53
741;133
741;264
742;2
742;11
742;27
742;54
742;80
742;295
743;2
743;18
743;23
743;68
743;89
743;269
744;8
744;16
744;22
744;67
744;89
744;268
745;9
745;19
745;22
745;67
745;89
745;267
746;6
746;18
746;22
746;67
746;89
746;291
747;8
747;16
747;22
747;67
747;89
747;290
748;9
748;14
748;22
748;67
748;89
748;268
749;6
749;19
749;22
749;67
749;89
749;268
750;3
750;14
750;22
750;61
750;149
750;268
751;2
751;19
751;21
751;77
751;80
751;311
752;9
752;19
752;21
752;43
752;148
752;425
753;5
753;13
753;39
753;40
753;159
753;212
754;4
754;15
754;20
754;59
754;136
754;162
755;5
755;13
755;20
755;59
755;148
755;474
756;4
756;15
756;20
756;60
756;119
756;471
757;4
757;12
757;29
757;56
757;138
757;167
758;4
758;12
758;30
758;62
758;92
758;184
759;4
759;12
759;25
759;53
759;80
759;175
760;4
760;12
760;27
760;60
760;159
760;160
761;4
761;12
761;20
761;47
761;80
761;251
762;4
762;12
762;20
762;40
762;149
762;492
763;4
763;12
763;31
763;47
763;94
763;173
764;3
764;10
764;29
764;41
764;82
764;493
765;4
765;12
765;31
765;47
765;125
765;179
766;4
766;12
766;20
766;60
766;80
766;482
767;4
767;12
767;20
767;63
767;126
767;194
768;4
768;12
768;32
768;47
768;95
768;336
769;4
769;12
769;29
769;56
769;143
769;233
770;4
770;12
770;30
770;60
770;121
770;244
771;4
771;12
771;30
771;59
771;89
771;297
772;7
772;10
772;28
772;60
772;117
772;172
773;4
773;19
773;27
773;54
773;80
773;266
774;6
774;10
774;32
774;64
774;121
774;167
775;4
775;12
775;30
775;60
775;149
775;178
776;3
776;16
776;27
776;58
776;88
776;276
777;3
777;16
777;27
777;53
777;132
777;266
778;3
778;16
778;32
778;47
778;119
778;339
779;2
779;16
779;20
779;40
779;90
779;177
780;7
780;16
780;24
780;71
780;118
780;167
781;9
781;16
781;23
781;69
781;93
781;257
782;8
782;19
782;20
782;44
782;99
782;237
783;0
783;13
783;24
783;59
783;94
783;397
784;5
784;10
784;20
784;54
784;159
784;160
785;4
785;10
785;24
785;53
785;131
785;265
786;5
786;10
786;26
786;53
786;132
786;470
787;4
787;10
787;36
787;72
787;147
787;256
788;3
788;10
788;23
788;73
788;144
788;168
789;2
789;10
789;25
789;54
789;144
789;273
790;2
790;10
790;23
790;71
790;133
790;260
791;2
791;19
791;20
791;53
791;159
791;160
792;2
792;18
792;26
792;53
792;107
792;160
793;2
793;18
793;23
793;53
793;106
793;160
794;2
794;10
794;22
794;53
794;106
794;211
795;3
795;10
795;29
795;53
795;158
795;210
796;4
796;18
796;22
796;53
796;80
796;291
797;2
797;12
797;26
797;48
797;142
797;249
798;3
798;10
798;23
798;55
798;132
798;178
799;2
799;10
799;27
799;54
799;81
799;161
800;2
800;17
800;27
800;53
800;80
800;162
801;2
801;10
801;26
801;54
801;134
801;161
802;2
802;10
802;23
802;54
802;132
802;215
803;2
803;10
803;20
803;42
803;159
803;162
804;4
804;13
804;24
804;75
804;145
804;170
805;3
805;10
805;27
805;53
805;106
805;272
806;4
806;19
806;21
806;53
806;106
806;288
807;3
807;10
807;27
807;54
807;82
807;161
808;3
808;10
808;21
808;55
808;80
808;281
809;9
809;10
809;26
809;54
809;89
809;340
810;6
810;11
810;27
810;71
810;89
810;197
811;9
811;18
811;27
811;72
811;90
811;174
812;9
812;10
812;36
812;71
812;89
812;179
813;9
813;19
813;27
813;68
813;103
813;208
814;9
814;17
814;22
814;44
814;88
814;174
815;6
815;10
815;30
815;41
815;80
815;186
816;4
816;12
816;29
816;58
816;88
816;237
817;7
817;10
817;25
817;60
817;84
817;177
818;4
818;12
818;20
818;75
818;80
818;185
819;3
819;12
819;28
819;59
819;140
819;257
820;4
820;12
820;30
820;61
820;88
820;162
821;4
821;12
821;30
821;59
821;89
821;266
822;4
822;12
822;25
822;50
822;131
822;284
823;4
823;12
823;24
823;48
823;86
823;239
824;4
824;12
824;24
824;40
824;89
824;287
825;4
825;12
825;32
825;48
825;127
825;493
826;4
826;12
826;30
826;40
826;134
826;175
827;5
827;16
827;32
827;40
827;80
827;493
828;4
828;12
828;30
828;41
828;152
828;172
829;4
829;12
829;20
829;40
829;119
829;177
830;4
830;12
830;20
830;40
830;95
830;160
831;4
831;12
831;33
831;47
831;150
831;164
832;4
832;12
832;30
832;59
832;90
832;183
833;4
833;12
833;29
833;60
833;155
833;471
834;4
834;16
834;30
834;40
834;86
834;503
835;5
835;12
835;20
835;53
835;132
835;265
836;4
836;12
836;30
836;57
836;92
836;277
837;4
837;19
837;29
837;58
837;89
837;270
838;4
838;10
838;24
838;40
838;84
838;160
839;3
839;16
839;24
839;57
839;151
839;242
840;3
840;16
840;30
840;59
840;148
840;329
841;3
841;16
841;20
841;40
841;90
841;455
842;7
842;16
842;30
842;40
842;95
842;327
843;0
843;16
843;29
843;69
843;137
843;269
844;9
844;16
844;29
844;59
844;118
844;266
845;5
845;14
845;26
845;53
845;80
845;286
846;9
846;10
846;25
846;41
846;85
846;169
847;4
847;13
847;27
847;54
847;159
847;160
848;7
848;10
848;24
848;56
848;159
848;160
849;4
849;13
849;36
849;54
849;88
849;404
850;3
850;10
850;26
850;53
850;147
850;171
851;2
851;10
851;25
851;71
851;136
851;163
852;2
852;10
852;25
852;52
852;80
852;161
853;2
853;19
853;20
853;79
853;80
853;254
854;2
854;19
854;20
854;54
854;81
854;160
855;2
855;18
855;27
855;54
855;80
855;161
856;2
856;10
856;23
856;54
856;105
856;471
857;3
857;10
857;20
857;79
857;80
857;466
858;6
858;10
858;22
858;54
858;132
858;260
859;3
859;13
859;27
859;53
859;80
859;290
860;2
860;10
860;26
860;52
860;131
860;263
861;2
861;10
861;22
861;44
861;89
861;264
862;2
862;17
862;34
862;53
862;131
862;260
863;2
863;10
863;26
863;53
863;157
863;160
864;2
864;10
864;27
864;53
864;106
864;454
865;2
865;18
865;27
865;53
865;80
865;464
866;6
866;10
866;26
866;52
866;138
866;261
867;4
867;18
867;26
867;79
867;132
867;264
868;6
868;10
868;23
868;45
868;138
868;272
869;4
869;18
869;22
869;45
869;89
869;267
870;3
870;18
870;22
870;67
870;90
870;269
871;3
871;19
871;22
871;67
871;89
871;268
872;5
872;10
872;22
872;67
872;89
872;268
873;4
873;14
873;22
873;67
873;89
873;268
874;5
874;12
874;22
874;67
874;89
874;268
875;4
875;13
875;22
875;67
875;89
875;283
876;3
876;19
876;22
876;67
876;112
876;282
877;3
877;19
877;24
877;72
877;119
877;273
878;8
878;19
878;26
878;53
878;80
878;277
879;8
879;14
879;27
879;54
879;81
879;294
880;9
880;16
880;27
880;53
880;80
880;294
881;8
881;14
881;26
881;52
881;105
881;163
882;8
882;16
882;27
882;53
882;107
882;240
883;9
883;10
883;26
883;54
883;159
883;239
884;8
884;16
884;24
884;60
884;80
884;239
885;8
885;17
885;20
885;45
885;85
885;243
886;8
886;16
886;27
886;53
886;80
886;265
887;8
887;15
887;26
887;54
887;80
887;294
888;9
888;16
888;24
888;48
888;97
888;239
889;9
889;19
889;22
889;44
889;153
889;168
890;8
890;15
890;24
890;40
890;153
890;165
891;7
891;15
891;30
891;46
891;80
891;161
892;8
892;15
892;24
892;47
892;94
892;262
893;9
893;15
893;26
893;53
893;134
893;242
894;6
894;15
894;27
894;53
894;159
894;186
895;9
895;16
895;26
895;46
895;152
895;164
896;9
896;15
896;24
896;53
896;130
896;511
897;9
897;13
897;21
897;55
897;135
897;230
898;9
898;15
898;26
898;53
898;132
898;264
899;9
899;10
899;27
899;54
899;106
899;167
900;9
900;15
900;24
900;40
900;80
900;316
901;8
901;16
901;27
901;54
901;84
901;217
902;9
902;10
902;27
902;53
902;80
902;266
903;9
903;16
903;25
903;48
903;145
903;168
904;9
904;16
904;24
904;47
904;94
904;213
905;9
905;16
905;24
905;54
905;80
905;243
906;9
906;12
906;25
906;52
906;105
906;291
907;8
907;16
907;24
907;48
907;121
907;243
908;9
908;15
908;23
908;47
908;141
908;342
909;9
909;10
909;29
909;55
909;138
909;257
910;9
910;13
910;26
910;53
910;80
910;289
911;8
911;10
911;26
911;52
911;106
911;292
912;8
912;11
912;22
912;53
912;106
912;508
913;9
913;13
913;27
913;54
913;96
913;247
914;9
914;13
914;27
914;53
914;80
914;264
915;1
915;13
915;25
915;48
915;96
915;286
916;9
916;11
916;31
916;52
916;83
916;171
917;7
917;13
917;26
917;53
917;80
917;265
918;9
918;12
918;22
918;54
918;99
918;265
919;9
919;13
919;24
919;47
919;96
919;239
920;9
920;11
920;24
920;55
920;143
920;162
921;8
921;13
921;26
921;53
921;146
921;238
922;9
922;13
922;22
922;53
922;147
922;500
923;9
923;13
923;23
923;53
923;142
923;478
924;9
924;13
924;22
924;54
924;80
924;458
925;9
925;13
925;27
925;53
925;159
925;160
926;9
926;11
926;27
926;53
926;80
926;239
927;9
927;11
927;24
927;47
927;95
927;314
928;9
928;14
928;20
928;41
928;146
928;160
929;9
929;11
929;27
929;53
929;158
929;240
930;9
930;14
930;21
930;59
930;158
930;162
931;9
931;13
931;30
931;40
931;104
931;344
932;9
932;14
932;29
932;66
932;85
932;173
933;9
933;12
933;27
933;79
933;80
933;160
934;8
934;13
934;26
934;53
934;134
934;290
935;9
935;11
935;27
935;53
935;80
935;293
936;9
936;13
936;26
936;53
936;80
936;264
937;9
937;11
937;27
937;53
937;134
937;294
938;9
938;13
938;26
938;52
938;131
938;206
939;9
939;11
939;20
939;53
939;102
939;162
940;9
940;11
940;35
940;75
940;85
940;170
941;2
941;16
941;27
941;53
941;80
941;160
942;4
942;16
942;30
942;60
942;90
942;179
943;5
943;16
943;30
943;60
943;90
943;271
944;5
944;16
944;27
944;59
944;81
944;211
945;4
945;16
945;26
945;52
945;159
945;238
946;7
946;16
946;23
946;47
946;94
946;208
947;6
947;16
947;30
947;40
947;80
947;504
948;9
948;16
948;20
948;53
948;89
948;170
949;1
949;17
949;23
949;47
949;141
949;235
950;7
950;18
950;24
950;47
950;142
950;165
951;9
951;18
951;23
951;47
951;141
951;162
952;3
952;18
952;24
952;48
952;143
952;161
953;9
953;18
953;24
953;47
953;142
953;165
954;4
954;16
954;20
954;40
954;141
954;467
955;8
955;16
955;30
955;40
955;80
955;239
956;8
956;16
956;34
956;60
956;86
956;490
957;8
957;17
957;35
957;60
957;107
957;196
958;8
958;18
958;36
958;53
958;107
958;178
959;8
959;18
959;30
959;60
959;82
959;213
960;5
960;16
960;20
960;42
960;142
960;170
961;4
961;17
961;30
961;42
961;87
961;237
962;5
962;13
962;20
962;75
962;134
962;261
963;4
963;16
963;30
963;40
963;136
963;259
964;9
964;16
964;27
964;79
964;80
964;264
965;9
965;18
965;24
965;41
965;85
965;254
966;6
966;18
966;27
966;53
966;105
966;214
967;6
967;18
967;27
967;53
967;80
967;266
968;3
968;18
968;27
968;53
968;133
968;238
969;6
969;17
969;30
969;40
969;125
969;213
970;6
970;14
970;25
970;53
970;107
970;259
971;8
971;10
971;25
971;42
971;81
971;179
972;4
972;10
972;26
972;79
972;80
972;267
973;7
973;10
973;30
973;60
973;90
973;211
974;4
974;10
974;30
974;59
974;89
974;265
975;3
975;10
975;20
975;61
975;91
975;391
976;3
976;10
976;26
976;53
976;133
976;289
977;9
977;10
977;24
977;71
977;121
977;392
978;9
978;10
978;30
978;60
978;107
978;240
979;9
979;10
979;35
979;53
979;80
979;495
980;9
980;10
980;23
980;59
980;81
980;499
981;9
981;10
981;22
981;54
981;116
981;478
982;9
982;18
982;24
982;47
982;142
982;308
983;9
983;18
983;24
983;54
983;142
983;238
984;9
984;18
984;23
984;47
984;94
984;329
985;9
985;18
985;24
985;47
985;94
985;284
986;8
986;18
986;23
986;54
986;104
986;182
987;6
987;18
987;25
987;49
987;148
987;237
988;6
988;11
988;23
988;47
988;142
988;308
989;9
989;19
989;24
989;47
989;142
989;307
990;6
990;18
990;35
990;49
990;149
990;482
991;9
991;10
991;35
991;47
991;159
991;247
992;4
992;19
992;21
992;52
992;133
992;251
993;5
993;11
993;22
993;45
993;157
993;260
994;3
994;11
994;22
994;47
994;158
994;160
995;4
995;12
995;26
995;69
995;80
995;196
996;6
996;12
996;35
996;47
996;149
996;172
997;5
997;13
997;27
997;54
997;134
997;160
998;4
998;13
998;23
998;47
998;105
998;185
999;5
999;15
999;27
999;53
999;157
999;210
1000;1
1000;15
1000;27
1000;53
1000;80
1000;239
1001;5
1001;14
1001;26
1001;40
1001;142
1001;254
1002;8
1002;13
1002;26
1002;41
1002;82
1002;264
1003;5
1003;13
1003;32
1003;64
1003;131
1003;258
1004;4
1004;14
1004;31
1004;58
1004;80
1004;161
1005;4
1005;13
1005;30
1005;59
1005;90
1005;269
1006;4
1006;15
1006;32
1006;59
1006;80
1006;476
1007;8
1007;16
1007;30
1007;53
1007;104
1007;287
1008;8
1008;16
1008;25
1008;51
1008;90
1008;340
1009;8
1009;16
1009;23
1009;40
1009;118
1009;308
1010;8
1010;16
1010;24
1010;47
1010;159
1010;160
1011;8
1011;16
1011;24
1011;47
1011;94
1011;166
1012;8
1012;19
1012;23
1012;47
1012;89
1012;166
1013;8
1013;18
1013;24
1013;47
1013;95
1013;238
1014;8
1014;18
1014;24
1014;60
1014;90
1014;241
1015;8
1015;18
1015;30
1015;40
1015;156
1015;160
1016;8
1016;16
1016;30
1016;59
1016;148
1016;166
1017;8
1017;16
1017;30
1017;59
1017;118
1017;239
1018;8
1018;16
1018;30
1018;59
1018;159
1018;489
1019;8
1019;18
1019;22
1019;47
1019;149
1019;166
1020;7
1020;14
1020;30
1020;60
1020;148
1020;238
1021;7
1021;13
1021;30
1021;60
1021;89
1021;236
1022;6
1022;10
1022;20
1022;42
1022;80
1022;487
1023;4
1023;13
1023;35
1023;47
1023;141
1023;165
1024;6
1024;10
1024;24
1024;42
1024;142
1024;343
1025;4
1025;16
1025;32
1025;47
1025;146
1025;382
1026;3
1026;19
1026;37
1026;59
1026;120
1026;370
1027;3
1027;17
1027;35
1027;61
1027;106
1027;177
1028;3
1028;18
1028;36
1028;53
1028;126
1028;181
1029;8
1029;16
1029;24
1029;48
1029;86
1029;175
1030;9
1030;19
1030;32
1030;63
1030;158
1030;307
1031;1
1031;18
1031;35
1031;60
1031;86
1031;210
1032;8
1032;17
1032;30
1032;60
1032;91
1032;165
1033;1
1033;17
1033;36
1033;41
1033;87
1033;246
1034;6
1034;10
1034;20
1034;55
1034;80
1034;160
1035;4
1035;10
1035;27
1035;79
1035;80
1035;160
1036;5
1036;10
1036;30
1036;60
1036;90
1036;179
1037;4
1037;10
1037;30
1037;59
1037;152
1037;276
1038;3
1038;10
1038;26
1038;53
1038;80
1038;237
1039;9
1039;10
1039;22
1039;71
1039;107
1039;160
1040;9
1040;10
1040;24
1040;60
1040;90
1040;308
1041;9
1041;10
1041;30
1041;59
1041;90
1041;161
1042;9
1042;10
1042;24
1042;48
1042;107
1042;238
1043;9
1043;10
1043;29
1043;60
1043;107
1043;185
1044;9
1044;10
1044;24
1044;48
1044;95
1044;304
1045;9
1045;10
1045;24
1045;47
1045;95
1045;182
1046;9
1046;10
1046;24
1046;47
1046;94
1046;282
1047;9
1047;10
1047;26
1047;53
1047;80
1047;178
1048;9
1048;10
1048;26
1048;53
1048;106
1048;291
1049;9
1049;10
1049;22
1049;59
1049;81
1049;328
1050;9
1050;10
1050;27
1050;53
1050;135
1050;261
1051;9
1051;10
1051;27
1051;53
1051;80
1051;160
1052;9
1052;10
1052;24
1052;47
1052;95
1052;235
1053;9
1053;10
1053;22
1053;43
1053;80
1053;490
1054;4
1054;13
1054;23
1054;47
1054;142
1054;165
1055;4
1055;14
1055;24
1055;48
1055;143
1055;238
1056;4
1056;11
1056;35
1056;66
1056;149
1056;160
1057;3
1057;11
1057;35
1057;71
1057;82
1057;161
1058;3
1058;12
1058;24
1058;40
1058;118
1058;160
1059;6
1059;13
1059;37
1059;40
1059;158
1059;276
1060;4
1060;13
1060;28
1060;58
1060;80
1060;180
1061;4
1061;19
1061;27
1061;53
1061;107
1061;293
1062;4
1062;19
1062;26
1062;79
1062;106
1062;290
1063;5
1063;18
1063;26
1063;53
1063;132
1063;265
1064;4
1064;19
1064;27
1064;79
1064;80
1064;265
1065;6
1065;10
1065;31
1065;41
1065;87
1065;253
1066;4
1066;16
1066;27
1066;53
1066;80
1066;291
1067;6
1067;10
1067;26
1067;53
1067;80
1067;265
1068;4
1068;14
1068;26
1068;53
1068;80
1068;263
1069;3
1069;16
1069;27
1069;53
1069;80
1069;265
1070;8
1070;16
1070;27
1070;53
1070;80
1070;265
1071;8
1071;16
1071;26
1071;52
1071;80
1071;264
1072;8
1072;19
1072;23
1072;47
1072;118
1072;186
1073;8
1073;19
1073;24
1073;47
1073;118
1073;239
1074;8
1074;19
1074;24
1074;71
1074;95
1074;261
1075;8
1075;16
1075;23
1075;47
1075;92
1075;272
1076;8
1076;19
1076;24
1076;70
1076;80
1076;280
1077;8
1077;16
1077;23
1077;46
1077;92
1077;241
1078;8
1078;17
1078;30
1078;60
1078;139
1078;241
1079;8
1079;16
1079;25
1079;59
1079;150
1079;241
1080;8
1080;16
1080;30
1080;59
1080;145
1080;266
1081;8
1081;16
1081;30
1081;59
1081;120
1081;489
1082;8
1082;15
1082;30
1082;60
1082;89
1082;241
1083;8
1083;16
1083;30
1083;60
1083;89
1083;241
1084;8
1084;15
1084;21
1084;41
1084;82
1084;170
1085;5
1085;13
1085;22
1085;42
1085;81
1085;262
1086;4
1086;16
1086;25
1086;42
1086;80
1086;185
1087;5
1087;13
1087;32
1087;40
1087;152
1087;300
1088;4
1088;10
1088;27
1088;73
1088;159
1088;160
1089;9
1089;17
1089;30
1089;59
1089;89
1089;267
1090;9
1090;10
1090;30
1090;60
1090;120
1090;302
1091;2
1091;16
1091;36
1091;72
1091;107
1091;285
1092;5
1092;10
1092;35
1092;70
1092;142
1092;176
1093;7
1093;18
1093;31
1093;63
1093;89
1093;484
1094;7
1094;13
1094;20
1094;40
1094;90
1094;486
1095;4
1095;13
1095;30
1095;61
1095;88
1095;168
1096;9
1096;10
1096;24
1096;60
1096;90
1096;179
1097;4
1097;10
1097;32
1097;60
1097;89
1097;179
1098;9
1098;10
1098;31
1098;59
1098;89
1098;178
1099;4
1099;10
1099;26
1099;41
1099;123
1099;212
1100;3
1100;10
1100;27
1100;43
1100;80
1100;266
1101;3
1101;10
1101;20
1101;53
1101;80
1101;160
1102;9
1102;10
1102;26
1102;79
1102;80
1102;265
1103;9
1103;10
1103;27
1103;45
1103;134
1103;266
1104;9
1104;10
1104;26
1104;45
1104;143
1104;160
1105;9
1105;10
1105;26
1105;53
1105;80
1105;160
1106;9
1106;10
1106;26
1106;53
1106;80
1106;160
1107;9
1107;10
1107;20
1107;53
1107;134
1107;182
1108;6
1108;19
1108;27
1108;45
1108;80
1108;199
1109;3
1109;19
1109;24
1109;48
1109;141
1109;285
1110;8
1110;19
1110;23
1110;47
1110;94
1110;282
1111;9
1111;19
1111;24
1111;71
1111;107
1111;238
1112;9
1112;19
1112;23
1112;53
1112;80
1112;166
1113;9
1113;17
1113;34
1113;50
1113;159
1113;161
1114;8
1114;19
1114;21
1114;42
1114;148
1114;161
1115;8
1115;19
1115;23
1115;46
1115;80
1115;160
1116;9
1116;19
1116;23
1116;47
1116;141
1116;208
1117;9
1117;19
1117;22
1117;44
1117;131
1117;326
1118;8
1118;19
1118;21
1118;42
1118;148
1118;444
1119;8
1119;19
1119;39
1119;59
1119;98
1119;315
1120;8
1120;18
1120;35
1120;53
1120;132
1120;318
1121;7
1121;17
1121;33
1121;53
1121;133
1121;424
1122;4
1122;17
1122;27
1122;53
1122;132
1122;423
1123;4
1123;16
1123;26
1123;77
1123;81
1123;171
1124;9
1124;15
1124;24
1124;51
1124;140
1124;167
1125;9
1125;10
1125;22
1125;66
1125;93
1125;214
1126;9
1126;19
1126;20
1126;60
1126;119
1126;275
1127;9
1127;19
1127;20
1127;40
1127;82
1127;162
1128;5
1128;13
1128;29
1128;59
1128;85
1128;253
1129;4
1129;15
1129;30
1129;59
1129;84
1129;238
1130;5
1130;12
1130;20
1130;40
1130;144
1130;491
1131;4
1131;15
1131;20
1131;40
1131;143
1131;445
1132;4
1132;16
1132;30
1132;60
1132;119
1132;254
1133;4
1133;16
1133;30
1133;59
1133;89
1133;267
1134;4
1134;12
1134;27
1134;53
1134;133
1134;262
1135;4
1135;12
1135;27
1135;62
1135;81
1135;160
1136;4
1136;12
1136;20
1136;59
1136;149
1136;239
1137;4
1137;12
1137;30
1137;59
1137;90
1137;180
1138;4
1138;12
1138;26
1138;60
1138;90
1138;267
1139;3
1139;10
1139;28
1139;42
1139;102
1139;493
1140;4
1140;12
1140;30
1140;60
1140;90
1140;239
1141;4
1141;12
1141;30
1141;59
1141;89
1141;238
1142;4
1142;12
1142;28
1142;40
1142;89
1142;245
1143;4
1143;12
1143;29
1143;40
1143;158
1143;490
1144;4
1144;12
1144;20
1144;53
1144;80
1144;265
1145;4
1145;12
1145;27
1145;53
1145;80
1145;160
1146;4
1146;12
1146;30
1146;40
1146;80
1146;461
1147;7
1147;10
1147;20
1147;40
1147;86
1147;487
1148;4
1148;15
1148;27
1148;53
1148;133
1148;293
1149;6
1149;10
1149;27
1149;53
1149;133
1149;240
1150;4
1150;16
1150;30
1150;43
1150;112
1150;301
1151;3
1151;16
1151;27
1151;41
1151;87
1151;160
1152;3
1152;16
1152;27
1152;53
1152;80
1152;240
1153;5
1153;16
1153;27
1153;53
1153;133
1153;186
1154;4
1154;16
1154;26
1154;53
1154;132
1154;184
1155;4
1155;16
1155;24
1155;47
1155;133
1155;165
1156;4
1156;16
1156;30
1156;40
1156;81
1156;302
1157;4
1157;15
1157;28
1157;46
1157;80
1157;188
1158;4
1158;13
1158;24
1158;47
1158;142
1158;188
1159;5
1159;10
1159;20
1159;40
1159;107
1159;173
1160;4
1160;10
1160;23
1160;54
1160;89
1160;177
1161;5
1161;10
1161;35
1161;53
1161;119
1161;340
1162;4
1162;10
1162;36
1162;53
1162;89
1162;452
1163;3
1163;10
1163;29
1163;59
1163;155
1163;324
1164;2
1164;10
1164;36
1164;53
1164;134
1164;236
1165;2
1165;10
1165;30
1165;60
1165;90
1165;239
1166;2
1166;18
1166;30
1166;60
1166;89
1166;239
1167;2
1167;18
1167;30
1167;60
1167;119
1167;265
1168;2
1168;18
1168;30
1168;59
1168;89
1168;239
1169;2
1169;10
1169;29
1169;53
1169;89
1169;178
1170;3
1170;10
1170;39
1170;54
1170;90
1170;237
1171;4
1171;12
1171;35
1171;53
1171;106
1171;178
1172;2
1172;18
1172;36
1172;71
1172;144
1172;249
1173;2
1173;10
1173;23
1173;53
1173;138
1173;206
1174;2
1174;10
1174;23
1174;54
1174;80
1174;330
1175;2
1175;11
1175;26
1175;55
1175;81
1175;238
1176;2
1176;10
1176;26
1176;54
1176;80
1176;292
1177;2
1177;10
1177;23
1177;54
1177;89
1177;429
1178;2
1178;10
1178;20
1178;41
1178;81
1178;423
1179;4
1179;13
1179;23
1179;53
1179;104
1179;247
1180;3
1180;10
1180;24
1180;54
1180;86
1180;293
1181;4
1181;11
1181;23
1181;55
1181;105
1181;293
1182;3
1182;10
1182;26
1182;54
1182;85
1182;161
1183;3
1183;11
1183;38
1183;40
1183;155
1183;247
1184;3
1184;10
1184;27
1184;53
1184;80
1184;239
1185;4
1185;11
1185;26
1185;53
1185;80
1185;239
1186;9
1186;15
1186;24
1186;47
1186;142
1186;330
1187;9
1187;15
1187;24
1187;47
1187;89
1187;259
1188;9
1188;15
1188;24
1188;48
1188;103
1188;167
1189;9
1189;17
1189;24
1189;47
1189;88
1189;238
1190;6
1190;10
1190;26
1190;40
1190;88
1190;347
1191;4
1191;12
1191;39
1191;79
1191;80
1191;280
1192;7
1192;10
1192;20
1192;40
1192;80
1192;160
1193;4
1193;12
1193;20
1193;40
1193;142
1193;237
1194;3
1194;12
1194;20
1194;40
1194;80
1194;498
1195;4
1195;12
1195;35
1195;71
1195;106
1195;248
1196;4
1196;12
1196;35
1196;71
1196;106
1196;248
1197;4
1197;12
1197;30
1197;40
1197;80
1197;191
1198;4
1198;12
1198;20
1198;51
1198;86
1198;170
1199;4
1199;12
1199;29
1199;55
1199;82
1199;245
1200;4
1200;12
1200;30
1200;60
1200;89
1200;238
1201;4
1201;12
1201;30
1201;60
1201;89
1201;238
1202;5
1202;16
1202;27
1202;53
1202;158
1202;235
1203;4
1203;12
1203;27
1203;53
1203;159
1203;160
1204;4
1204;12
1204;20
1204;40
1204;82
1204;470
1205;4
1205;12
1205;30
1205;41
1205;80
1205;241
1206;4
1206;12
1206;20
1206;53
1206;153
1206;257
1207;4
1207;12
1207;20
1207;40
1207;80
1207;393
1208;4
1208;12
1208;28
1208;54
1208;136
1208;321
1209;4
1209;16
1209;26
1209;42
1209;159
1209;319
1210;5
1210;12
1210;27
1210;53
1210;133
1210;239
1211;4
1211;12
1211;27
1211;53
1211;80
1211;293
1212;4
1212;13
1212;20
1212;79
1212;80
1212;265
1213;4
1213;10
1213;30
1213;62
1213;159
1213;160
1214;3
1214;16
1214;20
1214;53
1214;158
1214;166
1215;3
1215;16
1215;26
1215;53
1215;80
1215;265
1216;0
1216;16
1216;27
1216;53
1216;80
1216;240
1217;6
1217;16
1217;24
1217;40
1217;157
1217;236
1218;0
1218;16
1218;24
1218;47
1218;95
1218;237
1219;6
1219;16
1219;24
1219;40
1219;80
1219;309
1220;5
1220;14
1220;24
1220;47
1220;95
1220;237
1221;9
1221;10
1221;30
1221;43
1221;80
1221;409
1222;4
1222;13
1222;39
1222;40
1222;80
1222;160
1223;7
1223;10
1223;39
1223;40
1223;81
1223;280
1224;4
1224;13
1224;36
1224;53
1224;108
1224;237
1225;3
1225;10
1225;36
1225;54
1225;133
1225;391
1226;2
1226;10
1226;35
1226;71
1226;106
1226;176
1227;2
1227;18
1227;35
1227;72
1227;106
1227;343
1228;2
1228;10
1228;22
1228;54
1228;80
1228;496
1229;3
1229;13
1229;36
1229;54
1229;81
1229;160
1230;2
1230;18
1230;30
1230;60
1230;89
1230;239
1231;2
1231;10
1231;30
1231;60
1231;90
1231;239
1232;3
1232;10
1232;30
1232;59
1232;149
1232;268
1233;6
1233;10
1233;30
1233;54
1233;152
1233;160
1234;3
1234;13
1234;35
1234;71
1234;106
1234;247
1235;2
1235;10
1235;22
1235;54
1235;90
1235;175
1236;2
1236;10
1236;22
1236;54
1236;89
1236;422
1237;2
1237;10
1237;22
1237;54
1237;153
1237;250
1238;2
1238;10
1238;27
1238;53
1238;80
1238;265
1239;2
1239;10
1239;27
1239;53
1239;159
1239;240
1240;2
1240;11
1240;26
1240;72
1240;106
1240;186
1241;6
1241;10
1241;27
1241;54
1241;121
1241;242
1242;4
1242;18
1242;26
1242;53
1242;143
1242;212
1243;6
1243;10
1243;22
1243;54
1243;80
1243;265
1244;4
1244;18
1244;26
1244;54
1244;155
1244;179
1245;3
1245;18
1245;27
1245;53
1245;82
1245;244
1246;3
1246;18
1246;27
1246;54
1246;89
1246;237
1247;5
1247;10
1247;39
1247;54
1247;137
1247;235
1248;4
1248;10
1248;27
1248;71
1248;89
1248;479
1249;5
1249;10
1249;24
1249;48
1249;90
1249;160
1250;4
1250;10
1250;24
1250;47
1250;118
1250;162
1251;3
1251;18
1251;24
1251;48
1251;118
1251;367
1252;3
1252;17
1252;37
1252;73
1252;88
1252;292
1253;8
1253;16
1253;28
1253;59
1253;146
1253;286
1254;8
1254;16
1254;30
1254;63
1254;135
1254;507
1255;8
1255;16
1255;31
1255;47
1255;135
1255;488
1256;8
1256;16
1256;32
1256;53
1256;132
1256;164
1257;8
1257;16
1257;24
1257;71
1257;80
1257;160
1258;8
1258;15
1258;30
1258;71
1258;142
1258;213
1259;8
1259;16
1259;25
1259;46
1259;80
1259;276
1260;8
1260;16
1260;24
1260;46
1260;80
1260;281
1261;8
1261;16
1261;31
1261;40
1261;134
1261;236
1262;8
1262;16
1262;30
1262;53
1262;133
1262;166
1263;8
1263;16
1263;32
1263;60
1263;131
1263;241
1264;8
1264;16
1264;26
1264;60
1264;130
1264;262
1265;8
1265;16
1265;31
1265;47
1265;132
1265;200
1266;8
1266;16
1266;24
1266;71
1266;95
1266;167
1267;8
1267;19
1267;30
1267;59
1267;119
1267;199
1268;8
1268;16
1268;30
1268;40
1268;95
1268;166
1269;8
1269;16
1269;26
1269;60
1269;132
1269;161
1270;8
1270;16
1270;30
1270;63
1270;152
1270;243
1271;8
1271;10
1271;30
1271;59
1271;90
1271;268
1272;8
1272;10
1272;27
1272;40
1272;120
1272;265
1273;9
1273;16
1273;26
1273;53
1273;80
1273;268
1274;8
1274;16
1274;30
1274;60
1274;120
1274;268
1275;8
1275;16
1275;30
1275;59
1275;149
1275;238
1276;8
1276;16
1276;27
1276;65
1276;150
1276;200
1277;9
1277;10
1277;26
1277;52
1277;132
1277;291
1278;9
1278;13
1278;32
1278;49
1278;95
1278;199
1279;6
1279;13
1279;32
1279;40
1279;119
1279;199
1280;5
1280;18
1280;24
1280;70
1280;119
1280;237
1281;7
1281;18
1281;23
1281;45
1281;117
1281;165
1282;4
1282;19
1282;20
1282;40
1282;90
1282;175
1283;4
1283;19
1283;20
1283;60
1283;146
1283;472
1284;6
1284;10
1284;26
1284;67
1284;147
1284;176
1285;9
1285;10
1285;26
1285;52
1285;133
1285;160
1286;9
1286;10
1286;20
1286;45
1286;133
1286;497
1287;9
1287;10
1287;20
1287;40
1287;159
1287;161
1288;9
1288;10
1288;24
1288;72
1288;144
1288;169
1289;9
1289;10
1289;26
1289;53
1289;107
1289;269
1290;9
1290;10
1290;22
1290;59
1290;80
1290;286
1291;9
1291;10
1291;30
1291;59
1291;89
1291;207
1292;9
1292;10
1292;26
1292;58
1292;107
1292;165
1293;9
1293;10
1293;30
1293;59
1293;107
1293;160
1294;9
1294;10
1294;27
1294;60
1294;107
1294;160
1295;9
1295;10
1295;30
1295;45
1295;107
1295;181
1296;9
1296;10
1296;26
1296;45
1296;106
1296;238
1297;9
1297;10
1297;24
1297;70
1297;144
1297;192
1298;9
1298;10
1298;23
1298;71
1298;107
1298;191
1299;9
1299;10
1299;22
1299;44
1299;106
1299;160
1300;9
1300;10
1300;27
1300;53
1300;159
1300;160
1301;9
1301;10
1301;26
1301;53
1301;107
1301;291
1302;9
1302;10
1302;22
1302;45
1302;156
1302;261
1303;9
1303;10
1303;26
1303;75
1303;145
1303;256
1304;4
1304;17
1304;25
1304;72
1304;120
1304;264
1305;9
1305;18
1305;25
1305;52
1305;104
1305;267
1306;9
1306;18
1306;22
1306;53
1306;107
1306;180
1307;9
1307;11
1307;27
1307;45
1307;107
1307;168
1308;3
1308;12
1308;35
1308;58
1308;151
1308;247
1309;7
1309;11
1309;27
1309;60
1309;89
1309;247
1310;4
1310;13
1310;22
1310;44
1310;89
1310;178
1311;5
1311;14
1311;27
1311;45
1311;89
1311;160
1312;4
1312;15
1312;23
1312;68
1312;143
1312;167
1313;6
1313;14
1313;27
1313;48
1313;95
1313;343
1314;9
1314;12
1314;23
1314;54
1314;95
1314;204
1315;7
1315;10
1315;32
1315;40
1315;107
1315;189
1316;8
1316;16
1316;30
1316;59
1316;90
1316;301
1317;8
1317;16
1317;32
1317;40
1317;80
1317;343
1318;8
1318;16
1318;32
1318;40
1318;93
1318;189
1319;8
1319;15
1319;27
1319;56
1319;132
1319;186
1320;8
1320;16
1320;28
1320;55
1320;135
1320;162
1321;8
1321;16
1321;29
1321;59
1321;89
1321;295
1322;8
1322;16
1322;25
1322;75
1322;118
1322;284
1323;8
1323;16
1323;39
1323;40
1323;119
1323;263
1324;8
1324;16
1324;36
1324;40
1324;119
1324;167
1325;8
1325;16
1325;31
1325;60
1325;95
1325;167
1326;8
1326;16
1326;30
1326;60
1326;119
1326;241
1327;8
1327;16
1327;31
1327;40
1327;95
1327;199
1328;8
1328;18
1328;30
1328;71
1328;95
1328;199
1329;8
1329;18
1329;30
1329;71
1329;95
1329;160
1330;8
1330;18
1330;30
1330;60
1330;95
1330;259
1331;8
1331;16
1331;30
1331;61
1331;155
1331;168
1332;8
1332;16
1332;31
1332;61
1332;154
1332;168
1333;8
1333;16
1333;30
1333;60
1333;90
1333;508
1334;8
1334;16
1334;32
1334;40
1334;95
1334;466
1335;4
1335;19
1335;27
1335;54
1335;134
1335;160
1336;9
1336;15
1336;30
1336;60
1336;152
1336;165
1337;8
1337;19
1337;26
1337;51
1337;95
1337;268
1338;8
1338;15
1338;23
1338;70
1338;95
1338;282
1339;9
1339;17
1339;24
1339;60
1339;145
1339;238
1340;9
1340;18
1340;23
1340;57
1340;149
1340;161
1341;6
1341;18
1341;20
1341;60
1341;91
1341;189
1342;6
1342;19
1342;20
1342;40
1342;119
1342;259
1343;2
1343;18
1343;20
1343;61
1343;151
1343;181
1344;6
1344;18
1344;20
1344;40
1344;150
1344;180
1345;6
1345;19
1345;31
1345;53
1345;91
1345;160
1346;9
1346;19
1346;22
1346;44
1346;95
1346;185
1347;9
1347;10
1347;26
1347;54
1347;150
1347;162
1348;9
1348;10
1348;26
1348;52
1348;158
1348;162
1349;9
1349;10
1349;20
1349;53
1349;147
1349;487
1350;9
1350;10
1350;27
1350;44
1350;89
1350;233
1351;9
1351;10
1351;27
1351;53
1351;132
1351;160
1352;9
1352;10
1352;30
1352;60
1352;90
1352;238
1353;9
1353;10
1353;24
1353;59
1353;90
1353;279
1354;9
1354;10
1354;22
1354;59
1354;88
1354;283
1355;9
1355;10
1355;23
1355;53
1355;159
1355;160
1356;9
1356;10
1356;27
1356;53
1356;106
1356;160
1357;9
1357;10
1357;20
1357;45
1357;106
1357;182
1358;9
1358;10
1358;27
1358;53
1358;106
1358;180
1359;9
1359;10
1359;30
1359;60
1359;151
1359;182
1360;9
1360;10
1360;27
1360;60
1360;90
1360;181
1361;9
1361;10
1361;22
1361;55
1361;106
1361;180
1362;9
1362;10
1362;32
1362;45
1362;141
1362;245
1363;9
1363;10
1363;27
1363;55
1363;81
1363;163
1364;9
1364;10
1364;25
1364;53
1364;154
1364;402
1365;9
1365;10
1365;27
1365;53
1365;107
1365;381
1366;9
1366;10
1366;26
1366;53
1366;133
1366;264
1367;4
1367;19
1367;27
1367;53
1367;80
1367;295
1368;5
1368;11
1368;23
1368;68
1368;89
1368;269
1369;5
1369;11
1369;22
1369;67
1369;89
1369;268
1370;6
1370;12
1370;22
1370;67
1370;89
1370;268
1371;7
1371;12
1371;22
1371;67
1371;89
1371;269
1372;4
1372;13
1372;22
1372;67
1372;89
1372;268
1373;4
1373;13
1373;22
1373;45
1373;89
1373;268
1374;5
1374;15
1374;22
1374;45
1374;89
1374;268
1375;5
1375;15
1375;22
1375;45
1375;142
1375;268
1376;7
1376;14
1376;21
1376;71
1376;80
1376;311
1377;8
1377;10
1377;26
1377;54
1377;148
1377;425
1378;5
1378;12
1378;38
1378;41
1378;149
1378;161
1379;4
1379;15
1379;30
1379;59
1379;136
1379;275
1380;5
1380;12
1380;31
1380;47
1380;149
1380;483
1381;4
1381;15
1381;32
1381;61
1381;149
1381;471
1382;4
1382;16
1382;29
1382;59
1382;134
1382;160
1383;4
1383;12
1383;31
1383;61
1383;92
1383;184
1384;4
1384;12
1384;25
1384;47
1384;149
1384;258
1385;4
1385;12
1385;27
1385;60
1385;159
1385;160
1386;4
1386;12
1386;31
1386;47
1386;143
1386;190
1387;4
1387;12
1387;30
1387;40
1387;149
1387;167
1388;4
1388;12
1388;32
1388;47
1388;118
1388;241
1389;8
1389;10
1389;30
1389;60
1389;118
1389;493
1390;4
1390;12
1390;31
1390;47
1390;119
1390;200
1391;4
1391;12
1391;20
1391;60
1391;119
1391;199
1392;4
1392;12
1392;30
1392;59
1392;80
1392;200
1393;4
1393;12
1393;32
1393;47
1393;119
1393;492
1394;4
1394;12
1394;31
1394;61
1394;143
1394;229
1395;4
1395;12
1395;30
1395;60
1395;121
1395;244
1396;4
1396;12
1396;30
1396;59
1396;89
1396;297
1397;4
1397;10
1397;28
1397;60
1397;92
1397;170
1398;4
1398;19
1398;27
1398;53
1398;105
1398;266
1399;6
1399;10
1399;31
1399;41
1399;91
1399;271
1400;4
1400;12
1400;30
1400;59
1400;149
1400;178
1401;3
1401;14
1401;27
1401;40
1401;88
1401;160
1402;7
1402;13
1402;27
1402;53
1402;132
1402;266
1403;7
1403;13
1403;32
1403;47
1403;119
1403;199
1404;7
1404;13
1404;32
1404;60
1404;95
1404;200
1405;8
1405;10
1405;24
1405;73
1405;118
1405;190
1406;9
1406;10
1406;23
1406;46
1406;93
1406;257
1407;9
1407;19
1407;20
1407;48
1407;80
1407;232
1408;5
1408;19
1408;23
1408;60
1408;89
1408;329
1409;6
1409;10
1409;20
1409;54
1409;159
1409;160
1410;4
1410;10
1410;26
1410;53
1410;81
1410;270
1411;5
1411;10
1411;26
1411;42
1411;80
1411;414
1412;4
1412;10
1412;27
1412;60
1412;147
1412;255
1413;3
1413;10
1413;24
1413;72
1413;142
1413;166
1414;2
1414;10
1414;25
1414;53
1414;143
1414;273
1415;2
1415;10
1415;23
1415;44
1415;89
1415;260
1416;2
1416;10
1416;20
1416;59
1416;91
1416;160
1417;2
1417;10
1417;22
1417;67
1417;107
1417;268
1418;2
1418;10
1418;30
1418;53
1418;107
1418;160
1419;2
1419;10
1419;26
1419;45
1419;106
1419;160
1420;3
1420;10
1420;23
1420;60
1420;107
1420;160
1421;4
1421;12
1421;20
1421;53
1421;106
1421;161
1422;2
1422;10
1422;20
1422;45
1422;106
1422;201
1423;2
1423;10
1423;23
1423;45
1423;132
1423;201
1424;2
1424;10
1424;27
1424;44
1424;106
1424;327
1425;2
1425;10
1425;27
1425;53
1425;80
1425;161
1426;2
1426;10
1426;26
1426;52
1426;134
1426;161
1427;2
1427;10
1427;22
1427;52
1427;106
1427;179
1428;2
1428;10
1428;22
1428;40
1428;147
1428;160
1429;4
1429;13
1429;24
1429;72
1429;145
1429;170
1430;3
1430;14
1430;27
1430;44
1430;106
1430;272
1431;4
1431;11
1431;21
1431;44
1431;80
1431;181
1432;3
1432;11
1432;27
1432;48
1432;81
1432;161
1433;3
1433;12
1433;22
1433;60
1433;142
1433;164
1434;5
1434;13
1434;22
1434;45
1434;90
1434;340
1435;5
1435;13
1435;22
1435;44
1435;89
1435;197
1436;7
1436;18
1436;27
1436;45
1436;89
1436;174
1437;4
1437;15
1437;23
1437;75
1437;80
1437;160
1438;9
1438;17
1438;27
1438;70
1438;140
1438;172
1439;7
1439;18
1439;27
1439;74
1439;134
1439;178
1440;6
1440;10
1440;30
1440;41
1440;88
1440;166
1441;4
1441;12
1441;29
1441;59
1441;88
1441;237
1442;6
1442;10
1442;25
1442;42
1442;134
1442;174
1443;4
1443;12
1443;32
1443;68
1443;133
1443;160
1444;3
1444;12
1444;28
1444;58
1444;140
1444;170
1445;4
1445;12
1445;28
1445;70
1445;81
1445;165
1446;4
1446;12
1446;30
1446;59
1446;89
1446;177
1447;4
1447;12
1447;25
1447;70
1447;128
1447;284
1448;4
1448;12
1448;24
1448;40
1448;119
1448;239
1449;4
1449;12
1449;24
1449;48
1449;95
1449;167
1450;4
1450;12
1450;31
1450;60
1450;80
1450;241
1451;4
1451;12
1451;30
1451;60
1451;119
1451;241
1452;5
1452;16
1452;32
1452;40
1452;142
1452;198
1453;4
1453;12
1453;20
1453;71
1453;141
1453;259
1454;4
1454;12
1454;24
1454;71
1454;119
1454;262
1455;4
1455;12
1455;20
1455;71
1455;95
1455;259
1456;4
1456;12
1456;33
1456;61
1456;152
1456;164
1457;4
1457;12
1457;30
1457;60
1457;148
1457;174
1458;4
1458;12
1458;30
1458;60
1458;95
1458;507
1459;4
1459;11
1459;20
1459;40
1459;95
1459;472
1460;5
1460;12
1460;27
1460;54
1460;132
1460;265
1461;4
1461;12
1461;29
1461;62
1461;92
1461;247
1462;4
1462;16
1462;29
1462;58
1462;95
1462;270
1463;4
1463;16
1463;24
1463;63
1463;159
1463;160
1464;9
1464;18
1464;23
1464;40
1464;95
1464;160
1465;9
1465;10
1465;31
1465;53
1465;95
1465;160
1466;6
1466;19
1466;30
1466;47
1466;95
1466;160
1467;9
1467;10
1467;20
1467;40
1467;95
1467;259
1468;0
1468;19
1468;24
1468;71
1468;141
1468;259
1469;6
1469;13
1469;36
1469;71
1469;142
1469;261
1470;4
1470;13
1470;30
1470;71
1470;95
1470;260
1471;9
1471;10
1471;20
1471;41
1471;81
1471;186
1472;4
1472;10
1472;27
1472;53
1472;159
1472;160
1473;9
1473;10
1473;24
1473;41
1473;85
1473;160
1474;4
1474;10
1474;23
1474;40
1474;80
1474;497
1475;3
1475;10
1475;26
1475;53
1475;148
1475;171
1476;2
1476;10
1476;25
1476;54
1476;82
1476;163
1477;2
1477;10
1477;26
1477;53
1477;80
1477;160
1478;2
1478;19
1478;20
1478;59
1478;89
1478;255
1479;3
1479;19
1479;20
1479;66
1479;88
1479;160
1480;2
1480;10
1480;39
1480;40
1480;132
1480;161
1481;2
1481;10
1481;20
1481;53
1481;89
1481;160
1482;3
1482;10
1482;39
1482;40
1482;106
1482;182
1483;6
1483;10
1483;20
1483;45
1483;89
1483;274
1484;3
1484;10
1484;29
1484;59
1484;133
1484;276
1485;2
1485;10
1485;23
1485;53
1485;80
1485;160
1486;2
1486;10
1486;22
1486;45
1486;90
1486;160
1487;2
1487;10
1487;34
1487;54
1487;140
1487;260
1488;2
1488;10
1488;26
1488;52
1488;157
1488;160
1489;2
1489;10
1489;27
1489;53
1489;80
1489;482
1490;2
1490;10
1490;27
1490;40
1490;80
1490;161
1491;6
1491;10
1491;36
1491;55
1491;133
1491;261
1492;4
1492;18
1492;26
1492;79
1492;80
1492;264
1493;6
1493;15
1493;23
1493;53
1493;134
1493;273
1494;4
1494;18
1494;22
1494;45
1494;156
1494;267
1495;3
1495;15
1495;22
1495;67
1495;89
1495;269
1496;3
1496;17
1496;22
1496;60
1496;89
1496;268
1497;5
1497;10
1497;22
1497;67
1497;89
1497;268
1498;4
1498;13
1498;22
1498;67
1498;89
1498;268
1499;5
1499;12
1499;22
1499;67
1499;139
1499;268
1500;4
1500;12
1500;22
1500;67
1500;89
1500;267
1501;3
1501;18
1501;22
1501;53
1501;90
1501;270
1502;3
1502;19
1502;20
1502;54
1502;80
1502;273
1503;3
1503;19
1503;22
1503;53
1503;141
1503;277
1504;9
1504;19
1504;22
1504;47
1504;94
1504;237
1505;8
1505;15
1505;24
1505;60
1505;80
1505;238
1506;9
1506;16
1506;24
1506;60
1506;80
1506;239
1507;8
1507;16
1507;23
1507;60
1507;145
1507;237
1508;8
1508;16
1508;22
1508;47
1508;119
1508;307
1509;8
1509;16
1509;20
1509;47
1509;80
1509;307
1510;8
1510;19
1510;20
1510;47
1510;119
1510;307
1511;8
1511;16
1511;20
1511;60
1511;119
1511;307
1512;8
1512;16
1512;23
1512;47
1512;104
1512;237
1513;8
1513;16
1513;24
1513;47
1513;119
1513;236
1514;8
1514;16
1514;24
1514;47
1514;95
1514;237
1515;8
1515;16
1515;23
1515;71
1515;95
1515;237
1516;8
1516;16
1516;23
1516;71
1516;95
1516;237
1517;8
1517;16
1517;20
1517;47
1517;95
1517;260
1518;8
1518;16
1518;20
1518;47
1518;119
1518;308
1519;8
1519;16
1519;20
1519;71
1519;80
1519;307
1520;8
1520;16
1520;23
1520;40
1520;100
1520;166
1521;8
1521;16
1521;24
1521;71
1521;80
1521;237
1522;8
1522;15
1522;24
1522;71
1522;119
1522;260
1523;8
1523;16
1523;20
1523;71
1523;119
1523;237
1524;8
1524;16
1524;20
1524;71
1524;119
1524;260
1525;8
1525;16
1525;20
1525;71
1525;95
1525;260
1526;8
1526;16
1526;32
1526;71
1526;95
1526;308
1527;8
1527;16
1527;35
1527;71
1527;119
1527;259
1528;9
1528;16
1528;39
1528;71
1528;89
1528;260
1529;9
1529;19
1529;30
1529;71
1529;89
1529;286
1530;9
1530;18
1530;35
1530;59
1530;89
1530;238
1531;9
1531;19
1531;35
1531;71
1531;124
1531;239
1532;9
1532;18
1532;35
1532;53
1532;124
1532;258
1533;9
1533;18
1533;36
1533;71
1533;142
1533;283
1534;9
1534;18
1534;35
1534;72
1534;80
1534;237
1535;9
1535;18
1535;27
1535;60
1535;80
1535;317
1536;9
1536;19
1536;20
1536;60
1536;80
1536;238
1537;9
1537;17
1537;27
1537;53
1537;80
1537;248
1538;9
1538;18
1538;27
1538;44
1538;133
1538;239
1539;9
1539;18
1539;22
1539;45
1539;133
1539;186
1540;9
1540;18
1540;22
1540;53
1540;132
1540;160
1541;9
1541;10
1541;22
1541;53
1541;80
1541;160
1542;9
1542;18
1542;22
1542;67
1542;80
1542;265
1543;9
1543;18
1543;27
1543;53
1543;133
1543;265
1544;9
1544;18
1544;22
1544;53
1544;133
1544;160
1545;9
1545;18
1545;22
1545;53
1545;80
1545;248
1546;9
1546;18
1546;22
1546;53
1546;106
1546;239
1547;9
1547;18
1547;22
1547;45
1547;106
1547;265
1548;9
1548;18
1548;22
1548;79
1548;80
1548;266
1549;9
1549;18
1549;22
1549;79
1549;80
1549;264
1550;9
1550;18
1550;22
1550;79
1550;80
1550;267
1551;9
1551;18
1551;22
1551;79
1551;80
1551;238
1552;9
1552;18
1552;22
1552;79
1552;80
1552;265
1553;9
1553;10
1553;27
1553;79
1553;80
1553;264
1554;9
1554;10
1554;26
1554;79
1554;80
1554;268
1555;9
1555;10
1555;22
1555;79
1555;80
1555;265
1556;9
1556;18
1556;22
1556;79
1556;133
1556;265
1557;9
1557;18
1557;22
1557;45
1557;134
1557;268
1558;9
1558;10
1558;29
1558;62
1558;80
1558;246
1559;9
1559;18
1559;30
1559;53
1559;106
1559;264
1560;9
1560;18
1560;30
1560;79
1560;80
1560;264
1561;9
1561;18
1561;27
1561;60
1561;80
1561;267
1562;0
1562;18
1562;25
1562;53
1562;80
1562;248
1563;8
1563;18
1563;24
1563;71
1563;80
1563;236
1564;6
1564;18
1564;22
1564;45
1564;134
1564;291
1565;8
1565;18
1565;22
1565;45
1565;134
1565;246
1566;8
1566;17
1566;24
1566;60
1566;146
1566;240
1567;8
1567;16
1567;24
1567;60
1567;145
1567;237
1568;8
1568;16
1568;24
1568;60
1568;145
1568;237
1569;8
1569;16
1569;24
1569;60
1569;118
1569;166
1570;8
1570;16
1570;24
1570;60
1570;145
1570;239
1571;9
1571;16
1571;24
1571;47
1571;145
1571;166
1572;8
1572;19
1572;24
1572;47
1572;94
1572;165
1573;8
1573;16
1573;24
1573;60
1573;119
1573;166
1574;5
1574;16
1574;24
1574;47
1574;119
1574;260
1575;7
1575;16
1575;24
1575;47
1575;95
1575;260
1576;4
1576;16
1576;24
1576;40
1576;142
1576;259
1577;8
1577;16
1577;24
1577;40
1577;142
1577;260
1578;8
1578;16
1578;24
1578;47
1578;120
1578;238
1579;8
1579;16
1579;24
1579;71
1579;95
1579;237
1580;8
1580;16
1580;24
1580;71
1580;119
1580;237
1581;8
1581;16
1581;24
1581;71
1581;118
1581;237
1582;8
1582;16
1582;24
1582;71
1582;94
1582;165
1583;8
1583;16
1583;24
1583;71
1583;100
1583;237
1584;8
1584;16
1584;24
1584;71
1584;95
1584;165
1585;8
1585;16
1585;24
1585;47
1585;100
1585;238
1586;8
1586;16
1586;24
1586;71
1586;119
1586;165
1587;8
1587;16
1587;24
1587;71
1587;119
1587;286
1588;8
1588;16
1588;24
1588;47
1588;118
1588;307
1589;8
1589;16
1589;28
1589;61
1589;120
1589;252
1590;9
1590;19
1590;31
1590;63
1590;89
1590;270
1591;9
1591;17
1591;31
1591;62
1591;80
1591;282
1592;9
1592;19
1592;30
1592;59
1592;89
1592;238
1593;9
1593;19
1593;29
1593;59
1593;80
1593;239
1594;9
1594;19
1594;30
1594;60
1594;80
1594;239
1595;9
1595;16
1595;24
1595;60
1595;89
1595;238
1596;9
1596;18
1596;24
1596;60
1596;80
1596;167
1597;9
1597;19
1597;23
1597;59
1597;88
1597;177
1598;9
1598;19
1598;26
1598;53
1598;80
1598;265
1599;9
1599;19
1599;22
1599;53
1599;80
1599;186
1600;9
1600;18
1600;22
1600;53
1600;80
1600;288
1601;9
1601;10
1601;22
1601;53
1601;80
1601;265
1602;9
1602;18
1602;26
1602;53
1602;80
1602;160
1603;9
1603;10
1603;27
1603;53
1603;80
1603;186
1604;9
1604;10
1604;22
1604;53
1604;80
1604;266
1605;9
1605;18
1605;22
1605;53
1605;80
1605;248
1606;9
1606;10
1606;27
1606;79
1606;80
1606;266
1607;9
1607;10
1607;27
1607;79
1607;80
1607;265
1608;9
1608;10
1608;26
1608;79
1608;80
1608;186
1609;9
1609;18
1609;27
1609;79
1609;80
1609;264
1610;9
1610;18
1610;27
1610;79
1610;80
1610;240
1611;9
1611;18
1611;26
1611;79
1611;80
1611;160
1612;9
1612;18
1612;27
1612;79
1612;80
1612;160
1613;9
1613;18
1613;27
1613;79
1613;80
1613;265
1614;9
1614;10
1614;27
1614;60
1614;133
1614;160
1615;9
1615;19
1615;27
1615;79
1615;80
1615;266
1616;9
1616;19
1616;30
1616;60
1616;133
1616;266
1617;9
1617;19
1617;30
1617;79
1617;80
1617;268
1618;9
1618;19
1618;22
1618;60
1618;80
1618;247
1619;9
1619;19
1619;27
1619;60
1619;80
1619;269
1620;9
1620;10
1620;36
1620;60
1620;80
1620;160
1621;9
1621;10
1621;35
1621;79
1621;80
1621;264
1622;9
1622;18
1622;36
1622;60
1622;80
1622;267
1623;9
1623;19
1623;35
1623;79
1623;80
1623;267
1624;9
1624;19
1624;36
1624;60
1624;80
1624;269
1625;9
1625;19
1625;37
1625;60
1625;80
1625;185
1626;5
1626;19
1626;36
1626;40
1626;80
1626;329
1627;5
1627;16
1627;21
1627;44
1627;145
1627;277
1628;8
1628;19
1628;23
1628;61
1628;141
1628;184
1629;8
1629;15
1629;24
1629;40
1629;142
1629;437
1630;9
1630;16
1630;20
1630;60
1630;80
1630;509
1631;9
1631;16
1631;24
1631;40
1631;119
1631;165
1632;8
1632;16
1632;23
1632;59
1632;80
1632;160
1633;9
1633;10
1633;30
1633;60
1633;91
1633;242
1634;8
1634;16
1634;25
1634;47
1634;101
1634;260
1635;8
1635;19
1635;23
1635;71
1635;85
1635;281
1636;8
1636;16
1636;23
1636;59
1636;119
1636;166
1637;8
1637;16
1637;24
1637;47
1637;119
1637;244
1638;9
1638;11
1638;24
1638;71
1638;119
1638;308
1639;8
1639;15
1639;30
1639;47
1639;120
1639;236
1640;8
1640;16
1640;24
1640;47
1640;119
1640;237
1641;8
1641;16
1641;24
1641;47
1641;119
1641;236
1642;8
1642;15
1642;30
1642;47
1642;119
1642;236
1643;9
1643;14
1643;29
1643;60
1643;119
1643;165
1644;4
1644;15
1644;26
1644;59
1644;156
1644;160
1645;8
1645;19
1645;30
1645;59
1645;152
1645;182
1646;9
1646;15
1646;30
1646;59
1646;149
1646;179
1647;9
1647;10
1647;27
1647;60
1647;80
1647;267
1648;9
1648;16
1648;26
1648;60
1648;106
1648;267
1649;9
1649;10
1649;30
1649;60
1649;120
1649;269
1650;9
1650;16
1650;20
1650;59
1650;149
1650;178
1651;8
1651;16
1651;28
1651;71
1651;85
1651;269
1652;9
1652;16
1652;27
1652;71
1652;132
1652;238
1653;9
1653;16
1653;24
1653;70
1653;89
1653;258
1654;9
1654;14
1654;24
1654;60
1654;119
1654;286
1655;9
1655;16
1655;23
1655;59
1655;140
1655;234
1656;9
1656;15
1656;23
1656;59
1656;120
1656;211
1657;9
1657;19
1657;20
1657;40
1657;80
1657;265
1658;4
1658;15
1658;20
1658;59
1658;125
1658;468
1659;9
1659;10
1659;26
1659;51
1659;147
1659;161
1660;9
1660;13
1660;26
1660;52
1660;80
1660;237
1661;8
1661;10
1661;20
1661;60
1661;80
1661;497
1662;8
1662;11
1662;27
1662;53
1662;159
1662;160
1663;3
1663;13
1663;24
1663;72
1663;144
1663;169
1664;9
1664;13
1664;25
1664;53
1664;133
1664;269
1665;9
1665;13
1665;20
1665;53
1665;132
1665;266
1666;9
1666;19
1666;22
1666;53
1666;80
1666;185
1667;9
1667;13
1667;26
1667;53
1667;133
1667;182
1668;9
1668;12
1668;27
1668;53
1668;106
1668;265
1669;9
1669;13
1669;26
1669;53
1669;133
1669;265
1670;9
1670;11
1670;27
1670;53
1670;80
1670;246
1671;8
1671;11
1671;22
1671;53
1671;80
1671;265
1672;9
1672;13
1672;22
1672;53
1672;80
1672;266
1673;9
1673;13
1673;26
1673;53
1673;133
1673;239
1674;9
1674;13
1674;27
1674;53
1674;132
1674;265
1675;9
1675;13
1675;26
1675;53
1675;133
1675;239
1676;9
1676;11
1676;26
1676;53
1676;132
1676;265
1677;9
1677;11
1677;22
1677;53
1677;80
1677;164
1678;9
1678;14
1678;20
1678;79
1678;152
1678;242
1679;9
1679;11
1679;35
1679;72
1679;144
1679;216
1680;9
1680;14
1680;26
1680;40
1680;105
1680;247
1681;9
1681;18
1681;31
1681;53
1681;80
1681;251
1682;9
1682;14
1682;31
1682;45
1682;84
1682;265
1683;9
1683;12
1683;31
1683;58
1683;133
1683;262
1684;8
1684;14
1684;35
1684;59
1684;80
1684;264
1685;9
1685;11
1685;26
1685;59
1685;80
1685;264
1686;9
1686;13
1686;26
1686;53
1686;152
1686;264
1687;9
1687;11
1687;26
1687;59
1687;80
1687;240
1688;9
1688;13
1688;23
1688;79
1688;80
1688;266
1689;9
1689;11
1689;20
1689;45
1689;80
1689;246
1690;9
1690;10
1690;20
1690;45
1690;80
1690;246
1691;5
1691;16
1691;30
1691;60
1691;150
1691;180
1692;9
1692;10
1692;24
1692;60
1692;80
1692;246
1693;4
1693;16
1693;24
1693;47
1693;119
1693;284
1694;8
1694;19
1694;20
1694;57
1694;132
1694;185
1695;8
1695;16
1695;24
1695;71
1695;134
1695;164
1696;9
1696;16
1696;29
1696;59
1696;89
1696;295
1697;8
1697;19
1697;24
1697;47
1697;89
1697;284
1698;9
1698;15
1698;20
1698;59
1698;85
1698;166
1699;9
1699;19
1699;20
1699;60
1699;105
1699;238
1700;9
1700;16
1700;20
1700;60
1700;119
1700;266
1701;9
1701;15
1701;24
1701;60
1701;119
1701;260
1702;9
1702;16
1702;24
1702;70
1702;119
1702;283
1703;9
1703;16
1703;24
1703;60
1703;95
1703;261
1704;9
1704;16
1704;20
1704;71
1704;119
1704;261
1705;4
1705;15
1705;23
1705;71
1705;119
1705;255
1706;4
1706;15
1706;34
1706;60
1706;147
1706;166
1707;8
1707;15
1707;31
1707;60
1707;154
1707;247
1708;9
1708;15
1708;24
1708;71
1708;119
1708;478
1709;8
1709;15
1709;24
1709;71
1709;119
1709;459
1710;9
1710;10
1710;20
1710;60
1710;134
1710;160
1711;8
1711;14
1711;20
1711;60
1711;90
1711;302
1712;8
1712;15
1712;26
1712;47
1712;99
1712;272
1713;8
1713;15
1713;23
1713;47
1713;94
1713;185
1714;9
1714;16
1714;23
1714;60
1714;120
1714;267
1715;9
1715;15
1715;24
1715;60
1715;89
1715;280
1716;9
1716;10
1716;30
1716;59
1716;88
1716;160
1717;8
1717;15
1717;20
1717;60
1717;89
1717;265
1718;9
1718;15
1718;30
1718;58
1718;90
1718;239
1719;9
1719;15
1719;26
1719;53
1719;89
1719;268
1720;9
1720;15
1720;24
1720;71
1720;80
1720;239
1721;9
1721;11
1721;20
1721;40
1721;90
1721;242
1722;4
1722;18
1722;27
1722;58
1722;150
1722;160
1723;9
1723;11
1723;21
1723;52
1723;80
1723;162
1724;8
1724;15
1724;27
1724;71
1724;80
1724;499
1725;9
1725;10
1725;26
1725;60
1725;80
1725;266
1726;9
1726;15
1726;27
1726;71
1726;80
1726;186
1727;9
1727;15
1727;30
1727;60
1727;80
1727;241
1728;9
1728;15
1728;23
1728;79
1728;80
1728;160
1729;9
1729;10
1729;22
1729;66
1729;85
1729;243
1730;9
1730;15
1730;23
1730;53
1730;133
1730;283
1731;9
1731;15
1731;29
1731;79
1731;80
1731;242
1732;9
1732;15
1732;22
1732;53
1732;106
1732;160
1733;9
1733;15
1733;22
1733;53
1733;106
1733;265
1734;9
1734;15
1734;22
1734;79
1734;80
1734;248
1735;9
1735;17
1735;26
1735;71
1735;80
1735;242
1736;9
1736;15
1736;22
1736;71
1736;132
1736;264
1737;9
1737;12
1737;27
1737;71
1737;141
1737;238
1738;9
1738;11
1738;26
1738;53
1738;80
1738;160
1739;9
1739;11
1739;26
1739;53
1739;106
1739;389
1740;9
1740;11
1740;22
1740;71
1740;80
1740;384
1741;9
1741;10
1741;36
1741;53
1741;133
1741;265
1742;9
1742;11
1742;27
1742;71
1742;81
1742;268
1743;9
1743;10
1743;25
1743;68
1743;90
1743;273
1744;7
1744;11
1744;22
1744;67
1744;89
1744;201
1745;8
1745;12
1745;22
1745;67
1745;89
1745;178
1746;9
1746;12
1746;22
1746;67
1746;112
1746;291
1747;9
1747;10
1747;22
1747;67
1747;112
1747;268
1748;8
1748;10
1748;22
1748;71
1748;89
1748;268
1749;9
1749;10
1749;22
1749;67
1749;90
1749;290
1750;9
1750;10
1750;22
1750;67
1750;88
1750;290
1751;9
1751;19
1751;20
1751;60
1751;100
1751;335
1752;9
1752;10
1752;22
1752;58
1752;88
1752;279
1753;4
1753;16
1753;20
1753;48
1753;111
1753;267
1754;4
1754;16
1754;29
1754;70
1754;101
1754;185
1755;4
1755;19
1755;29
1755;59
1755;100
1755;377
1756;4
1756;19
1756;20
1756;59
1756;100
1756;249
1757;4
1757;16
1757;29
1757;71
1757;81
1757;177
1758;4
1758;16
1758;31
1758;47
1758;115
1758;187
1759;4
1759;16
1759;26
1759;71
1759;80
1759;239
1760;4
1760;12
1760;22
1760;40
1760;126
1760;254
1761;2
1761;16
1761;20
1761;47
1761;139
1761;260
1762;4
1762;19
1762;20
1762;40
1762;99
1762;298
1763;4
1763;16
1763;20
1763;71
1763;119
1763;308
1764;4
1764;16
1764;32
1764;71
1764;80
1764;236
1765;4
1765;16
1765;20
1765;71
1765;119
1765;237
1766;4
1766;16
1766;20
1766;71
1766;119
1766;236
1767;4
1767;16
1767;20
1767;60
1767;119
1767;236
1768;4
1768;18
1768;20
1768;60
1768;85
1768;244
1769;4
1769;17
1769;29
1769;71
1769;119
1769;185
1770;4
1770;16
1770;30
1770;60
1770;122
1770;197
1771;4
1771;15
1771;29
1771;44
1771;119
1771;179
1772;4
1772;19
1772;29
1772;47
1772;135
1772;244
1773;4
1773;17
1773;39
1773;40
1773;133
1773;224
1774;4
1774;15
1774;29
1774;40
1774;130
1774;244
1775;4
1775;14
1775;29
1775;40
1775;89
1775;223
1776;4
1776;14
1776;20
1776;60
1776;135
1776;225
1777;4
1777;18
1777;26
1777;66
1777;135
1777;244
1778;4
1778;15
1778;20
1778;60
1778;118
1778;244
1779;4
1779;18
1779;29
1779;40
1779;130
1779;247
1780;4
1780;16
1780;30
1780;59
1780;89
1780;267
1781;5
1781;16
1781;30
1781;46
1781;130
1781;163
1782;4
1782;10
1782;29
1782;40
1782;104
1782;268
1783;4
1783;10
1783;24
1783;60
1783;121
1783;379
1784;5
1784;10
1784;20
1784;77
1784;105
1784;254
1785;5
1785;10
1785;26
1785;71
1785;106
1785;170
1786;5
1786;10
1786;35
1786;53
1786;141
1786;372
1787;5
1787;10
1787;36
1787;71
1787;106
1787;389
1788;5
1788;10
1788;27
1788;71
1788;132
1788;212
1789;5
1789;10
1789;36
1789;71
1789;133
1789;221
1790;5
1790;10
1790;26
1790;72
1790;131
1790;213
1791;5
1791;10
1791;20
1791;71
1791;133
1791;239
1792;4
1792;10
1792;36
1792;71
1792;142
1792;246
1793;5
1793;10
1793;20
1793;54
1793;107
1793;265
1794;5
1794;10
1794;23
1794;53
1794;80
1794;265
1795;5
1795;13
1795;20
1795;45
1795;80
1795;239
1796;4
1796;10
1796;20
1796;55
1796;99
1796;374
1797;3
1797;10
1797;22
1797;53
1797;136
1797;371
1798;5
1798;11
1798;23
1798;53
1798;80
1798;266
1799;5
1799;10
1799;27
1799;53
1799;102
1799;245
1800;5
1800;10
1800;27
1800;41
1800;81
1800;179
1801;5
1801;15
1801;26
1801;53
1801;134
1801;243
1802;5
1802;10
1802;27
1802;54
1802;129
1802;246
1803;5
1803;10
1803;37
1803;75
1803;81
1803;248
1804;5
1804;18
1804;36
1804;71
1804;134
1804;180
1805;5
1805;10
1805;27
1805;54
1805;135
1805;217
1806;5
1806;10
1806;23
1806;55
1806;130
1806;244
1807;4
1807;10
1807;36
1807;54
1807;130
1807;246
1808;5
1808;10
1808;27
1808;63
1808;115
1808;244
1809;5
1809;10
1809;26
1809;54
1809;80
1809;244
1810;5
1810;10
1810;27
1810;71
1810;80
1810;244
1811;5
1811;10
1811;22
1811;60
1811;90
1811;191
1812;5
1812;10
1812;36
1812;53
1812;89
1812;160
1813;5
1813;10
1813;23
1813;43
1813;103
1813;244
1814;5
1814;10
1814;20
1814;45
1814;88
1814;244
1815;6
1815;12
1815;20
1815;41
1815;80
1815;242
1816;3
1816;15
1816;30
1816;74
1816;89
1816;223
1817;4
1817;15
1817;20
1817;60
1817;142
1817;284
1818;4
1818;19
1818;20
1818;60
1818;80
1818;284
1819;5
1819;10
1819;22
1819;47
1819;80
1819;247
1820;3
1820;16
1820;28
1820;42
1820;80
1820;204
1821;3
1821;16
1821;30
1821;44
1821;88
1821;162
1822;4
1822;13
1822;30
1822;44
1822;140
1822;307
1823;4
1823;15
1823;23
1823;47
1823;94
1823;267
1824;4
1824;12
1824;24
1824;40
1824;119
1824;165
1825;4
1825;16
1825;24
1825;60
1825;119
1825;308
1826;4
1826;16
1826;24
1826;60
1826;119
1826;165
1827;4
1827;16
1827;20
1827;60
1827;119
1827;268
1828;4
1828;16
1828;24
1828;71
1828;119
1828;260
1829;4
1829;16
1829;24
1829;59
1829;95
1829;239
1830;4
1830;16
1830;24
1830;71
1830;118
1830;260
1831;4
1831;16
1831;20
1831;71
1831;87
1831;264
1832;4
1832;16
1832;30
1832;71
1832;92
1832;240
1833;4
1833;15
1833;29
1833;71
1833;115
1833;245
1834;4
1834;16
1834;20
1834;59
1834;135
1834;270
1835;4
1835;14
1835;20
1835;66
1835;80
1835;263
1836;4
1836;14
1836;30
1836;46
1836;130
1836;244
1837;4
1837;15
1837;20
1837;45
1837;133
1837;244
1838;4
1838;12
1838;29
1838;40
1838;115
1838;247
1839;2
1839;15
1839;20
1839;59
1839;114
1839;244
1840;2
1840;16
1840;29
1840;71
1840;135
1840;244
1841;4
1841;13
1841;29
1841;61
1841;112
1841;244
1842;4
1842;16
1842;30
1842;59
1842;115
1842;187
1843;4
1843;16
1843;30
1843;72
1843;130
1843;357
1844;4
1844;16
1844;30
1844;40
1844;142
1844;337
1845;4
1845;14
1845;25
1845;40
1845;90
1845;244
1846;5
1846;10
1846;24
1846;60
1846;80
1846;243
1847;5
1847;10
1847;27
1847;66
1847;80
1847;174
1848;5
1848;10
1848;26
1848;52
1848;80
1848;244
1849;5
1849;10
1849;36
1849;53
1849;80
1849;246
1850;5
1850;10
1850;35
1850;71
1850;80
1850;246
1851;5
1851;10
1851;36
1851;72
1851;83
1851;189
1852;5
1852;13
1852;36
1852;71
1852;80
1852;160
1853;5
1853;10
1853;20
1853;53
1853;107
1853;160
1854;6
1854;10
1854;22
1854;53
1854;80
1854;266
1855;3
1855;10
1855;20
1855;53
1855;80
1855;248
1856;3
1856;10
1856;22
1856;54
1856;80
1856;265
1857;5
1857;10
1857;22
1857;53
1857;80
1857;248
1858;5
1858;16
1858;22
1858;54
1858;80
1858;266
1859;3
1859;10
1859;35
1859;53
1859;80
1859;160
1860;3
1860;10
1860;22
1860;54
1860;80
1860;160
1861;5
1861;10
1861;35
1861;53
1861;80
1861;212
1862;5
1862;10
1862;37
1862;46
1862;85
1862;244
1863;5
1863;15
1863;26
1863;52
1863;158
1863;160
1864;5
1864;17
1864;23
1864;54
1864;80
1864;477
1865;5
1865;10
1865;27
1865;71
1865;89
1865;244
1866;5
1866;10
1866;26
1866;54
1866;137
1866;261
1867;5
1867;10
1867;26
1867;79
1867;80
1867;244
1868;5
1868;10
1868;23
1868;54
1868;131
1868;244
1869;5
1869;15
1869;22
1869;67
1869;89
1869;246
1870;5
1870;15
1870;22
1870;54
1870;89
1870;268
1871;5
1871;10
1871;22
1871;67
1871;89
1871;268
1872;5
1872;10
1872;22
1872;54
1872;89
1872;268
1873;2
1873;10
1873;22
1873;67
1873;89
1873;268
1874;1
1874;10
1874;22
1874;67
1874;89
1874;268
1875;2
1875;10
1875;22
1875;44
1875;87
1875;267
1876;2
1876;18
1876;22
1876;67
1876;100
1876;269
1877;2
1877;17
1877;37
1877;73
1877;88
1877;244
1878;0
1878;16
1878;20
1878;71
1878;93
1878;244
1879;8
1879;16
1879;20
1879;60
1879;80
1879;187
1880;8
1880;19
1880;20
1880;59
1880;120
1880;238
1881;8
1881;16
1881;20
1881;60
1881;80
1881;239
1882;9
1882;16
1882;20
1882;40
1882;120
1882;257
1883;2
1883;16
1883;30
1883;59
1883;119
1883;238
1884;9
1884;16
1884;30
1884;71
1884;80
1884;284
1885;9
1885;16
1885;20
1885;47
1885;95
1885;165
1886;8
1886;16
1886;20
1886;47
1886;99
1886;237
1887;9
1887;19
1887;20
1887;60
1887;80
1887;260
1888;8
1888;16
1888;20
1888;60
1888;119
1888;237
1889;9
1889;16
1889;20
1889;59
1889;119
1889;307
1890;0
1890;16
1890;30
1890;40
1890;119
1890;237
1891;9
1891;16
1891;30
1891;59
1891;119
1891;237
1892;8
1892;16
1892;30
1892;47
1892;119
1892;236
1893;8
1893;19
1893;20
1893;47
1893;80
1893;235
1894;7
1894;16
1894;20
1894;60
1894;119
1894;236
1895;7
1895;16
1895;30
1895;59
1895;119
1895;284
1896;8
1896;19
1896;20
1896;40
1896;119
1896;260
1897;8
1897;19
1897;20
1897;40
1897;119
1897;237
1898;8
1898;19
1898;30
1898;40
1898;80
1898;236
1899;9
1899;16
1899;20
1899;71
1899;80
1899;237
1900;9
1900;19
1900;20
1900;60
1900;95
1900;236
1901;9
1901;16
1901;20
1901;59
1901;95
1901;284
1902;5
1902;16
1902;30
1902;40
1902;118
1902;211
1903;9
1903;16
1903;20
1903;59
1903;118
1903;259
1904;9
1904;16
1904;30
1904;60
1904;89
1904;211
1905;9
1905;16
1905;30
1905;71
1905;125
1905;208
1906;9
1906;16
1906;30
1906;40
1906;89
1906;238
1907;9
1907;15
1907;29
1907;60
1907;119
1907;268
1908;9
1908;13
1908;24
1908;47
1908;89
1908;211
1909;9
1909;18
1909;36
1909;52
1909;105
1909;166
1910;9
1910;18
1910;36
1910;60
1910;106
1910;177
1911;9
1911;10
1911;35
1911;60
1911;106
1911;160
1912;9
1912;10
1912;36
1912;72
1912;106
1912;178
1913;9
1913;18
1913;36
1913;60
1913;106
1913;177
1914;9
1914;17
1914;36
1914;53
1914;80
1914;160
1915;9
1915;18
1915;36
1915;72
1915;80
1915;186
1916;9
1916;18
1916;22
1916;72
1916;80
1916;161
1917;9
1917;18
1917;36
1917;53
1917;80
1917;177
1918;9
1918;10
1918;27
1918;55
1918;80
1918;160
1919;9
1919;10
1919;23
1919;54
1919;80
1919;161
1920;9
1920;10
1920;23
1920;54
1920;80
1920;161
1921;9
1921;10
1921;23
1921;54
1921;80
1921;161
1922;9
1922;10
1922;23
1922;54
1922;80
1922;161
1923;9
1923;10
1923;23
1923;53
1923;80
1923;163
1924;9
1924;10
1924;36
1924;54
1924;80
1924;214
1925;9
1925;10
1925;23
1925;55
1925;80
1925;160
1926;9
1926;10
1926;23
1926;54
1926;80
1926;160
1927;9
1927;10
1927;23
1927;54
1927;80
1927;160
1928;8
1928;10
1928;27
1928;55
1928;80
1928;215
1929;9
1929;10
1929;35
1929;55
1929;80
1929;161
1930;9
1930;10
1930;22
1930;54
1930;80
1930;163
1931;9
1931;11
1931;23
1931;55
1931;80
1931;161
1932;9
1932;10
1932;23
1932;54
1932;80
1932;162
1933;9
1933;18
1933;23
1933;55
1933;80
1933;160
1934;9
1934;10
1934;23
1934;54
1934;80
1934;180
1935;9
1935;10
1935;23
1935;71
1935;89
1935;160
1936;9
1936;18
1936;22
1936;72
1936;90
1936;163
1937;9
1937;18
1937;23
1937;71
1937;89
1937;160
1938;9
1938;18
1938;22
1938;43
1938;103
1938;172
1939;9
1939;17
1939;37
1939;44
1939;88
1939;166
1940;8
1940;18
1940;20
1940;60
1940;129
1940;160
1941;8
1941;16
1941;20
1941;59
1941;80
1941;178
1942;8
1942;16
1942;20
1942;40
1942;80
1942;161
1943;8
1943;16
1943;20
1943;59
1943;80
1943;160
1944;8
1944;16
1944;20
1944;59
1944;80
1944;179
1945;8
1945;16
1945;30
1945;40
1945;80
1945;162
1946;8
1946;16
1946;30
1946;59
1946;81
1946;185
1947;8
1947;16
1947;30
1947;40
1947;80
1947;174
1948;8
1948;16
1948;20
1948;40
1948;80
1948;163
1949;8
1949;19
1949;30
1949;40
1949;81
1949;165
1950;8
1950;16
1950;20
1950;40
1950;80
1950;178
1951;8
1951;16
1951;30
1951;40
1951;80
1951;160
1952;8
1952;16
1952;20
1952;40
1952;80
1952;177
1953;8
1953;16
1953;30
1953;41
1953;81
1953;179
1954;8
1954;16
1954;20
1954;40
1954;82
1954;163
1955;8
1955;18
1955;20
1955;40
1955;83
1955;160
1956;8
1956;16
1956;20
1956;40
1956;128
1956;171
1957;8
1957;16
1957;30
1957;40
1957;80
1957;179
1958;8
1958;16
1958;30
1958;59
1958;89
1958;163
1959;9
1959;16
1959;30
1959;40
1959;80
1959;162
1960;8
1960;16
1960;20
1960;40
1960;81
1960;185
1961;9
1961;16
1961;30
1961;40
1961;83
1961;265
1962;8
1962;16
1962;20
1962;40
1962;80
1962;218
1963;9
1963;16
1963;30
1963;40
1963;95
1963;166
1964;8
1964;16
1964;20
1964;40
1964;128
1964;181
1965;9
1965;16
1965;30
1965;40
1965;80
1965;161
1966;9
1966;16
1966;20
1966;40
1966;80
1966;172
1967;9
1967;16
1967;30
1967;40
1967;80
1967;181
1968;9
1968;16
1968;30
1968;40
1968;81
1968;178
1969;9
1969;16
1969;30
1969;40
1969;80
1969;177
1970;9
1970;14
1970;25
1970;50
1970;80
1970;160
1971;8
1971;12
1971;24
1971;49
1971;123
1971;166
1972;9
1972;18
1972;36
1972;53
1972;89
1972;178
1973;9
1973;18
1973;36
1973;72
1973;108
1973;177
1974;9
1974;18
1974;36
1974;72
1974;107
1974;178
1975;9
1975;18
1975;36
1975;71
1975;107
1975;178
1976;9
1976;18
1976;36
1976;72
1976;106
1976;161
1977;9
1977;18
1977;36
1977;72
1977;108
1977;178
1978;9
1978;10
1978;22
1978;71
1978;107
1978;161
1979;9
1979;10
1979;36
1979;53
1979;107
1979;179
1980;9
1980;10
1980;36
1980;54
1980;107
1980;177
1981;9
1981;10
1981;22
1981;54
1981;107
1981;178
1982;9
1982;10
1982;36
1982;54
1982;107
1982;161
1983;9
1983;10
1983;22
1983;54
1983;108
1983;160
1984;9
1984;10
1984;36
1984;54
1984;126
1984;161
1985;9
1985;10
1985;22
1985;54
1985;89
1985;215
1986;9
1986;18
1986;36
1986;54
1986;125
1986;161
1987;9
1987;10
1987;22
1987;54
1987;125
1987;164
1988;9
1988;10
1988;22
1988;54
1988;126
1988;161
1989;9
1989;10
1989;22
1989;54
1989;89
1989;161
1990;9
1990;10
1990;26
1990;72
1990;89
1990;160
1991;9
1991;10
1991;22
1991;54
1991;89
1991;179
1992;9
1992;10
1992;22
1992;54
1992;125
1992;161
1993;9
1993;10
1993;22
1993;54
1993;89
1993;160
1994;9
1994;10
1994;22
1994;54
1994;89
1994;161
1995;9
1995;10
1995;23
1995;54
1995;89
1995;160
1996;9
1996;10
1996;22
1996;54
1996;90
1996;160
1997;9
1997;10
1997;23
1997;54
1997;89
1997;160
1998;9
1998;10
1998;22
1998;54
1998;90
1998;165
1999;9
1999;10
1999;23
1999;54
1999;89
1999;178
2000;9
2000;10
2000;23
2000;54
2000;90
2000;163
2001;9
2001;10
2001;23
2001;54
2001;90
2001;164
2002;9
2002;11
2002;27
2002;54
2002;90
2002;239
2003;9
2003;10
2003;23
2003;55
2003;89
2003;168
2004;9
2004;18
2004;23
2004;55
2004;90
2004;168
2005;8
2005;10
2005;23
2005;53
2005;80
2005;165
2006;9
2006;11
2006;26
2006;52
2006;90
2006;165
2007;9
2007;12
2007;23
2007;53
2007;90
2007;172
2008;9
2008;11
2008;36
2008;54
2008;90
2008;167
2009;9
2009;11
2009;23
2009;53
2009;90
2009;171
2010;8
2010;11
2010;26
2010;54
2010;90
2010;174
2011;8
2011;11
2011;35
2011;54
2011;88
2011;165
2012;9
2012;10
2012;23
2012;52
2012;109
2012;173
2013;8
2013;10
2013;26
2013;55
2013;85
2013;169
2014;9
2014;10
2014;23
2014;52
2014;90
2014;170
2015;9
2015;10
2015;27
2015;54
2015;92
2015;167
2016;9
2016;11
2016;26
2016;52
2016;96
2016;165
2017;9
2017;11
2017;36
2017;55
2017;82
2017;166
2018;9
2018;10
2018;23
2018;53
2018;80
2018;188
2019;9
2019;10
2019;23
2019;55
2019;86
2019;216
2020;9
2020;12
2020;27
2020;53
2020;85
2020;501
2021;8
2021;19
2021;22
2021;56
2021;103
2021;177
2022;9
2022;12
2022;23
2022;53
2022;102
2022;359
2023;9
2023;10
2023;22
2023;55
2023;112
2023;224
2024;9
2024;10
2024;22
2024;50
2024;87
2024;456
2025;9
2025;10
2025;22
2025;52
2025;82
2025;168
2026;9
2026;10
2026;22
2026;54
2026;81
2026;167
2027;9
2027;10
2027;27
2027;40
2027;86
2027;388
2028;2
2028;11
2028;22
2028;49
2028;130
2028;177
2029;8
2029;12
2029;23
2029;51
2029;115
2029;230
2030;4
2030;13
2030;23
2030;77
2030;81
2030;162
2031;0
2031;13
2031;22
2031;48
2031;83
2031;166
2032;8
2032;14
2032;24
2032;65
2032;122
2032;179
2033;1
2033;17
2033;32
2033;64
2033;130
2033;246
2034;0
2034;15
2034;31
2034;46
2034;92
2034;169
2035;9
2035;17
2035;24
2035;61
2035;86
2035;232
2036;7
2036;19
2036;36
2036;43
2036;151
2036;167
2037;0
2037;10
2037;20
2037;40
2037;80
2037;160
