18;0
18;10
18;20
18;40
18;80
18;160
19;9
19;11
19;23
19;43
19;159
19;195
20;9
20;11
20;22
20;45
20;158
20;194
21;9
21;11
21;22
21;45
21;147
21;193
22;8
22;11
22;22
22;45
22;158
22;193
23;9
23;11
23;22
23;51
23;84
23;186
24;5
24;11
24;22
24;50
24;84
24;186
25;6
25;11
25;22
25;50
25;84
25;186
26;6
26;11
26;22
26;50
26;84
26;186
27;9
27;10
27;31
27;78
27;84
27;217
28;0
28;11
28;33
28;75
28;82
28;168
29;0
29;19
29;31
29;41
29;155
29;173
30;8
30;15
30;39
30;40
30;81
30;269
31;8
31;17
31;28
31;42
31;106
31;278
32;5
32;17
32;28
32;56
32;106
32;278
33;7
33;17
33;28
33;57
33;106
33;278
34;6
34;17
34;28
34;56
34;106
34;234
35;9
35;17
35;28
35;77
35;80
35;317
36;2
36;17
36;28
36;42
36;102
36;188
37;9
37;17
37;21
37;42
37;106
37;314
38;6
38;17
38;28
38;67
38;135
38;224
39;9
39;17
39;28
39;42
39;106
39;235
40;9
40;17
40;28
40;42
40;106
40;278
41;6
41;19
41;38
41;42
41;113
41;207
42;5
42;17
42;28
42;42
42;106
42;224
43;8
43;17
43;34
43;42
43;99
43;203
44;0
44;17
44;33
44;67
44;100
44;201
45;7
45;17
45;28
45;42
45;101
45;201
46;7
46;16
46;33
46;66
46;98
46;308
47;8
47;19
47;28
47;76
47;114
47;243
48;7
48;16
48;31
48;62
48;80
48;334
49;8
49;14
49;28
49;56
49;155
49;168
50;9
50;10
50;20
50;45
50;157
50;167
51;9
51;10
51;20
51;47
51;157
51;424
52;9
52;10
52;20
52;47
52;133
52;331
53;9
53;10
53;34
53;67
53;84
53;186
54;9
54;10
54;34
54;67
54;101
54;186
55;9
55;10
55;34
55;67
55;101
55;186
56;9
56;10
56;34
56;67
56;101
56;186
57;9
57;10
57;20
57;54
57;80
57;223
58;0
58;11
58;28
58;57
58;158
58;172
59;0
59;11
59;28
59;55
59;155
59;170
60;9
60;17
60;22
60;67
60;158
60;265
61;9
61;10
61;38
61;67
61;112
61;170
62;9
62;10
62;28
62;67
62;112
62;170
63;9
63;10
63;28
63;45
63;112
63;170
64;9
64;17
64;28
64;45
64;112
64;170
65;9
65;10
65;39
65;40
65;91
65;204
66;9
66;19
66;20
66;40
66;112
66;236
67;9
67;10
67;34
67;67
67;112
67;170
68;9
68;10
68;22
68;45
68;155
68;177
69;9
69;10
69;22
69;45
69;90
69;202
70;9
70;10
70;34
70;45
70;112
70;170
71;9
71;18
71;27
71;65
71;127
71;304
72;9
72;19
72;37
72;56
72;132
72;222
73;9
73;17
73;33
73;50
73;131
73;197
74;9
74;16
74;34
74;67
74;132
74;476
75;9
75;10
75;28
75;67
75;85
75;495
76;7
76;17
76;21
76;42
76;85
76;461
77;7
77;16
77;33
77;50
77;115
77;313
78;7
78;19
78;37
78;75
78;112
78;319
79;7
79;19
79;38
79;75
79;113
79;207
80;8
80;15
80;20
80;60
80;121
80;182
81;7
81;19
81;38
81;56
81;113
81;319
82;7
82;19
82;37
82;56
82;132
82;450
83;8
83;15
83;30
83;75
83;90
83;453
84;7
84;15
84;30
84;45
84;145
84;212
85;7
85;15
85;33
85;67
85;84
85;316
86;7
86;15
86;34
86;67
86;117
86;302
87;8
87;17
87;34
87;67
87;84
87;189
88;9
88;16
88;33
88;50
88;99
88;192
89;8
89;17
89;34
89;67
89;119
89;187
90;8
90;16
90;34
90;58
90;114
90;344
91;7
91;15
91;22
91;56
91;157
91;267
92;7
92;15
92;38
92;56
92;94
92;266
93;7
93;15
93;22
93;56
93;157
93;266
94;7
94;15
94;22
94;56
94;157
94;267
95;7
95;15
95;22
95;57
95;111
95;167
96;7
96;15
96;22
96;69
96;115
96;206
97;7
97;15
97;22
97;56
97;157
97;267
98;8
98;15
98;22
98;45
98;155
98;178
99;7
99;15
99;22
99;44
99;156
99;178
100;7
100;15
100;20
100;59
100;112
100;234
101;7
101;15
101;38
101;75
101;94
101;302
102;7
102;15
102;38
102;55
102;94
102;224
103;7
103;17
103;33
103;57
103;94
103;316
104;7
104;16
104;33
104;45
104;94
104;483
105;7
105;15
105;22
105;45
105;157
105;449
106;7
106;17
106;22
106;67
106;101
106;219
107;7
107;18
107;37
107;73
107;112
107;194
108;8
108;17
108;32
108;69
108;84
108;273
109;8
109;14
109;28
109;63
109;155
109;168
110;8
110;17
110;25
110;63
110;140
110;192
111;8
111;17
111;25
111;63
111;140
111;410
112;8
112;17
112;25
112;63
112;140
112;370
113;8
113;17
113;34
113;67
113;84
113;186
114;8
114;17
114;34
114;67
114;84
114;186
115;8
115;17
115;34
115;67
115;84
115;186
116;8
116;17
116;34
116;67
116;83
116;186
117;8
117;17
117;20
117;57
117;84
117;196
118;8
118;16
118;25
118;53
118;81
118;193
119;7
119;16
119;32
119;47
119;82
119;168
120;9
120;19
120;20
120;63
120;106
120;250
121;8
121;17
121;21
121;42
121;106
121;257
122;8
122;17
122;21
122;42
122;106
122;256
123;8
123;17
123;21
123;42
123;106
123;257
124;8
124;14
124;21
124;42
124;106
124;257
125;8
125;18
125;37
125;40
125;106
125;177
126;8
126;17
126;21
126;42
126;106
126;257
127;8
127;17
127;32
127;51
127;98
127;190
128;8
128;17
128;22
128;45
128;146
128;169
129;8
129;17
129;21
129;42
129;106
129;296
130;8
130;17
130;22
130;68
130;136
130;265
131;8
131;19
131;38
131;57
131;95
131;322
132;8
132;17
132;37
132;56
132;131
132;319
133;8
133;17
133;33
133;50
133;117
133;301
134;8
134;16
134;33
134;51
134;117
134;319
135;9
135;18
135;21
135;41
135;157
135;167
136;8
136;17
136;34
136;42
136;115
136;199
137;8
137;17
137;35
137;69
137;104
137;190
138;7
138;19
138;38
138;75
138;113
138;188
139;8
139;19
139;20
139;59
139;98
139;230
140;8
140;19
140;20
140;58
140;98
140;321
141;8
141;19
141;38
141;56
141;94
141;189
142;8
142;19
142;22
142;45
142;113
142;207
143;8
143;17
143;22
143;45
143;84
143;272
144;9
144;17
144;34
144;66
144;152
144;220
145;1
145;17
145;34
145;67
145;84
145;184
146;0
146;17
146;33
146;67
146;84
146;302
147;8
147;17
147;34
147;67
147;83
147;191
148;0
148;18
148;20
148;67
148;117
148;194
149;8
149;18
149;20
149;67
149;84
149;256
150;9
150;17
150;34
150;43
150;107
150;368
151;8
151;17
151;28
151;42
151;141
151;279
152;1
152;17
152;28
152;42
152;141
152;279
153;3
153;17
153;28
153;42
153;141
153;279
154;0
154;17
154;28
154;42
154;141
154;279
155;9
155;11
155;28
155;54
155;81
155;212
156;2
156;11
156;29
156;42
156;99
156;279
157;7
157;11
157;28
157;42
157;141
157;279
158;6
158;14
158;28
158;42
158;127
158;240
159;2
159;11
159;28
159;42
159;141
159;370
160;7
160;11
160;28
160;42
160;127
160;279
161;9
161;17
161;34
161;42
161;159
161;287
162;9
162;17
162;33
162;42
162;127
162;366
163;5
163;17
163;28
163;57
163;134
163;303
164;8
164;17
164;37
164;40
164;113
164;211
165;9
165;17
165;28
165;42
165;85
165;279
166;7
166;19
166;20
166;56
166;143
166;202
167;9
167;14
167;28
167;42
167;155
167;170
168;9
168;14
168;28
168;56
168;84
168;311
169;9
169;10
169;20
169;48
169;157
169;167
170;9
170;10
170;20
170;47
170;157
170;167
171;9
171;10
171;20
171;47
171;90
171;167
172;9
172;10
172;20
172;47
172;90
172;167
173;9
173;10
173;33
173;50
173;84
173;185
174;9
174;10
174;33
174;50
174;84
174;185
175;9
175;10
175;33
175;50
175;84
175;185
176;9
176;10
176;34
176;56
176;84
176;185
177;9
177;10
177;28
177;50
177;86
177;217
178;0
178;17
178;28
178;50
178;151
178;161
179;8
179;11
179;29
179;50
179;148
179;187
180;9
180;10
180;20
180;51
180;157
180;185
181;9
181;10
181;34
181;45
181;112
181;365
182;9
182;10
182;33
182;57
182;112
182;185
183;9
183;10
183;20
183;50
183;112
183;193
184;9
184;10
184;33
184;50
184;85
184;374
185;9
185;12
185;24
185;45
185;147
185;276
186;9
186;13
186;27
186;40
186;94
186;202
187;9
187;14
187;28
187;42
187;142
187;312
188;9
188;14
188;28
188;42
188;112
188;196
189;9
189;10
189;33
189;50
189;112
189;413
190;9
190;10
190;27
190;41
190;84
190;318
191;9
191;10
191;28
191;42
191;85
191;182
192;9
192;10
192;28
192;50
192;112
192;400
193;9
193;10
193;25
193;45
193;85
193;200
194;9
194;13
194;25
194;45
194;85
194;226
195;9
195;12
195;25
195;50
195;124
195;323
196;8
196;13
196;38
196;50
196;151
196;214
197;7
197;13
197;25
197;50
197;154
197;214
198;7
198;13
198;35
198;44
198;157
198;165
199;8
199;15
199;23
199;45
199;148
199;173
200;8
200;15
200;23
200;45
200;148
200;173
201;8
201;15
201;23
201;45
201;139
201;173
202;7
202;15
202;22
202;45
202;112
202;218
203;7
203;15
203;30
203;45
203;150
203;257
204;7
204;15
204;30
204;45
204;150
204;196
205;7
205;15
205;30
205;45
205;150
205;196
206;7
206;15
206;30
206;44
206;154
206;196
207;9
207;10
207;30
207;42
207;86
207;202
208;0
208;10
208;30
208;41
208;87
208;163
209;9
209;10
209;22
209;44
209;80
209;243
210;8
210;15
210;23
210;57
210;95
210;266
211;7
211;19
211;22
211;56
211;94
211;267
212;7
212;19
212;22
212;45
212;94
212;266
213;7
213;15
213;30
213;45
213;94
213;334
214;7
214;15
214;22
214;45
214;94
214;267
215;7
215;12
215;23
215;45
215;94
215;267
216;7
216;12
216;23
216;74
216;86
216;221
217;7
217;15
217;22
217;53
217;95
217;267
218;7
218;15
218;23
218;42
218;94
218;267
219;7
219;14
219;28
219;42
219;140
219;323
220;7
220;14
220;28
220;56
220;124
220;220
221;7
221;14
221;23
221;57
221;145
221;188
222;7
222;15
222;22
222;45
222;94
222;267
223;7
223;15
223;30
223;45
223;94
223;193
224;7
224;13
224;25
224;45
224;94
224;267
225;8
225;12
225;24
225;45
225;94
225;247
226;8
226;12
226;25
226;48
226;156
226;273
227;8
227;13
227;25
227;42
227;126
227;226
228;8
228;13
228;25
228;51
228;88
228;227
229;9
229;17
229;34
229;42
229;157
229;220
230;8
230;17
230;34
230;42
230;157
230;169
231;8
231;17
231;34
231;42
231;85
231;314
232;8
232;17
232;34
232;42
232;85
232;213
233;8
233;17
233;34
233;67
233;84
233;186
234;8
234;17
234;34
234;67
234;84
234;186
235;8
235;17
235;34
235;67
235;84
235;186
236;8
236;17
236;34
236;42
236;84
236;224
237;8
237;18
237;26
237;47
237;150
237;198
238;8
238;10
238;25
238;53
238;155
238;182
239;9
239;12
239;38
239;50
239;140
239;192
240;9
240;17
240;36
240;42
240;84
240;166
241;8
241;17
241;33
241;45
241;155
241;300
242;8
242;17
242;22
242;44
242;151
242;212
243;8
243;17
243;21
243;42
243;137
243;211
244;8
244;17
244;25
244;42
244;125
244;176
245;8
245;17
245;25
245;42
245;126
245;176
246;8
246;17
246;25
246;42
246;126
246;176
247;8
247;17
247;25
247;43
247;126
247;176
248;8
248;17
248;21
248;42
248;85
248;279
249;8
249;17
249;21
249;43
249;85
249;279
250;8
250;17
250;22
250;45
250;113
250;250
251;8
251;17
251;22
251;45
251;90
251;223
252;8
252;17
252;21
252;43
252;85
252;311
253;8
253;17
253;21
253;43
253;85
253;173
254;8
254;17
254;21
254;43
254;85
254;281
255;8
255;17
255;25
255;42
255;107
255;167
256;8
256;17
256;22
256;67
256;112
256;314
257;8
257;17
257;22
257;44
257;111
257;170
258;8
258;17
258;25
258;42
258;155
258;219
259;9
259;10
259;25
259;50
259;125
259;174
260;9
260;10
260;25
260;76
260;126
260;177
261;9
261;10
261;28
261;56
261;84
261;224
262;9
262;10
262;28
262;57
262;85
262;227
263;9
263;10
263;27
263;54
263;84
263;289
264;9
264;10
264;26
264;52
264;156
264;208
265;9
265;10
265;33
265;56
265;83
265;167
266;9
266;10
266;28
266;55
266;83
266;166
267;9
267;10
267;22
267;50
267;151
267;226
268;9
268;10
268;22
268;45
268;142
268;170
269;9
269;10
269;22
269;45
269;142
269;170
270;9
270;10
270;22
270;45
270;146
270;167
271;9
271;10
271;28
271;44
271;111
271;287
272;7
272;17
272;23
272;45
272;111
272;290
273;7
273;16
273;22
273;45
273;112
273;290
274;8
274;17
274;22
274;45
274;135
274;289
275;8
275;17
275;22
275;45
275;157
275;314
276;8
276;17
276;25
276;50
276;151
276;177
277;8
277;17
277;25
277;50
277;150
277;224
278;8
278;17
278;25
278;50
278;152
278;177
279;8
279;17
279;25
279;50
279;152
279;177
280;8
280;17
280;25
280;50
280;149
280;174
281;8
281;17
281;25
281;49
281;148
281;174
282;8
282;17
282;21
282;45
282;133
282;279
283;8
283;17
283;21
283;42
283;106
283;279
284;7
284;16
284;20
284;40
284;80
284;232
285;6
285;15
285;22
285;56
285;94
285;231
286;7
286;15
286;38
286;76
286;113
286;510
287;7
287;15
287;34
287;67
287;83
287;216
288;7
288;15
288;34
288;67
288;84
288;201
289;7
289;15
289;33
289;50
289;84
289;217
290;7
290;17
290;34
290;50
290;152
290;220
291;7
291;17
291;33
291;45
291;94
291;217
292;7
292;17
292;34
292;67
292;94
292;228
293;7
293;15
293;34
293;45
293;94
293;236
294;7
294;15
294;30
294;45
294;94
294;247
295;7
295;15
295;30
295;45
295;94
295;165
296;7
296;15
296;20
296;56
296;113
296;228
297;7
297;15
297;22
297;56
297;113
297;196
298;7
298;15
298;22
298;45
298;84
298;197
299;7
299;15
299;22
299;45
299;84
299;196
300;7
300;15
300;22
300;56
300;84
300;196
301;7
301;15
301;22
301;56
301;84
301;196
302;7
302;15
302;28
302;67
302;84
302;196
303;7
303;15
303;28
303;45
303;84
303;196
304;7
304;15
304;28
304;56
304;84
304;196
305;7
305;15
305;28
305;56
305;84
305;196
306;7
306;15
306;28
306;45
306;84
306;197
307;7
307;15
307;28
307;45
307;84
307;197
308;7
308;15
308;28
308;56
308;84
308;196
309;7
309;15
309;28
309;56
309;84
309;197
310;7
310;15
310;28
310;45
310;84
310;197
311;7
311;15
311;28
311;45
311;84
311;224
312;7
312;15
312;28
312;45
312;147
312;289
313;7
313;15
313;28
313;56
313;84
313;197
314;7
314;15
314;28
314;56
314;84
314;196
315;7
315;15
315;34
315;42
315;84
315;182
316;8
316;19
316;22
316;45
316;155
316;219
317;8
317;18
317;28
317;40
317;84
317;204
318;8
318;19
318;20
318;40
318;156
318;471
319;9
319;10
319;25
319;51
319;124
319;199
320;9
320;10
320;38
320;79
320;81
320;216
321;9
321;10
321;38
321;56
321;84
321;197
322;9
322;10
322;38
322;56
322;112
322;170
323;9
323;10
323;38
323;77
323;102
323;204
324;9
324;10
324;38
324;79
324;82
324;218
325;9
325;10
325;28
325;56
325;84
325;197
326;9
326;10
326;22
326;45
326;82
326;366
327;9
327;10
327;22
327;50
327;126
327;177
328;9
328;10
328;22
328;45
328;112
328;366
329;9
329;10
329;22
329;45
329;112
329;366
330;9
330;10
330;22
330;45
330;157
330;167
331;9
331;10
331;22
331;45
331;134
331;179
332;7
332;16
332;22
332;42
332;134
332;224
333;7
333;19
333;22
333;44
333;134
333;223
334;8
334;17
334;22
334;67
334;133
334;178
335;8
335;17
335;23
335;68
335;91
335;225
336;8
336;17
336;25
336;75
336;126
336;227
337;8
337;17
337;25
337;75
337;126
337;201
338;8
338;17
338;25
338;75
338;124
338;202
339;8
339;17
339;25
339;74
339;124
339;173
340;8
340;17
340;25
340;42
340;84
340;186
341;8
341;17
341;29
341;42
341;106
341;226
342;8
342;17
342;28
342;42
342;106
342;225
343;8
343;17
343;27
343;42
343;106
343;226
344;7
344;15
344;20
344;45
344;96
344;230
345;7
345;15
345;25
345;50
345;124
345;219
346;7
346;15
346;28
346;56
346;84
346;224
347;7
347;15
347;27
347;79
347;81
347;216
348;7
348;15
348;25
348;75
348;125
348;225
349;7
349;15
349;23
349;67
349;89
349;227
350;7
350;15
350;22
350;66
350;86
350;229
351;7
351;19
351;38
351;75
351;94
351;225
352;7
352;15
352;39
352;76
352;115
352;208
353;7
353;15
353;22
353;67
353;112
353;179
354;7
354;15
354;22
354;67
354;112
354;201
355;7
355;15
355;22
355;67
355;134
355;179
356;8
356;19
356;22
356;45
356;134
356;217
357;7
357;19
357;22
357;67
357;112
357;168
358;7
358;19
358;22
358;56
358;112
358;196
359;7
359;19
359;21
359;67
359;112
359;197
360;7
360;19
360;22
360;56
360;112
360;196
361;7
361;19
361;23
361;45
361;112
361;225
362;7
362;19
362;21
362;45
362;112
362;225
363;7
363;19
363;28
363;45
363;112
363;168
364;7
364;19
364;28
364;67
364;112
364;168
365;7
365;11
365;28
365;56
365;112
365;168
366;7
366;19
366;28
366;67
366;112
366;169
367;7
367;15
367;28
367;56
367;112
367;168
368;7
368;15
368;28
368;45
368;112
368;169
369;7
369;15
369;28
369;45
369;90
369;168
370;8
370;11
370;28
370;45
370;112
370;168
371;7
371;19
371;38
371;57
371;92
371;367
372;8
372;19
372;37
372;75
372;93
372;367
373;7
373;17
373;38
373;67
373;100
373;367
374;7
374;17
374;38
374;50
374;118
374;301
375;7
375;17
375;33
375;46
375;84
375;194
376;7
376;17
376;34
376;64
376;84
376;194
377;7
377;17
377;34
377;50
377;150
377;301
378;8
378;17
378;34
378;50
378;118
378;321
379;8
379;17
379;33
379;50
379;117
379;167
380;8
380;17
380;33
380;50
380;116
380;317
381;8
381;17
381;33
381;50
381;116
381;331
382;8
382;17
382;34
382;42
382;105
382;311
383;8
383;16
383;33
383;49
383;84
383;306
384;8
384;17
384;36
384;53
384;88
384;300
385;8
385;19
385;39
385;58
385;97
385;304
386;8
386;16
386;21
386;41
386;82
386;217
387;8
387;17
387;21
387;42
387;84
387;313
388;8
388;17
388;21
388;42
388;84
388;295
389;8
389;17
389;21
389;42
389;85
389;317
390;8
390;17
390;21
390;42
390;84
390;315
391;8
391;17
391;21
391;43
391;86
391;301
392;8
392;17
392;21
392;42
392;83
392;311
393;8
393;16
393;21
393;42
393;85
393;318
394;8
394;17
394;21
394;44
394;88
394;166
395;8
395;17
395;21
395;44
395;89
395;312
396;8
396;17
396;23
396;45
396;90
396;291
397;8
397;17
397;22
397;45
397;89
397;290
398;8
398;17
398;22
398;45
398;89
398;291
399;8
399;17
399;22
399;45
399;89
399;313
400;8
400;17
400;22
400;45
400;89
400;201
401;8
401;19
401;21
401;42
401;89
401;191
402;8
402;13
402;21
402;42
402;89
402;169
403;8
403;13
403;21
403;45
403;90
403;225
404;8
404;16
404;21
404;45
404;89
404;223
405;8
405;17
405;21
405;45
405;90
405;289
406;8
406;17
406;21
406;44
406;89
406;310
407;8
407;17
407;21
407;45
407;90
407;225
408;8
408;16
408;21
408;45
408;90
408;225
409;8
409;13
409;21
409;49
409;98
409;220
410;8
410;13
410;21
410;77
410;103
410;208
411;8
411;13
411;21
411;55
411;110
411;220
412;9
412;17
412;25
412;58
412;115
412;166
413;8
413;17
413;30
413;60
413;119
413;179
414;8
414;17
414;25
414;60
414;119
414;209
415;8
415;17
415;25
415;60
415;120
415;210
416;8
416;17
416;29
416;59
416;118
416;195
417;8
417;13
417;21
417;61
417;91
417;278
418;8
418;13
418;21
418;59
418;89
418;237
419;8
419;13
419;21
419;60
419;89
419;238
420;8
420;13
420;21
420;60
420;90
420;239
421;8
421;17
421;21
421;59
421;89
421;238
422;8
422;17
422;21
422;60
422;90
422;239
423;8
423;17
423;25
423;59
423;118
423;236
424;8
424;17
424;21
424;42
424;107
424;214
425;8
425;17
425;21
425;57
425;113
425;227
426;8
426;13
426;25
426;57
426;85
426;199
427;8
427;13
427;26
427;53
427;81
427;214
428;0
428;13
428;26
428;52
428;103
428;180
429;0
429;18
429;30
429;60
429;90
429;240
430;0
430;14
430;29
430;40
430;135
430;173
431;9
431;19
431;22
431;43
431;129
431;171
432;0
432;16
432;22
432;67
432;112
432;224
433;2
433;18
433;22
433;67
433;112
433;224
434;2
434;18
434;22
434;67
434;89
434;179
435;7
435;17
435;22
435;67
435;112
435;179
436;7
436;19
436;22
436;44
436;109
436;265
437;7
437;19
437;35
437;49
437;84
437;292
438;9
438;11
438;22
438;56
438;159
438;295
439;3
439;11
439;25
439;50
439;150
439;225
440;0
440;11
440;25
440;51
440;151
440;227
441;0
441;11
441;28
441;56
441;141
441;169
442;8
442;11
442;28
442;56
442;84
442;225
443;0
443;11
443;28
443;57
443;84
443;197
444;9
444;11
444;22
444;50
444;84
444;169
445;9
445;11
445;22
445;50
445;84
445;169
446;9
446;10
446;33
446;40
446;81
446;224
447;0
447;18
447;33
447;67
447;100
447;167
448;8
448;18
448;33
448;67
448;100
448;235
449;9
449;17
449;33
449;65
449;98
449;163
450;7
450;17
450;34
450;63
450;85
450;170
451;1
451;17
451;33
451;56
451;85
451;166
452;9
452;17
452;34
452;63
452;85
452;169
453;4
453;17
453;28
453;63
453;85
453;288
454;4
454;17
454;33
454;66
454;159
454;164
455;9
455;17
455;38
455;40
455;85
455;256
456;9
456;17
456;28
456;63
456;85
456;256
457;0
457;17
457;34
457;42
457;85
457;274
458;0
458;11
458;33
458;67
458;85
458;167
459;9
459;11
459;34
459;63
459;85
459;169
460;9
460;11
460;28
460;63
460;85
460;170
461;7
461;10
461;25
461;75
461;93
461;220
462;6
462;11
462;24
462;47
462;94
462;218
463;0
463;10
463;22
463;45
463;89
463;224
464;8
464;18
464;22
464;44
464;112
464;204
465;9
465;10
465;22
465;45
465;157
465;246
466;9
466;10
466;28
466;47
466;153
466;457
467;9
467;10
467;28
467;47
467;152
467;201
468;9
468;18
468;28
468;47
468;144
468;165
469;9
469;10
469;28
469;79
469;92
469;201
470;9
470;10
470;25
470;50
470;101
470;201
471;9
471;10
471;28
471;56
471;84
471;198
472;9
472;10
472;28
472;56
472;84
472;168
473;9
473;10
473;28
473;56
473;84
473;208
474;9
474;10
474;28
474;50
474;151
474;185
475;9
475;10
475;28
475;50
475;137
475;333
476;8
476;10
476;34
476;79
476;80
476;221
477;1
477;18
477;33
477;66
477;100
477;235
478;8
478;15
478;33
478;67
478;100
478;230
479;9
479;17
479;34
479;68
479;83
479;234
480;9
480;10
480;32
480;45
480;157
480;194
481;9
481;10
481;34
481;44
481;112
481;229
482;9
482;10
482;22
482;45
482;112
482;170
483;9
483;10
483;22
483;45
483;85
483;170
484;9
484;10
484;22
484;45
484;112
484;170
485;9
485;10
485;22
485;45
485;85
485;170
486;9
486;10
486;22
486;45
486;85
486;170
487;9
487;10
487;22
487;45
487;85
487;170
488;9
488;10
488;22
488;45
488;85
488;170
489;9
489;10
489;22
489;45
489;85
489;170
490;9
490;10
490;22
490;44
490;85
490;169
491;6
491;10
491;20
491;75
491;82
491;217
492;0
492;13
492;31
492;77
492;150
492;288
493;0
493;18
493;24
493;73
493;151
493;301
494;9
494;18
494;28
494;41
494;150
494;173
495;9
495;10
495;22
495;45
495;89
495;246
496;7
496;10
496;22
496;45
496;89
496;223
497;7
497;10
497;22
497;42
497;148
497;464
498;8
498;15
498;23
498;53
498;148
498;182
499;8
499;15
499;25
499;50
499;124
499;224
500;7
500;15
500;25
500;50
500;149
500;174
501;7
501;15
501;28
501;56
501;84
501;168
502;7
502;15
502;28
502;56
502;85
502;226
503;7
503;15
503;28
503;56
503;141
503;455
504;7
504;15
504;22
504;45
504;90
504;385
505;7
505;15
505;22
505;45
505;90
505;286
506;7
506;10
506;33
506;55
506;80
506;166
507;1
507;16
507;34
507;67
507;100
507;234
508;8
508;18
508;33
508;67
508;133
508;234
509;7
509;13
509;34
509;67
509;101
509;236
510;7
510;15
510;33
510;67
510;100
510;233
511;7
511;15
511;34
511;67
511;101
511;365
512;7
512;15
512;33
512;66
512;99
512;365
513;7
513;15
513;34
513;45
513;102
513;236
514;7
514;15
514;36
514;45
514;113
514;184
515;7
515;15
515;37
515;45
515;113
515;189
516;7
516;15
516;23
516;45
516;156
516;502
517;7
517;15
517;22
517;67
517;113
517;490
518;7
518;15
518;33
518;67
518;100
518;200
519;7
519;15
519;22
519;67
519;157
519;179
520;8
520;15
520;22
520;67
520;113
520;167
521;8
521;10
521;25
521;50
521;158
521;166
522;7
522;19
522;22
522;45
522;89
522;178
523;8
523;18
523;22
523;45
523;156
523;246
524;7
524;15
524;22
524;66
524;155
524;164
525;8
525;15
525;22
525;43
525;156
525;244
526;8
526;15
526;22
526;45
526;144
526;504
527;8
527;15
527;23
527;41
527;158
527;249
528;8
528;17
528;25
528;42
528;148
528;388
529;8
529;17
529;25
529;50
529;99
529;199
530;8
530;17
530;27
530;54
530;80
530;213
531;8
531;10
531;28
531;56
531;84
531;169
532;8
532;17
532;28
532;56
532;84
532;186
533;8
533;17
533;34
533;67
533;84
533;434
534;8
534;17
534;34
534;67
534;84
534;506
535;8
535;17
535;33
535;67
535;151
535;466
536;7
536;10
536;33
536;66
536;100
536;242
537;0
537;10
537;33
537;67
537;100
537;200
538;0
538;12
538;34
538;68
538;101
538;203
539;9
539;17
539;33
539;67
539;106
539;200
540;8
540;17
540;34
540;76
540;151
540;202
541;8
541;17
541;34
541;75
541;151
541;278
542;8
542;17
542;25
542;76
542;151
542;278
543;8
543;17
543;25
543;76
543;151
543;176
544;8
544;17
544;25
544;76
544;151
544;278
545;8
545;17
545;25
545;76
545;151
545;278
546;8
546;17
546;25
546;76
546;151
546;177
547;8
547;17
547;25
547;76
547;127
547;368
548;8
548;17
548;25
548;42
548;127
548;235
549;8
549;17
549;22
549;45
549;113
549;273
550;8
550;17
550;22
550;67
550;112
550;273
551;8
551;17
551;21
551;64
551;106
551;176
552;8
552;17
552;21
552;64
552;106
552;279
553;8
553;17
553;21
553;64
553;106
553;176
554;8
554;17
554;26
554;43
554;157
554;167
555;8
555;17
555;22
555;67
555;89
555;224
556;8
556;15
556;22
556;67
556;90
556;180
557;7
557;14
557;22
557;50
557;133
557;177
558;9
558;11
558;23
558;56
558;147
558;194
559;3
559;11
559;25
559;50
559;100
559;227
560;8
560;11
560;27
560;53
560;80
560;208
561;0
561;11
561;28
561;56
561;84
561;168
562;9
562;17
562;28
562;56
562;84
562;169
563;5
563;17
563;22
563;45
563;84
563;460
564;4
564;17
564;22
564;45
564;84
564;438
565;9
565;11
565;22
565;44
565;82
565;223
566;7
566;11
566;34
566;67
566;134
566;171
567;0
567;17
567;33
567;67
567;100
567;233
568;8
568;16
568;34
568;67
568;101
568;235
569;9
569;16
569;34
569;67
569;141
569;169
570;7
570;11
570;33
570;42
570;106
570;367
571;6
571;11
571;34
571;42
571;106
571;367
572;2
572;11
572;33
572;42
572;106
572;278
573;4
573;11
573;34
573;42
573;135
573;169
574;4
574;11
574;34
574;42
574;134
574;234
575;4
575;11
575;37
575;42
575;150
575;344
576;3
576;11
576;38
576;75
576;113
576;223
577;8
577;11
577;34
577;68
577;136
577;202
578;9
578;11
578;34
578;42
578;134
578;201
579;9
579;11
579;21
579;42
579;106
579;170
580;9
580;11
580;21
580;42
580;80
580;199
581;5
581;13
581;24
581;70
581;139
581;166
582;0
582;11
582;22
582;67
582;111
582;222
583;9
583;11
583;22
583;67
583;146
583;190
584;8
584;18
584;20
584;40
584;158
584;196
585;9
585;19
585;22
585;45
585;156
585;245
586;9
586;10
586;22
586;45
586;90
586;247
587;9
587;10
587;22
587;45
587;90
587;225
588;9
588;10
588;24
588;50
588;147
588;174
589;9
589;10
589;25
589;50
589;151
589;176
590;9
590;10
590;28
590;56
590;85
590;170
591;9
591;10
591;28
591;56
591;85
591;197
592;9
592;10
592;27
592;54
592;81
592;192
593;9
593;10
593;25
593;50
593;84
593;200
594;9
594;10
594;25
594;67
594;84
594;386
595;9
595;10
595;35
595;53
595;80
595;389
596;6
596;11
596;25
596;50
596;148
596;172
597;0
597;19
597;25
597;50
597;150
597;200
598;9
598;18
598;22
598;67
598;134
598;178
599;9
599;19
599;21
599;43
599;131
599;226
600;9
600;10
600;37
600;56
600;112
600;244
601;9
601;10
601;38
601;56
601;151
601;170
602;9
602;10
602;20
602;45
602;112
602;188
603;9
603;10
603;21
603;45
603;85
603;202
604;9
604;10
604;33
604;45
604;85
604;170
605;9
605;10
605;33
605;45
605;85
605;170
606;9
606;10
606;34
606;45
606;85
606;170
607;9
607;10
607;33
607;45
607;85
607;283
608;9
608;10
608;33
608;45
608;85
608;326
609;9
609;10
609;33
609;45
609;85
609;323
610;9
610;10
610;34
610;70
610;85
610;222
611;6
611;11
611;22
611;55
611;149
611;227
612;1
612;16
612;22
612;44
612;134
612;224
613;9
613;19
613;25
613;50
613;151
613;227
614;7
614;15
614;24
614;74
614;145
614;240
615;7
615;14
615;25
615;50
615;100
615;198
616;7
616;14
616;26
616;79
616;107
616;190
617;7
617;14
617;28
617;56
617;141
617;196
618;7
618;15
618;32
618;45
618;155
618;173
619;7
619;15
619;23
619;45
619;152
619;161
620;7
620;15
620;22
620;45
620;152
620;162
621;7
621;15
621;23
621;57
621;92
621;287
622;7
622;15
622;22
622;45
622;157
622;165
623;7
623;15
623;22
623;44
623;89
623;178
624;7
624;15
624;22
624;45
624;90
624;201
625;7
625;15
625;21
625;43
625;158
625;218
626;7
626;17
626;33
626;67
626;83
626;166
627;9
627;17
627;34
627;67
627;84
627;168
628;8
628;17
628;20
628;71
628;81
628;221
629;7
629;15
629;30
629;74
629;85
629;183
630;7
630;15
630;22
630;75
630;125
630;175
631;7
631;15
631;28
631;56
631;85
631;197
632;7
632;15
632;30
632;56
632;141
632;254
633;7
633;15
633;25
633;50
633;99
633;175
634;7
634;15
634;25
634;50
634;101
634;201
635;7
635;15
635;30
635;67
635;113
635;247
636;7
636;15
636;30
636;45
636;113
636;263
637;7
637;15
637;22
637;45
637;112
637;179
638;7
638;15
638;22
638;44
638;112
638;179
639;7
639;15
639;22
639;45
639;134
639;200
640;7
640;15
640;22
640;76
640;80
640;245
641;7
641;10
641;22
641;45
641;133
641;200
642;0
642;11
642;24
642;49
642;120
642;194
643;7
643;16
643;25
643;50
643;99
643;325
644;7
644;15
644;27
644;55
644;85
644;165
645;7
645;15
645;22
645;45
645;91
645;207
646;8
646;15
646;23
646;40
646;156
646;179
647;9
647;10
647;20
647;62
647;156
647;177
648;8
648;17
648;21
648;42
648;106
648;368
649;8
649;17
649;21
649;42
649;106
649;279
650;8
650;17
650;21
650;42
650;106
650;278
651;8
651;16
651;21
651;42
651;83
651;166
652;8
652;10
652;20
652;51
652;80
652;164
653;0
653;10
653;30
653;48
653;80
653;170
654;0
654;19
654;21
654;47
654;148
654;254
655;0
655;19
655;23
655;45
655;90
655;160
656;0
656;16
656;28
656;47
656;142
656;271
657;0
657;17
657;23
657;49
657;101
657;203
658;8
658;13
658;27
658;41
658;103
658;202
659;9
659;13
659;30
659;50
659;154
659;163
660;8
660;11
660;34
660;79
660;151
660;303
661;8
661;12
661;34
661;47
661;154
661;185
662;9
662;10
662;27
662;49
662;158
662;193
663;9
663;19
663;27
663;41
663;157
663;252
664;4
664;13
664;25
664;51
664;153
664;163
665;8
665;14
665;27
665;54
665;81
665;162
666;1
666;19
666;27
666;55
666;111
666;168
667;8
667;18
667;26
667;51
667;101
667;227
668;9
668;19
668;26
668;53
668;157
668;183
669;5
669;19
669;28
669;56
669;111
669;225
670;8
670;19
670;37
670;73
670;139
670;176
671;3
671;19
671;26
671;51
671;131
671;186
672;1
672;12
672;25
672;75
672;100
672;175
673;0
673;14
673;28
673;56
673;112
673;170
674;8
674;15
674;28
674;57
674;86
674;171
675;0
675;10
675;33
675;57
675;112
675;226
676;0
676;15
676;30
676;51
676;123
676;303
677;8
677;19
677;37
677;41
677;133
677;244
678;6
678;10
678;22
678;44
678;87
678;241
679;6
679;11
679;25
679;50
679;124
679;300
680;6
680;11
680;25
680;51
680;102
680;303
681;6
681;11
681;28
681;56
681;112
681;169
682;6
682;11
682;28
682;56
682;113
682;169
683;6
683;11
683;29
683;57
683;112
683;170
684;6
684;11
684;22
684;50
684;106
684;343
685;6
685;11
685;22
685;73
685;93
685;235
686;7
686;10
686;33
686;67
686;100
686;301
687;0
687;19
687;33
687;67
687;100
687;489
688;1
688;19
688;34
688;68
688;102
688;306
689;7
689;10
689;33
689;63
689;85
689;169
690;6
690;11
690;34
690;56
690;101
690;170
691;6
691;11
691;33
691;67
691;100
691;256
692;6
692;11
692;34
692;63
692;85
692;256
693;6
693;11
693;33
693;67
693;100
693;256
694;6
694;17
694;35
694;45
694;85
694;170
695;6
695;17
695;37
695;75
695;85
695;170
696;6
696;17
696;28
696;63
696;85
696;170
697;6
697;17
697;28
697;63
697;85
697;169
698;6
698;17
698;22
698;63
698;85
698;169
699;6
699;17
699;28
699;42
699;85
699;169
700;6
700;16
700;24
700;52
700;93
700;166
701;9
701;10
701;22
701;44
701;89
701;289
702;7
702;19
702;22
702;45
702;89
702;290
703;0
703;17
703;22
703;45
703;89
703;224
704;9
704;19
704;22
704;45
704;89
704;202
705;9
705;10
705;22
705;45
705;89
705;161
706;9
706;19
706;28
706;47
706;88
706;161
707;9
707;19
707;28
707;47
707;90
707;221
708;6
708;10
708;25
708;40
708;157
708;178
709;5
709;10
709;26
709;75
709;80
709;302
710;5
710;10
710;28
710;56
710;85
710;282
711;5
711;10
711;28
711;56
711;85
711;271
712;5
712;10
712;28
712;50
712;84
712;185
713;5
713;10
713;28
713;56
713;84
713;185
714;5
714;10
714;28
714;50
714;92
714;347
715;5
715;10
715;20
715;52
715;93
715;166
716;8
716;14
716;33
716;67
716;101
716;267
717;0
717;19
717;33
717;67
717;100
717;490
718;9
718;18
718;33
718;67
718;101
718;454
719;6
719;10
719;34
719;67
719;88
719;175
720;5
720;10
720;34
720;67
720;100
720;170
721;5
721;10
721;34
721;67
721;98
721;170
722;5
722;10
722;33
722;67
722;100
722;170
723;5
723;10
723;34
723;67
723;101
723;170
724;5
724;10
724;33
724;66
724;99
724;170
725;5
725;10
725;34
725;45
725;101
725;170
726;5
726;10
726;22
726;45
726;85
726;170
727;5
727;10
727;22
727;44
727;85
727;170
728;5
728;10
728;22
728;45
728;85
728;170
729;5
729;10
729;22
729;45
729;85
729;170
730;5
730;10
730;32
730;74
730;89
730;161
731;8
731;10
731;27
731;46
731;80
731;482
732;0
732;13
732;20
732;63
732;81
732;187
733;0
733;14
733;36
733;58
733;125
733;170
734;9
734;10
734;28
734;63
734;137
734;162
735;7
735;10
735;36
735;72
735;126
735;309
736;7
736;10
736;21
736;42
736;153
736;162
737;9
737;10
737;30
737;45
737;151
737;163
738;6
738;15
738;22
738;40
738;147
738;173
739;4
739;15
739;25
739;75
739;99
739;164
740;4
740;15
740;25
740;76
740;101
740;277
741;4
741;15
741;28
741;45
741;84
741;273
742;4
742;15
742;28
742;45
742;84
742;225
743;4
743;15
743;28
743;45
743;84
743;180
744;4
744;15
744;23
744;45
744;105
744;334
745;4
745;19
745;20
745;52
745;93
745;166
746;4
746;19
746;34
746;67
746;101
746;456
747;0
747;18
747;33
747;66
747;100
747;233
748;0
748;18
748;33
748;67
748;100
748;234
749;6
749;10
749;33
749;46
749;87
749;172
750;4
750;15
750;34
750;67
750;113
750;236
751;4
751;15
751;33
751;67
751;99
751;234
752;4
752;15
752;33
752;45
752;100
752;234
753;4
753;15
753;33
753;67
753;100
753;234
754;4
754;15
754;35
754;45
754;157
754;214
755;4
755;15
755;37
755;75
755;112
755;224
756;4
756;15
756;22
756;45
756;113
756;228
757;4
757;15
757;22
757;45
757;113
757;228
758;4
758;15
758;22
758;67
758;113
758;228
759;4
759;15
759;22
759;67
759;113
759;228
760;8
760;10
760;22
760;52
760;93
760;166
761;9
761;16
761;23
761;45
761;90
761;225
762;0
762;18
762;22
762;44
762;89
762;289
763;3
763;15
763;23
763;45
763;90
763;225
764;7
764;15
764;22
764;45
764;89
764;164
765;8
765;15
765;22
765;45
765;86
765;424
766;8
766;15
766;22
766;43
766;88
766;192
767;8
767;13
767;34
767;49
767;148
767;219
768;6
768;10
768;25
768;76
768;153
768;192
769;4
769;17
769;27
769;54
769;82
769;193
770;4
770;17
770;28
770;56
770;84
770;462
771;4
771;17
771;28
771;56
771;84
771;186
772;4
772;17
772;25
772;50
772;100
772;186
773;4
773;17
773;34
773;50
773;84
773;186
774;4
774;17
774;34
774;50
774;84
774;185
775;8
775;16
775;25
775;52
775;93
775;235
776;0
776;14
776;25
776;50
776;100
776;251
777;0
777;18
777;23
777;45
777;90
777;245
778;1
778;19
778;21
778;42
778;85
778;429
779;6
779;19
779;25
779;50
779;151
779;176
780;4
780;19
780;25
780;75
780;151
780;278
781;4
781;17
781;22
781;45
781;90
781;277
782;4
782;17
782;21
782;76
782;85
782;278
783;4
783;17
783;22
783;75
783;151
783;278
784;4
784;17
784;21
784;76
784;84
784;278
785;4
785;17
785;22
785;76
785;90
785;278
786;4
786;17
786;21
786;50
786;151
786;177
787;4
787;19
787;25
787;42
787;127
787;235
788;4
788;18
788;25
788;76
788;86
788;213
789;4
789;17
789;22
789;45
789;113
789;273
790;4
790;17
790;21
790;52
790;89
790;191
791;8
791;17
791;21
791;64
791;106
791;176
792;8
792;17
792;25
792;64
792;106
792;176
793;9
793;18
793;21
793;64
793;106
793;175
794;4
794;17
794;34
794;42
794;157
794;167
795;4
795;16
795;33
795;42
795;142
795;291
796;4
796;14
796;20
796;49
796;159
796;175
797;6
797;13
797;22
797;46
797;89
797;206
798;6
798;11
798;25
798;67
798;98
798;190
799;6
799;11
799;25
799;67
799;98
799;295
800;6
800;11
800;26
800;56
800;84
800;168
801;6
801;11
801;28
801;56
801;84
801;282
802;6
802;17
802;28
802;56
802;84
802;282
803;6
803;17
803;28
803;57
803;84
803;225
804;6
804;17
804;22
804;45
804;92
804;229
805;9
805;10
805;33
805;51
805;89
805;192
806;9
806;13
806;33
806;67
806;100
806;300
807;1
807;18
807;33
807;67
807;100
807;432
808;7
808;17
808;33
808;66
808;99
808;232
809;6
809;10
809;34
809;42
809;106
809;367
810;6
810;17
810;33
810;42
810;100
810;278
811;6
811;17
811;34
811;42
811;101
811;278
812;6
812;17
812;34
812;42
812;101
812;278
813;6
813;11
813;34
813;42
813;100
813;278
814;6
814;17
814;37
814;42
814;106
814;278
815;6
815;17
815;38
815;42
815;106
815;278
816;6
816;17
816;21
816;42
816;106
816;170
817;6
817;11
817;21
817;42
817;106
817;170
818;6
818;11
818;21
818;42
818;84
818;170
819;6
819;11
819;21
819;42
819;106
819;170
820;6
820;11
820;22
820;52
820;89
820;166
821;1
821;19
821;22
821;44
821;88
821;321
822;8
822;18
822;23
822;46
822;91
822;297
823;0
823;18
823;22
823;44
823;88
823;206
824;9
824;19
824;22
824;45
824;90
824;211
825;9
825;19
825;22
825;45
825;113
825;313
826;9
826;10
826;23
826;45
826;89
826;225
827;9
827;10
827;23
827;45
827;89
827;181
828;6
828;10
828;34
828;67
828;157
828;222
829;5
829;10
829;38
829;77
829;154
829;232
830;5
830;10
830;38
830;41
830;83
830;165
831;5
831;10
831;33
831;43
831;86
831;215
832;5
832;10
832;34
832;44
832;88
832;219
833;5
833;10
833;34
833;43
833;88
833;180
834;5
834;10
834;34
834;67
834;156
834;166
835;7
835;11
835;26
835;51
835;89
835;175
836;0
836;12
836;27
836;56
836;84
836;197
837;0
837;13
837;25
837;50
837;150
837;175
838;6
838;13
838;25
838;50
838;150
838;176
839;6
839;10
839;23
839;45
839;156
839;223
840;5
840;10
840;22
840;45
840;134
840;201
841;5
841;10
841;22
841;45
841;134
841;202
842;5
842;10
842;22
842;44
842;112
842;200
843;5
843;10
843;33
843;44
843;84
843;160
844;5
844;10
844;21
844;43
844;84
844;170
845;5
845;10
845;33
845;45
845;85
845;170
846;5
846;10
846;33
846;45
846;85
846;160
847;5
847;10
847;33
847;44
847;84
847;167
848;5
848;10
848;33
848;45
848;84
848;170
849;5
849;10
849;33
849;45
849;85
849;170
850;9
850;10
850;21
850;67
850;89
850;170
851;0
851;12
851;23
851;45
851;137
851;242
852;0
852;13
852;25
852;50
852;138
852;239
853;8
853;15
853;24
853;50
853;125
853;177
854;7
854;14
854;25
854;50
854;99
854;276
855;7
855;14
855;25
855;76
855;102
855;199
856;7
856;14
856;28
856;56
856;113
856;169
857;8
857;10
857;21
857;44
857;141
857;175
858;4
858;15
858;30
858;53
858;83
858;164
859;4
859;15
859;30
859;45
859;113
859;355
860;4
860;15
860;30
860;45
860;84
860;166
861;4
861;15
861;30
861;45
861;155
861;287
862;4
862;15
862;22
862;45
862;89
862;179
863;4
863;15
863;22
863;45
863;89
863;336
864;4
864;15
864;21
864;42
864;82
864;195
865;9
865;17
865;33
865;50
865;89
865;162
866;0
866;17
866;34
866;67
866;151
866;168
867;0
867;17
867;33
867;66
867;150
867;182
868;9
868;12
868;35
868;55
868;83
868;195
869;6
869;15
869;22
869;75
869;88
869;162
870;4
870;15
870;30
870;78
870;80
870;208
871;4
871;15
871;22
871;56
871;84
871;225
872;4
872;15
872;26
872;45
872;138
872;175
873;4
873;15
873;25
873;50
873;113
873;225
874;4
874;15
874;25
874;67
874;113
874;175
875;4
875;15
875;30
875;67
875;113
875;179
876;4
876;15
876;30
876;45
876;109
876;164
877;4
877;15
877;22
877;45
877;112
877;179
878;4
878;15
878;22
878;45
878;112
878;179
879;4
879;15
879;22
879;67
879;89
879;178
880;8
880;10
880;22
880;45
880;89
880;223
881;0
881;11
881;23
881;46
881;135
881;208
882;9
882;10
882;25
882;50
882;125
882;175
883;8
883;15
883;25
883;50
883;126
883;326
884;7
884;15
884;23
884;45
884;89
884;223
885;7
885;15
885;22
885;44
885;89
885;178
886;8
886;10
886;21
886;42
886;106
886;178
887;9
887;11
887;20
887;43
887;80
887;279
888;4
888;17
888;21
888;42
888;106
888;279
889;4
889;17
889;21
889;42
889;106
889;279
890;4
890;19
890;37
890;56
890;113
890;278
891;9
891;17
891;33
891;50
891;100
891;334
892;0
892;17
892;33
892;50
892;83
892;316
893;0
893;17
893;32
893;67
893;81
893;185
894;0
894;12
894;34
894;67
894;87
894;169
895;0
895;15
895;28
895;42
895;80
895;168
896;0
896;11
896;39
896;59
896;107
896;241
897;6
897;14
897;31
897;53
897;94
897;404
898;7
898;19
898;39
898;76
898;137
898;308
899;9
899;16
899;30
899;76
899;142
899;315
900;9
900;17
900;29
900;77
900;147
900;182
901;8
901;10
901;28
901;73
901;153
901;168
902;8
902;18
902;21
902;42
902;103
902;266
903;1
903;13
903;25
903;50
903;159
903;161
904;9
904;12
904;26
904;53
904;157
904;160
905;2
905;14
905;27
905;55
905;84
905;168
906;9
906;19
906;26
906;51
906;101
906;226
907;6
907;18
907;26
907;52
907;155
907;205
908;0
908;19
908;28
908;57
908;112
908;227
909;9
909;19
909;23
909;79
909;101
909;362
910;9
910;19
910;25
910;51
910;126
910;171
911;1
911;19
911;25
911;76
911;101
911;176
912;0
912;12
912;26
912;78
912;104
912;160
913;9
913;13
913;28
913;57
913;85
913;170
914;8
914;16
914;32
914;62
914;96
914;323
915;0
915;15
915;29
915;62
915;103
915;211
916;0
916;18
916;20
916;43
916;155
916;249
917;9
917;11
917;22
917;44
917;159
917;194
918;0
918;11
918;34
918;44
918;133
918;178
919;0
919;11
919;22
919;45
919;112
919;314
920;9
920;11
920;22
920;45
920;88
920;334
921;7
921;11
921;22
921;50
921;84
921;186
922;7
922;11
922;22
922;50
922;84
922;186
923;6
923;11
923;22
923;50
923;84
923;186
924;9
924;11
924;22
924;48
924;82
924;296
925;8
925;10
925;25
925;46
925;86
925;217
926;0
926;11
926;32
926;77
926;81
926;173
927;0
927;11
927;32
927;48
927;81
927;166
928;9
928;17
928;33
928;41
928;106
928;279
929;7
929;17
929;28
929;57
929;106
929;278
930;1
930;17
930;28
930;42
930;106
930;278
931;9
931;17
931;28
931;42
931;106
931;278
932;9
932;17
932;28
932;56
932;106
932;234
933;2
933;17
933;28
933;46
933;106
933;243
934;9
934;17
934;28
934;42
934;106
934;234
935;9
935;17
935;22
935;45
935;106
935;198
936;4
936;17
936;28
936;67
936;111
936;201
937;6
937;17
937;28
937;42
937;106
937;209
938;4
938;19
938;28
938;57
938;94
938;295
939;3
939;17
939;28
939;57
939;106
939;300
940;2
940;17
940;28
940;42
940;106
940;303
941;6
941;17
941;28
941;42
941;106
941;384
942;8
942;18
942;33
942;42
942;106
942;223
943;7
943;17
943;28
943;42
943;85
943;234
944;6
944;17
944;34
944;42
944;153
944;220
945;6
945;19
945;37
945;56
945;131
945;188
946;9
946;14
946;28
946;42
946;84
946;270
947;9
947;10
947;20
947;72
947;157
947;168
948;9
948;10
948;20
948;45
948;157
948;167
949;9
949;10
949;20
949;47
949;157
949;167
950;9
950;10
950;20
950;47
950;83
950;181
951;9
951;10
951;34
951;67
951;101
951;186
952;9
952;10
952;34
952;67
952;101
952;186
953;9
953;10
953;34
953;67
953;101
953;186
954;9
954;10
954;33
954;53
954;84
954;185
955;7
955;10
955;28
955;65
955;80
955;202
956;0
956;11
956;28
956;42
956;153
956;160
957;8
957;12
957;28
957;56
957;155
957;170
958;9
958;17
958;23
958;67
958;157
958;189
959;9
959;10
959;38
959;67
959;112
959;170
960;9
960;10
960;28
960;45
960;112
960;170
961;9
961;10
961;28
961;45
961;112
961;170
962;9
962;10
962;28
962;45
962;112
962;426
963;9
963;16
963;33
963;67
963;154
963;278
964;9
964;19
964;20
964;40
964;80
964;170
965;9
965;10
965;22
965;45
965;88
965;299
966;9
966;10
966;22
966;45
966;89
966;304
967;9
967;10
967;22
967;67
967;88
967;170
968;9
968;10
968;28
968;45
968;85
968;256
969;9
969;10
969;37
969;56
969;112
969;188
970;9
970;19
970;20
970;57
970;93
970;230
971;9
971;17
971;33
971;67
971;100
971;314
972;9
972;17
972;34
972;67
972;84
972;235
973;9
973;17
973;34
973;67
973;109
973;307
974;7
974;17
974;35
974;71
974;86
974;310
975;7
975;17
975;35
975;52
975;86
975;190
976;7
976;19
976;38
976;56
976;94
976;188
977;8
977;19
977;38
977;57
977;95
977;173
978;7
978;15
978;39
978;40
978;80
978;299
979;7
979;19
979;38
979;76
979;114
979;303
980;7
980;18
980;22
980;45
980;96
980;231
981;7
981;15
981;30
981;75
981;90
981;371
982;7
982;17
982;34
982;67
982;84
982;184
983;7
983;15
983;33
983;67
983;83
983;184
984;8
984;16
984;34
984;67
984;100
984;184
985;9
985;17
985;34
985;67
985;84
985;189
986;0
986;16
986;32
986;66
986;142
986;253
987;9
987;17
987;34
987;44
987;137
987;195
988;7
988;15
988;38
988;57
988;94
988;345
989;7
989;15
989;38
989;56
989;94
989;266
990;7
990;15
990;38
990;56
990;94
990;266
991;7
991;15
991;22
991;56
991;157
991;266
992;7
992;15
992;22
992;56
992;157
992;267
993;7
993;15
993;30
993;60
993;109
993;205
994;7
994;15
994;22
994;56
994;157
994;267
995;7
995;15
995;22
995;56
995;94
995;408
996;7
996;15
996;22
996;45
996;134
996;223
997;7
997;15
997;38
997;56
997;94
997;267
998;8
998;15
998;37
998;40
998;133
998;198
999;7
999;19
999;38
999;56
999;150
999;226
1000;7
1000;17
1000;33
1000;57
1000;150
1000;221
1001;7
1001;17
1001;33
1001;50
1001;84
1001;319
1002;7
1002;17
1002;33
1002;45
1002;94
1002;217
1003;7
1003;17
1003;34
1003;50
1003;94
1003;201
1004;7
1004;18
1004;35
1004;52
1004;123
1004;193
1005;8
1005;18
1005;36
1005;54
1005;89
1005;196
1006;8
1006;14
1006;29
1006;72
1006;158
1006;181
1007;8
1007;17
1007;29
1007;63
1007;157
1007;192
1008;8
1008;17
1008;25
1008;63
1008;140
1008;193
1009;8
1009;17
1009;25
1009;63
1009;140
1009;193
1010;8
1010;17
1010;25
1010;63
1010;140
1010;179
1011;8
1011;17
1011;34
1011;67
1011;84
1011;186
1012;8
1012;17
1012;34
1012;67
1012;84
1012;186
1013;8
1013;17
1013;34
1013;67
1013;84
1013;186
1014;8
1014;16
1014;20
1014;78
1014;80
1014;247
1015;8
1015;17
1015;26
1015;57
1015;158
1015;195
1016;8
1016;16
1016;32
1016;65
1016;81
1016;165
1017;9
1017;16
1017;36
1017;78
1017;80
1017;245
1018;9
1018;10
1018;21
1018;42
1018;106
1018;257
1019;8
1019;17
1019;21
1019;42
1019;106
1019;257
1020;8
1020;17
1020;21
1020;42
1020;106
1020;257
1021;8
1021;17
1021;21
1021;42
1021;106
1021;257
1022;8
1022;16
1022;21
1022;42
1022;155
1022;189
1023;8
1023;17
1023;39
1023;40
1023;139
1023;199
1024;8
1024;17
1024;21
1024;43
1024;106
1024;213
1025;8
1025;17
1025;22
1025;45
1025;156
1025;222
1026;8
1026;17
1026;21
1026;42
1026;106
1026;257
1027;8
1027;17
1027;21
1027;42
1027;106
1027;257
1028;8
1028;18
1028;38
1028;68
1028;94
1028;205
1029;8
1029;17
1029;23
1029;68
1029;104
1029;218
1030;8
1030;16
1030;21
1030;67
1030;100
1030;297
1031;8
1031;17
1031;34
1031;67
1031;84
1031;202
1032;8
1032;17
1032;21
1032;64
1032;82
1032;312
1033;8
1033;17
1033;33
1033;42
1033;157
1033;167
1034;8
1034;17
1034;21
1034;50
1034;84
1034;302
1035;7
1035;18
1035;34
1035;42
1035;88
1035;189
1036;7
1036;19
1036;33
1036;56
1036;94
1036;300
1037;7
1037;11
1037;22
1037;60
1037;81
1037;200
1038;8
1038;19
1038;38
1038;75
1038;94
1038;301
1039;8
1039;19
1039;22
1039;75
1039;94
1039;207
1040;8
1040;19
1040;23
1040;42
1040;127
1040;244
1041;7
1041;17
1041;34
1041;56
1041;139
1041;321
1042;6
1042;17
1042;22
1042;67
1042;84
1042;318
1043;1
1043;17
1043;34
1043;67
1043;84
1043;302
1044;9
1044;17
1044;34
1044;67
1044;84
1044;219
1045;6
1045;17
1045;25
1045;42
1045;127
1045;187
1046;9
1046;17
1046;25
1046;50
1046;127
1046;185
1047;9
1047;17
1047;21
1047;42
1047;84
1047;258
1048;9
1048;17
1048;28
1048;45
1048;141
1048;279
1049;0
1049;17
1049;28
1049;45
1049;127
1049;279
1050;5
1050;17
1050;22
1050;45
1050;141
1050;279
1051;5
1051;17
1051;22
1051;45
1051;141
1051;303
1052;6
1052;11
1052;22
1052;45
1052;141
1052;291
1053;9
1053;17
1053;28
1053;44
1053;108
1053;279
1054;0
1054;14
1054;28
1054;42
1054;99
1054;298
1055;1
1055;14
1055;28
1055;43
1055;100
1055;323
1056;6
1056;14
1056;28
1056;42
1056;141
1056;197
1057;9
1057;11
1057;22
1057;45
1057;127
1057;279
1058;8
1058;16
1058;22
1058;45
1058;156
1058;223
1059;5
1059;17
1059;33
1059;51
1059;152
1059;186
1060;9
1060;11
1060;22
1060;42
1060;85
1060;230
1061;9
1061;17
1061;33
1061;45
1061;85
1061;304
1062;9
1062;11
1062;36
1062;56
1062;130
1062;221
1063;9
1063;17
1063;28
1063;45
1063;85
1063;161
1064;9
1064;14
1064;28
1064;45
1064;156
1064;324
1065;9
1065;14
1065;28
1065;45
1065;113
1065;310
1066;9
1066;14
1066;22
1066;45
1066;112
1066;230
1067;9
1067;10
1067;22
1067;45
1067;157
1067;167
1068;9
1068;10
1068;22
1068;45
1068;112
1068;167
1069;9
1069;10
1069;22
1069;45
1069;112
1069;167
1070;9
1070;10
1070;22
1070;45
1070;83
1070;185
1071;9
1071;10
1071;22
1071;45
1071;84
1071;185
1072;9
1072;10
1072;22
1072;45
1072;84
1072;185
1073;9
1073;10
1073;22
1073;45
1073;84
1073;185
1074;9
1074;10
1074;22
1074;45
1074;152
1074;223
1075;0
1075;19
1075;22
1075;45
1075;112
1075;202
1076;0
1076;19
1076;22
1076;45
1076;112
1076;203
1077;9
1077;19
1077;22
1077;45
1077;112
1077;162
1078;9
1078;10
1078;22
1078;50
1078;112
1078;365
1079;9
1079;10
1079;22
1079;50
1079;112
1079;365
1080;9
1080;10
1080;22
1080;50
1080;112
1080;365
1081;9
1081;10
1081;22
1081;50
1081;112
1081;480
1082;9
1082;10
1082;22
1082;50
1082;85
1082;414
1083;9
1083;10
1083;24
1083;48
1083;84
1083;301
1084;9
1084;10
1084;22
1084;55
1084;85
1084;236
1085;9
1085;10
1085;22
1085;45
1085;112
1085;170
1086;9
1086;10
1086;22
1086;50
1086;112
1086;428
1087;9
1087;10
1087;22
1087;45
1087;112
1087;438
1088;9
1088;10
1088;22
1088;55
1088;159
1088;160
1089;9
1089;14
1089;28
1089;56
1089;155
1089;224
1090;9
1090;10
1090;22
1090;50
1090;84
1090;399
1091;9
1091;10
1091;33
1091;45
1091;85
1091;321
1092;9
1092;13
1092;25
1092;45
1092;85
1092;189
1093;9
1093;12
1093;25
1093;50
1093;149
1093;186
1094;7
1094;13
1094;25
1094;50
1094;151
1094;302
1095;7
1095;12
1095;25
1095;50
1095;87
1095;219
1096;7
1096;13
1096;23
1096;44
1096;156
1096;165
1097;7
1097;15
1097;30
1097;45
1097;90
1097;173
1098;8
1098;15
1098;30
1098;57
1098;90
1098;165
1099;8
1099;15
1099;30
1099;45
1099;90
1099;165
1100;8
1100;15
1100;30
1100;45
1100;105
1100;257
1101;7
1101;15
1101;22
1101;45
1101;150
1101;257
1102;7
1102;15
1102;22
1102;45
1102;150
1102;196
1103;7
1103;15
1103;22
1103;45
1103;150
1103;196
1104;8
1104;15
1104;30
1104;44
1104;154
1104;217
1105;9
1105;16
1105;31
1105;47
1105;95
1105;179
1106;0
1106;17
1106;35
1106;42
1106;105
1106;179
1107;9
1107;19
1107;22
1107;44
1107;112
1107;226
1108;7
1108;19
1108;23
1108;45
1108;94
1108;267
1109;7
1109;19
1109;22
1109;45
1109;94
1109;266
1110;7
1110;15
1110;22
1110;45
1110;94
1110;297
1111;7
1111;15
1111;22
1111;45
1111;94
1111;293
1112;7
1112;15
1112;22
1112;45
1112;94
1112;267
1113;7
1113;15
1113;22
1113;40
1113;94
1113;267
1114;7
1114;14
1114;22
1114;45
1114;94
1114;507
1115;7
1115;15
1115;30
1115;45
1115;94
1115;421
1116;7
1116;14
1116;28
1116;42
1116;94
1116;267
1117;7
1117;15
1117;22
1117;45
1117;94
1117;384
1118;7
1118;14
1118;29
1118;44
1118;98
1118;267
1119;7
1119;14
1119;22
1119;70
1119;99
1119;217
1120;7
1120;13
1120;26
1120;40
1120;94
1120;267
1121;8
1121;15
1121;22
1121;45
1121;94
1121;485
1122;7
1122;15
1122;22
1122;45
1122;94
1122;341
1123;8
1123;15
1123;34
1123;44
1123;158
1123;184
1124;8
1124;13
1124;34
1124;51
1124;156
1124;232
1125;8
1125;13
1125;25
1125;50
1125;151
1125;214
1126;8
1126;13
1126;25
1126;42
1126;101
1126;328
1127;8
1127;17
1127;34
1127;42
1127;157
1127;169
1128;8
1128;17
1128;34
1128;42
1128;157
1128;166
1129;8
1129;17
1129;34
1129;42
1129;127
1129;214
1130;8
1130;17
1130;34
1130;42
1130;101
1130;186
1131;8
1131;17
1131;34
1131;42
1131;84
1131;186
1132;8
1132;17
1132;34
1132;42
1132;84
1132;186
1133;8
1133;17
1133;34
1133;67
1133;84
1133;186
1134;8
1134;16
1134;34
1134;42
1134;150
1134;217
1135;9
1135;17
1135;34
1135;42
1135;127
1135;170
1136;8
1136;17
1136;34
1136;42
1136;84
1136;238
1137;8
1137;17
1137;34
1137;42
1137;80
1137;160
1138;8
1138;17
1138;37
1138;42
1138;126
1138;300
1139;8
1139;17
1139;34
1139;45
1139;145
1139;301
1140;8
1140;17
1140;21
1140;42
1140;146
1140;209
1141;8
1141;17
1141;21
1141;42
1141;136
1141;220
1142;8
1142;17
1142;34
1142;42
1142;126
1142;176
1143;8
1143;17
1143;34
1143;42
1143;126
1143;176
1144;8
1144;17
1144;34
1144;42
1144;126
1144;176
1145;8
1145;17
1145;21
1145;43
1145;85
1145;280
1146;8
1146;17
1146;21
1146;42
1146;85
1146;279
1147;8
1147;17
1147;22
1147;45
1147;106
1147;250
1148;8
1148;17
1148;22
1148;45
1148;126
1148;250
1149;8
1149;17
1149;22
1149;67
1149;84
1149;223
1150;8
1150;17
1150;21
1150;67
1150;85
1150;321
1151;8
1151;17
1151;21
1151;67
1151;84
1151;185
1152;8
1152;17
1152;21
1152;42
1152;136
1152;201
1153;8
1153;17
1153;21
1153;76
1153;107
1153;163
1154;8
1154;17
1154;22
1154;67
1154;112
1154;224
1155;8
1155;17
1155;25
1155;57
1155;84
1155;264
1156;9
1156;18
1156;36
1156;56
1156;156
1156;163
1157;9
1157;10
1157;25
1157;50
1157;124
1157;174
1158;9
1158;10
1158;28
1158;79
1158;80
1158;160
1159;9
1159;10
1159;28
1159;56
1159;85
1159;226
1160;9
1160;10
1160;28
1160;56
1160;85
1160;170
1161;9
1161;10
1161;26
1161;52
1161;84
1161;231
1162;9
1162;10
1162;33
1162;53
1162;159
1162;161
1163;9
1163;10
1163;28
1163;56
1163;112
1163;168
1164;9
1164;10
1164;22
1164;53
1164;80
1164;162
1165;9
1165;10
1165;22
1165;50
1165;151
1165;170
1166;9
1166;10
1166;22
1166;56
1166;142
1166;170
1167;9
1167;10
1167;22
1167;67
1167;112
1167;170
1168;9
1168;10
1168;22
1168;57
1168;85
1168;306
1169;9
1169;17
1169;28
1169;45
1169;112
1169;291
1170;7
1170;16
1170;22
1170;45
1170;112
1170;290
1171;8
1171;17
1171;22
1171;45
1171;112
1171;167
1172;8
1172;17
1172;22
1172;45
1172;157
1172;290
1173;8
1173;17
1173;23
1173;46
1173;159
1173;182
1174;8
1174;17
1174;25
1174;50
1174;151
1174;177
1175;8
1175;17
1175;25
1175;50
1175;125
1175;176
1176;8
1176;17
1176;25
1176;67
1176;149
1176;174
1177;8
1177;17
1177;25
1177;50
1177;152
1177;177
1178;8
1178;17
1178;25
1178;76
1178;150
1178;175
1179;8
1179;17
1179;24
1179;47
1179;142
1179;279
1180;8
1180;17
1180;21
1180;45
1180;89
1180;279
1181;8
1181;17
1181;21
1181;42
1181;151
1181;279
1182;7
1182;15
1182;25
1182;67
1182;119
1182;231
1183;7
1183;15
1183;28
1183;57
1183;112
1183;225
1184;7
1184;15
1184;28
1184;75
1184;113
1184;216
1185;7
1185;15
1185;33
1185;67
1185;100
1185;217
1186;7
1186;15
1186;34
1186;67
1186;84
1186;218
1187;7
1187;15
1187;22
1187;57
1187;151
1187;217
1188;7
1188;17
1188;22
1188;56
1188;153
1188;187
1189;7
1189;17
1189;28
1189;57
1189;94
1189;214
1190;8
1190;17
1190;28
1190;57
1190;94
1190;239
1191;7
1191;15
1191;28
1191;45
1191;94
1191;165
1192;7
1192;15
1192;28
1192;45
1192;94
1192;165
1193;7
1193;15
1193;28
1193;57
1193;81
1193;247
1194;8
1194;15
1194;34
1194;45
1194;113
1194;227
1195;7
1195;15
1195;22
1195;56
1195;84
1195;196
1196;7
1196;15
1196;28
1196;56
1196;112
1196;196
1197;7
1197;15
1197;28
1197;56
1197;84
1197;197
1198;7
1198;15
1198;28
1198;56
1198;84
1198;197
1199;7
1199;15
1199;28
1199;67
1199;84
1199;197
1200;7
1200;15
1200;28
1200;45
1200;112
1200;197
1201;7
1201;15
1201;28
1201;56
1201;84
1201;168
1202;7
1202;15
1202;28
1202;45
1202;84
1202;168
1203;7
1203;15
1203;28
1203;56
1203;84
1203;197
1204;7
1204;15
1204;28
1204;45
1204;84
1204;197
1205;7
1205;15
1205;28
1205;67
1205;84
1205;197
1206;7
1206;15
1206;22
1206;56
1206;84
1206;197
1207;7
1207;15
1207;22
1207;57
1207;84
1207;197
1208;7
1208;15
1208;28
1208;45
1208;84
1208;197
1209;7
1209;15
1209;28
1209;45
1209;144
1209;217
1210;7
1210;15
1210;28
1210;56
1210;84
1210;316
1211;7
1211;15
1211;28
1211;56
1211;84
1211;196
1212;7
1212;15
1212;28
1212;45
1212;84
1212;196
1213;8
1213;15
1213;22
1213;44
1213;157
1213;219
1214;8
1214;19
1214;20
1214;44
1214;84
1214;246
1215;8
1215;17
1215;28
1215;40
1215;84
1215;204
1216;9
1216;19
1216;38
1216;47
1216;157
1216;168
1217;9
1217;10
1217;38
1217;50
1217;100
1217;199
1218;9
1218;10
1218;38
1218;56
1218;84
1218;225
1219;9
1219;10
1219;38
1219;56
1219;85
1219;197
1220;9
1220;10
1220;28
1220;56
1220;135
1220;169
1221;9
1221;10
1221;38
1221;77
1221;102
1221;203
1222;9
1222;10
1222;28
1222;56
1222;84
1222;224
1223;9
1223;10
1223;28
1223;56
1223;84
1223;197
1224;9
1224;10
1224;22
1224;50
1224;151
1224;176
1225;9
1225;10
1225;22
1225;45
1225;134
1225;366
1226;9
1226;10
1226;22
1226;67
1226;112
1226;366
1227;9
1227;10
1227;22
1227;67
1227;84
1227;168
1228;9
1228;10
1228;22
1228;45
1228;112
1228;167
1229;9
1229;10
1229;22
1229;45
1229;135
1229;224
1230;7
1230;16
1230;22
1230;44
1230;134
1230;201
1231;9
1231;17
1231;22
1231;42
1231;133
1231;176
1232;8
1232;17
1232;22
1232;67
1232;133
1232;178
1233;8
1233;17
1233;24
1233;74
1233;122
1233;221
1234;8
1234;17
1234;28
1234;74
1234;124
1234;223
1235;8
1235;17
1235;25
1235;75
1235;124
1235;273
1236;8
1236;17
1236;25
1236;67
1236;127
1236;273
1237;8
1237;17
1237;25
1237;49
1237;123
1237;229
1238;8
1238;17
1238;34
1238;76
1238;84
1238;229
1239;8
1239;17
1239;28
1239;42
1239;106
1239;225
1240;8
1240;17
1240;28
1240;42
1240;106
1240;226
1241;8
1241;17
1241;25
1241;68
1241;155
1241;231
1242;7
1242;15
1242;22
1242;45
1242;113
1242;242
1243;7
1243;15
1243;25
1243;77
1243;126
1243;203
1244;7
1244;15
1244;28
1244;56
1244;84
1244;225
1245;7
1245;15
1245;28
1245;76
1245;126
1245;201
1246;7
1246;15
1246;28
1246;73
1246;121
1246;170
1247;7
1247;15
1247;28
1247;67
1247;89
1247;245
1248;7
1248;15
1248;22
1248;75
1248;80
1248;225
1249;7
1249;19
1249;28
1249;76
1249;94
1249;208
1250;8
1250;15
1250;28
1250;66
1250;111
1250;212
1251;7
1251;15
1251;22
1251;67
1251;112
1251;201
1252;7
1252;15
1252;28
1252;67
1252;112
1252;178
1253;7
1253;15
1253;28
1253;45
1253;134
1253;179
1254;7
1254;19
1254;28
1254;45
1254;89
1254;228
1255;7
1255;19
1255;28
1255;45
1255;112
1255;168
1256;7
1256;19
1256;22
1256;56
1256;112
1256;197
1257;7
1257;19
1257;23
1257;56
1257;112
1257;197
1258;7
1258;19
1258;22
1258;56
1258;112
1258;197
1259;7
1259;19
1259;23
1259;45
1259;112
1259;225
1260;7
1260;19
1260;28
1260;45
1260;112
1260;168
1261;7
1261;19
1261;28
1261;45
1261;112
1261;169
1262;7
1262;15
1262;28
1262;67
1262;112
1262;168
1263;7
1263;15
1263;28
1263;45
1263;112
1263;168
1264;7
1264;15
1264;28
1264;67
1264;112
1264;169
1265;7
1265;15
1265;22
1265;67
1265;112
1265;169
1266;7
1266;15
1266;28
1266;45
1266;113
1266;169
1267;8
1267;15
1267;28
1267;45
1267;112
1267;169
1268;9
1268;17
1268;28
1268;40
1268;80
1268;169
1269;7
1269;19
1269;38
1269;76
1269;94
1269;367
1270;7
1270;19
1270;38
1270;68
1270;90
1270;367
1271;7
1271;17
1271;38
1271;67
1271;101
1271;366
1272;7
1272;17
1272;33
1272;50
1272;117
1272;184
1273;7
1273;17
1273;34
1273;63
1273;80
1273;194
1274;7
1274;17
1274;34
1274;50
1274;117
1274;301
1275;7
1275;17
1275;34
1275;50
1275;117
1275;301
1276;8
1276;17
1276;25
1276;50
1276;157
1276;166
1277;8
1277;17
1277;34
1277;50
1277;118
1277;319
1278;8
1278;17
1278;33
1278;50
1278;117
1278;317
1279;8
1279;17
1279;34
1279;50
1279;116
1279;329
1280;8
1280;17
1280;34
1280;42
1280;96
1280;206
1281;8
1281;17
1281;34
1281;51
1281;85
1281;305
1282;8
1282;18
1282;37
1282;56
1282;93
1282;314
1283;8
1283;17
1283;39
1283;40
1283;80
1283;299
1284;8
1284;17
1284;21
1284;41
1284;83
1284;309
1285;8
1285;17
1285;21
1285;42
1285;84
1285;296
1286;8
1286;17
1286;21
1286;42
1286;84
1286;295
1287;8
1287;16
1287;21
1287;42
1287;85
1287;318
1288;8
1288;17
1288;21
1288;42
1288;85
1288;318
1289;8
1289;17
1289;21
1289;42
1289;84
1289;317
1290;8
1290;17
1290;21
1290;42
1290;85
1290;319
1291;8
1291;17
1291;21
1291;43
1291;85
1291;166
1292;8
1292;17
1292;21
1292;44
1292;88
1292;309
1293;8
1293;17
1293;21
1293;45
1293;90
1293;291
1294;8
1294;17
1294;22
1294;45
1294;89
1294;290
1295;8
1295;17
1295;22
1295;45
1295;89
1295;290
1296;8
1296;17
1296;22
1296;45
1296;89
1296;291
1297;8
1297;17
1297;22
1297;45
1297;89
1297;290
1298;8
1298;17
1298;23
1298;45
1298;89
1298;224
1299;8
1299;13
1299;21
1299;42
1299;89
1299;191
1300;8
1300;13
1300;21
1300;45
1300;90
1300;224
1301;8
1301;10
1301;21
1301;45
1301;90
1301;225
1302;8
1302;16
1302;21
1302;45
1302;90
1302;288
1303;8
1303;17
1303;21
1303;45
1303;89
1303;223
1304;8
1304;17
1304;21
1304;45
1304;89
1304;224
1305;8
1305;17
1305;21
1305;45
1305;90
1305;224
1306;8
1306;13
1306;21
1306;46
1306;92
1306;211
1307;8
1307;13
1307;21
1307;50
1307;100
1307;223
1308;8
1308;13
1308;21
1308;53
1308;105
1308;210
1309;8
1309;13
1309;21
1309;57
1309;113
1309;226
1310;8
1310;17
1310;25
1310;59
1310;117
1310;234
1311;8
1311;17
1311;25
1311;60
1311;120
1311;179
1312;8
1312;17
1312;25
1312;60
1312;119
1312;238
1313;8
1313;17
1313;25
1313;60
1313;120
1313;239
1314;9
1314;17
1314;21
1314;59
1314;118
1314;278
1315;8
1315;13
1315;21
1315;60
1315;90
1315;278
1316;8
1316;17
1316;21
1316;60
1316;89
1316;239
1317;9
1317;13
1317;21
1317;59
1317;89
1317;208
1318;8
1318;17
1318;21
1318;60
1318;90
1318;239
1319;8
1319;17
1319;21
1319;59
1319;89
1319;237
1320;8
1320;17
1320;25
1320;60
1320;89
1320;238
1321;8
1321;16
1321;22
1321;57
1321;112
1321;221
1322;8
1322;13
1322;21
1322;42
1322;108
1322;216
1323;8
1323;13
1323;21
1323;57
1323;114
1323;200
1324;8
1324;13
1324;25
1324;56
1324;84
1324;225
1325;8
1325;13
1325;26
1325;52
1325;103
1325;232
1326;0
1326;13
1326;27
1326;52
1326;103
1326;181
1327;0
1327;14
1327;31
1327;61
1327;125
1327;355
1328;0
1328;15
1328;26
1328;42
1328;136
1328;248
1329;9
1329;19
1329;22
1329;66
1329;131
1329;219
1330;1
1330;11
1330;22
1330;67
1330;112
1330;224
1331;0
1331;11
1331;22
1331;67
1331;112
1331;179
1332;1
1332;11
1332;22
1332;67
1332;90
1332;180
1333;1
1333;11
1333;22
1333;44
1333;112
1333;179
1334;8
1334;12
1334;22
1334;67
1334;159
1334;285
1335;9
1335;11
1335;22
1335;65
1335;159
1335;280
1336;9
1336;11
1336;22
1336;67
1336;155
1336;292
1337;1
1337;11
1337;25
1337;50
1337;125
1337;175
1338;7
1338;11
1338;27
1338;55
1338;158
1338;165
1339;0
1339;11
1339;28
1339;56
1339;141
1339;169
1340;7
1340;11
1340;28
1340;56
1340;84
1340;197
1341;5
1341;11
1341;28
1341;56
1341;84
1341;198
1342;9
1342;11
1342;22
1342;50
1342;84
1342;169
1343;8
1343;11
1343;22
1343;51
1343;106
1343;215
1344;6
1344;17
1344;33
1344;67
1344;101
1344;167
1345;0
1345;16
1345;33
1345;67
1345;100
1345;167
1346;7
1346;17
1346;34
1346;68
1346;101
1346;236
1347;8
1347;16
1347;33
1347;65
1347;85
1347;162
1348;1
1348;11
1348;34
1348;63
1348;85
1348;169
1349;6
1349;17
1349;33
1349;63
1349;85
1349;167
1350;0
1350;17
1350;34
1350;56
1350;85
1350;281
1351;2
1351;17
1351;33
1351;64
1351;85
1351;224
1352;7
1352;17
1352;35
1352;70
1352;85
1352;178
1353;0
1353;17
1353;22
1353;63
1353;85
1353;221
1354;5
1354;17
1354;28
1354;63
1354;85
1354;170
1355;9
1355;11
1355;33
1355;67
1355;100
1355;234
1356;6
1356;11
1356;33
1356;67
1356;85
1356;167
1357;6
1357;11
1357;33
1357;63
1357;85
1357;163
1358;9
1358;11
1358;34
1358;63
1358;83
1358;222
1359;7
1359;10
1359;25
1359;75
1359;100
1359;201
1360;0
1360;11
1360;23
1360;45
1360;89
1360;311
1361;8
1361;11
1361;22
1361;45
1361;112
1361;224
1362;9
1362;19
1362;22
1362;45
1362;135
1362;202
1363;9
1363;10
1363;22
1363;46
1363;156
1363;244
1364;9
1364;10
1364;28
1364;47
1364;142
1364;501
1365;9
1365;10
1365;28
1365;47
1365;152
1365;211
1366;9
1366;10
1366;28
1366;79
1366;124
1366;207
1367;9
1367;10
1367;25
1367;50
1367;100
1367;191
1368;9
1368;10
1368;26
1368;77
1368;80
1368;204
1369;9
1369;10
1369;28
1369;56
1369;84
1369;169
1370;9
1370;10
1370;28
1370;56
1370;85
1370;197
1371;9
1371;10
1371;28
1371;57
1371;83
1371;211
1372;9
1372;10
1372;28
1372;50
1372;159
1372;165
1373;9
1373;10
1373;20
1373;79
1373;80
1373;218
1374;5
1374;17
1374;33
1374;65
1374;98
1374;224
1375;3
1375;17
1375;34
1375;67
1375;101
1375;235
1376;5
1376;17
1376;33
1376;66
1376;132
1376;199
1377;9
1377;10
1377;34
1377;44
1377;157
1377;216
1378;9
1378;10
1378;33
1378;45
1378;112
1378;170
1379;9
1379;10
1379;34
1379;45
1379;112
1379;233
1380;9
1380;10
1380;22
1380;45
1380;85
1380;170
1381;9
1381;10
1381;22
1381;45
1381;85
1381;170
1382;9
1382;10
1382;22
1382;45
1382;85
1382;170
1383;9
1383;10
1383;22
1383;45
1383;85
1383;170
1384;9
1384;10
1384;22
1384;45
1384;85
1384;170
1385;9
1385;10
1385;22
1385;45
1385;85
1385;170
1386;9
1386;10
1386;22
1386;45
1386;85
1386;170
1387;9
1387;10
1387;22
1387;45
1387;85
1387;170
1388;9
1388;10
1388;22
1388;73
1388;80
1388;217
1389;7
1389;10
1389;33
1389;51
1389;145
1389;301
1390;0
1390;17
1390;25
1390;79
1390;149
1390;299
1391;0
1391;15
1391;28
1391;68
1391;148
1391;169
1392;9
1392;10
1392;22
1392;40
1392;80
1392;173
1393;7
1393;10
1393;22
1393;45
1393;112
1393;246
1394;7
1394;11
1394;22
1394;45
1394;89
1394;461
1395;7
1395;10
1395;30
1395;40
1395;148
1395;403
1396;7
1396;15
1396;25
1396;49
1396;139
1396;173
1397;8
1397;15
1397;25
1397;50
1397;100
1397;225
1398;8
1398;15
1398;27
1398;53
1398;80
1398;218
1399;7
1399;15
1399;28
1399;56
1399;140
1399;168
1400;7
1400;15
1400;28
1400;56
1400;141
1400;198
1401;7
1401;15
1401;22
1401;45
1401;90
1401;464
1402;7
1402;15
1402;22
1402;45
1402;90
1402;302
1403;7
1403;15
1403;23
1403;54
1403;83
1403;192
1404;8
1404;17
1404;33
1404;40
1404;99
1404;231
1405;0
1405;17
1405;34
1405;67
1405;134
1405;236
1406;3
1406;16
1406;33
1406;66
1406;99
1406;232
1407;7
1407;15
1407;34
1407;67
1407;101
1407;172
1408;7
1408;15
1408;34
1408;45
1408;101
1408;228
1409;7
1409;15
1409;33
1409;67
1409;100
1409;179
1410;7
1410;15
1410;33
1410;67
1410;100
1410;235
1411;7
1411;15
1411;34
1411;45
1411;137
1411;168
1412;7
1412;15
1412;37
1412;45
1412;113
1412;188
1413;7
1413;15
1413;30
1413;45
1413;113
1413;173
1414;7
1414;15
1414;22
1414;45
1414;113
1414;489
1415;7
1415;15
1415;33
1415;67
1415;133
1415;232
1416;7
1416;15
1416;33
1416;67
1416;100
1416;200
1417;7
1417;15
1417;22
1417;67
1417;94
1417;431
1418;8
1418;15
1418;23
1418;63
1418;145
1418;224
1419;8
1419;12
1419;24
1419;48
1419;94
1419;167
1420;1
1420;12
1420;22
1420;45
1420;89
1420;246
1421;2
1421;18
1421;22
1421;67
1421;156
1421;246
1422;7
1422;15
1422;22
1422;44
1422;111
1422;178
1423;8
1423;15
1423;22
1423;42
1423;157
1423;219
1424;8
1424;15
1424;23
1424;45
1424;159
1424;484
1425;8
1425;16
1425;24
1425;40
1425;152
1425;246
1426;8
1426;17
1426;27
1426;52
1426;153
1426;193
1427;8
1427;17
1427;25
1427;50
1427;100
1427;225
1428;8
1428;17
1428;28
1428;56
1428;84
1428;169
1429;8
1429;15
1429;28
1429;56
1429;84
1429;169
1430;8
1430;17
1430;28
1430;57
1430;141
1430;186
1431;8
1431;17
1431;34
1431;67
1431;84
1431;453
1432;8
1432;17
1432;34
1432;67
1432;84
1432;491
1433;8
1433;16
1433;33
1433;75
1433;148
1433;224
1434;8
1434;17
1434;33
1434;66
1434;100
1434;199
1435;0
1435;17
1435;34
1435;67
1435;101
1435;202
1436;5
1436;17
1436;34
1436;67
1436;101
1436;201
1437;8
1437;17
1437;34
1437;50
1437;151
1437;202
1438;8
1438;17
1438;33
1438;76
1438;151
1438;278
1439;8
1439;17
1439;34
1439;76
1439;151
1439;277
1440;8
1440;17
1440;25
1440;75
1440;151
1440;278
1441;8
1441;17
1441;25
1441;76
1441;151
1441;278
1442;8
1442;17
1442;25
1442;76
1442;151
1442;176
1443;8
1443;17
1443;25
1443;76
1443;151
1443;176
1444;8
1444;17
1444;25
1444;76
1444;151
1444;176
1445;8
1445;17
1445;25
1445;42
1445;127
1445;235
1446;8
1446;17
1446;25
1446;76
1446;127
1446;235
1447;8
1447;17
1447;22
1447;68
1447;113
1447;274
1448;8
1448;17
1448;22
1448;66
1448;112
1448;223
1449;8
1449;17
1449;21
1449;64
1449;106
1449;164
1450;8
1450;17
1450;25
1450;64
1450;106
1450;301
1451;9
1451;18
1451;21
1451;64
1451;106
1451;176
1452;8
1452;17
1452;22
1452;42
1452;89
1452;167
1453;8
1453;17
1453;22
1453;67
1453;90
1453;224
1454;7
1454;14
1454;22
1454;67
1454;113
1454;180
1455;8
1455;11
1455;22
1455;46
1455;132
1455;176
1456;9
1456;11
1456;25
1456;51
1456;101
1456;226
1457;8
1457;11
1457;25
1457;50
1457;100
1457;201
1458;0
1458;11
1458;28
1458;56
1458;84
1458;203
1459;7
1459;11
1459;28
1459;56
1459;84
1459;168
1460;7
1460;17
1460;28
1460;57
1460;84
1460;170
1461;6
1461;17
1461;22
1461;45
1461;84
1461;482
1462;9
1462;17
1462;22
1462;45
1462;84
1462;434
1463;8
1463;10
1463;33
1463;55
1463;83
1463;223
1464;5
1464;17
1464;33
1464;66
1464;99
1464;232
1465;0
1465;16
1465;34
1465;67
1465;101
1465;236
1466;9
1466;17
1466;33
1466;66
1466;100
1466;234
1467;9
1467;11
1467;34
1467;42
1467;106
1467;170
1468;1
1468;11
1468;32
1468;42
1468;106
1468;367
1469;0
1469;17
1469;34
1469;42
1469;106
1469;278
1470;9
1470;17
1470;33
1470;42
1470;106
1470;234
1471;6
1471;17
1471;34
1471;67
1471;134
1471;234
1472;3
1472;11
1472;35
1472;42
1472;138
1472;222
1473;8
1473;11
1473;38
1473;75
1473;150
1473;225
1474;6
1474;11
1474;37
1474;74
1474;149
1474;223
1475;4
1475;11
1475;34
1475;67
1475;100
1475;201
1476;9
1476;11
1476;34
1476;42
1476;85
1476;198
1477;6
1477;11
1477;21
1477;42
1477;106
1477;170
1478;8
1478;11
1478;26
1478;50
1478;80
1478;217
1479;5
1479;11
1479;23
1479;67
1479;133
1479;220
1480;0
1480;11
1480;22
1480;67
1480;145
1480;234
1481;6
1481;11
1481;22
1481;44
1481;146
1481;190
1482;9
1482;10
1482;22
1482;47
1482;156
1482;337
1483;9
1483;10
1483;22
1483;45
1483;156
1483;247
1484;9
1484;10
1484;22
1484;45
1484;89
1484;245
1485;9
1485;19
1485;23
1485;45
1485;114
1485;227
1486;9
1486;10
1486;25
1486;51
1486;151
1486;176
1487;9
1487;10
1487;26
1487;51
1487;152
1487;177
1488;9
1488;10
1488;28
1488;56
1488;84
1488;169
1489;9
1489;10
1489;28
1489;56
1489;84
1489;197
1490;9
1490;10
1490;25
1490;67
1490;84
1490;201
1491;9
1491;10
1491;25
1491;67
1491;84
1491;200
1492;9
1492;10
1492;34
1492;67
1492;84
1492;405
1493;8
1493;11
1493;36
1493;50
1493;151
1493;389
1494;2
1494;19
1494;25
1494;50
1494;149
1494;200
1495;2
1495;13
1495;24
1495;49
1495;146
1495;219
1496;1
1496;11
1496;22
1496;45
1496;134
1496;224
1497;9
1497;10
1497;20
1497;59
1497;84
1497;225
1498;9
1498;10
1498;38
1498;56
1498;112
1498;244
1499;9
1499;10
1499;38
1499;45
1499;151
1499;169
1500;9
1500;10
1500;20
1500;45
1500;84
1500;179
1501;9
1501;10
1501;20
1501;45
1501;84
1501;283
1502;9
1502;10
1502;20
1502;45
1502;84
1502;312
1503;9
1503;10
1503;34
1503;45
1503;85
1503;170
1504;9
1504;10
1504;33
1504;45
1504;84
1504;170
1505;9
1505;10
1505;33
1505;45
1505;85
1505;327
1506;9
1506;10
1506;34
1506;45
1506;151
1506;318
1507;9
1507;10
1507;34
1507;45
1507;84
1507;320
1508;9
1508;10
1508;34
1508;70
1508;149
1508;224
1509;8
1509;11
1509;22
1509;67
1509;134
1509;179
1510;8
1510;12
1510;24
1510;50
1510;149
1510;201
1511;1
1511;13
1511;25
1511;50
1511;151
1511;227
1512;7
1512;15
1512;25
1512;76
1512;100
1512;203
1513;7
1513;13
1513;25
1513;75
1513;100
1513;198
1514;7
1514;14
1514;28
1514;56
1514;113
1514;197
1515;7
1515;14
1515;28
1515;56
1515;141
1515;197
1516;7
1516;15
1516;23
1516;45
1516;139
1516;164
1517;7
1517;15
1517;23
1517;45
1517;152
1517;185
1518;7
1518;15
1518;22
1518;45
1518;155
1518;207
1519;7
1519;14
1519;29
1519;59
1519;151
1519;287
1520;7
1520;15
1520;22
1520;45
1520;156
1520;179
1521;7
1521;15
1521;22
1521;44
1521;89
1521;200
1522;7
1522;15
1522;22
1522;45
1522;90
1522;203
1523;6
1523;18
1523;20
1523;52
1523;157
1523;218
1524;8
1524;17
1524;34
1524;67
1524;84
1524;168
1525;8
1525;17
1525;33
1525;67
1525;83
1525;167
1526;9
1526;16
1526;34
1526;68
1526;112
1526;230
1527;7
1527;15
1527;22
1527;75
1527;87
1527;234
1528;7
1528;15
1528;22
1528;78
1528;80
1528;180
1529;7
1529;15
1529;28
1529;56
1529;84
1529;197
1530;7
1530;15
1530;30
1530;55
1530;83
1530;248
1531;7
1531;15
1531;25
1531;50
1531;100
1531;200
1532;7
1532;15
1532;25
1532;67
1532;113
1532;201
1533;7
1533;15
1533;30
1533;45
1533;113
1533;247
1534;7
1534;15
1534;30
1534;45
1534;135
1534;241
1535;7
1535;15
1535;22
1535;45
1535;90
1535;180
1536;7
1536;15
1536;22
1536;45
1536;134
1536;201
1537;7
1537;15
1537;22
1537;45
1537;134
1537;246
1538;8
1538;10
1538;22
1538;76
1538;90
1538;229
1539;6
1539;11
1539;22
1539;45
1539;133
1539;199
1540;0
1540;12
1540;25
1540;50
1540;100
1540;327
1541;8
1541;13
1541;25
1541;50
1541;100
1541;325
1542;7
1542;15
1542;28
1542;57
1542;85
1542;165
1543;7
1543;15
1543;23
1543;46
1543;154
1543;177
1544;8
1544;16
1544;32
1544;40
1544;157
1544;278
1545;9
1545;17
1545;20
1545;40
1545;80
1545;279
1546;8
1546;17
1546;21
1546;42
1546;106
1546;279
1547;8
1547;17
1547;21
1547;42
1547;106
1547;279
1548;8
1548;17
1548;21
1548;42
1548;106
1548;278
1549;8
1549;10
1549;25
1549;42
1549;82
1549;174
1550;0
1550;10
1550;21
1550;66
1550;89
1550;164
1551;0
1551;16
1551;38
1551;72
1551;128
1551;183
1552;0
1552;19
1552;27
1552;79
1552;104
1552;228
1553;0
1553;13
1553;33
1553;59
1553;99
1553;333
1554;0
1554;13
1554;31
1554;66
1554;132
1554;280
1555;8
1555;15
1555;37
1555;56
1555;122
1555;164
1556;9
1556;13
1556;35
1556;52
1556;156
1556;193
1557;8
1557;12
1557;39
1557;50
1557;157
1557;169
1558;9
1558;14
1558;34
1558;76
1558;154
1558;194
1559;9
1559;12
1559;33
1559;40
1559;159
1559;205
1560;9
1560;19
1560;29
1560;40
1560;158
1560;240
1561;7
1561;14
1561;26
1561;51
1561;149
1561;176
1562;5
1562;13
1562;26
1562;65
1562;154
1562;169
1563;7
1563;19
1563;28
1563;55
1563;83
1563;168
1564;2
1564;19
1564;27
1564;54
1564;109
1564;487
1565;9
1565;19
1565;26
1565;51
1565;152
1565;227
1566;7
1566;15
1566;27
1566;55
1566;110
1566;161
1567;1
1567;15
1567;28
1567;57
1567;85
1567;228
1568;7
1568;19
1568;28
1568;67
1568;89
1568;164
1569;2
1569;14
1569;25
1569;50
1569;124
1569;499
1570;4
1570;12
1570;26
1570;76
1570;103
1570;283
1571;2
1571;13
1571;28
1571;56
1571;85
1571;198
1572;9
1572;15
1572;30
1572;57
1572;86
1572;184
1573;0
1573;19
1573;36
1573;63
1573;80
1573;201
1574;1
1574;17
1574;35
1574;53
1574;85
1574;240
1575;7
1575;12
1575;22
1575;45
1575;88
1575;241
1576;6
1576;11
1576;22
1576;45
1576;90
1576;436
1577;6
1577;11
1577;25
1577;50
1577;100
1577;300
1578;6
1578;11
1578;27
1578;54
1578;108
1578;161
1579;6
1579;11
1579;22
1579;56
1579;113
1579;169
1580;6
1580;11
1580;28
1580;56
1580;113
1580;169
1581;6
1581;11
1581;29
1581;60
1581;91
1581;169
1582;6
1582;11
1582;22
1582;50
1582;106
1582;173
1583;9
1583;10
1583;34
1583;67
1583;89
1583;166
1584;0
1584;17
1584;33
1584;67
1584;100
1584;301
1585;1
1585;17
1585;34
1585;67
1585;101
1585;489
1586;9
1586;17
1586;33
1586;67
1586;100
1586;232
1587;6
1587;17
1587;34
1587;67
1587;101
1587;169
1588;6
1588;11
1588;33
1588;66
1588;99
1588;169
1589;6
1589;11
1589;34
1589;68
1589;102
1589;170
1590;6
1590;11
1590;33
1590;67
1590;100
1590;256
1591;6
1591;11
1591;33
1591;67
1591;100
1591;168
1592;6
1592;17
1592;37
1592;74
1592;85
1592;256
1593;6
1593;17
1593;37
1593;63
1593;85
1593;170
1594;6
1594;17
1594;28
1594;50
1594;85
1594;170
1595;6
1595;17
1595;28
1595;63
1595;85
1595;170
1596;6
1596;17
1596;28
1596;45
1596;85
1596;169
1597;6
1597;17
1597;28
1597;63
1597;85
1597;170
1598;6
1598;10
1598;22
1598;67
1598;89
1598;166
1599;7
1599;11
1599;22
1599;45
1599;89
1599;290
1600;6
1600;11
1600;22
1600;45
1600;89
1600;223
1601;2
1601;15
1601;22
1601;45
1601;89
1601;205
1602;9
1602;19
1602;22
1602;47
1602;89
1602;221
1603;9
1603;19
1603;22
1603;47
1603;90
1603;161
1604;9
1604;19
1604;28
1604;47
1604;89
1604;211
1605;8
1605;12
1605;28
1605;46
1605;87
1605;178
1606;4
1606;10
1606;25
1606;50
1606;100
1606;226
1607;5
1607;10
1607;27
1607;77
1607;83
1607;461
1608;5
1608;10
1608;28
1608;56
1608;84
1608;493
1609;5
1609;10
1609;28
1609;50
1609;84
1609;185
1610;5
1610;10
1610;28
1610;57
1610;84
1610;185
1611;5
1611;10
1611;25
1611;50
1611;83
1611;185
1612;5
1612;10
1612;28
1612;50
1612;89
1612;185
1613;5
1613;19
1613;34
1613;66
1613;89
1613;192
1614;2
1614;17
1614;33
1614;67
1614;101
1614;422
1615;0
1615;17
1615;34
1615;67
1615;100
1615;489
1616;7
1616;13
1616;33
1616;67
1616;100
1616;172
1617;6
1617;10
1617;34
1617;45
1617;112
1617;185
1618;5
1618;10
1618;33
1618;67
1618;101
1618;170
1619;5
1619;10
1619;33
1619;67
1619;100
1619;170
1620;5
1620;10
1620;33
1620;67
1620;100
1620;170
1621;5
1621;10
1621;33
1621;45
1621;100
1621;170
1622;5
1622;10
1622;33
1622;66
1622;99
1622;170
1623;5
1623;10
1623;33
1623;45
1623;85
1623;170
1624;5
1624;10
1624;22
1624;44
1624;85
1624;170
1625;5
1625;10
1625;22
1625;45
1625;85
1625;170
1626;5
1626;10
1626;22
1626;45
1626;85
1626;170
1627;5
1627;10
1627;22
1627;45
1627;85
1627;170
1628;7
1628;10
1628;39
1628;74
1628;89
1628;166
1629;0
1629;19
1629;36
1629;46
1629;80
1629;167
1630;0
1630;19
1630;36
1630;63
1630;80
1630;213
1631;6
1631;11
1631;29
1631;56
1631;159
1631;173
1632;9
1632;10
1632;23
1632;62
1632;139
1632;295
1633;7
1633;10
1633;28
1633;75
1633;133
1633;254
1634;7
1634;10
1634;22
1634;42
1634;150
1634;176
1635;8
1635;10
1635;21
1635;45
1635;90
1635;173
1636;4
1636;15
1636;22
1636;45
1636;139
1636;173
1637;4
1637;15
1637;25
1637;75
1637;100
1637;298
1638;4
1638;15
1638;26
1638;79
1638;103
1638;287
1639;4
1639;15
1639;28
1639;45
1639;84
1639;180
1640;4
1640;15
1640;28
1640;45
1640;85
1640;225
1641;4
1641;15
1641;28
1641;45
1641;83
1641;307
1642;4
1642;15
1642;23
1642;45
1642;102
1642;172
1643;7
1643;17
1643;36
1643;66
1643;89
1643;166
1644;8
1644;17
1644;33
1644;67
1644;100
1644;234
1645;0
1645;17
1645;33
1645;66
1645;101
1645;232
1646;9
1646;13
1646;34
1646;67
1646;101
1646;235
1647;5
1647;15
1647;33
1647;67
1647;100
1647;172
1648;4
1648;15
1648;34
1648;67
1648;101
1648;234
1649;4
1649;15
1649;33
1649;67
1649;100
1649;235
1650;4
1650;15
1650;33
1650;45
1650;100
1650;234
1651;4
1651;15
1651;34
1651;45
1651;113
1651;201
1652;4
1652;15
1652;37
1652;75
1652;113
1652;226
1653;4
1653;15
1653;38
1653;75
1653;113
1653;228
1654;4
1654;15
1654;22
1654;45
1654;113
1654;228
1655;4
1655;15
1655;22
1655;45
1655;113
1655;228
1656;4
1656;15
1656;22
1656;67
1656;113
1656;228
1657;4
1657;15
1657;23
1657;67
1657;94
1657;168
1658;8
1658;11
1658;22
1658;44
1658;89
1658;192
1659;0
1659;11
1659;22
1659;67
1659;89
1659;223
1660;8
1660;19
1660;22
1660;45
1660;90
1660;246
1661;8
1661;15
1661;22
1661;67
1661;89
1661;164
1662;8
1662;15
1662;22
1662;45
1662;90
1662;164
1663;8
1663;15
1663;22
1663;43
1663;87
1663;191
1664;8
1664;15
1664;23
1664;40
1664;89
1664;248
1665;9
1665;10
1665;21
1665;51
1665;87
1665;192
1666;4
1666;17
1666;25
1666;77
1666;153
1666;193
1667;4
1667;17
1667;28
1667;56
1667;84
1667;193
1668;4
1668;13
1668;28
1668;56
1668;84
1668;461
1669;4
1669;17
1669;27
1669;54
1669;82
1669;186
1670;4
1670;17
1670;25
1670;76
1670;152
1670;186
1671;4
1671;17
1671;34
1671;50
1671;84
1671;186
1672;4
1672;17
1672;33
1672;67
1672;93
1672;164
1673;8
1673;16
1673;25
1673;50
1673;89
1673;192
1674;0
1674;12
1674;25
1674;50
1674;100
1674;250
1675;0
1675;13
1675;22
1675;44
1675;89
1675;245
1676;9
1676;19
1676;20
1676;41
1676;81
1676;175
1677;5
1677;19
1677;38
1677;75
1677;151
1677;176
1678;4
1678;17
1678;25
1678;50
1678;151
1678;278
1679;4
1679;17
1679;22
1679;44
1679;88
1679;278
1680;4
1680;17
1680;22
1680;43
1680;86
1680;176
1681;4
1681;17
1681;22
1681;76
1681;151
1681;278
1682;4
1682;17
1682;21
1682;76
1682;85
1682;278
1683;4
1683;17
1683;22
1683;50
1683;89
1683;278
1684;4
1684;19
1684;20
1684;76
1684;127
1684;235
1685;4
1685;19
1685;25
1685;50
1685;127
1685;235
1686;4
1686;17
1686;22
1686;45
1686;113
1686;273
1687;4
1687;17
1687;22
1687;68
1687;112
1687;273
1688;8
1688;17
1688;21
1688;64
1688;106
1688;192
1689;8
1689;17
1689;21
1689;64
1689;106
1689;176
1690;8
1690;17
1690;21
1690;64
1690;106
1690;176
1691;4
1691;17
1691;26
1691;43
1691;157
1691;168
1692;4
1692;17
1692;34
1692;42
1692;136
1692;183
1693;4
1693;13
1693;21
1693;50
1693;106
1693;291
1694;7
1694;14
1694;22
1694;50
1694;159
1694;176
1695;8
1695;10
1695;22
1695;56
1695;112
1695;229
1696;6
1696;11
1696;24
1696;67
1696;98
1696;246
1697;6
1697;11
1697;25
1697;67
1697;100
1697;300
1698;6
1698;11
1698;27
1698;55
1698;85
1698;222
1699;6
1699;11
1699;28
1699;56
1699;84
1699;282
1700;6
1700;17
1700;28
1700;56
1700;84
1700;281
1701;6
1701;17
1701;28
1701;56
1701;84
1701;285
1702;6
1702;17
1702;22
1702;51
1702;91
1702;160
1703;9
1703;10
1703;34
1703;67
1703;100
1703;456
1704;2
1704;17
1704;33
1704;67
1704;100
1704;433
1705;2
1705;17
1705;34
1705;67
1705;100
1705;436
1706;9
1706;10
1706;33
1706;67
1706;80
1706;160
1707;6
1707;17
1707;33
1707;42
1707;100
1707;278
1708;6
1708;11
1708;34
1708;42
1708;101
1708;278
1709;6
1709;17
1709;34
1709;42
1709;100
1709;278
1710;6
1710;17
1710;33
1710;42
1710;100
1710;278
1711;6
1711;17
1711;34
1711;42
1711;102
1711;234
1712;6
1712;17
1712;38
1712;42
1712;113
1712;278
1713;6
1713;17
1713;38
1713;42
1713;106
1713;278
1714;6
1714;11
1714;21
1714;42
1714;106
1714;170
1715;6
1715;11
1715;21
1715;42
1715;106
1715;170
1716;6
1716;11
1716;21
1716;42
1716;84
1716;170
1717;6
1717;12
1717;21
1717;42
1717;91
1717;234
1718;6
1718;17
1718;22
1718;44
1718;88
1718;214
1719;0
1719;11
1719;22
1719;45
1719;89
1719;314
1720;0
1720;12
1720;22
1720;45
1720;89
1720;448
1721;8
1721;19
1721;22
1721;45
1721;90
1721;211
1722;9
1722;19
1722;22
1722;44
1722;89
1722;211
1723;9
1723;10
1723;22
1723;45
1723;90
1723;314
1724;9
1724;10
1724;22
1724;44
1724;89
1724;222
1725;5
1725;10
1725;24
1725;53
1725;87
1725;175
1726;5
1726;10
1726;37
1726;72
1726;110
1726;247
1727;5
1727;10
1727;39
1727;78
1727;80
1727;160
1728;5
1728;10
1728;28
1728;42
1728;84
1728;168
1729;5
1729;10
1729;34
1729;43
1729;87
1729;217
1730;5
1730;10
1730;33
1730;44
1730;89
1730;178
1731;5
1731;10
1731;33
1731;43
1731;86
1731;172
1732;5
1732;10
1732;34
1732;67
1732;92
1732;160
1733;7
1733;14
1733;27
1733;54
1733;149
1733;173
1734;5
1734;13
1734;28
1734;56
1734;84
1734;197
1735;0
1735;13
1735;25
1735;50
1735;150
1735;175
1736;8
1736;10
1736;24
1736;49
1736;146
1736;170
1737;5
1737;10
1737;22
1737;67
1737;156
1737;178
1738;5
1738;10
1738;22
1738;45
1738;134
1738;201
1739;5
1739;10
1739;23
1739;45
1739;136
1739;181
1740;5
1740;10
1740;21
1740;44
1740;144
1740;165
1741;5
1741;10
1741;23
1741;44
1741;85
1741;160
1742;5
1742;10
1742;21
1742;44
1742;85
1742;170
1743;5
1743;10
1743;34
1743;45
1743;85
1743;169
1744;5
1744;10
1744;34
1744;45
1744;85
1744;169
1745;5
1745;10
1745;33
1745;45
1745;85
1745;301
1746;5
1746;10
1746;33
1746;45
1746;85
1746;169
1747;5
1747;10
1747;34
1747;49
1747;94
1747;234
1748;9
1748;11
1748;22
1748;43
1748;146
1748;167
1749;0
1749;12
1749;24
1749;50
1749;150
1749;175
1750;0
1750;13
1750;25
1750;50
1750;138
1750;238
1751;7
1751;15
1751;22
1751;49
1751;132
1751;332
1752;7
1752;14
1752;25
1752;50
1752;99
1752;198
1753;7
1753;14
1753;27
1753;79
1753;80
1753;162
1754;7
1754;16
1754;28
1754;56
1754;141
1754;197
1755;7
1755;10
1755;21
1755;45
1755;90
1755;175
1756;4
1756;15
1756;30
1756;52
1756;82
1756;162
1757;4
1757;15
1757;30
1757;45
1757;113
1757;165
1758;4
1758;15
1758;30
1758;45
1758;93
1758;287
1759;4
1759;15
1759;22
1759;45
1759;156
1759;179
1760;4
1760;15
1760;22
1760;45
1760;90
1760;336
1761;4
1761;15
1761;22
1761;45
1761;111
1761;224
1762;4
1762;19
1762;20
1762;52
1762;93
1762;161
1763;8
1763;17
1763;33
1763;50
1763;150
1763;168
1764;2
1764;17
1764;33
1764;67
1764;151
1764;184
1765;8
1765;19
1765;24
1765;64
1765;80
1765;227
1766;7
1766;10
1766;21
1766;45
1766;89
1766;195
1767;4
1767;15
1767;22
1767;75
1767;126
1767;201
1768;4
1768;15
1768;30
1768;56
1768;84
1768;169
1769;4
1769;15
1769;28
1769;56
1769;84
1769;225
1770;4
1770;15
1770;25
1770;49
1770;113
1770;175
1771;4
1771;15
1771;25
1771;50
1771;150
1771;226
1772;4
1772;15
1772;30
1772;67
1772;134
1772;247
1773;4
1773;15
1773;30
1773;45
1773;113
1773;179
1774;4
1774;15
1774;22
1774;45
1774;111
1774;179
1775;4
1775;15
1775;22
1775;45
1775;112
1775;179
1776;4
1776;15
1776;22
1776;67
1776;112
1776;179
1777;4
1777;15
1777;22
1777;59
1777;93
1777;234
1778;7
1778;10
1778;22
1778;45
1778;105
1778;290
1779;0
1779;11
1779;25
1779;50
1779;125
1779;176
1780;0
1780;17
1780;25
1780;50
1780;125
1780;426
1781;7
1781;15
1781;25
1781;50
1781;125
1781;425
1782;7
1782;15
1782;22
1782;45
1782;89
1782;223
1783;8
1783;15
1783;22
1783;43
1783;106
1783;278
1784;9
1784;10
1784;21
1784;43
1784;85
1784;177
1785;6
1785;10
1785;21
1785;42
1785;106
1785;279
1786;4
1786;17
1786;21
1786;42
1786;80
1786;279
1787;4
1787;17
1787;21
1787;42
1787;111
1787;279
1788;8
1788;17
1788;36
1788;55
1788;112
1788;173
1789;9
1789;17
1789;34
1789;50
1789;100
1789;336
1790;2
1790;17
1790;34
1790;50
1790;84
1790;313
1791;0
1791;17
1791;21
1791;76
1791;84
1791;187
1792;0
1792;10
1792;21
1792;54
1792;87
1792;281
1793;0
1793;12
1793;29
1793;44
1793;151
1793;321
1794;0
1794;14
1794;35
1794;79
1794;102
1794;229
1795;7
1795;14
1795;35
1795;45
1795;111
1795;424
1796;9
1796;11
1796;38
1796;76
1796;137
1796;166
1797;9
1797;18
1797;37
1797;77
1797;142
1797;322
1798;7
1798;17
1798;34
1798;77
1798;150
1798;162
1799;9
1799;10
1799;25
1799;48
1799;85
1799;203
1800;9
1800;19
1800;24
1800;48
1800;157
1800;255
1801;1
1801;12
1801;25
1801;50
1801;152
1801;162
1802;4
1802;14
1802;27
1802;55
1802;82
1802;167
1803;2
1803;17
1803;27
1803;54
1803;109
1803;166
1804;9
1804;19
1804;25
1804;51
1804;101
1804;226
1805;1
1805;19
1805;27
1805;55
1805;111
1805;296
1806;2
1806;19
1806;28
1806;57
1806;85
1806;453
1807;7
1807;16
1807;38
1807;75
1807;114
1807;362
1808;3
1808;19
1808;25
1808;50
1808;125
1808;296
1809;4
1809;18
1809;26
1809;77
1809;102
1809;179
1810;0
1810;19
1810;28
1810;56
1810;84
1810;169
1811;9
1811;15
1811;29
1811;57
1811;114
1811;172
1812;0
1812;10
1812;29
1812;49
1812;81
1812;161
1813;0
1813;12
1813;36
1813;66
1813;114
1813;188
1814;9
1814;19
1814;22
1814;45
1814;85
1814;162
1815;1
1815;11
1815;28
1815;67
1815;113
1815;197
1816;1
1816;11
1816;25
1816;56
1816;124
1816;200
1817;7
1817;11
1817;26
1817;51
1817;102
1817;305
1818;6
1818;11
1818;28
1818;56
1818;112
1818;169
1819;4
1819;11
1819;28
1819;56
1819;113
1819;169
1820;0
1820;11
1820;29
1820;56
1820;112
1820;169
1821;9
1821;11
1821;28
1821;56
1821;105
1821;343
1822;1
1822;11
1822;28
1822;56
1822;105
1822;351
1823;5
1823;11
1823;33
1823;67
1823;100
1823;301
1824;2
1824;11
1824;33
1824;67
1824;100
1824;489
1825;3
1825;11
1825;34
1825;68
1825;102
1825;306
1826;6
1826;11
1826;33
1826;66
1826;99
1826;464
1827;0
1827;11
1827;34
1827;67
1827;101
1827;167
1828;5
1828;11
1828;34
1828;67
1828;100
1828;168
1829;6
1829;11
1829;34
1829;45
1829;101
1829;302
1830;3
1830;11
1830;33
1830;67
1830;100
1830;490
1831;1
1831;11
1831;35
1831;69
1831;103
1831;286
1832;4
1832;11
1832;37
1832;75
1832;112
1832;494
1833;8
1833;11
1833;28
1833;45
1833;89
1833;510
1834;7
1834;11
1834;28
1834;45
1834;113
1834;169
1835;8
1835;11
1835;28
1835;45
1835;84
1835;488
1836;9
1836;11
1836;28
1836;45
1836;89
1836;456
1837;9
1837;11
1837;24
1837;44
1837;89
1837;167
1838;2
1838;11
1838;22
1838;67
1838;89
1838;289
1839;0
1839;11
1839;22
1839;45
1839;89
1839;223
1840;0
1840;11
1840;22
1840;45
1840;89
1840;291
1841;2
1841;11
1841;22
1841;45
1841;89
1841;223
1842;2
1842;11
1842;22
1842;45
1842;89
1842;291
1843;9
1843;11
1843;22
1843;50
1843;90
1843;346
1844;8
1844;11
1844;25
1844;50
1844;90
1844;186
1845;9
1845;19
1845;25
1845;56
1845;113
1845;225
1846;9
1846;19
1846;25
1846;56
1846;113
1846;302
1847;9
1847;19
1847;28
1847;56
1847;85
1847;282
1848;9
1848;10
1848;28
1848;42
1848;84
1848;489
1849;9
1849;10
1849;28
1849;56
1849;84
1849;490
1850;9
1850;10
1850;28
1850;42
1850;84
1850;223
1851;9
1851;10
1851;21
1851;56
1851;92
1851;343
1852;9
1852;10
1852;33
1852;56
1852;91
1852;444
1853;9
1853;10
1853;33
1853;67
1853;100
1853;301
1854;9
1854;10
1854;33
1854;67
1854;100
1854;490
1855;9
1855;10
1855;34
1855;67
1855;101
1855;436
1856;9
1856;10
1856;34
1856;67
1856;100
1856;435
1857;9
1857;10
1857;34
1857;67
1857;101
1857;302
1858;9
1858;10
1858;34
1858;67
1858;101
1858;302
1859;9
1859;10
1859;33
1859;67
1859;100
1859;300
1860;9
1860;10
1860;34
1860;67
1860;101
1860;168
1861;9
1861;10
1861;33
1861;66
1861;99
1861;164
1862;9
1862;10
1862;34
1862;68
1862;101
1862;507
1863;9
1863;10
1863;28
1863;56
1863;84
1863;503
1864;9
1864;10
1864;28
1864;56
1864;113
1864;502
1865;9
1865;10
1865;28
1865;56
1865;84
1865;446
1866;9
1866;10
1866;28
1866;56
1866;85
1866;170
1867;9
1867;10
1867;28
1867;56
1867;85
1867;176
1868;9
1868;10
1868;28
1868;56
1868;85
1868;186
1869;9
1869;10
1869;28
1869;56
1869;85
1869;163
1870;9
1870;10
1870;28
1870;56
1870;85
1870;180
1871;9
1871;10
1871;28
1871;56
1871;137
1871;305
1872;9
1872;10
1872;28
1872;56
1872;126
1872;255
1873;9
1873;10
1873;28
1873;56
1873;98
1873;202
1874;9
1874;10
1874;28
1874;57
1874;143
1874;490
1875;8
1875;15
1875;22
1875;45
1875;90
1875;167
1876;8
1876;15
1876;25
1876;42
1876;84
1876;168
1877;8
1877;15
1877;25
1877;42
1877;84
1877;168
1878;8
1878;15
1878;28
1878;42
1878;84
1878;224
1879;8
1879;15
1879;28
1879;42
1879;84
1879;225
1880;7
1880;15
1880;28
1880;42
1880;84
1880;226
1881;7
1881;15
1881;22
1881;42
1881;105
1881;343
1882;7
1882;15
1882;22
1882;42
1882;84
1882;349
1883;7
1883;15
1883;34
1883;42
1883;84
1883;300
1884;7
1884;15
1884;33
1884;42
1884;84
1884;232
1885;7
1885;15
1885;33
1885;42
1885;100
1885;234
1886;7
1886;15
1886;33
1886;42
1886;100
1886;234
1887;7
1887;15
1887;34
1887;67
1887;101
1887;236
1888;7
1888;15
1888;33
1888;67
1888;100
1888;234
1889;7
1889;15
1889;33
1889;67
1889;100
1889;234
1890;7
1890;15
1890;33
1890;67
1890;100
1890;234
1891;7
1891;15
1891;35
1891;70
1891;105
1891;216
1892;7
1892;15
1892;37
1892;75
1892;112
1892;224
1893;7
1893;15
1893;33
1893;42
1893;84
1893;446
1894;7
1894;15
1894;33
1894;42
1894;84
1894;160
1895;7
1895;15
1895;33
1895;42
1895;84
1895;178
1896;7
1896;15
1896;33
1896;42
1896;84
1896;451
1897;7
1897;15
1897;21
1897;45
1897;113
1897;197
1898;7
1898;15
1898;22
1898;45
1898;84
1898;225
1899;7
1899;15
1899;22
1899;45
1899;113
1899;422
1900;7
1900;15
1900;22
1900;45
1900;90
1900;225
1901;7
1901;15
1901;22
1901;44
1901;89
1901;244
1902;8
1902;15
1902;22
1902;56
1902;90
1902;242
1903;7
1903;15
1903;28
1903;56
1903;85
1903;358
1904;7
1904;15
1904;28
1904;56
1904;80
1904;161
1905;8
1905;17
1905;25
1905;75
1905;89
1905;399
1906;8
1906;17
1906;27
1906;45
1906;83
1906;454
1907;8
1907;17
1907;28
1907;56
1907;84
1907;462
1908;8
1908;17
1908;28
1908;56
1908;84
1908;462
1909;8
1909;17
1909;25
1909;50
1909;100
1909;449
1910;8
1910;17
1910;25
1910;50
1910;84
1910;470
1911;8
1911;17
1911;25
1911;50
1911;84
1911;429
1912;8
1912;17
1912;25
1912;49
1912;86
1912;422
1913;8
1913;17
1913;25
1913;50
1913;100
1913;250
1914;8
1914;17
1914;22
1914;45
1914;89
1914;245
1915;8
1915;19
1915;20
1915;40
1915;82
1915;426
1916;8
1916;19
1916;20
1916;50
1916;84
1916;381
1917;8
1917;17
1917;21
1917;42
1917;84
1917;437
1918;8
1918;17
1918;22
1918;44
1918;88
1918;243
1919;8
1919;17
1919;21
1919;42
1919;85
1919;235
1920;8
1920;17
1920;22
1920;50
1920;87
1920;432
1921;8
1921;17
1921;21
1921;42
1921;85
1921;230
1922;8
1922;17
1922;22
1922;50
1922;89
1922;423
1923;8
1923;19
1923;20
1923;40
1923;80
1923;390
1924;8
1924;19
1924;20
1924;42
1924;94
1924;226
1925;8
1925;17
1925;34
1925;42
1925;84
1925;420
1926;8
1926;17
1926;25
1926;50
1926;84
1926;161
1927;8
1927;17
1927;25
1927;42
1927;84
1927;304
1928;8
1928;17
1928;25
1928;42
1928;88
1928;418
1929;8
1929;17
1929;25
1929;42
1929;107
1929;176
1930;8
1930;17
1930;25
1930;42
1930;132
1930;308
1931;8
1931;17
1931;21
1931;42
1931;143
1931;183
1932;8
1932;17
1932;25
1932;42
1932;142
1932;291
1933;8
1933;17
1933;25
1933;42
1933;137
1933;310
1934;8
1934;17
1934;21
1934;41
1934;136
1934;170
1935;1
1935;11
1935;25
1935;56
1935;89
1935;319
1936;1
1936;11
1936;25
1936;67
1936;98
1936;298
1937;7
1937;11
1937;26
1937;67
1937;105
1937;286
1938;0
1938;11
1938;28
1938;45
1938;85
1938;282
1939;0
1939;17
1939;28
1939;56
1939;84
1939;282
1940;0
1940;17
1940;28
1940;56
1940;113
1940;225
1941;9
1941;17
1941;28
1941;45
1941;102
1941;227
1942;8
1942;17
1942;34
1942;67
1942;83
1942;234
1943;0
1943;17
1943;33
1943;67
1943;84
1943;300
1944;3
1944;17
1944;33
1944;67
1944;100
1944;233
1945;7
1945;11
1945;33
1945;66
1945;99
1945;231
1946;4
1946;16
1946;34
1946;67
1946;101
1946;437
1947;2
1947;17
1947;33
1947;67
1947;100
1947;232
1948;4
1948;17
1948;34
1948;67
1948;101
1948;436
1949;1
1949;17
1949;34
1949;67
1949;100
1949;422
1950;3
1950;10
1950;34
1950;67
1950;100
1950;501
1951;9
1951;11
1951;36
1951;73
1951;109
1951;437
1952;9
1952;11
1952;38
1952;75
1952;113
1952;301
1953;9
1953;11
1953;32
1953;42
1953;95
1953;447
1954;9
1954;17
1954;32
1954;42
1954;84
1954;437
1955;9
1955;17
1955;32
1955;42
1955;84
1955;441
1956;9
1956;17
1956;32
1956;42
1956;84
1956;166
1957;9
1957;17
1957;33
1957;42
1957;83
1957;167
1958;9
1958;17
1958;22
1958;75
1958;100
1958;176
1959;9
1959;17
1959;22
1959;45
1959;90
1959;315
1960;6
1960;17
1960;22
1960;44
1960;89
1960;223
1961;2
1961;17
1961;22
1961;45
1961;90
1961;296
1962;2
1962;17
1962;22
1962;44
1962;89
1962;221
1963;9
1963;17
1963;22
1963;45
1963;112
1963;314
1964;9
1964;17
1964;22
1964;45
1964;89
1964;223
1965;9
1965;17
1965;24
1965;47
1965;93
1965;184
1966;9
1966;19
1966;34
1966;68
1966;104
1966;200
1967;9
1967;19
1967;38
1967;77
1967;116
1967;231
1968;9
1968;10
1968;28
1968;41
1968;82
1968;165
1969;9
1969;10
1969;28
1969;43
1969;86
1969;214
1970;9
1970;14
1970;28
1970;44
1970;88
1970;219
1971;9
1971;14
1971;28
1971;44
1971;88
1971;180
1972;9
1972;14
1972;28
1972;66
1972;87
1972;384
1973;9
1973;19
1973;22
1973;56
1973;152
1973;172
1974;9
1974;19
1974;22
1974;54
1974;80
1974;186
1975;9
1975;19
1975;22
1975;56
1975;84
1975;160
1976;9
1976;19
1976;25
1976;50
1976;151
1976;176
1977;9
1977;19
1977;23
1977;46
1977;157
1977;160
1978;9
1978;19
1978;22
1978;45
1978;156
1978;178
1979;9
1979;19
1979;22
1979;45
1979;134
1979;201
1980;9
1980;19
1980;23
1980;45
1980;137
1980;206
1981;9
1981;17
1981;21
1981;42
1981;144
1981;165
1982;8
1982;17
1982;23
1982;42
1982;90
1982;160
1983;8
1983;17
1983;25
1983;42
1983;92
1983;172
1984;8
1984;17
1984;25
1984;50
1984;92
1984;193
1985;8
1985;13
1985;25
1985;50
1985;88
1985;167
1986;8
1986;13
1986;25
1986;50
1986;88
1986;182
1987;8
1987;13
1987;25
1987;50
1987;88
1987;227
1988;8
1988;13
1988;25
1988;50
1988;149
1988;171
1989;8
1989;17
1989;22
1989;44
1989;146
1989;167
1990;8
1990;17
1990;25
1990;50
1990;151
1990;176
1991;8
1991;17
1991;25
1991;50
1991;137
1991;239
1992;8
1992;17
1992;22
1992;63
1992;84
1992;355
1993;8
1993;17
1993;25
1993;50
1993;99
1993;198
1994;8
1994;17
1994;26
1994;79
1994;80
1994;162
1995;8
1995;17
1995;28
1995;56
1995;141
1995;197
1996;8
1996;17
1996;21
1996;42
1996;84
1996;198
1997;8
1997;15
1997;23
1997;59
1997;104
1997;341
1998;7
1998;15
1998;20
1998;45
1998;94
1998;169
1999;7
1999;19
1999;22
1999;45
1999;94
1999;164
2000;7
2000;19
2000;22
2000;45
2000;94
2000;224
2001;7
2001;19
2001;22
2001;45
2001;156
2001;179
2002;7
2002;19
2002;22
2002;45
2002;90
2002;180
2003;7
2003;19
2003;22
2003;44
2003;111
2003;223
2004;7
2004;19
2004;20
2004;40
2004;142
2004;212
2005;7
2005;17
2005;33
2005;50
2005;150
2005;167
2006;7
2006;17
2006;33
2006;67
2006;151
2006;184
2007;8
2007;19
2007;20
2007;64
2007;80
2007;227
2008;7
2008;15
2008;20
2008;68
2008;133
2008;340
2009;8
2009;15
2009;25
2009;75
2009;125
2009;201
2010;7
2010;15
2010;27
2010;79
2010;80
2010;217
2011;7
2011;15
2011;28
2011;56
2011;84
2011;225
2012;7
2012;15
2012;26
2012;54
2012;138
2012;175
2013;7
2013;19
2013;25
2013;50
2013;100
2013;225
2014;7
2014;19
2014;25
2014;50
2014;101
2014;175
2015;7
2015;19
2015;20
2015;56
2015;84
2015;241
2016;7
2016;19
2016;25
2016;57
2016;108
2016;224
2017;7
2017;19
2017;22
2017;45
2017;112
2017;179
2018;8
2018;19
2018;22
2018;45
2018;112
2018;179
2019;8
2019;19
2019;22
2019;45
2019;111
2019;178
2020;8
2020;19
2020;22
2020;45
2020;112
2020;313
2021;8
2021;19
2021;22
2021;45
2021;134
2021;290
2022;8
2022;15
2022;25
2022;50
2022;125
2022;176
2023;7
2023;15
2023;25
2023;50
2023;125
2023;326
2024;7
2024;15
2024;25
2024;50
2024;125
2024;425
2025;8
2025;15
2025;22
2025;45
2025;89
2025;223
2026;7
2026;15
2026;22
2026;44
2026;110
2026;222
2027;8
2027;18
2027;21
2027;42
2027;85
2027;233
2028;8
2028;13
2028;21
2028;63
2028;84
2028;168
2029;8
2029;13
2029;21
2029;50
2029;84
2029;168
2030;8
2030;19
2030;21
2030;42
2030;84
2030;219
2031;8
2031;19
2031;37
2031;56
2031;113
2031;320
2032;8
2032;17
2032;33
2032;50
2032;100
2032;334
2033;8
2033;17
2033;21
2033;50
2033;83
2033;316
2034;8
2034;17
2034;21
2034;42
2034;84
2034;190
2035;8
2035;13
2035;21
2035;42
2035;84
2035;201
2036;8
2036;17
2036;21
2036;42
2036;84
2036;164
2037;8
2037;17
2037;21
2037;42
2037;84
2037;163
2038;8
2038;17
2038;21
2038;42
2038;84
2038;164
2039;8
2039;17
2039;21
2039;42
2039;137
2039;308
2040;8
2040;17
2040;21
2040;42
2040;142
2040;167
2041;8
2041;13
2041;21
2041;42
2041;147
2041;198
2042;8
2042;13
2042;21
2042;42
2042;82
2042;178
2043;8
2043;16
2043;25
2043;45
2043;99
2043;266
2044;8
2044;13
2044;25
2044;50
2044;159
2044;163
2045;8
2045;12
2045;27
2045;54
2045;80
2045;160
2046;8
2046;12
2046;27
2046;55
2046;84
2046;169
2047;8
2047;12
2047;25
2047;50
2047;101
2047;226
2048;8
2048;12
2048;27
2048;53
2048;134
2048;289
2049;8
2049;12
2049;28
2049;57
2049;85
2049;228
2050;8
2050;12
2050;26
2050;79
2050;147
2050;160
2051;3
2051;19
2051;25
2051;50
2051;124
2051;198
2052;1
2052;10
2052;25
2052;75
2052;100
2052;174
2053;1
2053;19
2053;27
2053;55
2053;108
2053;164
2054;8
2054;19
2054;29
2054;57
2054;115
2054;173
2055;0
2055;14
2055;27
2055;54
2055;112
2055;165
2056;0
2056;13
2056;24
2056;55
2056;80
2056;510
2057;5
2057;10
2057;30
2057;72
2057;83
2057;171
2058;9
2058;11
2058;22
2058;44
2058;140
2058;210
2059;9
2059;17
2059;23
2059;45
2059;136
2059;181
2060;5
2060;17
2060;22
2060;45
2060;110
2060;178
2061;9
2061;11
2061;28
2061;56
2061;113
2061;197
2062;0
2062;11
2062;28
2062;46
2062;111
2062;178
2063;0
2063;12
2063;24
2063;75
2063;136
2063;182
2064;9
2064;17
2064;31
2064;74
2064;108
2064;175
2065;5
2065;10
2065;30
2065;76
2065;91
2065;172
2066;9
2066;15
2066;31
2066;48
2066;154
2066;168
2067;6
2067;18
2067;33
2067;57
2067;131
2067;212
2068;5
2068;18
2068;21
2068;63
2068;126
2068;230
2069;5
2069;19
2069;21
2069;63
2069;126
2069;231
2070;9
2070;19
2070;39
2070;64
2070;107
2070;214
2071;9
2071;18
2071;39
2071;67
2071;82
2071;167
2072;9
2072;19
2072;34
2072;76
2072;81
2072;163
2073;9
2073;15
2073;22
2073;45
2073;155
2073;225
2074;9
2074;19
2074;22
2074;44
2074;155
2074;222
2075;8
2075;19
2075;22
2075;44
2075;154
2075;201
2076;5
2076;18
2076;31
2076;43
2076;85
2076;175
2077;9
2077;18
2077;22
2077;43
2077;90
2077;175
2078;7
2078;19
2078;21
2078;41
2078;139
2078;184
2079;9
2079;19
2079;38
2079;40
2079;159
2079;175
2080;9
2080;18
2080;35
2080;40
2080;154
2080;176
2081;5
2081;15
2081;33
2081;45
2081;129
2081;180
2082;3
2082;18
2082;31
2082;76
2082;104
2082;182
2083;6
2083;14
2083;39
2083;73
2083;114
2083;167
2084;9
2084;18
2084;39
2084;70
2084;158
2084;160
2085;9
2085;19
2085;30
2085;51
2085;123
2085;201
2086;5
2086;14
2086;30
2086;45
2086;103
2086;187
2087;5
2087;15
2087;30
2087;46
2087;120
2087;479
2088;7
2088;15
2088;36
2088;40
2088;107
2088;225
2089;9
2089;19
2089;37
2089;56
2089;93
2089;224
2090;9
2090;18
2090;35
2090;72
2090;90
2090;171
2091;9
2091;15
2091;32
2091;46
2091;85
2091;166
2092;9
2092;15
2092;29
2092;44
2092;148
2092;162
2093;9
2093;13
2093;25
2093;42
2093;85
2093;163
2094;8
2094;12
2094;35
2094;44
2094;141
2094;172
2095;9
2095;17
2095;39
2095;40
2095;99
2095;192
2096;7
2096;11
2096;35
2096;41
2096;80
2096;186
2097;8
2097;16
2097;27
2097;40
2097;99
2097;192
2098;8
2098;14
2098;23
2098;41
2098;147
2098;172
2099;9
2099;14
2099;28
2099;64
2099;158
2099;290
2100;8
2100;14
2100;25
2100;52
2100;137
2100;303
2101;5
2101;18
2101;28
2101;52
2101;133
2101;198
2102;9
2102;19
2102;29
2102;74
2102;114
2102;197
2103;7
2103;15
2103;36
2103;43
2103;158
2103;160
2104;7
2104;15
2104;39
2104;40
2104;99
2104;185
2105;7
2105;17
2105;28
2105;40
2105;93
2105;194
2106;9
2106;14
2106;29
2106;79
2106;87
2106;326
2107;8
2107;14
2107;36
2107;65
2107;121
2107;172
2108;7
2108;12
2108;24
2108;79
2108;88
2108;167
2109;5
2109;19
2109;28
2109;79
2109;88
2109;187
2110;9
2110;19
2110;39
2110;45
2110;117
2110;501
2111;7
2111;18
2111;35
2111;40
2111;102
2111;161
