0;0
0;12
0;31
0;48
0;128
0;353
1;0
1;17
1;39
1;65
1;128
1;353
2;0
2;17
2;25
2;77
2;128
2;353
3;0
3;15
3;26
3;73
3;128
3;353
4;0
4;19
4;20
4;53
4;128
4;318
5;1
5;10
5;24
5;52
5;128
5;353
6;8
6;18
6;20
6;58
6;96
6;170
7;8
7;12
7;31
7;62
7;93
7;186
8;8
8;19
8;31
8;62
8;92
8;310
9;9
9;16
9;32
9;64
9;97
9;192
10;8
10;16
10;35
10;64
10;93
10;176
11;8
11;10
11;38
11;75
11;113
11;188
12;9
12;19
12;37
12;75
12;113
12;187
13;8
13;12
13;37
13;75
13;112
13;188
14;6
14;12
14;38
14;75
14;112
14;187
15;8
15;11
15;37
15;75
15;113
15;188
16;8
16;11
16;38
16;75
16;113
16;188
17;8
17;12
17;31
17;75
17;113
17;300
18;8
18;12
18;38
18;75
18;113
18;188
19;8
19;18
19;38
19;76
19;113
19;301
20;7
20;11
20;37
20;75
20;113
20;300
21;6
21;12
21;38
21;75
21;113
21;301
22;9
22;12
22;37
22;75
22;102
22;188
23;8
23;12
23;37
23;40
23;84
23;189
24;8
24;12
24;38
24;40
24;113
24;188
25;9
25;19
25;38
25;74
25;87
25;301
26;9
26;12
26;38
26;75
26;113
26;188
27;9
27;11
27;38
27;64
27;87
27;187
28;9
28;12
28;37
28;40
28;87
28;188
29;8
29;13
29;38
29;64
29;113
29;188
30;8
30;10
30;38
30;75
30;113
30;187
31;9
31;13
31;32
31;40
31;92
31;195
32;8
32;11
32;32
32;63
32;94
32;282
33;9
33;10
33;32
33;64
33;96
33;191
34;9
34;10
34;31
34;63
34;94
34;194
35;8
35;11
35;38
35;64
35;113
35;189
36;9
36;10
36;37
36;64
36;113
36;188
37;2
37;13
37;37
37;63
37;113
37;226
38;8
38;14
38;38
38;64
38;113
38;188
39;9
39;13
39;37
39;75
39;113
39;188
40;8
40;13
40;38
40;75
40;113
40;188
41;9
41;19
41;38
41;75
41;112
41;188
42;9
42;19
42;37
42;75
42;113
42;302
43;8
43;19
43;38
43;75
43;113
43;188
44;9
44;19
44;37
44;75
44;113
44;188
45;7
45;19
45;38
45;75
45;113
45;225
46;6
46;18
46;37
46;75
46;112
46;188
47;7
47;19
47;27
47;55
47;82
47;301
48;9
48;19
48;38
48;40
48;86
48;188
49;8
49;19
49;38
49;74
49;87
49;182
50;9
50;18
50;37
50;74
50;113
50;188
51;9
51;19
51;37
51;58
51;86
51;223
52;9
52;19
52;37
52;75
52;82
52;187
53;9
53;17
53;37
53;58
53;113
53;167
54;8
54;19
54;37
54;54
54;82
54;188
55;9
55;14
55;33
55;63
55;94
55;282
56;9
56;15
56;28
56;56
56;83
56;283
57;8
57;17
57;28
57;62
57;95
57;286
58;9
58;17
58;31
58;63
58;94
58;279
59;8
59;19
59;28
59;56
59;84
59;189
60;7
60;18
60;38
60;56
60;84
60;190
61;8
61;19
61;38
61;63
61;84
61;188
62;8
62;19
62;38
62;55
62;84
62;188
63;8
63;19
63;37
63;75
63;85
63;189
64;6
64;19
64;28
64;75
64;113
64;190
65;9
65;19
65;38
65;56
65;85
65;189
66;9
66;19
66;37
66;75
66;113
66;188
67;9
67;19
67;38
67;75
67;113
67;189
68;9
68;19
68;38
68;75
68;113
68;189
69;9
69;19
69;38
69;76
69;113
69;188
70;8
70;18
70;37
70;40
70;106
70;185
71;7
71;19
71;30
71;75
71;87
71;272
72;8
72;18
72;38
72;64
72;89
72;189
73;4
73;19
73;38
73;59
73;92
73;190
74;6
74;18
74;29
74;54
74;97
74;189
75;8
75;17
75;38
75;75
75;87
75;189
76;9
76;19
76;35
76;75
76;87
76;190
77;8
77;17
77;38
77;75
77;92
77;190
78;7
78;19
78;35
78;74
78;88
78;188
79;9
79;14
79;28
79;47
79;88
79;290
80;9
80;15
80;30
80;44
80;82
80;278
81;1
81;16
81;32
81;48
81;96
81;223
82;3
82;15
82;31
82;46
82;106
82;228
83;1
83;18
83;36
83;50
83;88
83;296
84;0
84;19
84;37
84;56
84;93
84;297
85;9
85;19
85;37
85;56
85;93
85;300
86;6
86;19
86;20
86;56
86;96
86;208
87;4
87;10
87;32
87;55
87;93
87;230
88;9
88;11
88;31
88;74
88;93
88;278
89;7
89;16
89;25
89;50
89;151
89;191
90;9
90;16
90;32
90;50
90;150
90;227
91;9
91;16
91;25
91;50
91;150
91;227
92;6
92;17
92;22
92;50
92;151
92;227
93;4
93;10
93;21
93;50
93;148
93;232
94;8
94;11
94;21
94;50
94;148
94;233
95;8
95;16
95;21
95;50
95;148
95;190
96;9
96;10
96;21
96;42
96;150
96;176
97;8
97;16
97;25
97;50
97;150
97;201
98;6
98;16
98;22
98;41
98;150
98;201
99;4
99;10
99;25
99;50
99;151
99;176
100;9
100;10
100;21
100;42
100;148
100;176
101;8
101;16
101;25
101;50
101;150
101;278
102;9
102;16
102;25
102;50
102;151
102;302
103;9
103;16
103;25
103;50
103;150
103;176
104;6
104;16
104;22
104;50
104;150
104;176
105;4
105;16
105;21
105;50
105;148
105;210
106;9
106;10
106;21
106;50
106;148
106;190
107;9
107;16
107;37
107;50
107;148
107;191
108;9
108;16
108;39
108;40
108;157
108;168
109;7
109;14
109;33
109;40
109;114
109;169
110;7
110;12
110;26
110;43
110;156
110;283
111;4
111;17
111;35
111;51
111;156
111;304
112;8
112;19
112;37
112;57
112;94
112;170
113;8
113;19
113;37
113;74
113;151
113;166
114;8
114;19
114;20
114;50
114;151
114;174
115;8
115;17
115;38
115;50
115;151
115;511
116;8
116;18
116;21
116;76
116;151
116;223
117;4
117;18
117;37
117;56
117;130
117;168
118;8
118;19
118;38
118;56
118;151
118;173
119;8
119;19
119;20
119;50
119;106
119;170
120;8
120;17
120;38
120;50
120;127
120;362
121;8
121;19
121;38
121;57
121;94
121;205
122;8
122;18
122;36
122;53
122;123
122;179
123;5
123;17
123;33
123;50
123;133
123;183
124;8
124;17
124;33
124;50
124;151
124;167
125;8
125;15
125;33
125;53
125;151
125;414
126;8
126;17
126;34
126;50
126;150
126;167
127;8
127;17
127;34
127;50
127;150
127;303
128;9
128;16
128;32
128;50
128;151
128;505
129;5
129;16
129;32
129;48
129;111
129;303
130;8
130;14
130;29
130;43
130;116
130;300
131;8
131;14
131;28
131;50
131;142
131;228
132;8
132;14
132;21
132;42
132;153
132;482
133;8
133;14
133;32
133;42
133;109
133;268
134;7
134;15
134;31
134;46
134;92
134;231
135;5
135;16
135;32
135;63
135;94
135;173
136;4
136;16
136;32
136;64
136;80
136;303
137;8
137;13
137;38
137;79
137;80
137;170
138;7
138;13
138;25
138;50
138;100
138;176
139;8
139;12
139;25
139;50
139;113
139;251
140;8
140;13
140;25
140;50
140;80
140;188
141;6
141;13
141;22
141;50
141;94
141;176
142;4
142;19
142;20
142;50
142;94
142;187
143;7
143;19
143;25
143;50
143;113
143;188
144;8
144;16
144;37
144;51
144;94
144;188
145;8
145;19
145;38
145;50
145;100
145;250
146;8
146;13
146;25
146;50
146;100
146;251
147;6
147;12
147;22
147;50
147;150
147;188
148;4
148;13
148;38
148;50
148;151
148;188
149;9
149;12
149;20
149;49
149;100
149;202
150;7
150;13
150;25
150;50
150;150
150;201
151;8
151;12
151;25
151;50
151;150
151;201
152;8
152;16
152;25
152;50
152;150
152;201
153;6
153;17
153;22
153;50
153;100
153;201
154;4
154;16
154;20
154;50
154;150
154;188
155;5
155;19
155;38
155;50
155;94
155;188
156;8
156;16
156;38
156;50
156;150
156;188
157;8
157;15
157;20
157;43
157;84
157;188
158;8
158;16
158;25
158;50
158;150
158;188
159;6
159;12
159;35
159;46
159;135
159;223
160;4
160;15
160;29
160;41
160;118
160;174
161;4
161;14
161;28
161;47
161;94
161;171
162;7
162;14
162;32
162;50
162;144
162;201
163;8
163;12
163;29
163;50
163;151
163;383
164;8
164;12
164;28
164;50
164;151
164;389
165;7
165;17
165;31
165;46
165;140
165;170
166;4
166;15
166;31
166;46
166;139
166;170
167;7
167;16
167;31
167;47
167;125
167;172
168;8
168;16
168;31
168;47
168;93
168;264
169;8
169;14
169;32
169;48
169;95
169;174
170;8
170;14
170;31
170;47
170;94
170;235
171;7
171;16
171;31
171;62
171;93
171;296
172;4
172;16
172;31
172;47
172;94
172;172
173;4
173;16
173;31
173;50
173;94
173;172
174;8
174;14
174;25
174;47
174;94
174;335
175;2
175;14
175;28
175;50
175;113
175;201
176;8
176;14
176;29
176;50
176;99
176;300
177;7
177;14
177;28
177;42
177;100
177;167
178;5
178;14
178;28
178;42
178;98
178;167
179;4
179;14
179;28
179;57
179;113
179;169
180;8
180;15
180;38
180;47
180;117
180;167
181;7
181;14
181;33
181;49
181;98
181;164
182;7
182;17
182;33
182;50
182;83
182;166
183;7
183;18
183;21
183;50
183;150
183;176
184;5
184;16
184;31
184;47
184;109
184;172
185;4
185;16
185;32
185;47
185;95
185;174
186;7
186;16
186;31
186;47
186;93
186;171
187;7
187;16
187;25
187;50
187;94
187;173
188;7
188;16
188;25
188;50
188;151
188;172
189;8
189;16
189;25
189;50
189;94
189;174
190;5
190;16
190;22
190;63
190;110
190;171
191;4
191;16
191;21
191;50
191;93
191;211
192;6
192;15
192;21
192;50
192;105
192;211
193;8
193;16
193;21
193;42
193;105
193;190
194;8
194;16
194;21
194;50
194;150
194;253
195;9
195;16
195;21
195;50
195;151
195;252
196;6
196;10
196;22
196;50
196;151
196;252
197;4
197;10
197;21
197;50
197;151
197;252
198;9
198;10
198;21
198;42
198;106
198;255
199;9
199;16
199;25
199;50
199;151
199;176
200;9
200;16
200;25
200;50
200;151
200;252
201;9
201;16
201;25
201;50
201;100
201;252
202;6
202;16
202;25
202;50
202;125
202;252
203;4
203;16
203;21
203;50
203;105
203;252
204;8
204;15
204;21
204;50
204;105
204;190
205;8
205;16
205;21
205;50
205;154
205;170
206;9
206;15
206;37
206;41
206;125
206;170
207;9
207;19
207;25
207;74
207;114
207;187
208;6
208;14
208;28
208;42
208;138
208;217
209;4
209;15
209;31
209;43
209;137
209;164
210;8
210;12
210;38
210;42
210;114
210;400
211;8
211;16
211;32
211;50
211;150
211;226
212;8
212;17
212;38
212;50
212;151
212;355
213;8
213;17
213;38
213;50
213;151
213;419
214;6
214;17
214;33
214;47
214;143
214;221
215;4
215;16
215;31
215;47
215;156
215;172
216;8
216;16
216;31
216;47
216;109
216;172
217;8
217;16
217;31
217;47
217;94
217;328
218;8
218;16
218;32
218;47
218;95
218;173
219;8
219;16
219;31
219;47
219;93
219;171
220;7
220;16
220;31
220;62
220;93
220;295
221;4
221;16
221;31
221;46
221;94
221;171
222;8
222;16
222;31
222;50
222;94
222;173
223;8
223;15
223;24
223;50
223;100
223;354
224;8
224;14
224;28
224;50
224;111
224;208
225;8
225;14
225;29
225;50
225;100
225;300
226;7
226;17
226;28
226;42
226;98
226;305
227;4
227;14
227;28
227;41
227;83
227;222
228;4
228;13
228;26
228;50
228;138
228;169
229;8
229;13
229;25
229;49
229;123
229;173
230;9
230;13
230;25
230;50
230;126
230;314
231;9
231;13
231;25
231;63
231;126
231;173
232;7
232;12
232;25
232;42
232;125
232;189
233;5
233;13
233;25
233;49
233;123
233;191
234;4
234;13
234;38
234;42
234;126
234;189
235;8
235;12
235;25
235;75
235;101
235;176
236;8
236;12
236;25
236;50
236;150
236;176
237;7
237;12
237;23
237;50
237;113
237;189
238;8
238;12
238;20
238;50
238;102
238;303
239;5
239;18
239;36
239;46
239;89
239;292
240;4
240;19
240;20
240;76
240;86
240;188
241;9
241;19
241;38
241;76
241;85
241;188
242;9
242;19
242;38
242;76
242;85
242;169
243;9
243;19
243;25
243;75
243;84
243;188
244;9
244;19
244;38
244;76
244;85
244;188
245;6
245;13
245;22
245;77
245;81
245;229
246;4
246;12
246;31
246;77
246;92
246;169
247;9
247;12
247;32
247;79
247;80
247;224
248;8
248;16
248;33
248;50
248;84
248;167
249;7
249;16
249;33
249;50
249;83
249;233
250;8
250;16
250;34
250;50
250;84
250;286
251;6
251;16
251;32
251;48
251;80
251;302
252;4
252;16
252;32
252;79
252;80
252;174
253;7
253;16
253;32
253;79
253;80
253;223
254;8
254;16
254;32
254;79
254;80
254;188
255;7
255;16
255;31
255;79
255;80
255;300
256;7
256;16
256;25
256;79
256;80
256;303
257;6
257;14
257;29
257;44
257;85
257;234
258;4
258;14
258;28
258;42
258;85
258;227
259;7
259;12
259;28
259;42
259;85
259;170
260;8
260;14
260;25
260;43
260;85
260;171
261;1
261;12
261;25
261;50
261;84
261;201
262;8
262;12
262;28
262;50
262;151
262;226
263;6
263;17
263;22
263;41
263;84
263;168
264;4
264;14
264;20
264;50
264;80
264;206
265;7
265;12
265;38
265;50
265;150
265;207
266;8
266;14
266;38
266;56
266;113
266;169
267;8
267;14
267;38
267;56
267;149
267;207
268;7
268;12
268;25
268;50
268;151
268;176
269;7
269;17
269;22
269;50
269;151
269;367
270;4
270;12
270;25
270;50
270;150
270;366
271;4
271;12
271;38
271;50
271;80
271;327
272;7
272;12
272;25
272;50
272;100
272;431
273;7
273;12
273;25
273;50
273;151
273;252
274;8
274;12
274;25
274;50
274;151
274;366
275;7
275;12
275;31
275;45
275;87
275;188
276;8
276;16
276;32
276;48
276;83
276;273
277;7
277;12
277;33
277;50
277;99
277;213
278;7
278;12
278;34
278;52
278;104
278;218
279;9
279;14
279;37
279;56
279;93
279;224
280;9
280;10
280;37
280;56
280;93
280;185
281;7
281;16
281;37
281;56
281;93
281;204
282;4
282;19
282;38
282;56
282;94
282;210
283;5
283;10
283;25
283;56
283;93
283;224
284;5
284;15
284;22
284;56
284;99
284;203
285;9
285;16
285;24
285;50
285;100
285;176
286;5
286;16
286;25
286;50
286;151
286;176
287;7
287;16
287;26
287;50
287;157
287;163
288;5
288;10
288;31
288;50
288;149
288;190
289;4
289;17
289;22
289;75
289;127
289;169
290;5
290;15
290;21
290;50
290;100
290;190
291;5
291;10
291;21
291;42
291;127
291;190
292;5
292;16
292;25
292;50
292;100
292;176
293;8
293;16
293;21
293;50
293;151
293;175
294;5
294;15
294;24
294;50
294;99
294;199
295;4
295;10
295;25
295;50
295;151
295;190
296;5
296;16
296;25
296;50
296;151
296;226
297;5
297;16
297;25
297;50
297;151
297;176
298;5
298;16
298;26
298;50
298;151
298;201
299;5
299;10
299;21
299;42
299;151
299;163
300;6
300;16
300;25
300;77
300;145
300;199
301;4
301;10
301;21
301;61
301;91
301;161
302;5
302;14
302;21
302;63
302;100
302;192
303;5
303;16
303;21
303;42
303;100
303;199
304;5
304;11
304;25
304;42
304;149
304;168
305;5
305;10
305;25
305;50
305;123
305;296
306;6
306;16
306;39
306;40
306;128
306;223
307;8
307;18
307;36
307;45
307;106
307;171
308;8
308;18
308;37
308;55
308;92
308;166
309;8
309;19
309;37
309;56
309;151
309;225
310;8
310;19
310;38
310;75
310;150
310;189
311;8
311;16
311;38
311;76
311;151
311;176
312;6
312;19
312;38
312;56
312;150
312;169
313;4
313;18
313;20
313;75
313;104
313;207
314;8
314;19
314;38
314;57
314;152
314;208
315;8
315;19
315;38
315;76
315;96
315;288
316;8
316;18
316;37
316;55
316;92
316;165
317;4
317;19
317;37
317;56
317;94
317;280
318;6
318;17
318;21
318;41
318;103
318;185
319;4
319;19
319;21
319;42
319;105
319;168
320;8
320;12
320;21
320;41
320;83
320;167
321;8
321;17
321;25
321;42
321;150
321;175
322;8
322;15
322;31
322;75
322;150
322;220
323;8
323;17
323;21
323;56
323;150
323;499
324;7
324;15
324;34
324;50
324;142
324;238
325;4
325;16
325;31
325;47
325;141
325;220
326;8
326;14
326;29
326;43
326;100
326;300
327;9
327;14
327;28
327;51
327;100
327;200
328;4
328;18
328;25
328;49
328;151
328;282
329;8
329;16
329;21
329;66
329;151
329;227
330;7
330;16
330;32
330;48
330;128
330;160
331;4
331;16
331;31
331;47
331;158
331;173
332;6
332;16
332;32
332;47
332;113
332;176
333;6
333;16
333;26
333;76
333;80
333;180
334;3
334;16
334;25
334;75
334;100
334;227
335;9
335;16
335;38
335;75
335;100
335;227
336;7
336;15
336;22
336;43
336;157
336;163
337;5
337;16
337;22
337;75
337;149
337;190
338;4
338;19
338;20
338;50
338;94
338;300
339;6
339;15
339;37
339;50
339;112
339;224
340;6
340;19
340;20
340;75
340;94
340;188
341;3
341;19
341;20
341;50
341;151
341;176
342;8
342;13
342;25
342;50
342;151
342;188
343;5
343;13
343;25
343;74
343;94
343;199
344;4
344;12
344;25
344;50
344;151
344;173
345;6
345;12
345;26
345;50
345;151
345;224
346;6
346;12
346;25
346;50
346;151
346;175
347;6
347;12
347;20
347;50
347;151
347;301
348;9
348;13
348;25
348;63
348;151
348;169
349;5
349;12
349;22
349;50
349;145
349;198
350;4
350;13
350;25
350;50
350;91
350;170
351;7
351;12
351;38
351;50
351;94
351;188
352;6
352;16
352;25
352;56
352;150
352;205
353;6
353;16
353;25
353;50
353;94
353;168
354;6
354;12
354;37
354;61
354;112
354;210
355;6
355;12
355;39
355;65
355;104
355;208
356;4
356;12
356;31
356;62
356;108
356;205
357;5
357;12
357;31
357;62
357;93
357;278
358;9
358;14
358;31
358;78
358;83
358;187
359;9
359;14
359;23
359;50
359;81
359;202
360;9
360;14
360;28
360;56
360;150
360;169
361;6
361;16
361;32
361;47
361;158
361;170
362;4
362;14
362;32
362;48
362;139
362;204
363;9
363;14
363;23
363;47
363;93
363;264
364;9
364;14
364;32
364;47
364;95
364;173
365;9
365;16
365;32
365;49
365;96
365;176
366;9
366;14
366;31
366;47
366;142
366;220
367;6
367;15
367;31
367;46
367;139
367;217
368;4
368;12
368;31
368;47
368;124
368;218
369;5
369;12
369;30
369;45
369;91
369;170
370;9
370;14
370;28
370;56
370;101
370;282
371;5
371;14
371;29
371;50
371;151
371;173
372;9
372;14
372;24
372;56
372;151
372;188
373;6
373;14
373;28
373;55
373;80
373;195
374;4
374;14
374;28
374;56
374;98
374;181
375;9
375;14
375;28
375;42
375;128
375;185
376;9
376;19
376;24
376;44
376;94
376;283
377;9
377;14
377;23
377;45
377;121
377;187
378;9
378;10
378;34
378;51
378;119
378;171
379;7
379;17
379;33
379;50
379;101
379;201
380;4
380;16
380;32
380;50
380;96
380;161
381;6
381;16
381;32
381;45
381;95
381;174
382;9
382;16
382;32
382;50
382;126
382;191
383;9
383;16
383;21
383;50
383;151
383;174
384;5
384;16
384;32
384;47
384;151
384;174
385;7
385;16
385;31
385;43
385;157
385;211
386;4
386;16
386;31
386;51
386;100
386;206
387;6
387;16
387;25
387;48
387;105
387;210
388;5
388;10
388;21
388;42
388;83
388;190
389;5
389;10
389;21
389;42
389;127
389;190
390;5
390;10
390;21
390;50
390;100
390;176
391;7
391;15
391;21
391;50
391;151
391;176
392;5
392;15
392;25
392;50
392;83
392;173
393;5
393;10
393;25
393;50
393;151
393;190
394;9
394;10
394;25
394;42
394;100
394;252
395;7
395;16
395;25
395;50
395;151
395;176
396;5
396;16
396;25
396;50
396;126
396;168
397;5
397;15
397;25
397;41
397;126
397;243
398;5
398;10
398;25
398;50
398;92
398;198
399;4
399;16
399;21
399;42
399;105
399;170
400;5
400;16
400;31
400;63
400;124
400;182
401;5
401;16
401;21
401;63
401;126
401;168
402;5
402;16
402;21
402;42
402;125
402;190
403;7
403;16
403;21
403;42
403;94
403;200
404;5
404;13
404;38
404;40
404;104
404;193
405;8
405;16
405;32
405;75
405;97
405;177
406;8
406;16
406;32
406;78
406;80
406;173
407;8
407;19
407;25
407;47
407;110
407;297
408;8
408;19
408;21
408;47
408;141
408;203
409;8
409;17
409;25
409;76
409;151
409;163
410;6
410;16
410;31
410;62
410;94
410;202
411;4
411;15
411;32
411;47
411;112
411;174
412;8
412;19
412;21
412;50
412;99
412;167
413;8
413;18
413;31
413;47
413;111
413;188
414;8
414;15
414;31
414;47
414;124
414;171
415;8
415;16
415;32
415;48
415;111
415;160
416;6
416;16
416;31
416;47
416;140
416;171
417;4
417;15
417;31
417;47
417;140
417;315
418;8
418;14
418;28
418;57
418;142
418;170
419;8
419;14
419;28
419;50
419;100
419;169
420;8
420;17
420;27
420;50
420;151
420;176
421;8
421;14
421;25
421;56
421;85
421;199
422;6
422;14
422;21
422;42
422;85
422;195
423;4
423;14
423;28
423;56
423;84
423;169
424;8
424;14
424;25
424;63
424;85
424;189
425;8
425;12
425;25
425;63
425;105
425;168
426;8
426;13
426;21
426;49
426;86
426;219
427;8
427;13
427;21
427;42
427;88
427;176
428;7
428;13
428;22
428;42
428;80
428;225
429;4
429;13
429;25
429;75
429;86
429;226
430;6
430;13
430;38
430;76
430;113
430;226
431;6
431;16
431;20
431;50
431;150
431;225
432;3
432;16
432;37
432;75
432;100
432;226
433;9
433;12
433;25
433;50
433;150
433;396
434;7
434;17
434;27
434;41
434;157
434;211
435;4
435;18
435;27
435;75
435;151
435;162
436;7
436;19
436;25
436;47
436;126
436;200
437;6
437;19
437;25
437;50
437;94
437;188
438;6
438;16
438;37
438;56
438;94
438;180
439;9
439;19
439;29
439;56
439;151
439;176
440;7
440;16
440;27
440;50
440;126
440;180
441;4
441;15
441;30
441;45
441;100
441;195
442;5
442;16
442;25
442;50
442;100
442;191
443;6
443;16
443;25
443;50
443;100
443;196
444;6
444;16
444;34
444;74
444;125
444;185
445;6
445;19
445;25
445;75
445;80
445;184
446;9
446;17
446;25
446;74
446;157
446;185
447;5
447;16
447;32
447;42
447;92
447;195
448;4
448;16
448;32
448;50
448;93
448;191
449;6
449;13
449;32
449;48
449;94
449;190
450;6
450;13
450;32
450;50
450;100
450;190
451;6
451;19
451;32
451;50
451;151
451;189
452;7
452;19
452;38
452;56
452;150
452;191
453;5
453;14
453;28
453;42
453;125
453;194
454;5
454;12
454;28
454;56
454;123
454;183
455;5
455;12
455;28
455;57
455;125
455;194
456;9
456;19
456;24
456;56
456;112
456;188
457;9
457;14
457;23
457;50
457;125
457;196
458;9
458;12
458;28
458;42
458;124
458;168
459;6
459;12
459;22
459;41
459;126
459;198
460;5
460;12
460;25
460;42
460;126
460;264
461;9
461;14
461;24
461;56
461;84
461;168
462;9
462;14
462;24
462;47
462;124
462;264
463;9
463;14
463;28
463;42
463;126
463;176
464;5
464;10
464;28
464;42
464;126
464;169
465;6
465;12
465;24
465;42
465;125
465;211
466;4
466;12
466;24
466;42
466;124
466;170
467;9
467;12
467;37
467;47
467;84
467;168
468;9
468;14
468;37
468;42
468;84
468;176
469;5
469;12
469;25
469;42
469;125
469;167
470;9
470;10
470;24
470;42
470;150
470;281
471;6
471;19
471;38
471;40
471;140
471;195
472;4
472;19
472;21
472;43
472;125
472;172
473;5
473;12
473;28
473;42
473;126
473;220
474;9
474;14
474;24
474;47
474;94
474;166
475;9
475;14
475;24
475;47
475;125
475;214
476;9
476;19
476;20
476;56
476;126
476;169
477;9
477;10
477;23
477;46
477;134
477;182
478;4
478;10
478;23
478;70
478;93
478;280
479;4
479;14
479;25
479;74
479;99
479;198
480;6
480;10
480;31
480;50
480;100
480;276
481;3
481;11
481;25
481;50
481;100
481;274
482;6
482;11
482;25
482;50
482;100
482;175
483;4
483;10
483;25
483;51
483;127
483;226
484;4
484;10
484;25
484;50
484;100
484;175
485;3
485;10
485;25
485;50
485;124
485;174
486;6
486;10
486;25
486;50
486;152
486;177
487;5
487;11
487;24
487;50
487;99
487;175
488;4
488;10
488;25
488;49
488;124
488;223
489;8
489;19
489;24
489;48
489;142
489;237
490;8
490;17
490;23
490;47
490;141
490;165
491;8
491;17
491;23
491;44
491;111
491;204
492;6
492;17
492;22
492;43
492;142
492;237
493;4
493;10
493;21
493;42
493;147
493;168
494;8
494;19
494;39
494;75
494;92
494;176
495;8
495;19
495;37
495;56
495;94
495;197
496;8
496;19
496;38
496;57
496;94
496;302
497;4
497;18
497;37
497;55
497;111
497;191
498;7
498;19
498;20
498;41
498;119
498;224
499;8
499;19
499;21
499;42
499;94
499;166
500;8
500;18
500;21
500;42
500;94
500;197
501;8
501;19
501;20
501;43
501;140
501;182
502;9
502;14
502;28
502;55
502;95
502;174
503;4
503;15
503;30
503;76
503;88
503;290
504;7
504;16
504;31
504;63
504;80
504;183
505;3
505;19
505;37
505;40
505;150
505;174
506;4
506;12
506;37
506;79
506;80
506;182
507;8
507;12
507;37
507;50
507;115
507;183
508;4
508;15
508;31
508;45
508;124
508;162
509;9
509;14
509;28
509;42
509;99
509;170
510;6
510;12
510;28
510;50
510;156
510;171
511;3
511;12
511;37
511;51
511;150
511;445
512;4
512;12
512;25
512;62
512;148
512;161
513;4
513;13
513;25
513;50
513;151
513;174
514;9
514;10
514;38
514;56
514;113
514;190
515;9
515;10
515;24
515;47
515;106
515;184
516;9
516;10
516;28
516;48
516;106
516;182
517;9
517;13
517;28
517;56
517;147
517;197
518;9
518;13
518;29
518;56
518;116
518;160
519;9
519;10
519;28
519;47
519;94
519;182
520;9
520;10
520;21
520;42
520;149
520;168
521;9
521;10
521;21
521;44
521;107
521;170
522;9
522;12
522;23
522;49
522;106
522;197
523;9
523;10
523;24
523;47
523;94
523;166
524;9
524;10
524;23
524;47
524;117
524;189
525;9
525;19
525;20
525;46
525;148
525;182
526;9
526;19
526;22
526;45
526;126
526;195
527;9
527;19
527;23
527;70
527;94
527;281
528;9
528;10
528;25
528;51
528;101
528;254
529;9
529;10
529;32
529;50
529;100
529;250
530;9
530;10
530;21
530;50
530;100
530;174
531;9
531;10
531;21
531;42
531;99
531;173
532;9
532;10
532;26
532;50
532;101
532;176
533;9
533;10
533;25
533;50
533;101
533;174
534;4
534;11
534;21
534;42
534;150
534;175
535;9
535;10
535;21
535;42
535;151
535;202
536;9
536;10
536;25
536;74
536;101
536;174
537;9
537;10
537;25
537;49
537;149
537;322
538;8
538;19
538;25
538;47
538;140
538;235
539;8
539;17
539;25
539;47
539;119
539;213
540;8
540;17
540;24
540;48
540;146
540;168
541;8
541;19
541;21
541;50
541;141
541;169
542;8
542;19
542;20
542;41
542;81
542;176
543;8
543;18
543;37
543;74
543;93
543;177
544;8
544;19
544;25
544;57
544;95
544;187
545;8
545;19
545;21
545;56
545;93
545;169
546;8
546;19
546;37
546;56
546;93
546;182
547;8
547;19
547;25
547;42
547;93
547;188
548;8
548;17
548;25
548;75
548;95
548;175
549;8
549;19
549;25
549;42
549;93
549;169
550;8
550;19
550;28
550;56
550;140
550;224
551;8
551;16
551;31
551;64
551;80
551;205
552;5
552;14
552;39
552;44
552;87
552;192
553;9
553;17
553;35
553;72
553;125
553;225
554;3
554;18
554;25
554;55
554;113
554;252
555;6
555;19
555;37
555;50
555;100
555;199
556;6
556;15
556;25
556;64
556;85
556;297
557;5
557;14
557;28
557;42
557;84
557;212
558;5
558;14
558;25
558;63
558;114
558;191
559;6
559;16
559;38
559;50
559;100
559;251
560;4
560;13
560;25
560;50
560;149
560;304
561;3
561;13
561;25
561;42
561;125
561;175
562;9
562;12
562;21
562;42
562;126
562;189
563;9
563;10
563;24
563;47
563;95
563;227
564;9
564;10
564;23
564;42
564;84
564;168
565;9
565;10
565;24
565;64
565;80
565;168
566;9
566;10
566;24
566;79
566;82
566;324
567;9
567;10
567;30
567;61
567;91
567;213
568;9
568;10
568;38
568;42
568;126
568;190
569;9
569;10
569;38
569;56
569;140
569;171
570;9
570;10
570;37
570;57
570;142
570;229
571;9
571;10
571;37
571;73
571;126
571;168
572;9
572;10
572;25
572;51
572;124
572;189
573;9
573;10
573;25
573;50
573;126
573;189
574;9
574;19
574;20
574;50
574;125
574;225
575;7
575;10
575;25
575;48
575;147
575;171
576;4
576;10
576;25
576;49
576;147
576;171
577;5
577;16
577;25
577;51
577;151
577;177
578;4
578;11
578;25
578;50
578;151
578;202
579;5
579;10
579;25
579;50
579;125
579;177
580;5
580;10
580;21
580;63
580;94
580;171
581;4
581;11
581;21
581;43
581;111
581;215
582;5
582;16
582;25
582;43
582;130
582;217
583;3
583;11
583;32
583;50
583;126
583;210
584;5
584;10
584;25
584;42
584;131
584;209
585;5
585;19
585;25
585;76
585;95
585;210
586;4
586;19
586;25
586;56
586;82
586;230
587;8
587;16
587;22
587;47
587;83
587;202
588;8
588;12
588;21
588;50
588;125
588;300
589;8
589;19
589;25
589;50
589;125
589;200
590;4
590;19
590;27
590;49
590;127
590;247
591;8
591;19
591;20
591;63
591;85
591;168
592;9
592;17
592;21
592;62
592;84
592;189
593;4
593;12
593;21
593;44
593;152
593;188
594;8
594;19
594;21
594;59
594;148
594;218
595;8
595;19
595;38
595;57
595;151
595;188
596;8
596;19
596;38
596;50
596;132
596;208
597;8
597;19
597;38
597;57
597;126
597;232
598;8
598;19
598;38
598;50
598;113
598;226
599;9
599;13
599;39
599;41
599;122
599;206
600;6
600;19
600;22
600;44
600;106
600;203
601;6
601;10
601;24
601;75
601;85
601;216
602;6
602;13
602;25
602;49
602;124
602;201
603;9
603;12
603;37
603;75
603;99
603;223
604;9
604;16
604;25
604;50
604;129
604;225
605;9
605;10
605;25
605;50
605;150
605;176
606;9
606;13
606;25
606;49
606;148
606;171
607;6
607;12
607;24
607;47
607;100
607;191
608;6
608;13
608;29
608;51
608;112
608;224
609;6
609;16
609;28
609;50
609;149
609;192
610;9
610;19
610;28
610;47
610;118
610;166
611;9
611;10
611;24
611;47
611;100
611;164
612;9
612;10
612;24
612;48
612;100
612;169
613;9
613;10
613;24
613;56
613;101
613;169
614;9
614;11
614;28
614;56
614;149
614;168
615;9
615;10
615;30
615;75
615;102
615;168
616;9
616;10
616;24
616;70
616;94
616;167
617;9
617;14
617;24
617;47
617;94
617;165
618;9
618;10
618;21
618;42
618;147
618;168
619;9
619;14
619;20
619;50
619;112
619;175
620;6
620;14
620;25
620;62
620;107
620;250
621;9
621;10
621;24
621;48
621;96
621;169
622;9
622;14
622;24
622;47
622;95
622;213
623;9
623;17
623;21
623;75
623;109
623;163
624;5
624;10
624;22
624;46
624;110
624;300
625;5
625;10
625;24
625;48
625;95
625;290
626;5
626;16
626;38
626;50
626;101
626;278
627;9
627;10
627;25
627;50
627;100
627;275
628;9
628;10
628;25
628;51
628;101
628;201
629;5
629;10
629;25
629;63
629;101
629;201
630;5
630;16
630;21
630;50
630;101
630;176
631;9
631;16
631;25
631;50
631;126
631;176
632;5
632;10
632;25
632;63
632;126
632;174
633;5
633;16
633;25
633;63
633;152
633;203
634;5
634;15
634;24
634;72
634;98
634;177
635;9
635;10
635;25
635;50
635;150
635;174
636;9
636;10
636;24
636;49
636;144
636;241
637;8
637;12
637;24
637;47
637;119
637;214
638;8
638;10
638;21
638;47
638;118
638;168
639;8
639;19
639;21
639;43
639;112
639;168
640;8
640;12
640;21
640;43
640;144
640;169
641;2
641;18
641;39
641;74
641;125
641;169
642;8
642;19
642;38
642;76
642;95
642;285
643;8
643;19
643;37
643;56
643;93
643;169
644;4
644;19
644;38
644;51
644;101
644;253
645;8
645;19
645;20
645;62
645;101
645;170
646;9
646;12
646;33
646;56
646;128
646;398
647;8
647;19
647;38
647;57
647;95
647;226
648;8
648;19
648;38
648;76
648;131
648;188
649;6
649;19
649;37
649;56
649;133
649;226
650;9
650;18
650;35
650;57
650;159
650;160
651;9
651;13
651;34
651;56
651;151
651;200
652;9
652;16
652;33
652;64
652;110
652;201
653;9
653;16
653;31
653;62
653;124
653;216
654;9
654;15
654;25
654;45
654;100
654;188
655;9
655;14
655;29
655;57
655;139
655;325
656;6
656;14
656;28
656;56
656;141
656;169
657;9
657;14
657;28
657;57
657;85
657;299
658;6
658;14
658;38
658;75
658;149
658;187
659;9
659;14
659;37
659;50
659;141
659;200
660;9
660;14
660;37
660;50
660;101
660;201
661;9
661;12
661;37
661;75
661;100
661;189
662;9
662;12
662;23
662;56
662;84
662;187
663;9
663;10
663;23
663;47
663;150
663;182
664;8
664;14
664;23
664;56
664;94
664;175
665;6
665;10
665;23
665;47
665;85
665;168
666;9
666;10
666;32
666;74
666;142
666;292
667;9
667;14
667;39
667;40
667;134
667;186
668;4
668;14
668;28
668;41
668;154
668;169
669;9
669;14
669;29
669;42
669;94
669;218
670;9
670;16
670;24
670;53
670;105
670;221
671;9
671;12
671;25
671;51
671;152
671;227
672;5
672;12
672;25
672;52
672;110
672;164
673;4
673;11
673;25
673;47
673;110
673;215
674;4
674;10
674;26
674;42
674;149
674;173
675;4
675;10
675;25
675;41
675;83
675;363
676;5
676;10
676;21
676;42
676;84
676;178
677;5
677;10
677;20
677;42
677;84
677;168
678;5
678;10
678;21
678;42
678;144
678;277
679;5
679;10
679;28
679;41
679;92
679;160
680;4
680;11
680;28
680;41
680;151
680;168
681;4
681;10
681;21
681;42
681;84
681;169
682;5
682;10
682;25
682;50
682;125
682;174
683;5
683;10
683;25
683;49
683;151
683;214
684;8
684;17
684;25
684;41
684;83
684;162
685;5
685;17
685;29
685;58
685;92
685;215
686;4
686;12
686;21
686;40
686;149
686;215
687;4
687;12
687;21
687;41
687;150
687;459
688;4
688;19
688;37
688;56
688;93
688;205
689;4
689;18
689;37
689;44
689;150
689;493
690;4
690;19
690;21
690;42
690;105
690;189
691;6
691;13
691;28
691;41
691;87
691;160
692;4
692;12
692;21
692;41
692;150
692;163
693;4
693;12
693;21
693;63
693;125
693;169
694;4
694;14
694;21
694;64
694;127
694;194
695;4
695;19
695;25
695;65
695;80
695;224
696;4
696;19
696;37
696;66
696;80
696;228
697;6
697;10
697;25
697;65
697;102
697;181
698;4
698;12
698;31
698;75
698;149
698;225
699;4
699;19
699;37
699;75
699;150
699;227
700;7
700;12
700;25
700;50
700;100
700;175
701;6
701;12
701;25
701;75
701;150
701;226
702;6
702;19
702;25
702;50
702;100
702;175
703;8
703;13
703;28
703;74
703;91
703;160
704;4
704;11
704;39
704;75
704;151
704;226
705;6
705;12
705;31
705;75
705;81
705;168
706;6
706;12
706;28
706;56
706;84
706;168
707;6
707;12
707;28
707;64
707;84
707;179
708;6
708;13
708;37
708;75
708;88
708;193
709;6
709;14
709;24
709;50
709;99
709;178
710;4
710;10
710;23
710;48
710;151
710;200
711;4
711;10
711;25
711;52
711;150
711;201
712;4
712;14
712;22
712;50
712;150
712;201
713;5
713;14
713;25
713;50
713;151
713;201
714;9
714;10
714;23
714;47
714;84
714;264
715;9
715;10
715;20
715;79
715;151
715;264
716;4
716;14
716;39
716;40
716;92
716;215
717;4
717;13
717;28
717;41
717;149
717;264
718;4
718;14
718;29
718;50
718;150
718;188
719;5
719;14
719;23
719;42
719;113
719;264
720;5
720;14
720;24
720;50
720;150
720;252
721;5
721;12
721;25
721;50
721;151
721;252
722;4
722;10
722;26
722;47
722;83
722;162
723;4
723;10
723;26
723;42
723;84
723;167
724;4
724;11
724;23
724;42
724;84
724;169
725;5
725;10
725;21
725;41
725;94
725;178
726;5
726;10
726;20
726;42
726;84
726;168
727;5
727;11
727;21
727;42
727;144
727;167
728;4
728;12
728;27
728;41
728;92
728;160
729;4
729;11
729;28
729;43
729;89
729;192
730;5
730;10
730;26
730;47
730;147
730;173
731;5
731;10
731;25
731;50
731;100
731;175
732;5
732;10
732;21
732;42
732;82
732;175
733;8
733;17
733;25
733;41
733;83
733;200
734;5
734;12
734;21
734;54
734;87
734;179
735;4
735;12
735;22
735;42
735;84
735;167
736;4
736;10
736;21
736;42
736;115
736;178
737;4
737;19
737;37
737;56
737;94
737;206
738;4
738;18
738;22
738;42
738;85
738;189
739;4
739;12
739;21
739;42
739;84
739;189
740;5
740;10
740;21
740;63
740;92
740;160
741;4
741;18
741;21
741;61
741;133
741;183
742;4
742;18
742;21
742;63
742;105
742;192
743;4
743;10
743;21
743;74
743;104
743;168
744;4
744;10
744;21
744;75
744;83
744;190
745;5
745;10
745;21
745;67
745;84
745;228
746;5
746;10
746;25
746;43
746;101
746;226
747;4
747;12
747;25
747;75
747;148
747;225
748;4
748;12
748;25
748;75
748;150
748;227
749;6
749;12
749;25
749;43
749;149
749;162
750;6
750;12
750;25
750;75
750;87
750;226
751;6
751;19
751;25
751;50
751;100
751;174
752;6
752;13
752;29
752;75
752;91
752;160
753;4
753;19
753;27
753;75
753;151
753;226
754;4
754;12
754;25
754;75
754;87
754;231
755;6
755;12
755;37
755;75
755;149
755;224
756;6
756;12
756;37
756;74
756;112
756;224
757;6
757;12
757;25
757;74
757;87
757;162
758;8
758;14
758;25
758;75
758;89
758;178
759;4
759;10
759;28
759;60
759;151
759;201
760;4
760;10
760;25
760;75
760;151
760;201
761;5
761;19
761;20
761;50
761;93
761;201
762;9
762;10
762;28
762;50
762;150
762;201
763;9
763;10
763;20
763;50
763;94
763;264
764;5
764;19
764;20
764;50
764;150
764;264
765;5
765;14
765;39
765;40
765;147
765;186
766;8
766;14
766;28
766;42
766;154
766;169
767;9
767;15
767;28
767;50
767;150
767;188
768;6
768;14
768;24
768;42
768;147
768;264
769;8
769;12
769;25
769;51
769;150
769;264
770;9
770;12
770;25
770;50
770;151
770;176
771;4
771;10
771;21
771;47
771;89
771;346
772;4
772;10
772;21
772;63
772;126
772;173
773;4
773;11
773;21
773;42
773;83
773;254
774;5
774;10
774;21
774;42
774;94
774;435
775;5
775;10
775;21
775;42
775;84
775;168
776;5
776;11
776;21
776;42
776;144
776;278
777;4
777;12
777;39
777;40
777;92
777;160
778;4
778;11
778;27
778;47
778;140
778;169
779;4
779;10
779;21
779;42
779;116
779;476
780;5
780;15
780;25
780;50
780;100
780;199
781;9
781;10
781;20
781;50
781;100
781;215
782;8
782;17
782;33
782;41
782;83
782;165
783;4
783;17
783;37
783;50
783;92
783;215
784;4
784;17
784;25
784;50
784;100
784;185
785;4
785;16
785;24
785;41
785;108
785;436
786;4
786;19
786;37
786;56
786;93
786;187
787;4
787;18
787;22
787;43
787;111
787;187
788;4
788;12
788;21
788;42
788;144
788;169
789;5
789;10
789;28
789;41
789;92
789;160
790;4
790;13
790;28
790;41
790;150
790;168
791;4
791;13
791;29
791;63
791;148
791;188
792;4
792;12
792;37
792;74
792;153
792;370
793;4
793;12
793;37
793;75
793;80
793;231
794;4
794;19
794;37
794;66
794;80
794;228
795;5
795;10
795;25
795;43
795;93
795;165
796;4
796;12
796;25
796;75
796;149
796;175
797;4
797;19
797;32
797;75
797;150
797;227
798;6
798;12
798;25
798;50
798;100
798;162
799;6
799;12
799;37
799;75
799;113
799;226
800;6
800;13
800;25
800;76
800;100
800;199
801;6
801;13
801;28
801;74
801;87
801;160
802;4
802;11
802;27
802;40
802;150
802;163
803;6
803;12
803;37
803;75
803;81
803;199
804;6
804;12
804;28
804;57
804;112
804;196
805;6
805;14
805;28
805;55
805;84
805;168
806;6
806;13
806;31
806;56
806;87
806;163
807;9
807;10
807;31
807;50
807;99
807;178
808;4
808;10
808;23
808;47
808;151
808;201
809;4
809;10
809;25
809;53
809;151
809;201
810;5
810;19
810;20
810;51
810;94
810;201
811;9
811;10
811;28
811;50
811;151
811;201
812;9
812;10
812;37
812;50
812;113
812;264
813;7
813;14
813;33
813;74
813;91
813;163
814;4
814;14
814;39
814;40
814;93
814;162
815;4
815;14
815;28
815;62
815;94
815;188
816;4
816;14
816;23
816;62
816;113
816;182
817;5
817;14
817;23
817;62
817;151
817;264
818;5
818;14
818;25
818;50
818;150
818;252
819;5
819;12
819;27
819;75
819;151
819;190
820;4
820;11
820;21
820;75
820;111
820;226
821;4
821;10
821;37
821;76
821;110
821;227
822;4
822;11
822;21
822;75
822;84
822;226
823;5
823;10
823;21
823;52
823;83
823;225
824;5
824;10
824;21
824;44
824;84
824;211
825;5
825;14
825;21
825;42
825;91
825;163
826;4
826;15
826;39
826;40
826;92
826;199
827;4
827;11
827;21
827;41
827;83
827;226
828;4
828;10
828;21
828;52
828;110
828;224
829;5
829;10
829;25
829;50
829;100
829;199
830;5
830;18
830;21
830;75
830;91
830;208
831;8
831;17
831;24
831;74
831;91
831;168
832;4
832;16
832;20
832;75
832;111
832;218
833;4
833;12
833;21
833;73
833;84
833;220
834;4
834;10
834;21
834;41
834;84
834;188
835;4
835;19
835;37
835;56
835;112
835;168
836;9
836;17
836;21
836;43
836;92
836;209
837;4
837;17
837;21
837;42
837;158
837;163
838;5
838;10
838;27
838;41
838;92
838;160
839;4
839;17
839;28
839;41
839;112
839;201
840;4
840;16
840;29
840;58
840;112
840;188
841;4
841;16
841;21
841;63
841;112
841;168
842;9
842;17
842;25
842;55
842;110
842;168
843;8
843;10
843;37
843;56
843;116
843;191
844;5
844;12
844;25
844;43
844;81
844;168
845;4
845;12
845;20
845;56
845;113
845;188
846;4
846;12
846;37
846;56
846;111
846;169
847;6
847;12
847;25
847;50
847;112
847;199
848;6
848;12
848;24
848;57
848;111
848;200
849;6
849;13
849;25
849;50
849;100
849;174
850;5
850;13
850;30
850;74
850;159
850;160
851;4
851;14
851;38
851;40
851;111
851;210
852;6
852;12
852;31
852;56
852;106
852;193
853;6
853;18
853;37
853;75
853;112
853;224
854;6
854;16
854;37
854;74
854;112
854;224
855;6
855;12
855;37
855;62
855;125
855;174
856;6
856;14
856;23
856;76
856;112
856;191
857;4
857;10
857;37
857;47
857;112
857;251
858;4
858;10
858;37
858;72
858;111
858;186
859;9
859;10
859;20
859;57
859;112
859;167
860;5
860;10
860;37
860;56
860;111
860;231
861;5
861;19
861;38
861;74
861;110
861;235
862;5
862;12
862;37
862;44
862;85
862;163
863;5
863;14
863;28
863;42
863;85
863;268
864;5
864;16
864;31
864;47
864;109
864;311
865;9
865;16
865;33
865;50
865;96
865;229
866;9
866;19
866;37
866;55
866;92
866;238
867;9
867;19
867;37
867;55
867;92
867;221
868;7
868;19
868;38
868;58
868;96
868;308
869;4
869;19
869;20
869;55
869;93
869;184
870;4
870;11
870;20
870;56
870;121
870;207
871;9
871;10
871;20
871;50
871;150
871;191
872;9
872;16
872;32
872;50
872;151
872;168
873;9
873;16
873;21
873;50
873;150
873;181
874;8
874;11
874;22
874;50
874;150
874;203
875;5
875;10
875;22
875;50
875;150
875;164
876;4
876;10
876;21
876;50
876;148
876;186
877;8
877;10
877;21
877;50
877;148
877;190
878;9
878;16
878;21
878;42
878;148
878;191
879;8
879;10
879;21
879;51
879;149
879;175
880;8
880;15
880;21
880;43
880;150
880;201
881;5
881;10
881;21
881;42
881;150
881;176
882;4
882;11
882;25
882;42
882;151
882;170
883;9
883;10
883;26
883;42
883;100
883;174
884;7
884;16
884;25
884;50
884;151
884;277
885;9
885;16
885;25
885;50
885;150
885;303
886;9
886;16
886;26
886;50
886;150
886;176
887;6
887;16
887;26
887;50
887;151
887;169
888;4
888;16
888;21
888;50
888;148
888;190
889;8
889;15
889;31
889;50
889;148
889;191
890;9
890;16
890;37
890;50
890;148
890;189
891;9
891;10
891;38
891;49
891;148
891;170
892;7
892;10
892;21
892;40
892;114
892;215
893;6
893;18
893;31
893;45
893;147
893;161
894;4
894;14
894;37
894;75
894;159
894;343
895;8
895;18
895;37
895;55
895;136
895;229
896;8
896;14
896;25
896;50
896;151
896;441
897;8
897;17
897;37
897;50
897;151
897;358
898;8
898;19
898;37
898;56
898;94
898;301
899;6
899;19
899;37
899;56
899;93
899;321
900;4
900;19
900;20
900;56
900;93
900;317
901;8
901;19
901;38
901;57
901;114
901;320
902;8
902;14
902;21
902;50
902;94
902;354
903;8
903;17
903;21
903;74
903;104
903;304
904;8
904;19
904;38
904;57
904;97
904;308
905;6
905;17
905;20
905;61
905;100
905;185
906;4
906;17
906;21
906;43
906;107
906;192
907;8
907;17
907;39
907;42
907;126
907;190
908;8
908;16
908;32
908;51
908;97
908;225
909;8
909;16
909;32
909;48
909;145
909;161
910;8
910;15
910;31
910;50
910;143
910;233
911;6
911;16
911;32
911;47
911;140
911;219
912;4
912;16
912;32
912;47
912;142
912;222
913;8
913;14
913;32
913;56
913;84
913;167
914;8
914;14
914;21
914;56
914;111
914;167
915;7
915;14
915;38
915;56
915;84
915;400
916;8
916;17
916;21
916;42
916;147
916;189
917;7
917;13
917;31
917;58
917;114
917;162
918;4
918;13
918;30
918;60
918;104
918;199
919;4
919;12
919;32
919;64
919;111
919;207
920;8
920;12
920;32
920;48
920;129
920;323
921;8
921;12
921;25
921;50
921;150
921;190
922;8
922;12
922;38
922;50
922;100
922;201
923;7
923;17
923;22
923;42
923;111
923;207
924;4
924;13
924;25
924;64
924;94
924;207
925;4
925;19
925;25
925;50
925;113
925;188
926;8
926;19
926;37
926;50
926;150
926;188
927;8
927;19
927;20
927;63
927;150
927;188
928;8
928;16
928;25
928;50
928;100
928;251
929;9
929;13
929;37
929;50
929;151
929;188
930;5
930;13
930;20
930;50
930;150
930;188
931;4
931;12
931;20
931;50
931;100
931;188
932;8
932;13
932;25
932;50
932;100
932;251
933;8
933;12
933;25
933;50
933;150
933;226
934;8
934;13
934;25
934;50
934;150
934;201
935;9
935;16
935;25
935;50
935;100
935;188
936;5
936;13
936;25
936;50
936;100
936;172
937;4
937;16
937;37
937;50
937;94
937;188
938;8
938;13
938;38
938;50
938;94
938;188
939;8
939;16
939;37
939;56
939;84
939;188
940;8
940;10
940;30
940;41
940;150
940;204
941;7
941;19
941;36
941;48
941;136
941;215
942;6
942;12
942;36
942;70
942;112
942;207
943;4
943;12
943;28
943;71
943;113
943;210
944;8
944;15
944;31
944;46
944;92
944;293
945;7
945;14
945;32
945;64
945;80
945;201
946;7
946;16
946;31
946;63
946;151
946;282
947;7
947;12
947;31
947;50
947;151
947;192
948;6
948;16
948;32
948;47
948;158
948;174
949;4
949;14
949;32
949;47
949;122
949;302
950;7
950;16
950;32
950;48
950;112
950;308
951;8
951;14
951;32
951;50
951;96
951;175
952;8
952;15
952;32
952;46
952;94
952;172
953;8
953;14
953;25
953;47
953;142
953;222
954;6
954;15
954;31
954;47
954;141
954;219
955;4
955;16
955;31
955;47
955;140
955;218
956;7
956;12
956;30
956;47
956;110
956;190
957;8
957;14
957;28
957;50
957;157
957;184
958;8
958;14
958;25
958;50
958;100
958;172
959;0
959;14
959;28
959;42
959;153
959;167
960;6
960;14
960;28
960;42
960;85
960;184
961;4
961;14
961;28
961;42
961;84
961;221
962;4
962;15
962;29
962;59
962;117
962;162
963;7
963;14
963;33
963;66
963;116
963;168
964;7
964;14
964;33
964;66
964;99
964;166
965;8
965;14
965;25
965;50
965;150
965;170
966;6
966;17
966;22
966;47
966;156
966;191
967;4
967;16
967;31
967;63
967;125
967;203
968;4
968;16
968;31
968;62
968;124
968;201
969;8
969;16
969;32
969;64
969;128
969;208
970;9
970;16
970;25
970;50
970;100
970;252
971;9
971;16
971;25
971;50
971;151
971;190
972;7
972;16
972;27
972;50
972;124
972;202
973;4
973;16
973;25
973;63
973;109
973;175
974;4
974;16
974;21
974;50
974;106
974;211
975;8
975;15
975;21
975;50
975;105
975;211
976;8
976;16
976;21
976;42
976;106
976;190
977;8
977;16
977;21
977;50
977;151
977;252
978;7
978;15
978;22
978;50
978;151
978;252
979;5
979;11
979;21
979;50
979;151
979;252
980;4
980;10
980;21
980;50
980;151
980;251
981;9
981;10
981;26
981;50
981;150
981;176
982;9
982;16
982;25
982;50
982;151
982;176
983;9
983;16
983;25
983;50
983;100
983;252
984;9
984;15
984;22
984;50
984;151
984;176
985;5
985;16
985;25
985;50
985;125
985;252
986;4
986;16
986;21
986;50
986;105
986;190
987;9
987;14
987;21
987;50
987;148
987;190
988;8
988;15
988;21
988;40
988;154
988;170
989;8
989;19
989;38
989;48
989;148
989;171
990;9
990;15
990;32
990;42
990;80
990;258
991;5
991;14
991;39
991;41
991;98
991;284
992;8
992;16
992;32
992;48
992;80
992;223
993;8
993;15
993;33
993;79
993;142
993;220
994;8
994;17
994;32
994;48
994;159
994;160
995;8
995;16
995;32
995;48
995;158
995;174
996;8
996;16
996;32
996;47
996;157
996;173
997;6
997;16
997;31
997;63
997;126
997;330
998;4
998;16
998;32
998;47
998;143
998;174
999;8
999;15
999;31
999;47
999;140
999;172
1000;8
1000;16
1000;32
1000;63
1000;80
1000;206
1001;8
1001;17
1001;30
1001;44
1001;118
1001;307
1002;8
1002;17
1002;25
1002;59
1002;89
1002;293
1003;6
1003;16
1003;31
1003;47
1003;94
1003;298
1004;4
1004;16
1004;32
1004;48
1004;80
1004;175
1005;8
1005;16
1005;32
1005;48
1005;96
1005;173
1006;8
1006;14
1006;25
1006;51
1006;151
1006;252
1007;8
1007;17
1007;37
1007;50
1007;111
1007;163
1008;8
1008;14
1008;29
1008;43
1008;86
1008;187
1009;6
1009;14
1009;28
1009;56
1009;84
1009;197
1010;4
1010;14
1010;28
1010;55
1010;84
1010;209
1011;8
1011;13
1011;21
1011;50
1011;84
1011;190
1012;8
1012;13
1012;38
1012;50
1012;125
1012;226
1013;9
1013;13
1013;38
1013;51
1013;101
1013;165
1014;7
1014;13
1014;25
1014;76
1014;89
1014;178
1015;6
1015;13
1015;25
1015;41
1015;84
1015;227
1016;4
1016;13
1016;25
1016;75
1016;88
1016;174
1017;4
1017;12
1017;38
1017;50
1017;113
1017;190
1018;7
1018;13
1018;25
1018;75
1018;100
1018;251
1019;9
1019;13
1019;25
1019;50
1019;113
1019;251
1020;9
1020;13
1020;23
1020;50
1020;114
1020;189
1021;7
1021;13
1021;22
1021;44
1021;92
1021;163
1022;4
1022;18
1022;37
1022;46
1022;84
1022;253
1023;9
1023;19
1023;38
1023;48
1023;86
1023;266
1024;9
1024;19
1024;38
1024;76
1024;86
1024;188
1025;9
1025;16
1025;38
1025;76
1025;93
1025;188
1026;9
1026;16
1026;25
1026;75
1026;94
1026;282
1027;7
1027;14
1027;22
1027;78
1027;80
1027;285
1028;4
1028;15
1028;22
1028;44
1028;80
1028;291
1029;4
1029;12
1029;39
1029;77
1029;85
1029;223
1030;7
1030;12
1030;33
1030;64
1030;83
1030;281
1031;8
1031;13
1031;33
1031;50
1031;82
1031;280
1032;7
1032;16
1032;34
1032;51
1032;85
1032;288
1033;7
1033;17
1033;32
1033;49
1033;82
1033;293
1034;5
1034;16
1034;31
1034;47
1034;95
1034;283
1035;4
1035;16
1035;32
1035;79
1035;80
1035;285
1036;7
1036;16
1036;32
1036;79
1036;80
1036;286
1037;9
1037;16
1037;38
1037;79
1037;80
1037;286
1038;7
1038;16
1038;25
1038;79
1038;80
1038;302
1039;9
1039;12
1039;25
1039;63
1039;80
1039;283
1040;5
1040;14
1040;28
1040;43
1040;85
1040;299
1041;4
1041;12
1041;24
1041;56
1041;84
1041;295
1042;9
1042;12
1042;28
1042;57
1042;85
1042;227
1043;5
1043;14
1043;25
1043;42
1043;151
1043;222
1044;7
1044;12
1044;28
1044;56
1044;113
1044;226
1045;7
1045;12
1045;28
1045;56
1045;112
1045;226
1046;5
1046;12
1046;22
1046;57
1046;94
1046;226
1047;4
1047;12
1047;37
1047;56
1047;113
1047;207
1048;9
1048;12
1048;38
1048;50
1048;113
1048;207
1049;8
1049;14
1049;38
1049;63
1049;94
1049;207
1050;8
1050;12
1050;25
1050;50
1050;151
1050;176
1051;7
1051;19
1051;25
1051;50
1051;151
1051;176
1052;6
1052;12
1052;25
1052;50
1052;151
1052;366
1053;4
1053;12
1053;25
1053;57
1053;95
1053;366
1054;8
1054;12
1054;38
1054;57
1054;151
1054;410
1055;8
1055;12
1055;25
1055;50
1055;100
1055;406
1056;7
1056;12
1056;25
1056;50
1056;151
1056;455
1057;7
1057;12
1057;25
1057;50
1057;151
1057;367
1058;1
1058;12
1058;37
1058;74
1058;158
1058;276
1059;9
1059;12
1059;20
1059;41
1059;84
1059;264
1060;0
1060;12
1060;22
1060;43
1060;108
1060;217
1061;8
1061;14
1061;24
1061;48
1061;96
1061;237
1062;9
1062;14
1062;25
1062;49
1062;98
1062;221
1063;7
1063;14
1063;25
1063;76
1063;101
1063;224
1064;6
1064;17
1064;25
1064;49
1064;99
1064;323
1065;4
1065;10
1065;25
1065;50
1065;101
1065;201
1066;5
1066;10
1066;21
1066;48
1066;98
1066;190
1067;7
1067;16
1067;25
1067;51
1067;99
1067;176
1068;5
1068;16
1068;25
1068;50
1068;98
1068;176
1069;5
1069;16
1069;25
1069;50
1069;99
1069;176
1070;6
1070;17
1070;22
1070;50
1070;83
1070;195
1071;4
1071;16
1071;21
1071;49
1071;100
1071;195
1072;4
1072;16
1072;25
1072;42
1072;98
1072;168
1073;5
1073;10
1073;21
1073;50
1073;101
1073;190
1074;5
1074;10
1074;21
1074;50
1074;99
1074;252
1075;5
1075;16
1075;25
1075;50
1075;151
1075;176
1076;7
1076;17
1076;22
1076;41
1076;151
1076;200
1077;4
1077;10
1077;24
1077;50
1077;150
1077;190
1078;5
1078;10
1078;21
1078;42
1078;80
1078;190
1079;6
1079;16
1079;25
1079;50
1079;100
1079;176
1080;5
1080;16
1080;25
1080;50
1080;151
1080;176
1081;5
1081;11
1081;21
1081;75
1081;84
1081;167
1082;7
1082;14
1082;21
1082;50
1082;157
1082;211
1083;4
1083;16
1083;25
1083;62
1083;92
1083;163
1084;5
1084;10
1084;21
1084;50
1084;107
1084;181
1085;5
1085;11
1085;21
1085;64
1085;127
1085;182
1086;5
1086;16
1086;21
1086;50
1086;84
1086;199
1087;5
1087;11
1087;21
1087;40
1087;147
1087;169
1088;7
1088;17
1088;21
1088;43
1088;125
1088;334
1089;5
1089;17
1089;21
1089;42
1089;126
1089;226
1090;8
1090;12
1090;25
1090;75
1090;124
1090;201
1091;8
1091;12
1091;25
1091;51
1091;150
1091;174
1092;8
1092;17
1092;25
1092;75
1092;150
1092;177
1093;8
1093;17
1093;38
1093;75
1093;125
1093;177
1094;8
1094;17
1094;23
1094;43
1094;145
1094;173
1095;5
1095;17
1095;21
1095;43
1095;85
1095;171
1096;4
1096;19
1096;37
1096;40
1096;133
1096;178
1097;8
1097;19
1097;37
1097;50
1097;111
1097;297
1098;8
1098;19
1098;20
1098;57
1098;148
1098;186
1099;8
1099;19
1099;39
1099;40
1099;80
1099;171
1100;8
1100;13
1100;22
1100;46
1100;92
1100;277
1101;6
1101;18
1101;25
1101;49
1101;124
1101;298
1102;8
1102;12
1102;25
1102;76
1102;126
1102;228
1103;8
1103;12
1103;20
1103;49
1103;124
1103;172
1104;8
1104;17
1104;25
1104;51
1104;152
1104;228
1105;8
1105;17
1105;20
1105;50
1105;151
1105;497
1106;8
1106;17
1106;20
1106;50
1106;150
1106;408
1107;6
1107;17
1107;21
1107;42
1107;145
1107;166
1108;4
1108;17
1108;39
1108;42
1108;125
1108;229
1109;8
1109;17
1109;21
1109;63
1109;151
1109;211
1110;8
1110;19
1110;25
1110;56
1110;130
1110;205
1111;8
1111;19
1111;38
1111;58
1111;96
1111;173
1112;8
1112;19
1112;37
1112;75
1112;93
1112;205
1113;6
1113;19
1113;37
1113;56
1113;94
1113;205
1114;4
1114;12
1114;20
1114;63
1114;113
1114;189
1115;6
1115;12
1115;25
1115;76
1115;113
1115;226
1116;6
1116;13
1116;25
1116;67
1116;127
1116;164
1117;9
1117;16
1117;25
1117;50
1117;151
1117;176
1118;6
1118;16
1118;25
1118;50
1118;150
1118;176
1119;6
1119;16
1119;23
1119;46
1119;151
1119;188
1120;4
1120;16
1120;32
1120;75
1120;152
1120;175
1121;6
1121;19
1121;25
1121;74
1121;151
1121;176
1122;6
1122;16
1122;37
1122;74
1122;94
1122;175
1123;6
1123;19
1123;20
1123;76
1123;150
1123;175
1124;9
1124;19
1124;38
1124;50
1124;150
1124;201
1125;7
1125;13
1125;22
1125;41
1125;151
1125;176
1126;4
1126;12
1126;25
1126;50
1126;151
1126;175
1127;6
1127;13
1127;25
1127;56
1127;94
1127;172
1128;6
1128;12
1128;25
1128;50
1128;100
1128;226
1129;6
1129;12
1129;25
1129;50
1129;151
1129;176
1130;3
1130;16
1130;25
1130;50
1130;150
1130;200
1131;7
1131;16
1131;25
1131;43
1131;157
1131;195
1132;4
1132;16
1132;25
1132;64
1132;156
1132;170
1133;9
1133;15
1133;38
1133;60
1133;103
1133;188
1134;8
1134;12
1134;25
1134;62
1134;126
1134;175
1135;6
1135;12
1135;25
1135;50
1135;94
1135;200
1136;6
1136;19
1136;25
1136;50
1136;150
1136;225
1137;7
1137;16
1137;25
1137;72
1137;116
1137;212
1138;4
1138;12
1138;25
1138;70
1138;115
1138;212
1139;9
1139;12
1139;26
1139;52
1139;104
1139;238
1140;5
1140;14
1140;28
1140;56
1140;87
1140;228
1141;9
1141;14
1141;28
1141;56
1141;84
1141;226
1142;9
1142;14
1142;24
1142;50
1142;84
1142;223
1143;8
1143;13
1143;28
1143;57
1143;157
1143;189
1144;5
1144;12
1144;28
1144;56
1144;141
1144;169
1145;5
1145;14
1145;29
1145;56
1145;142
1145;228
1146;9
1146;13
1146;23
1146;57
1146;115
1146;230
1147;9
1147;14
1147;28
1147;57
1147;113
1147;170
1148;9
1148;14
1148;25
1148;56
1148;141
1148;225
1149;5
1149;13
1149;30
1149;60
1149;148
1149;182
1150;5
1150;12
1150;23
1150;64
1150;128
1150;224
1151;4
1151;12
1151;31
1151;62
1151;125
1151;218
1152;9
1152;12
1152;28
1152;61
1152;112
1152;169
1153;9
1153;14
1153;28
1153;57
1153;144
1153;171
1154;5
1154;12
1154;28
1154;50
1154;151
1154;170
1155;9
1155;12
1155;23
1155;65
1155;151
1155;170
1156;6
1156;12
1156;24
1156;73
1156;97
1156;214
1157;4
1157;12
1157;25
1157;75
1157;125
1157;225
1158;5
1158;19
1158;38
1158;50
1158;126
1158;227
1159;9
1159;14
1159;23
1159;48
1159;122
1159;220
1160;9
1160;14
1160;23
1160;47
1160;117
1160;211
1161;5
1161;14
1161;23
1161;46
1161;117
1161;208
1162;6
1162;16
1162;22
1162;47
1162;117
1162;171
1163;4
1163;11
1163;21
1163;42
1163;85
1163;170
1164;5
1164;10
1164;21
1164;42
1164;104
1164;167
1165;5
1165;11
1165;21
1165;43
1165;151
1165;171
1166;5
1166;10
1166;21
1166;42
1166;151
1166;190
1167;5
1167;16
1167;21
1167;41
1167;117
1167;185
1168;6
1168;17
1168;21
1168;43
1168;126
1168;192
1169;4
1169;11
1169;20
1169;47
1169;100
1169;193
1170;5
1170;16
1170;25
1170;63
1170;83
1170;199
1171;5
1171;10
1171;25
1171;42
1171;105
1171;190
1172;5
1172;10
1172;21
1172;42
1172;101
1172;190
1173;9
1173;11
1173;21
1173;50
1173;100
1173;176
1174;6
1174;16
1174;22
1174;43
1174;84
1174;252
1175;4
1175;10
1175;21
1175;50
1175;100
1175;190
1176;5
1176;16
1176;25
1176;42
1176;105
1176;205
1177;8
1177;16
1177;21
1177;50
1177;151
1177;176
1178;5
1178;16
1178;21
1178;50
1178;151
1178;176
1179;5
1179;10
1179;21
1179;42
1179;84
1179;168
1180;6
1180;10
1180;25
1180;50
1180;156
1180;195
1181;4
1181;10
1181;25
1181;50
1181;156
1181;170
1182;5
1182;16
1182;21
1182;42
1182;105
1182;164
1183;5
1183;15
1183;21
1183;64
1183;80
1183;200
1184;5
1184;16
1184;21
1184;42
1184;100
1184;338
1185;5
1185;16
1185;21
1185;50
1185;126
1185;201
1186;7
1186;17
1186;36
1186;55
1186;111
1186;203
1187;4
1187;19
1187;39
1187;40
1187;136
1187;210
1188;8
1188;12
1188;21
1188;41
1188;83
1188;166
1189;8
1189;19
1189;20
1189;59
1189;105
1189;207
1190;8
1190;19
1190;21
1190;56
1190;112
1190;205
1191;8
1191;16
1191;21
1191;75
1191;106
1191;200
1192;7
1192;13
1192;28
1192;68
1192;101
1192;243
1193;5
1193;17
1193;33
1193;66
1193;116
1193;198
1194;8
1194;19
1194;21
1194;50
1194;117
1194;176
1195;8
1195;19
1195;25
1195;50
1195;81
1195;205
1196;8
1196;16
1196;32
1196;48
1196;130
1196;177
1197;8
1197;14
1197;21
1197;47
1197;139
1197;188
1198;8
1198;13
1198;20
1198;55
1198;150
1198;175
1199;5
1199;17
1199;33
1199;50
1199;134
1199;218
1200;8
1200;15
1200;21
1200;48
1200;117
1200;168
1201;8
1201;16
1201;32
1201;48
1201;144
1201;177
1202;8
1202;17
1202;32
1202;50
1202;151
1202;176
1203;8
1203;17
1203;25
1203;44
1203;84
1203;176
1204;9
1204;17
1204;25
1204;56
1204;98
1204;166
1205;5
1205;14
1205;27
1205;43
1205;99
1205;181
1206;4
1206;14
1206;21
1206;50
1206;84
1206;197
1207;8
1207;17
1207;21
1207;50
1207;98
1207;232
1208;9
1208;13
1208;25
1208;63
1208;149
1208;165
1209;8
1209;19
1209;25
1209;50
1209;87
1209;162
1210;8
1210;12
1210;25
1210;50
1210;88
1210;226
1211;6
1211;13
1211;25
1211;50
1211;88
1211;227
1212;4
1212;12
1212;25
1212;62
1212;87
1212;174
1213;6
1213;12
1213;24
1213;75
1213;150
1213;226
1214;3
1214;16
1214;25
1214;75
1214;150
1214;249
1215;9
1215;16
1215;25
1215;50
1215;151
1215;486
1216;9
1216;16
1216;25
1216;50
1216;150
1216;511
1217;6
1217;17
1217;34
1217;41
1217;155
1217;195
1218;4
1218;19
1218;28
1218;47
1218;158
1218;167
1219;6
1219;16
1219;25
1219;47
1219;94
1219;167
1220;6
1220;16
1220;28
1220;74
1220;93
1220;176
1221;3
1221;19
1221;37
1221;75
1221;150
1221;178
1222;9
1222;19
1222;25
1222;74
1222;150
1222;175
1223;6
1223;19
1223;26
1223;43
1223;150
1223;184
1224;4
1224;16
1224;31
1224;50
1224;100
1224;186
1225;6
1225;19
1225;25
1225;50
1225;94
1225;190
1226;6
1226;16
1226;34
1226;50
1226;151
1226;188
1227;6
1227;16
1227;34
1227;51
1227;84
1227;185
1228;3
1228;16
1228;34
1228;75
1228;125
1228;186
1229;6
1229;17
1229;34
1229;49
1229;100
1229;195
1230;4
1230;16
1230;32
1230;50
1230;123
1230;190
1231;9
1231;16
1231;34
1231;50
1231;124
1231;189
1232;7
1232;19
1232;34
1232;47
1232;125
1232;190
1233;6
1233;19
1233;25
1233;63
1233;111
1233;191
1234;6
1234;16
1234;32
1234;75
1234;94
1234;192
1235;7
1235;16
1235;32
1235;47
1235;125
1235;189
1236;4
1236;12
1236;33
1236;50
1236;126
1236;233
1237;9
1237;12
1237;34
1237;56
1237;85
1237;196
1238;9
1238;14
1238;37
1238;43
1238;100
1238;235
1239;9
1239;14
1239;34
1239;50
1239;94
1239;242
1240;9
1240;10
1240;37
1240;47
1240;126
1240;187
1241;7
1241;18
1241;37
1241;43
1241;125
1241;187
1242;4
1242;19
1242;37
1242;42
1242;149
1242;189
1243;9
1243;19
1243;24
1243;42
1243;125
1243;187
1244;9
1244;14
1244;23
1244;47
1244;84
1244;188
1245;9
1245;10
1245;28
1245;42
1245;150
1245;187
1246;9
1246;10
1246;38
1246;42
1246;124
1246;188
1247;8
1247;19
1247;20
1247;42
1247;124
1247;194
1248;5
1248;19
1248;38
1248;42
1248;150
1248;190
1249;9
1249;12
1249;37
1249;42
1249;124
1249;187
1250;9
1250;14
1250;37
1250;47
1250;126
1250;210
1251;5
1251;14
1251;37
1251;41
1251;113
1251;187
1252;9
1252;10
1252;24
1252;43
1252;95
1252;168
1253;9
1253;14
1253;35
1253;40
1253;126
1253;228
1254;5
1254;14
1254;21
1254;43
1254;150
1254;172
1255;4
1255;14
1255;20
1255;42
1255;126
1255;196
1256;5
1256;13
1256;24
1256;56
1256;126
1256;171
1257;9
1257;14
1257;24
1257;47
1257;124
1257;166
1258;9
1258;14
1258;23
1258;46
1258;94
1258;206
1259;9
1259;10
1259;24
1259;47
1259;104
1259;173
1260;6
1260;14
1260;22
1260;67
1260;111
1260;296
1261;4
1261;11
1261;24
1261;71
1261;96
1261;287
1262;9
1262;10
1262;25
1262;50
1262;101
1262;252
1263;4
1263;10
1263;25
1263;50
1263;99
1263;273
1264;4
1264;10
1264;25
1264;50
1264;100
1264;505
1265;7
1265;11
1265;25
1265;49
1265;100
1265;174
1266;4
1266;11
1266;25
1266;51
1266;153
1266;177
1267;7
1267;10
1267;25
1267;50
1267;150
1267;174
1268;4
1268;10
1268;25
1268;50
1268;150
1268;175
1269;6
1269;10
1269;25
1269;51
1269;152
1269;177
1270;4
1270;10
1270;24
1270;72
1270;101
1270;204
1271;6
1271;12
1271;25
1271;50
1271;125
1271;175
1272;8
1272;19
1272;24
1272;48
1272;143
1272;238
1273;4
1273;17
1273;24
1273;47
1273;119
1273;214
1274;5
1274;17
1274;24
1274;47
1274;120
1274;166
1275;6
1275;11
1275;21
1275;42
1275;153
1275;169
1276;4
1276;19
1276;20
1276;48
1276;116
1276;171
1277;8
1277;19
1277;37
1277;76
1277;95
1277;168
1278;8
1278;19
1278;38
1278;57
1278;95
1278;265
1279;8
1279;18
1279;37
1279;55
1279;92
1279;274
1280;3
1280;19
1280;38
1280;57
1280;115
1280;295
1281;8
1281;19
1281;21
1281;50
1281;92
1281;200
1282;8
1282;18
1282;21
1282;76
1282;95
1282;160
1283;8
1283;17
1283;21
1283;42
1283;159
1283;167
1284;9
1284;14
1284;28
1284;55
1284;85
1284;286
1285;5
1285;15
1285;31
1285;77
1285;80
1285;284
1286;4
1286;16
1286;31
1286;63
1286;80
1286;285
1287;6
1287;18
1287;37
1287;40
1287;112
1287;170
1288;6
1288;19
1288;37
1288;50
1288;100
1288;185
1289;5
1289;12
1289;25
1289;51
1289;125
1289;182
1290;7
1290;14
1290;31
1290;43
1290;133
1290;196
1291;4
1291;14
1291;28
1291;42
1291;156
1291;182
1292;6
1292;13
1292;27
1292;50
1292;151
1292;165
1293;4
1293;12
1293;25
1293;44
1293;99
1293;511
1294;6
1294;12
1294;37
1294;51
1294;158
1294;164
1295;6
1295;13
1295;39
1295;51
1295;102
1295;166
1296;9
1296;13
1296;28
1296;48
1296;93
1296;165
1297;9
1297;10
1297;24
1297;47
1297;131
1297;182
1298;9
1298;10
1298;24
1298;47
1298;143
1298;234
1299;9
1299;10
1299;27
1299;42
1299;147
1299;183
1300;4
1300;12
1300;38
1300;47
1300;142
1300;182
1301;4
1301;19
1301;28
1301;47
1301;95
1301;182
1302;9
1302;19
1302;21
1302;47
1302;152
1302;271
1303;9
1303;10
1303;21
1303;43
1303;106
1303;171
1304;9
1304;19
1304;21
1304;69
1304;106
1304;197
1305;9
1305;18
1305;24
1305;48
1305;85
1305;257
1306;9
1306;10
1306;24
1306;48
1306;119
1306;215
1307;9
1307;10
1307;23
1307;46
1307;94
1307;210
1308;9
1308;19
1308;21
1308;43
1308;154
1308;193
1309;9
1309;14
1309;23
1309;69
1309;92
1309;299
1310;9
1310;17
1310;24
1310;75
1310;100
1310;274
1311;9
1311;19
1311;20
1311;50
1311;100
1311;277
1312;6
1312;11
1312;21
1312;50
1312;100
1312;174
1313;5
1313;10
1313;21
1313;75
1313;100
1313;199
1314;9
1314;10
1314;24
1314;51
1314;98
1314;174
1315;6
1315;10
1315;25
1315;50
1315;151
1315;174
1316;9
1316;11
1316;25
1316;49
1316;153
1316;178
1317;9
1317;11
1317;25
1317;50
1317;149
1317;174
1318;9
1318;11
1318;25
1318;50
1318;150
1318;201
1319;9
1319;10
1319;25
1319;75
1319;100
1319;175
1320;4
1320;18
1320;25
1320;50
1320;150
1320;226
1321;8
1321;19
1321;21
1321;47
1321;141
1321;235
1322;8
1322;17
1322;23
1322;47
1322;141
1322;211
1323;8
1323;17
1323;24
1323;47
1323;144
1323;167
1324;9
1324;19
1324;22
1324;42
1324;117
1324;167
1325;9
1325;19
1325;21
1325;48
1325;80
1325;189
1326;8
1326;19
1326;21
1326;76
1326;95
1326;189
1327;9
1327;19
1327;38
1327;56
1327;94
1327;283
1328;8
1328;19
1328;37
1328;56
1328;93
1328;167
1329;8
1329;18
1329;36
1329;54
1329;90
1329;180
1330;7
1330;18
1330;37
1330;50
1330;95
1330;199
1331;4
1331;18
1331;25
1331;42
1331;94
1331;174
1332;9
1332;13
1332;25
1332;42
1332;95
1332;186
1333;8
1333;14
1333;28
1333;42
1333;138
1333;241
1334;8
1334;16
1334;32
1334;62
1334;92
1334;208
1335;8
1335;16
1335;32
1335;64
1335;95
1335;194
1336;9
1336;13
1336;38
1336;75
1336;150
1336;226
1337;4
1337;19
1337;38
1337;57
1337;96
1337;189
1338;3
1338;13
1338;25
1338;50
1338;95
1338;302
1339;4
1339;15
1339;29
1339;44
1339;158
1339;223
1340;4
1340;14
1340;28
1340;42
1340;85
1340;171
1341;7
1341;14
1341;27
1341;50
1341;151
1341;175
1342;6
1342;13
1342;25
1342;50
1342;113
1342;227
1343;3
1343;12
1343;25
1343;49
1343;159
1343;171
1344;7
1344;13
1344;39
1344;40
1344;124
1344;178
1345;9
1345;10
1345;24
1345;56
1345;84
1345;187
1346;9
1346;10
1346;24
1346;47
1346;84
1346;190
1347;9
1347;14
1347;24
1347;42
1347;124
1347;170
1348;9
1348;14
1348;38
1348;75
1348;80
1348;316
1349;9
1349;14
1349;29
1349;59
1349;88
1349;207
1350;9
1350;19
1350;37
1350;56
1350;121
1350;332
1351;9
1351;19
1351;30
1351;47
1351;143
1351;161
1352;9
1352;19
1352;28
1352;56
1352;140
1352;168
1353;9
1353;14
1353;24
1353;42
1353;135
1353;240
1354;8
1354;18
1354;21
1354;42
1354;127
1354;225
1355;9
1355;10
1355;28
1355;50
1355;100
1355;252
1356;9
1356;10
1356;24
1356;49
1356;143
1356;221
1357;9
1357;10
1357;23
1357;51
1357;125
1357;258
1358;5
1358;10
1358;23
1358;47
1358;93
1358;163
1359;3
1359;10
1359;25
1359;49
1359;148
1359;173
1360;5
1360;11
1360;32
1360;50
1360;150
1360;174
1361;4
1361;10
1361;25
1361;51
1361;151
1361;201
1362;5
1362;10
1362;21
1362;50
1362;100
1362;189
1363;5
1363;10
1363;21
1363;63
1363;84
1363;189
1364;5
1364;16
1364;21
1364;64
1364;108
1364;215
1365;9
1365;15
1365;31
1365;50
1365;126
1365;209
1366;5
1366;11
1366;32
1366;42
1366;101
1366;252
1367;5
1367;19
1367;37
1367;74
1367;93
1367;202
1368;5
1368;19
1368;25
1368;75
1368;82
1368;174
1369;5
1369;19
1369;20
1369;57
1369;81
1369;288
1370;8
1370;17
1370;21
1370;47
1370;83
1370;200
1371;8
1371;12
1371;25
1371;50
1371;124
1371;297
1372;8
1372;19
1372;21
1372;51
1372;127
1372;177
1373;8
1373;19
1373;25
1373;50
1373;126
1373;327
1374;8
1374;19
1374;20
1374;50
1374;85
1374;257
1375;8
1375;19
1375;21
1375;51
1375;100
1375;210
1376;4
1376;12
1376;21
1376;42
1376;85
1376;170
1377;8
1377;19
1377;20
1377;62
1377;145
1377;162
1378;8
1378;19
1378;20
1378;57
1378;153
1378;172
1379;9
1379;19
1379;38
1379;57
1379;152
1379;171
1380;8
1380;19
1380;38
1380;40
1380;90
1380;226
1381;8
1381;12
1381;21
1381;57
1381;127
1381;189
1382;6
1382;19
1382;21
1382;67
1382;134
1382;200
1383;6
1383;10
1383;25
1383;75
1383;99
1383;199
1384;6
1384;10
1384;24
1384;48
1384;92
1384;172
1385;6
1385;12
1385;25
1385;50
1385;100
1385;302
1386;9
1386;12
1386;24
1386;49
1386;126
1386;318
1387;6
1387;16
1387;25
1387;50
1387;125
1387;201
1388;9
1388;16
1388;25
1388;50
1388;151
1388;176
1389;6
1389;15
1389;25
1389;48
1389;96
1389;170
1390;6
1390;12
1390;24
1390;50
1390;100
1390;191
1391;6
1391;19
1391;25
1391;51
1391;112
1391;191
1392;6
1392;19
1392;28
1392;47
1392;141
1392;189
1393;9
1393;10
1393;28
1393;48
1393;100
1393;166
1394;9
1394;10
1394;23
1394;47
1394;141
1394;169
1395;9
1395;14
1395;38
1395;47
1395;100
1395;225
1396;9
1396;10
1396;38
1396;47
1396;143
1396;190
1397;9
1397;10
1397;29
1397;47
1397;112
1397;169
1398;9
1398;10
1398;37
1398;56
1398;102
1398;187
1399;5
1399;13
1399;23
1399;47
1399;94
1399;188
1400;9
1400;14
1400;23
1400;42
1400;94
1400;227
1401;5
1401;14
1401;21
1401;42
1401;148
1401;170
1402;9
1402;14
1402;25
1402;75
1402;100
1402;200
1403;9
1403;14
1403;25
1403;49
1403;106
1403;178
1404;9
1404;10
1404;24
1404;48
1404;108
1404;167
1405;9
1405;19
1405;24
1405;47
1405;110
1405;205
1406;5
1406;19
1406;20
1406;59
1406;109
1406;170
1407;5
1407;10
1407;23
1407;70
1407;93
1407;299
1408;5
1408;10
1408;25
1408;74
1408;98
1408;268
1409;9
1409;11
1409;31
1409;50
1409;100
1409;275
1410;9
1410;10
1410;25
1410;50
1410;101
1410;278
1411;9
1411;10
1411;25
1411;50
1411;101
1411;273
1412;5
1412;10
1412;25
1412;50
1412;99
1412;188
1413;5
1413;16
1413;25
1413;50
1413;159
1413;175
1414;9
1414;11
1414;25
1414;51
1414;127
1414;177
1415;9
1415;15
1415;25
1415;50
1415;84
1415;175
1416;5
1416;16
1416;25
1416;50
1416;125
1416;201
1417;5
1417;16
1417;25
1417;50
1417;101
1417;200
1418;9
1418;16
1418;23
1418;51
1418;142
1418;226
1419;8
1419;11
1419;32
1419;47
1419;141
1419;329
1420;8
1420;11
1420;32
1420;47
1420;117
1420;168
1421;8
1421;18
1421;32
1421;74
1421;130
1421;226
1422;8
1422;12
1422;37
1422;41
1422;94
1422;225
1423;5
1423;19
1423;20
1423;75
1423;83
1423;189
1424;8
1424;19
1424;38
1424;58
1424;96
1424;189
1425;8
1425;19
1425;38
1425;56
1425;94
1425;169
1426;8
1426;18
1426;37
1426;55
1426;100
1426;296
1427;8
1427;19
1427;37
1427;55
1427;100
1427;226
1428;9
1428;12
1428;34
1428;76
1428;150
1428;226
1429;8
1429;19
1429;39
1429;40
1429;131
1429;170
1430;8
1430;19
1430;37
1430;56
1430;129
1430;224
1431;6
1431;19
1431;38
1431;56
1431;113
1431;320
1432;6
1432;17
1432;37
1432;56
1432;131
1432;223
1433;9
1433;17
1433;34
1433;51
1433;132
1433;171
1434;6
1434;13
1434;35
1434;56
1434;136
1434;174
1435;9
1435;13
1435;31
1435;64
1435;110
1435;300
1436;9
1436;16
1436;25
1436;64
1436;112
1436;207
1437;9
1437;15
1437;29
1437;44
1437;100
1437;172
1438;6
1438;14
1438;28
1438;42
1438;138
1438;167
1439;9
1439;14
1439;28
1439;56
1439;84
1439;169
1440;6
1440;14
1440;37
1440;42
1440;112
1440;175
1441;6
1441;14
1441;37
1441;42
1441;141
1441;176
1442;9
1442;14
1442;25
1442;42
1442;141
1442;224
1443;9
1443;10
1443;25
1443;56
1443;112
1443;187
1444;9
1444;12
1444;38
1444;56
1444;94
1444;190
1445;9
1445;14
1445;38
1445;48
1445;94
1445;170
1446;9
1446;19
1446;20
1446;71
1446;94
1446;284
1447;7
1447;12
1447;38
1447;71
1447;84
1447;198
1448;9
1448;13
1448;39
1448;57
1448;133
1448;244
1449;9
1449;15
1449;32
1449;42
1449;116
1449;160
1450;9
1450;14
1450;29
1450;42
1450;156
1450;160
1451;9
1451;14
1451;28
1451;41
1451;153
1451;181
1452;9
1452;14
1452;21
1452;42
1452;94
1452;441
1453;9
1453;12
1453;37
1453;50
1453;105
1453;310
1454;9
1454;12
1454;37
1454;49
1454;95
1454;161
1455;8
1455;12
1455;32
1455;42
1455;81
1455;175
1456;4
1456;10
1456;21
1456;57
1456;116
1456;217
1457;4
1457;10
1457;21
1457;63
1457;126
1457;220
1458;4
1458;11
1458;21
1458;42
1458;104
1458;221
1459;5
1459;10
1459;21
1459;42
1459;84
1459;180
1460;5
1460;10
1460;21
1460;42
1460;84
1460;168
1461;9
1461;12
1461;21
1461;42
1461;91
1461;163
1462;4
1462;11
1462;21
1462;42
1462;92
1462;182
1463;4
1463;11
1463;26
1463;47
1463;99
1463;168
1464;4
1464;10
1464;25
1464;51
1464;100
1464;275
1465;6
1465;10
1465;25
1465;50
1465;100
1465;175
1466;8
1466;17
1466;25
1466;41
1466;91
1466;175
1467;4
1467;16
1467;21
1467;46
1467;91
1467;178
1468;4
1468;12
1468;25
1468;41
1468;87
1468;207
1469;4
1469;12
1469;21
1469;45
1469;83
1469;178
1470;4
1470;19
1470;20
1470;40
1470;113
1470;226
1471;4
1471;19
1471;37
1471;56
1471;149
1471;225
1472;9
1472;17
1472;21
1472;42
1472;84
1472;189
1473;4
1473;17
1473;21
1473;41
1473;125
1473;168
1474;4
1474;17
1474;21
1474;42
1474;92
1474;170
1475;4
1475;17
1475;28
1475;62
1475;126
1475;170
1476;4
1476;17
1476;21
1476;63
1476;147
1476;191
1477;4
1477;17
1477;25
1477;63
1477;81
1477;209
1478;4
1478;17
1478;37
1478;75
1478;84
1478;168
1479;9
1479;15
1479;37
1479;64
1479;84
1479;176
1480;4
1480;13
1480;31
1480;75
1480;87
1480;225
1481;4
1481;12
1481;25
1481;75
1481;150
1481;226
1482;4
1482;12
1482;25
1482;75
1482;151
1482;226
1483;6
1483;12
1483;25
1483;50
1483;112
1483;162
1484;6
1484;12
1484;25
1484;75
1484;100
1484;225
1485;6
1485;12
1485;25
1485;50
1485;125
1485;174
1486;5
1486;13
1486;29
1486;75
1486;92
1486;160
1487;4
1487;13
1487;28
1487;75
1487;159
1487;174
1488;6
1488;12
1488;31
1488;75
1488;81
1488;168
1489;6
1489;12
1489;28
1489;56
1489;84
1489;196
1490;6
1490;13
1490;28
1490;56
1490;112
1490;168
1491;6
1491;12
1491;31
1491;50
1491;112
1491;168
1492;5
1492;10
1492;24
1492;50
1492;100
1492;177
1493;4
1493;14
1493;37
1493;74
1493;151
1493;201
1494;4
1494;10
1494;25
1494;50
1494;151
1494;201
1495;9
1495;19
1495;28
1495;47
1495;93
1495;201
1496;9
1496;18
1496;28
1496;50
1496;151
1496;201
1497;5
1497;19
1497;24
1497;47
1497;117
1497;264
1498;6
1498;14
1498;29
1498;43
1498;159
1498;160
1499;4
1499;14
1499;29
1499;43
1499;83
1499;264
1500;4
1500;14
1500;25
1500;75
1500;100
1500;199
1501;4
1501;14
1501;25
1501;50
1501;100
1501;428
1502;5
1502;14
1502;37
1502;49
1502;113
1502;264
1503;5
1503;14
1503;25
1503;50
1503;150
1503;252
1504;6
1504;10
1504;32
1504;58
1504;90
1504;178
1505;4
1505;10
1505;21
1505;42
1505;84
1505;174
1506;4
1506;10
1506;21
1506;42
1506;100
1506;373
1507;5
1507;11
1507;21
1507;42
1507;105
1507;220
1508;5
1508;10
1508;21
1508;42
1508;105
1508;220
1509;5
1509;10
1509;21
1509;42
1509;84
1509;168
1510;8
1510;13
1510;21
1510;42
1510;91
1510;163
1511;4
1511;10
1511;21
1511;42
1511;93
1511;162
1512;4
1512;10
1512;21
1512;41
1512;89
1512;215
1513;4
1513;10
1513;25
1513;50
1513;125
1513;175
1514;5
1514;10
1514;25
1514;50
1514;150
1514;200
1515;8
1515;17
1515;25
1515;45
1515;92
1515;216
1516;9
1516;16
1516;33
1516;41
1516;84
1516;167
1517;4
1517;12
1517;25
1517;50
1517;96
1517;166
1518;4
1518;11
1518;21
1518;63
1518;126
1518;199
1519;4
1519;10
1519;37
1519;57
1519;114
1519;187
1520;4
1520;19
1520;37
1520;75
1520;93
1520;205
1521;8
1521;17
1521;21
1521;42
1521;104
1521;189
1522;9
1522;16
1522;21
1522;41
1522;100
1522;222
1523;4
1523;17
1523;21
1523;42
1523;92
1523;192
1524;4
1524;16
1524;28
1524;62
1524;105
1524;208
1525;4
1525;17
1525;33
1525;63
1525;84
1525;168
1526;4
1526;16
1526;26
1526;75
1526;83
1526;168
1527;8
1527;16
1527;37
1527;75
1527;104
1527;210
1528;8
1528;17
1528;22
1528;42
1528;84
1528;168
1529;4
1529;13
1529;25
1529;75
1529;87
1529;225
1530;4
1530;12
1530;25
1530;75
1530;150
1530;225
1531;4
1531;12
1531;27
1531;65
1531;151
1531;226
1532;6
1532;12
1532;25
1532;50
1532;87
1532;162
1533;6
1533;12
1533;26
1533;75
1533;100
1533;200
1534;6
1534;13
1534;25
1534;50
1534;99
1534;174
1535;5
1535;10
1535;30
1535;75
1535;92
1535;160
1536;4
1536;13
1536;28
1536;75
1536;82
1536;225
1537;6
1537;12
1537;25
1537;75
1537;81
1537;226
1538;6
1538;12
1538;37
1538;74
1538;112
1538;187
1539;6
1539;13
1539;37
1539;62
1539;150
1539;224
1540;6
1540;12
1540;25
1540;62
1540;87
1540;162
1541;5
1541;10
1541;23
1541;50
1541;126
1541;201
1542;4
1542;10
1542;24
1542;75
1542;150
1542;339
1543;4
1543;10
1543;25
1543;50
1543;151
1543;201
1544;9
1544;19
1544;28
1544;47
1544;150
1544;201
1545;9
1545;10
1545;25
1545;50
1545;151
1545;201
1546;5
1546;19
1546;25
1546;50
1546;100
1546;264
1547;5
1547;14
1547;31
1547;43
1547;117
1547;161
1548;5
1548;14
1548;28
1548;43
1548;159
1548;173
1549;9
1549;14
1549;25
1549;50
1549;100
1549;174
1550;8
1550;14
1550;23
1550;47
1550;94
1550;165
1551;9
1551;14
1551;23
1551;47
1551;94
1551;264
1552;8
1552;12
1552;25
1552;50
1552;150
1552;252
1553;6
1553;10
1553;30
1553;47
1553;84
1553;176
1554;4
1554;10
1554;21
1554;42
1554;115
1554;179
1555;4
1555;10
1555;26
1555;43
1555;141
1555;180
1556;5
1556;10
1556;21
1556;42
1556;105
1556;177
1557;5
1557;10
1557;21
1557;42
1557;147
1557;184
1558;5
1558;10
1558;21
1558;42
1558;84
1558;189
1559;7
1559;14
1559;21
1559;74
1559;91
1559;160
1560;4
1560;11
1560;21
1560;42
1560;156
1560;169
1561;4
1561;10
1561;32
1561;42
1561;84
1561;173
1562;4
1562;10
1562;25
1562;75
1562;149
1562;199
1563;5
1563;10
1563;25
1563;50
1563;100
1563;224
1564;9
1564;17
1564;25
1564;41
1564;83
1564;183
1565;7
1565;16
1565;29
1565;42
1565;91
1565;176
1566;4
1566;12
1566;21
1566;42
1566;83
1566;174
1567;4
1567;12
1567;25
1567;42
1567;118
1567;220
1568;4
1568;19
1568;38
1568;75
1568;94
1568;225
1569;4
1569;19
1569;37
1569;56
1569;112
1569;224
1570;8
1570;12
1570;21
1570;42
1570;105
1570;208
1571;4
1571;16
1571;21
1571;41
1571;80
1571;211
1572;4
1572;16
1572;21
1572;42
1572;92
1572;182
1573;4
1573;16
1573;28
1573;42
1573;126
1573;167
1574;4
1574;17
1574;32
1574;64
1574;146
1574;209
1575;4
1575;17
1575;38
1575;77
1575;84
1575;167
1576;4
1576;17
1576;37
1576;75
1576;114
1576;231
1577;9
1577;15
1577;33
1577;65
1577;102
1577;176
1578;4
1578;12
1578;31
1578;56
1578;112
1578;174
1579;4
1579;12
1579;25
1579;75
1579;150
1579;180
1580;6
1580;12
1580;25
1580;75
1580;151
1580;227
1581;6
1581;12
1581;25
1581;75
1581;87
1581;162
1582;6
1582;12
1582;26
1582;50
1582;100
1582;225
1583;6
1583;12
1583;25
1583;50
1583;125
1583;175
1584;4
1584;13
1584;25
1584;42
1584;92
1584;169
1585;4
1585;13
1585;25
1585;43
1585;81
1585;174
1586;6
1586;12
1586;25
1586;50
1586;93
1586;169
1587;6
1587;12
1587;28
1587;56
1587;112
1587;196
1588;6
1588;13
1588;28
1588;56
1588;82
1588;219
1589;6
1589;12
1589;25
1589;62
1589;137
1589;162
1590;5
1590;12
1590;25
1590;50
1590;126
1590;177
1591;4
1591;10
1591;28
1591;47
1591;151
1591;339
1592;4
1592;10
1592;25
1592;76
1592;150
1592;201
1593;9
1593;19
1593;28
1593;56
1593;93
1593;201
1594;9
1594;10
1594;23
1594;50
1594;151
1594;277
1595;5
1595;19
1595;23
1595;47
1595;94
1595;264
1596;5
1596;14
1596;29
1596;43
1596;92
1596;160
1597;4
1597;14
1597;29
1597;43
1597;101
1597;173
1598;4
1598;14
1598;25
1598;50
1598;100
1598;200
1599;5
1599;14
1599;25
1599;63
1599;126
1599;264
1600;5
1600;14
1600;37
1600;75
1600;113
1600;264
1601;5
1601;14
1601;25
1601;75
1601;151
1601;252
1602;6
1602;10
1602;30
1602;47
1602;99
1602;226
1603;4
1603;10
1603;21
1603;75
1603;113
1603;226
1604;4
1604;10
1604;37
1604;76
1604;113
1604;226
1605;5
1605;10
1605;21
1605;42
1605;94
1605;230
1606;5
1606;10
1606;21
1606;42
1606;113
1606;226
1607;5
1607;10
1607;21
1607;42
1607;84
1607;168
1608;6
1608;13
1608;21
1608;42
1608;87
1608;160
1609;4
1609;12
1609;29
1609;41
1609;111
1609;162
1610;4
1610;11
1610;21
1610;52
1610;115
1610;228
1611;4
1611;10
1611;25
1611;50
1611;125
1611;175
1612;5
1612;10
1612;25
1612;50
1612;149
1612;200
1613;4
1613;12
1613;25
1613;50
1613;158
1613;183
1614;7
1614;14
1614;29
1614;44
1614;111
1614;191
1615;4
1615;17
1615;29
1615;42
1615;110
1615;192
1616;4
1616;10
1616;21
1616;42
1616;84
1616;210
1617;4
1617;10
1617;38
1617;41
1617;94
1617;187
1618;4
1618;19
1618;37
1618;74
1618;112
1618;168
1619;4
1619;17
1619;21
1619;42
1619;84
1619;189
1620;9
1620;16
1620;21
1620;41
1620;91
1620;163
1621;4
1621;17
1621;37
1621;41
1621;92
1621;172
1622;4
1622;17
1622;27
1622;60
1622;112
1622;189
1623;4
1623;17
1623;37
1623;41
1623;126
1623;189
1624;4
1624;16
1624;21
1624;56
1624;126
1624;169
1625;8
1625;19
1625;37
1625;42
1625;93
1625;252
1626;8
1626;16
1626;27
1626;56
1626;105
1626;169
1627;4
1627;12
1627;25
1627;43
1627;110
1627;167
1628;4
1628;13
1628;37
1628;56
1628;112
1628;168
1629;4
1629;13
1629;27
1629;56
1629;110
1629;187
1630;6
1630;12
1630;25
1630;50
1630;112
1630;162
1631;6
1631;12
1631;26
1631;50
1631;100
1631;200
1632;6
1632;13
1632;25
1632;50
1632;81
1632;163
1633;4
1633;16
1633;37
1633;42
1633;92
1633;160
1634;4
1634;12
1634;38
1634;44
1634;111
1634;212
1635;6
1635;12
1635;25
1635;44
1635;112
1635;187
1636;6
1636;12
1636;37
1636;74
1636;112
1636;187
1637;7
1637;13
1637;26
1637;50
1637;112
1637;163
1638;6
1638;12
1638;25
1638;43
1638;113
1638;175
1639;4
1639;10
1639;38
1639;50
1639;112
1639;187
1640;4
1640;10
1640;36
1640;75
1640;112
1640;339
1641;4
1641;10
1641;20
1641;50
1641;150
1641;201
1642;9
1642;10
1642;28
1642;50
1642;150
1642;201
1643;9
1643;18
1643;25
1643;50
1643;151
1643;277
1644;9
1644;19
1644;25
1644;74
1644;151
1644;264
1645;5
1645;14
1645;28
1645;56
1645;92
1645;160
1646;4
1646;14
1646;25
1646;53
1646;100
1646;201
1647;4
1647;14
1647;25
1647;50
1647;100
1647;289
1648;4
1648;14
1648;23
1648;47
1648;94
1648;188
1649;9
1649;15
1649;23
1649;47
1649;150
1649;264
1650;9
1650;14
1650;21
1650;42
1650;150
1650;264
1651;8
1651;10
1651;21
1651;62
1651;95
1651;166
1652;9
1652;10
1652;20
1652;74
1652;137
1652;170
1653;8
1653;11
1653;21
1653;47
1653;148
1653;164
1654;8
1654;16
1654;31
1654;50
1654;150
1654;229
1655;9
1655;16
1655;32
1655;50
1655;150
1655;194
1656;9
1656;16
1656;25
1656;50
1656;150
1656;167
1657;8
1657;10
1657;21
1657;50
1657;150
1657;183
1658;7
1658;10
1658;21
1658;50
1658;150
1658;171
1659;9
1659;11
1659;21
1659;50
1659;148
1659;226
1660;8
1660;16
1660;21
1660;42
1660;105
1660;190
1661;1
1661;11
1661;21
1661;42
1661;148
1661;166
1662;8
1662;16
1662;21
1662;50
1662;150
1662;175
1663;8
1663;11
1663;21
1663;42
1663;151
1663;165
1664;9
1664;10
1664;25
1664;42
1664;150
1664;176
1665;7
1665;10
1665;21
1665;42
1665;151
1665;160
1666;8
1666;16
1666;25
1666;50
1666;151
1666;277
1667;9
1667;16
1667;25
1667;50
1667;151
1667;190
1668;9
1668;16
1668;25
1668;50
1668;151
1668;175
1669;9
1669;16
1669;31
1669;50
1669;150
1669;176
1670;9
1670;16
1670;21
1670;50
1670;150
1670;190
1671;9
1671;10
1671;31
1671;50
1671;148
1671;190
1672;8
1672;16
1672;32
1672;50
1672;148
1672;191
1673;9
1673;15
1673;39
1673;40
1673;150
1673;170
1674;7
1674;14
1674;38
1674;76
1674;115
1674;168
1675;8
1675;10
1675;33
1675;75
1675;113
1675;176
1676;8
1676;17
1676;38
1676;50
1676;113
1676;188
1677;8
1677;17
1677;37
1677;75
1677;114
1677;187
1678;8
1678;14
1678;38
1678;51
1678;101
1678;176
1679;8
1679;17
1679;38
1679;50
1679;151
1679;176
1680;8
1680;17
1680;38
1680;50
1680;151
1680;252
1681;8
1681;17
1681;38
1681;50
1681;113
1681;176
1682;8
1682;17
1682;38
1682;50
1682;113
1682;302
1683;8
1683;17
1683;38
1683;50
1683;148
1683;303
1684;8
1684;16
1684;37
1684;50
1684;113
1684;188
1685;8
1685;17
1685;37
1685;50
1685;90
1685;176
1686;8
1686;16
1686;25
1686;49
1686;150
1686;170
1687;8
1687;17
1687;25
1687;50
1687;100
1687;201
1688;8
1688;17
1688;38
1688;42
1688;151
1688;181
1689;8
1689;17
1689;38
1689;50
1689;150
1689;189
1690;8
1690;16
1690;38
1690;50
1690;106
1690;166
1691;8
1691;14
1691;35
1691;51
1691;151
1691;176
1692;8
1692;17
1692;38
1692;50
1692;151
1692;170
1693;8
1693;17
1693;35
1693;50
1693;151
1693;162
1694;8
1694;17
1694;31
1694;50
1694;94
1694;282
1695;8
1695;16
1695;22
1695;50
1695;94
1695;282
1696;8
1696;14
1696;31
1696;50
1696;95
1696;190
1697;8
1697;14
1697;31
1697;42
1697;109
1697;162
1698;8
1698;14
1698;32
1698;50
1698;113
1698;189
1699;7
1699;14
1699;38
1699;75
1699;113
1699;189
1700;8
1700;13
1700;37
1700;75
1700;113
1700;226
1701;7
1701;12
1701;38
1701;75
1701;113
1701;188
1702;0
1702;12
1702;38
1702;75
1702;113
1702;226
1703;7
1703;13
1703;25
1703;75
1703;113
1703;301
1704;2
1704;13
1704;38
1704;50
1704;113
1704;189
1705;2
1705;12
1705;38
1705;50
1705;114
1705;189
1706;2
1706;13
1706;38
1706;50
1706;113
1706;189
1707;8
1707;15
1707;38
1707;49
1707;113
1707;188
1708;7
1708;19
1708;25
1708;50
1708;114
1708;266
1709;8
1709;16
1709;37
1709;63
1709;94
1709;188
1710;8
1710;19
1710;38
1710;49
1710;82
1710;170
1711;6
1711;19
1711;38
1711;50
1711;89
1711;188
1712;7
1712;13
1712;37
1712;50
1712;87
1712;191
1713;7
1713;12
1713;38
1713;50
1713;113
1713;188
1714;8
1714;12
1714;37
1714;50
1714;86
1714;190
1715;8
1715;12
1715;25
1715;50
1715;100
1715;177
1716;8
1716;12
1716;25
1716;50
1716;151
1716;170
1717;8
1717;16
1717;25
1717;50
1717;100
1717;175
1718;0
1718;16
1718;25
1718;50
1718;88
1718;264
1719;8
1719;16
1719;31
1719;57
1719;83
1719;270
1720;8
1720;12
1720;32
1720;62
1720;93
1720;271
1721;8
1721;16
1721;31
1721;59
1721;90
1721;263
1722;8
1722;15
1722;28
1722;62
1722;85
1722;280
1723;7
1723;19
1723;25
1723;56
1723;83
1723;278
1724;8
1724;12
1724;28
1724;56
1724;85
1724;279
1725;7
1725;12
1725;28
1725;56
1725;84
1725;196
1726;6
1726;12
1726;28
1726;56
1726;84
1726;281
1727;8
1727;13
1727;29
1727;50
1727;84
1727;195
1728;7
1728;14
1728;25
1728;50
1728;84
1728;192
1729;8
1729;12
1729;29
1729;55
1729;84
1729;170
1730;2
1730;12
1730;28
1730;50
1730;86
1730;194
1731;0
1731;12
1731;31
1731;50
1731;83
1731;193
1732;8
1732;19
1732;20
1732;50
1732;85
1732;190
1733;8
1733;14
1733;20
1733;50
1733;85
1733;190
1734;8
1734;14
1734;20
1734;50
1734;151
1734;177
1735;7
1735;14
1735;25
1735;50
1735;150
1735;168
1736;9
1736;14
1736;25
1736;50
1736;84
1736;176
1737;8
1737;12
1737;25
1737;50
1737;151
1737;175
1738;2
1738;12
1738;25
1738;50
1738;148
1738;190
1739;8
1739;12
1739;37
1739;49
1739;148
1739;190
1740;7
1740;14
1740;25
1740;50
1740;151
1740;176
1741;7
1741;14
1741;25
1741;50
1741;100
1741;169
1742;8
1742;12
1742;25
1742;50
1742;100
1742;169
1743;6
1743;12
1743;25
1743;50
1743;150
1743;201
1744;8
1744;12
1744;20
1744;50
1744;151
1744;190
1745;8
1745;12
1745;20
1745;50
1745;148
1745;190
1746;7
1746;14
1746;20
1746;50
1746;151
1746;191
1747;7
1747;14
1747;20
1747;50
1747;150
1747;170
1748;7
1748;14
1748;20
1748;50
1748;100
1748;176
1749;0
1749;12
1749;25
1749;50
1749;151
1749;201
1750;8
1750;18
1750;37
1750;50
1750;150
1750;176
1751;8
1751;19
1751;38
1751;50
1751;151
1751;190
1752;8
1752;14
1752;38
1752;50
1752;150
1752;177
1753;0
1753;12
1753;38
1753;50
1753;151
1753;171
1754;8
1754;12
1754;25
1754;50
1754;151
1754;169
1755;9
1755;12
1755;38
1755;50
1755;151
1755;176
1756;8
1756;12
1756;37
1756;50
1756;150
1756;176
1757;2
1757;12
1757;38
1757;75
1757;148
1757;190
1758;7
1758;14
1758;38
1758;50
1758;151
1758;176
1759;7
1759;14
1759;38
1759;50
1759;151
1759;170
1760;8
1760;14
1760;38
1760;50
1760;150
1760;169
1761;2
1761;14
1761;37
1761;50
1761;151
1761;176
1762;9
1762;15
1762;38
1762;50
1762;151
1762;176
1763;0
1763;19
1763;38
1763;50
1763;148
1763;190
1764;8
1764;14
1764;38
1764;50
1764;149
1764;176
1765;8
1765;14
1765;38
1765;50
1765;151
1765;170
1766;0
1766;14
1766;38
1766;75
1766;151
1766;170
1767;7
1767;19
1767;38
1767;50
1767;151
1767;176
1768;4
1768;19
1768;38
1768;50
1768;151
1768;176
1769;6
1769;19
1769;38
1769;50
1769;148
1769;190
1770;2
1770;14
1770;38
1770;50
1770;148
1770;190
1771;0
1771;19
1771;38
1771;50
1771;151
1771;176
1772;4
1772;19
1772;38
1772;50
1772;150
1772;170
1773;0
1773;14
1773;37
1773;50
1773;151
1773;176
1774;6
1774;17
1774;38
1774;50
1774;151
1774;176
1775;8
1775;14
1775;37
1775;75
1775;148
1775;190
1776;8
1776;14
1776;38
1776;50
1776;148
1776;190
1777;0
1777;14
1777;38
1777;50
1777;151
1777;176
1778;7
1778;14
1778;38
1778;50
1778;150
1778;170
1779;8
1779;19
1779;38
1779;50
1779;151
1779;176
1780;1
1780;19
1780;38
1780;50
1780;151
1780;176
1781;6
1781;19
1781;37
1781;50
1781;148
1781;190
1782;4
1782;19
1782;38
1782;50
1782;148
1782;190
1783;3
1783;14
1783;38
1783;50
1783;151
1783;176
1784;2
1784;19
1784;38
1784;50
1784;150
1784;170
1785;3
1785;19
1785;38
1785;50
1785;151
1785;176
1786;1
1786;17
1786;38
1786;50
1786;151
1786;201
1787;1
1787;11
1787;37
1787;50
1787;148
1787;190
1788;9
1788;14
1788;38
1788;50
1788;148
1788;190
1789;7
1789;17
1789;38
1789;50
1789;151
1789;177
1790;3
1790;14
1790;38
1790;50
1790;151
1790;171
1791;0
1791;14
1791;37
1791;50
1791;151
1791;169
1792;6
1792;18
1792;38
1792;50
1792;151
1792;176
1793;9
1793;10
1793;37
1793;75
1793;151
1793;176
1794;2
1794;12
1794;38
1794;75
1794;148
1794;190
1795;1
1795;19
1795;38
1795;50
1795;151
1795;190
1796;9
1796;17
1796;38
1796;50
1796;151
1796;170
1797;0
1797;17
1797;38
1797;50
1797;151
1797;169
1798;0
1798;13
1798;22
1798;41
1798;87
1798;161
