3;8
3;19
3;20
3;68
3;90
3;177
4;4
4;15
4;38
4;67
4;133
4;199
5;8
5;15
5;38
5;68
5;133
5;199
6;8
6;15
6;38
6;68
6;133
6;200
7;5
7;15
7;39
7;69
7;133
7;201
8;9
8;14
8;39
8;69
8;133
8;201
9;9
9;14
9;39
9;69
9;133
9;197
10;9
10;14
10;39
10;46
10;133
10;165
11;9
11;19
11;38
11;44
11;111
11;166
12;9
12;17
12;32
12;67
12;134
12;201
13;8
13;17
13;37
13;56
13;110
13;167
14;7
14;16
14;37
14;56
14;113
14;164
15;7
15;19
15;39
15;42
15;113
15;170
16;8
16;19
16;36
16;55
16;113
16;170
17;7
17;14
17;37
17;57
17;110
17;166
18;7
18;17
18;36
18;56
18;113
18;166
19;7
19;19
19;39
19;42
19;113
19;168
20;8
20;19
20;36
20;55
20;113
20;167
21;7
21;14
21;37
21;57
21;110
21;165
22;8
22;17
22;36
22;56
22;113
22;164
23;7
23;19
23;39
23;44
23;80
23;163
24;9
24;16
24;38
24;56
24;111
24;170
25;3
25;15
25;38
25;45
25;91
25;181
26;2
26;15
26;38
26;45
26;91
26;169
27;1
27;15
27;38
27;45
27;91
27;176
28;6
28;15
28;38
28;45
28;91
28;182
29;7
29;15
29;38
29;45
29;87
29;175
30;2
30;15
30;38
30;45
30;91
30;178
31;7
31;15
31;38
31;45
31;91
31;177
32;4
32;15
32;38
32;45
32;87
32;181
33;1
33;15
33;38
33;45
33;91
33;177
34;0
34;17
34;39
34;46
34;89
34;223
35;9
35;16
35;25
35;75
35;80
35;162
36;9
36;17
36;37
36;41
36;80
36;165
37;9
37;16
37;37
37;75
37;80
37;163
38;9
38;17
38;26
38;75
38;80
38;168
39;9
39;17
39;25
39;75
39;80
39;167
40;9
40;17
40;25
40;75
40;82
40;164
41;9
41;17
41;38
41;75
41;80
41;167
42;9
42;17
42;36
42;75
42;80
42;160
43;9
43;16
43;36
43;40
43;80
43;188
44;9
44;15
44;37
44;75
44;112
44;189
45;9
45;17
45;20
45;44
45;82
45;171
46;9
46;19
46;37
46;45
46;82
46;164
47;8
47;12
47;38
47;45
47;80
47;165
48;9
48;19
48;38
48;45
48;113
48;189
49;9
49;19
49;38
49;45
49;80
49;167
50;9
50;19
50;23
50;45
50;88
50;357
51;9
51;19
51;23
51;45
51;153
51;350
52;9
52;19
52;37
52;56
52;93
52;186
53;9
53;19
53;22
53;61
53;156
53;182
54;9
54;19
54;21
54;68
54;90
54;176
55;9
55;19
55;25
55;50
55;90
55;174
56;9
56;18
56;21
56;45
56;100
56;188
57;9
57;19
57;22
57;44
57;90
57;179
58;9
58;19
58;22
58;44
58;89
58;290
59;9
59;19
59;22
59;43
59;85
59;171
60;9
60;19
60;21
60;42
60;84
60;168
61;9
61;19
61;21
61;45
61;106
61;166
62;9
62;19
62;38
62;75
62;133
62;170
63;9
63;19
63;23
63;75
63;113
63;380
64;8
64;17
64;23
64;45
64;85
64;160
65;4
65;17
65;22
65;45
65;83
65;510
66;9
66;19
66;22
66;44
66;84
66;483
67;9
67;19
67;38
67;44
67;83
67;488
68;9
68;19
68;37
68;56
68;94
68;169
69;9
69;17
69;38
69;45
69;90
69;344
70;9
70;19
70;20
70;45
70;132
70;170
71;9
71;19
71;20
71;45
71;93
71;168
72;6
72;19
72;20
72;45
72;92
72;466
73;9
73;18
73;37
73;45
73;151
73;295
74;9
74;19
74;22
74;45
74;113
74;225
75;9
75;19
75;38
75;45
75;94
75;225
76;9
76;19
76;23
76;45
76;94
76;386
77;9
77;19
77;23
77;45
77;87
77;169
78;9
78;19
78;22
78;45
78;124
78;172
79;9
79;19
79;28
79;57
79;83
79;172
80;0
80;19
80;29
80;67
80;134
80;169
81;9
81;19
81;28
81;56
81;84
81;177
82;9
82;19
82;28
82;56
82;84
82;172
83;9
83;19
83;28
83;57
83;85
83;164
84;9
84;19
84;28
84;56
84;84
84;167
85;9
85;19
85;28
85;56
85;84
85;167
86;9
86;19
86;28
86;57
86;85
86;162
87;9
87;19
87;28
87;45
87;84
87;166
88;9
88;19
88;28
88;56
88;84
88;160
89;8
89;18
89;28
89;55
89;83
89;161
90;8
90;17
90;29
90;42
90;85
90;160
91;9
91;17
91;28
91;56
91;84
91;190
92;8
92;17
92;28
92;42
92;85
92;169
93;8
93;17
93;28
93;41
93;83
93;467
94;8
94;18
94;28
94;42
94;84
94;483
95;8
95;17
95;34
95;50
95;100
95;300
96;8
96;17
96;33
96;48
96;152
96;170
97;8
97;17
97;21
97;63
97;93
97;165
98;8
98;17
98;23
98;45
98;89
98;160
99;9
99;17
99;25
99;50
99;152
99;323
100;9
100;16
100;28
100;67
100;88
100;174
101;8
101;17
101;28
101;67
101;90
101;179
102;9
102;13
102;21
102;42
102;85
102;171
103;8
103;19
103;21
103;42
103;85
103;168
104;8
104;17
104;28
104;41
104;83
104;175
105;8
105;19
105;37
105;75
105;113
105;187
106;8
106;19
106;20
106;49
106;94
106;489
107;8
107;16
107;28
107;42
107;84
107;460
108;8
108;17
108;34
108;63
108;84
108;168
109;8
109;17
109;28
109;57
109;85
109;167
110;8
110;17
110;28
110;56
110;84
110;189
111;8
111;17
111;33
111;75
111;84
111;312
112;9
112;17
112;38
112;57
112;83
112;189
113;9
113;19
113;37
113;42
113;83
113;187
114;9
114;19
114;28
114;42
114;83
114;169
115;8
115;19
115;37
115;43
115;83
115;169
116;8
116;19
116;38
116;50
116;100
116;226
117;8
117;19
117;38
117;75
117;84
117;299
118;8
118;17
118;21
118;42
118;83
118;254
119;8
119;17
119;21
119;63
119;85
119;296
120;8
120;17
120;28
120;63
120;84
120;164
121;8
121;18
121;28
121;55
121;84
121;172
122;8
122;17
122;28
122;67
122;85
122;172
123;8
123;17
123;28
123;56
123;84
123;169
124;8
124;17
124;28
124;42
124;84
124;200
125;8
125;17
125;28
125;44
125;85
125;171
126;8
126;17
126;28
126;56
126;84
126;170
127;8
127;17
127;29
127;49
127;101
127;169
128;9
128;17
128;28
128;48
128;85
128;477
129;8
129;17
129;28
129;56
129;84
129;348
130;8
130;17
130;28
130;64
130;84
130;377
131;8
131;17
131;28
131;57
131;85
131;247
132;9
132;19
132;20
132;74
132;80
132;221
133;9
133;18
133;37
133;75
133;111
133;208
134;9
134;19
134;21
134;42
134;84
134;212
135;9
135;19
135;21
135;43
135;85
135;168
136;9
136;10
136;22
136;45
136;83
136;207
137;9
137;19
137;23
137;45
137;86
137;349
138;9
138;14
138;28
138;45
138;85
138;322
139;9
139;19
139;22
139;45
139;84
139;218
140;9
140;14
140;28
140;45
140;85
140;184
141;9
141;14
141;28
141;45
141;84
141;309
142;9
142;15
142;22
142;45
142;84
142;346
143;9
143;19
143;28
143;45
143;85
143;174
144;9
144;19
144;23
144;45
144;89
144;193
145;9
145;19
145;22
145;45
145;84
145;285
146;9
146;19
146;38
146;75
146;94
146;206
147;9
147;19
147;21
147;42
147;85
147;170
148;9
148;19
148;21
148;42
148;85
148;169
149;9
149;19
149;22
149;44
149;85
149;500
150;9
150;19
150;23
150;45
150;82
150;489
151;9
151;19
151;21
151;42
151;84
151;168
152;9
152;19
152;21
152;42
152;84
152;231
153;9
153;19
153;21
153;43
153;106
153;276
154;9
154;19
154;38
154;57
154;84
154;231
155;9
155;19
155;22
155;45
155;84
155;173
156;9
156;10
156;22
156;45
156;83
156;175
157;9
157;19
157;23
157;45
157;113
157;181
158;9
158;19
158;22
158;45
158;114
158;232
159;9
159;19
159;29
159;45
159;86
159;171
160;9
160;14
160;28
160;45
160;84
160;168
161;9
161;14
161;28
161;45
161;84
161;280
162;9
162;19
162;22
162;45
162;86
162;209
163;9
163;19
163;23
163;45
163;106
163;243
164;9
164;17
164;22
164;66
164;122
164;172
165;9
165;19
165;28
165;75
165;94
165;206
166;9
166;19
166;21
166;67
166;84
166;170
167;9
167;10
167;21
167;42
167;85
167;169
168;9
168;18
168;21
168;56
168;84
168;171
169;9
169;19
169;28
169;56
169;85
169;402
170;9
170;14
170;28
170;57
170;85
170;169
171;9
171;14
171;22
171;56
171;84
171;403
172;9
172;19
172;28
172;45
172;85
172;471
173;9
173;19
173;28
173;45
173;85
173;407
174;9
174;14
174;28
174;56
174;84
174;169
175;7
175;14
175;28
175;42
175;86
175;172
176;8
176;14
176;28
176;42
176;83
176;168
177;9
177;15
177;33
177;42
177;84
177;169
178;5
178;19
178;20
178;42
178;85
178;227
179;3
179;19
179;20
179;42
179;84
179;246
180;9
180;16
180;21
180;42
180;84
180;211
181;9
181;16
181;21
181;42
181;100
181;231
182;7
182;16
182;21
182;48
182;99
182;169
183;3
183;16
183;21
183;42
183;85
183;273
184;6
184;13
184;21
184;42
184;84
184;232
185;6
185;13
185;21
185;42
185;85
185;232
186;6
186;13
186;34
186;43
186;92
186;203
187;6
187;13
187;33
187;42
187;85
187;193
188;7
188;14
188;32
188;43
188;84
188;171
189;6
189;16
189;32
189;43
189;84
189;232
190;6
190;16
190;39
190;40
190;84
190;168
191;6
191;16
191;31
191;50
191;101
191;202
192;6
192;16
192;32
192;42
192;83
192;162
193;6
193;16
193;21
193;42
193;83
193;230
194;6
194;13
194;21
194;63
194;126
194;190
195;6
195;13
195;21
195;42
195;85
195;230
196;6
196;16
196;21
196;42
196;85
196;190
197;6
197;16
197;33
197;42
197;100
197;200
198;6
198;16
198;33
198;42
198;85
198;203
199;6
199;16
199;32
199;42
199;84
199;169
200;6
200;16
200;21
200;42
200;84
200;169
201;6
201;16
201;32
201;43
201;86
201;166
202;6
202;16
202;32
202;50
202;100
202;199
203;6
203;13
203;21
203;42
203;84
203;199
204;6
204;13
204;32
204;42
204;84
204;171
205;6
205;13
205;32
205;63
205;126
205;170
206;6
206;13
206;21
206;62
206;125
206;189
207;7
207;13
207;21
207;42
207;84
207;172
208;6
208;13
208;21
208;67
208;83
208;170
209;6
209;16
209;21
209;42
209;83
209;166
210;6
210;16
210;21
210;42
210;85
210;167
211;6
211;16
211;21
211;40
211;85
211;167
212;6
212;16
212;22
212;42
212;99
212;199
213;6
213;16
213;21
213;49
213;100
213;201
214;6
214;16
214;21
214;48
214;101
214;200
215;6
215;16
215;32
215;51
215;101
215;189
216;6
216;16
216;32
216;42
216;84
216;189
217;6
217;16
217;21
217;42
217;128
217;190
218;6
218;10
218;23
218;45
218;85
218;162
219;9
219;10
219;22
219;45
219;88
219;179
220;5
220;10
220;22
220;45
220;86
220;160
221;5
221;10
221;22
221;45
221;80
221;175
222;9
222;10
222;28
222;45
222;80
222;238
223;9
223;18
223;33
223;44
223;100
223;283
224;5
224;10
224;22
224;45
224;90
224;400
225;5
225;19
225;22
225;45
225;87
225;488
226;6
226;10
226;22
226;45
226;90
226;286
227;5
227;14
227;25
227;50
227;100
227;326
228;5
228;10
228;38
228;45
228;91
228;348
229;5
229;10
229;22
229;45
229;89
229;180
230;5
230;10
230;22
230;45
230;90
230;184
231;9
231;10
231;22
231;44
231;85
231;169
232;5
232;10
232;21
232;63
232;83
232;168
233;5
233;10
233;22
233;63
233;147
233;167
234;5
234;10
234;38
234;76
234;94
234;170
235;5
235;10
235;38
235;75
235;111
235;312
236;5
236;17
236;37
236;44
236;102
236;299
237;5
237;17
237;34
237;45
237;97
237;322
238;5
238;16
238;23
238;44
238;157
238;486
239;5
239;16
239;32
239;44
239;91
239;396
240;5
240;17
240;38
240;67
240;100
240;166
241;5
241;17
241;34
241;67
241;135
241;285
242;5
242;18
242;23
242;74
242;138
242;181
243;5
243;19
243;23
243;75
243;149
243;206
244;5
244;19
244;37
244;74
244;149
244;185
245;5
245;19
245;20
245;45
245;132
245;422
246;5
246;10
246;22
246;44
246;155
246;164
247;9
247;10
247;38
247;45
247;154
247;161
248;5
248;10
248;38
248;45
248;113
248;165
249;5
249;19
249;37
249;44
249;111
249;161
250;5
250;19
250;37
250;40
250;159
250;164
251;5
251;10
251;28
251;45
251;159
251;169
252;9
252;10
252;28
252;67
252;159
252;163
253;9
253;10
253;28
253;57
253;153
253;160
254;9
254;10
254;28
254;68
254;85
254;164
255;5
255;10
255;28
255;56
255;84
255;165
256;5
256;10
256;28
256;57
256;147
256;165
257;5
257;10
257;29
257;45
257;83
257;189
258;5
258;10
258;28
258;56
258;84
258;180
259;5
259;10
259;28
259;56
259;84
259;181
260;5
260;10
260;38
260;57
260;85
260;194
261;6
261;10
261;22
261;56
261;84
261;177
262;8
262;17
262;21
262;56
262;84
262;182
263;8
263;13
263;29
263;57
263;83
263;169
264;8
264;13
264;28
264;56
264;85
264;169
265;8
265;17
265;28
265;56
265;83
265;263
266;4
266;18
266;28
266;51
266;100
266;167
267;8
267;17
267;33
267;68
267;102
267;170
268;8
268;13
268;28
268;76
268;80
268;165
269;5
269;10
269;22
269;63
269;86
269;168
270;4
270;17
270;23
270;69
270;91
270;160
271;4
271;12
271;28
271;56
271;84
271;502
272;4
272;12
272;23
272;45
272;88
272;162
273;4
273;17
273;22
273;45
273;91
273;181
274;4
274;17
274;28
274;43
274;84
274;168
275;4
275;17
275;28
275;42
275;85
275;169
276;4
276;17
276;28
276;55
276;85
276;164
277;4
277;10
277;28
277;50
277;129
277;363
278;8
278;19
278;28
278;75
278;95
278;488
279;8
279;19
279;37
279;42
279;94
279;164
280;8
280;16
280;33
280;63
280;126
280;497
281;8
281;17
281;25
281;56
281;84
281;491
282;9
282;10
282;25
282;75
282;85
282;485
283;8
283;19
283;33
283;75
283;112
283;298
284;8
284;19
284;38
284;56
284;113
284;283
285;9
285;19
285;37
285;56
285;149
285;167
286;8
286;19
286;38
286;76
286;150
286;169
287;8
287;19
287;38
287;75
287;84
287;207
288;8
288;17
288;21
288;42
288;84
288;275
289;8
289;17
289;21
289;42
289;84
289;275
290;8
290;17
290;22
290;42
290;84
290;199
291;4
291;17
291;28
291;63
291;84
291;210
292;8
292;17
292;28
292;62
292;83
292;225
293;9
293;17
293;38
293;40
293;159
293;164
294;8
294;17
294;28
294;56
294;159
294;169
295;8
295;10
295;28
295;42
295;158
295;169
296;8
296;17
296;28
296;42
296;85
296;173
297;8
297;17
297;28
297;42
297;120
297;199
298;8
298;18
298;28
298;56
298;120
298;171
299;8
299;14
299;28
299;50
299;85
299;180
300;8
300;14
300;28
300;56
300;136
300;180
301;8
301;14
301;29
301;57
301;114
301;174
302;9
302;17
302;28
302;57
302;104
302;180
303;8
303;17
303;21
303;56
303;135
303;170
304;5
304;18
304;35
304;57
304;130
304;176
305;5
305;19
305;38
305;74
305;111
305;169
306;5
306;10
306;22
306;42
306;85
306;169
307;5
307;10
307;21
307;42
307;84
307;173
308;5
308;10
308;20
308;45
308;94
308;176
309;5
309;10
309;29
309;44
309;94
309;179
310;5
310;19
310;28
310;56
310;86
310;171
311;5
311;19
311;29
311;45
311;85
311;170
312;6
312;10
312;29
312;45
312;85
312;200
313;4
313;14
313;28
313;42
313;84
313;169
314;9
314;14
314;28
314;42
314;85
314;225
315;9
315;14
315;28
315;45
315;86
315;171
316;9
316;10
316;22
316;45
316;89
316;169
317;9
317;10
317;22
317;44
317;149
317;168
318;5
318;19
318;37
318;56
318;149
318;171
319;5
319;10
319;21
319;42
319;85
319;171
320;5
320;14
320;22
320;43
320;86
320;170
321;5
321;10
321;22
321;45
321;85
321;169
322;5
322;10
322;22
322;43
322;85
322;169
323;9
323;10
323;21
323;42
323;84
323;211
324;5
324;10
324;21
324;42
324;84
324;274
325;5
325;10
325;21
325;43
325;86
325;221
326;5
326;19
326;23
326;56
326;89
326;183
327;5
327;19
327;23
327;45
327;153
327;171
328;5
328;10
328;23
328;45
328;147
328;163
329;5
329;19
329;22
329;44
329;113
329;167
330;5
330;19
330;22
330;44
330;113
330;396
331;5
331;19
331;28
331;56
331;85
331;449
332;5
332;14
332;28
332;42
332;84
332;306
333;7
333;14
333;29
333;43
333;80
333;285
334;4
334;14
334;28
334;56
334;84
334;311
335;5
335;19
335;22
335;45
335;138
335;172
336;5
336;18
336;38
336;41
336;159
336;164
337;5
337;10
337;38
337;57
337;95
337;164
338;5
338;10
338;21
338;43
338;85
338;163
339;9
339;10
339;21
339;42
339;85
339;168
340;9
340;10
340;22
340;57
340;84
340;164
341;5
341;10
341;28
341;58
341;86
341;194
342;5
342;14
342;28
342;57
342;148
342;197
343;9
343;14
343;28
343;56
343;83
343;189
344;9
344;14
344;28
344;57
344;85
344;180
345;9
345;14
345;28
345;57
345;84
345;198
346;9
346;15
346;28
346;56
346;84
346;194
347;5
347;14
347;28
347;70
347;85
347;339
348;6
348;15
348;28
348;41
348;84
348;340
349;6
349;12
349;20
349;40
349;84
349;205
350;6
350;18
350;39
350;75
350;149
350;331
351;6
351;19
351;20
351;75
351;80
351;160
352;6
352;19
352;21
352;42
352;84
352;169
353;6
353;14
353;21
353;42
353;106
353;360
354;6
354;14
354;21
354;41
354;84
354;170
355;5
355;10
355;21
355;42
355;84
355;211
356;6
356;18
356;21
356;42
356;84
356;295
357;6
357;19
357;21
357;42
357;84
357;232
358;6
358;12
358;21
358;42
358;91
358;240
359;6
359;13
359;35
359;42
359;86
359;217
360;6
360;10
360;34
360;51
360;81
360;213
361;1
361;10
361;33
361;42
361;92
361;200
362;2
362;12
362;35
362;40
362;82
362;226
363;6
363;12
363;30
363;42
363;84
363;166
364;6
364;16
364;29
364;48
364;84
364;181
365;6
365;12
365;30
365;42
365;85
365;364
366;6
366;14
366;31
366;45
366;87
366;286
367;9
367;14
367;30
367;45
367;98
367;266
368;9
368;14
368;30
368;44
368;82
368;185
369;6
369;11
369;23
369;46
369;82
369;163
370;9
370;11
370;30
370;46
370;80
370;165
371;6
371;14
371;28
371;42
371;83
371;198
372;6
372;14
372;30
372;41
372;84
372;180
373;8
373;14
373;29
373;40
373;85
373;175
374;8
374;14
374;30
374;41
374;80
374;161
375;6
375;11
375;30
375;40
375;97
375;177
376;7
376;13
376;30
376;52
376;83
376;166
377;6
377;11
377;23
377;51
377;90
377;264
378;8
378;18
378;31
378;78
378;86
378;160
379;6
379;12
379;37
379;68
379;81
379;244
380;6
380;19
380;35
380;71
380;106
380;212
381;9
381;14
381;39
381;66
381;100
381;209
382;6
382;18
382;21
382;42
382;84
382;167
383;2
383;10
383;21
383;43
383;86
383;171
384;4
384;12
384;21
384;42
384;85
384;169
385;9
385;12
385;21
385;42
385;84
385;170
386;6
386;11
386;22
386;54
386;84
386;211
387;3
387;10
387;22
387;43
387;86
387;170
388;9
388;10
388;29
388;42
388;85
388;171
389;8
389;19
389;20
389;42
389;84
389;193
390;6
390;10
390;28
390;66
390;84
390;163
391;4
391;10
391;21
391;63
391;84
391;169
392;4
392;10
392;33
392;76
392;148
392;178
393;4
393;19
393;20
393;50
393;113
393;164
394;5
394;16
394;22
394;75
394;84
394;203
395;7
395;19
395;38
395;40
395;148
395;163
396;9
396;19
396;37
396;75
396;151
396;168
397;9
397;19
397;38
397;76
397;150
397;188
398;7
398;10
398;38
398;75
398;150
398;187
399;4
399;19
399;38
399;75
399;150
399;414
400;4
400;19
400;37
400;75
400;150
400;164
401;4
401;13
401;33
401;75
401;150
401;169
402;5
402;19
402;33
402;75
402;151
402;189
403;5
403;19
403;20
403;42
403;84
403;315
404;4
404;19
404;22
404;42
404;84
404;487
405;9
405;18
405;38
405;76
405;151
405;418
406;9
406;19
406;39
406;40
406;81
406;188
407;9
407;19
407;28
407;75
407;149
407;378
408;9
408;19
408;38
408;75
408;151
408;188
409;5
409;18
409;37
409;56
409;141
409;199
410;4
410;14
410;33
410;67
410;152
410;186
411;9
411;12
411;39
411;40
411;151
411;167
412;4
412;10
412;37
412;42
412;127
412;188
413;4
413;10
413;37
413;42
413;127
413;170
414;4
414;10
414;22
414;43
414;85
414;315
415;4
415;10
415;22
415;44
415;85
415;187
416;9
416;18
416;32
416;41
416;151
416;223
417;8
417;19
417;20
417;77
417;151
417;381
418;9
418;19
418;36
418;75
418;111
418;380
419;9
419;11
419;21
419;41
419;121
419;174
420;4
420;12
420;21
420;41
420;84
420;168
421;4
421;11
421;21
421;42
421;84
421;170
422;7
422;15
422;23
422;64
422;85
422;168
423;6
423;13
423;38
423;42
423;85
423;170
424;6
424;13
424;33
424;42
424;100
424;169
425;5
425;11
425;23
425;42
425;85
425;171
426;5
426;11
426;22
426;42
426;84
426;171
427;5
427;10
427;21
427;42
427;85
427;169
428;5
428;10
428;28
428;63
428;84
428;170
429;5
429;10
429;21
429;42
429;113
429;169
430;8
430;10
430;21
430;42
430;84
430;169
431;4
431;10
431;33
431;75
431;113
431;226
432;5
432;10
432;28
432;74
432;100
432;161
433;6
433;10
433;21
433;42
433;86
433;200
434;4
434;17
434;25
434;42
434;84
434;190
435;9
435;18
435;21
435;42
435;84
435;315
436;4
436;17
436;21
436;75
436;149
436;160
437;7
437;10
437;21
437;50
437;150
437;200
438;9
438;10
438;38
438;75
438;114
438;176
439;4
439;12
439;37
439;75
439;132
439;302
440;8
440;19
440;38
440;75
440;113
440;300
441;4
441;19
441;32
441;75
441;152
441;169
442;4
442;19
442;37
442;75
442;150
442;301
443;9
443;19
443;38
443;75
443;151
443;168
444;4
444;13
444;23
444;75
444;111
444;224
445;7
445;13
445;37
445;75
445;132
445;266
446;7
446;15
446;23
446;75
446;94
446;193
447;5
447;13
447;37
447;75
447;112
447;211
448;6
448;18
448;38
448;40
448;144
448;178
449;7
449;10
449;38
449;75
449;85
449;188
450;4
450;12
450;25
450;50
450;85
450;177
451;4
451;17
451;38
451;50
451;85
451;169
452;4
452;17
452;38
452;75
452;85
452;169
453;4
453;17
453;31
453;50
453;85
453;477
454;4
454;19
454;38
454;75
454;84
454;174
455;4
455;17
455;37
455;75
455;85
455;187
456;4
456;13
456;21
456;42
456;85
456;213
457;4
457;13
457;20
457;42
457;85
457;315
458;4
458;17
458;22
458;42
458;85
458;484
459;4
459;16
459;26
459;42
459;147
459;176
460;5
460;10
460;25
460;50
460;100
460;176
461;4
461;17
461;24
461;50
461;100
461;177
462;4
462;17
462;31
462;50
462;84
462;293
463;4
463;17
463;32
463;50
463;84
463;176
464;4
464;17
464;21
464;71
464;81
464;160
465;9
465;15
465;23
465;75
465;127
465;169
466;4
466;13
466;28
466;67
466;86
466;170
467;4
467;17
467;33
467;66
467;99
467;168
468;4
468;13
468;37
468;75
468;94
468;202
469;4
469;13
469;33
469;66
469;84
469;199
470;9
470;11
470;33
470;67
470;100
470;301
471;9
471;10
471;34
471;67
471;135
471;366
472;9
472;10
472;20
472;47
472;85
472;283
473;9
473;11
473;38
473;75
473;157
473;283
474;9
474;10
474;27
474;50
474;85
474;378
475;8
475;10
475;30
475;50
475;80
475;386
476;6
476;10
476;29
476;68
476;86
476;163
477;4
477;10
477;28
477;66
477;114
477;315
478;8
478;10
478;31
478;75
478;97
478;161
479;8
479;10
479;25
479;63
479;154
479;160
480;8
480;11
480;25
480;63
480;100
480;190
481;8
481;18
481;25
481;63
481;101
481;379
482;8
482;12
482;25
482;50
482;100
482;348
483;8
483;14
483;25
483;51
483;152
483;315
484;6
484;10
484;31
484;63
484;94
484;193
485;4
485;12
485;34
485;48
485;96
485;493
486;4
486;19
486;22
486;49
486;84
486;171
487;4
487;13
487;37
487;50
487;83
487;168
488;5
488;10
488;38
488;42
488;84
488;175
489;5
489;10
489;38
489;56
489;84
489;200
490;5
490;10
490;22
490;66
490;84
490;168
491;4
491;18
491;38
491;56
491;85
491;169
492;9
492;19
492;29
492;56
492;84
492;341
493;9
493;18
493;21
493;42
493;84
493;198
494;9
494;12
494;22
494;42
494;148
494;168
495;5
495;10
495;21
495;50
495;84
495;167
496;4
496;14
496;21
496;50
496;101
496;169
497;8
497;10
497;25
497;50
497;94
497;167
498;4
498;19
498;25
498;66
498;99
498;176
499;4
499;19
499;25
499;42
499;84
499;226
500;3
500;10
500;25
500;62
500;84
500;164
501;5
501;10
501;25
501;42
501;150
501;200
502;4
502;14
502;21
502;63
502;84
502;486
503;8
503;19
503;28
503;63
503;95
503;502
504;7
504;14
504;32
504;64
504;101
504;488
505;9
505;10
505;31
505;63
505;94
505;175
506;4
506;12
506;33
506;67
506;113
506;229
507;4
507;11
507;22
507;63
507;101
507;169
508;6
508;14
508;25
508;50
508;84
508;168
509;6
509;13
509;25
509;42
509;149
509;170
510;6
510;13
510;28
510;42
510;84
510;170
511;5
511;11
511;23
511;67
511;85
511;202
512;5
512;11
512;33
512;67
512;84
512;169
513;5
513;10
513;21
513;57
513;85
513;200
514;5
514;10
514;21
514;75
514;101
514;170
515;5
515;19
515;22
515;75
515;114
515;203
516;7
516;10
516;22
516;75
516;114
516;341
517;4
517;10
517;21
517;43
517;113
517;226
518;5
518;10
518;22
518;42
518;114
518;202
519;5
519;17
519;25
519;75
519;100
519;200
520;4
520;17
520;25
520;67
520;127
520;202
521;5
521;10
521;31
521;50
521;101
521;202
522;4
522;12
522;21
522;63
522;126
522;202
523;9
523;10
523;32
523;50
523;133
523;191
524;8
524;10
524;37
524;63
524;100
524;201
525;4
525;12
525;34
525;75
525;126
525;252
526;4
526;13
526;32
526;50
526;100
526;201
527;4
527;17
527;31
527;50
527;152
527;203
528;9
528;10
528;31
528;75
528;100
528;189
529;7
529;16
529;23
529;76
529;101
529;164
530;7
530;13
530;25
530;50
530;100
530;210
531;6
531;13
531;26
531;50
531;100
531;187
532;8
532;15
532;23
532;46
532;126
532;193
533;7
533;13
533;21
533;75
533;125
533;186
534;8
534;15
534;35
534;50
534;127
534;182
535;6
535;10
535;29
535;50
535;86
535;171
536;4
536;18
536;36
536;71
536;85
536;170
537;7
537;18
537;28
537;71
537;85
537;170
538;7
538;18
538;28
538;71
538;85
538;170
539;7
539;18
539;36
539;71
539;100
539;169
540;7
540;18
540;35
540;71
540;85
540;220
541;7
541;18
541;35
541;72
541;89
541;171
542;7
542;18
542;36
542;71
542;84
542;212
543;7
543;18
543;25
543;56
543;85
543;215
544;7
544;18
544;21
544;56
544;84
544;215
545;7
545;18
545;21
545;71
545;85
545;171
546;7
546;18
546;28
546;56
546;113
546;170
547;7
547;18
547;28
547;56
547;113
547;172
548;8
548;10
548;32
548;56
548;146
548;175
549;4
549;12
549;25
549;56
549;84
549;177
550;4
550;18
550;21
550;50
550;84
550;176
551;3
551;11
551;28
551;71
551;84
551;168
552;9
552;10
552;28
552;72
552;85
552;170
553;8
553;10
553;28
553;71
553;100
553;213
554;8
554;12
554;35
554;50
554;100
554;168
555;8
555;11
555;28
555;50
555;101
555;482
556;8
556;11
556;23
556;50
556;99
556;313
557;9
557;10
557;38
557;76
557;113
557;223
558;8
558;19
558;37
558;76
558;80
558;167
559;7
559;10
559;21
559;56
559;84
559;288
560;6
560;13
560;22
560;43
560;84
560;222
561;6
561;15
561;33
561;63
561;150
561;288
562;5
562;10
562;37
562;76
562;100
562;163
563;4
563;19
563;20
563;74
563;100
563;203
564;6
564;19
564;37
564;42
564;82
564;163
565;6
565;10
565;21
565;42
565;85
565;169
566;5
566;10
566;21
566;42
566;85
566;169
567;5
567;10
567;21
567;42
567;84
567;163
568;5
568;11
568;28
568;42
568;84
568;168
569;5
569;10
569;21
569;42
569;84
569;169
570;6
570;10
570;21
570;42
570;85
570;169
571;4
571;10
571;21
571;42
571;85
571;168
572;4
572;15
572;22
572;40
572;81
572;164
573;4
573;13
573;37
573;42
573;148
573;211
574;5
574;19
574;37
574;75
574;149
574;169
575;5
575;19
575;20
575;42
575;86
575;171
576;4
576;14
576;21
576;42
576;85
576;172
577;5
577;19
577;39
577;41
577;82
577;169
578;5
578;19
578;37
578;75
578;150
578;171
579;5
579;19
579;38
579;50
579;150
579;169
580;9
580;10
580;38
580;75
580;150
580;178
581;4
581;19
581;38
581;50
581;89
581;299
582;4
582;19
582;37
582;75
582;89
582;169
583;8
583;10
583;28
583;42
583;84
583;162
584;4
584;19
584;28
584;42
584;85
584;169
585;5
585;10
585;33
585;42
585;84
585;171
586;5
586;10
586;33
586;42
586;101
586;169
587;5
587;10
587;37
587;43
587;85
587;170
588;9
588;19
588;37
588;43
588;84
588;171
589;9
589;19
589;37
589;42
589;84
589;169
590;8
590;19
590;38
590;57
590;84
590;168
591;8
591;10
591;38
591;75
591;101
591;174
592;4
592;19
592;20
592;76
592;84
592;169
593;4
593;19
593;39
593;43
593;85
593;169
594;4
594;19
594;38
594;56
594;150
594;169
595;6
595;19
595;37
595;75
595;151
595;301
596;6
596;18
596;25
596;42
596;84
596;170
597;5
597;19
597;37
597;42
597;84
597;168
598;5
598;11
598;32
598;42
598;84
598;168
599;6
599;19
599;38
599;76
599;80
599;166
600;5
600;19
600;37
600;42
600;100
600;167
601;5
601;10
601;37
601;41
601;151
601;166
602;6
602;11
602;38
602;75
602;102
602;170
603;4
603;10
603;33
603;76
603;100
603;167
604;5
604;19
604;39
604;40
604;113
604;160
605;5
605;19
605;20
605;42
605;151
605;316
606;4
606;19
606;37
606;75
606;84
606;263
607;5
607;19
607;37
607;75
607;84
607;161
608;4
608;19
608;20
608;42
608;101
608;161
609;9
609;19
609;20
609;64
609;101
609;178
610;7
610;10
610;25
610;50
610;113
610;160
611;4
611;19
611;25
611;63
611;101
611;177
612;4
612;19
612;38
612;75
612;101
612;176
613;4
613;19
613;38
613;63
613;101
613;161
614;9
614;19
614;37
614;64
614;101
614;160
615;7
615;15
615;23
615;50
615;159
615;163
616;9
616;13
616;37
616;74
616;93
616;211
617;7
617;19
617;38
617;57
617;150
617;161
618;7
618;14
618;23
618;41
618;152
618;193
619;8
619;13
619;20
619;75
619;153
619;191
620;9
620;15
620;34
620;76
620;126
620;273
621;5
621;19
621;31
621;63
621;151
621;176
622;4
622;10
622;38
622;63
622;112
622;176
623;4
623;17
623;32
623;50
623;113
623;177
624;4
624;17
624;37
624;50
624;99
624;190
625;4
625;17
625;38
625;50
625;101
625;178
626;4
626;19
626;34
626;63
626;148
626;291
627;4
627;17
627;38
627;50
627;151
627;176
628;4
628;18
628;37
628;50
628;149
628;442
629;4
629;19
629;38
629;50
629;84
629;176
630;4
630;17
630;37
630;50
630;100
630;409
631;8
631;10
631;37
631;63
631;146
631;175
632;4
632;12
632;37
632;50
632;100
632;284
633;4
633;17
633;37
633;50
633;101
633;290
634;4
634;17
634;31
634;64
634;113
634;294
635;4
635;17
635;25
635;56
635;113
635;191
636;4
636;17
636;28
636;50
636;85
636;172
637;4
637;13
637;22
637;50
637;113
637;177
638;4
638;13
638;32
638;50
638;113
638;177
639;4
639;16
639;22
639;76
639;113
639;178
640;4
640;13
640;21
640;75
640;85
640;223
641;4
641;16
641;25
641;75
641;113
641;486
642;8
642;11
642;36
642;76
642;80
642;289
643;9
643;10
643;38
643;75
643;100
643;219
644;8
644;10
644;39
644;40
644;85
644;297
645;9
645;10
645;21
645;43
645;85
645;297
646;9
646;10
646;20
646;41
646;127
646;378
647;8
647;10
647;32
647;42
647;153
647;187
648;5
648;10
648;37
648;42
648;149
648;170
649;4
649;19
649;38
649;75
649;101
649;204
650;8
650;19
650;38
650;78
650;81
650;169
651;8
651;10
651;21
651;42
651;85
651;171
652;8
652;19
652;21
652;42
652;84
652;204
653;8
653;19
653;21
653;42
653;84
653;169
654;8
654;16
654;21
654;42
654;85
654;168
655;8
655;11
655;29
655;42
655;85
655;169
656;5
656;12
656;21
656;42
656;84
656;169
657;4
657;10
657;21
657;42
657;84
657;167
658;3
658;15
658;23
658;43
658;80
658;194
659;5
659;13
659;37
659;75
659;112
659;169
660;5
660;19
660;38
660;75
660;151
660;170
661;5
661;10
661;21
661;42
661;86
661;169
662;5
662;10
662;21
662;42
662;84
662;169
663;4
663;19
663;21
663;41
663;83
663;169
664;0
664;19
664;37
664;75
664;149
664;202
665;6
665;19
665;38
665;75
665;151
665;168
666;9
666;10
666;38
666;75
666;149
666;168
667;4
667;12
667;37
667;75
667;100
667;300
668;4
668;19
668;38
668;75
668;150
668;301
669;7
669;10
669;38
669;75
669;101
669;165
670;4
670;19
670;37
670;42
670;85
670;170
671;4
671;19
671;38
671;42
671;84
671;168
672;4
672;10
672;28
672;43
672;100
672;169
673;4
673;10
673;37
673;42
673;100
673;170
674;8
674;19
674;33
674;42
674;100
674;316
675;7
675;19
675;36
675;57
675;100
675;169
676;8
676;19
676;20
676;42
676;84
676;168
677;7
677;10
677;38
677;74
677;151
677;190
678;4
678;19
678;38
678;74
678;113
678;169
679;4
679;11
679;38
679;74
679;113
679;167
680;4
680;13
680;37
680;75
680;105
680;169
681;6
681;13
681;38
681;42
681;100
681;300
682;6
682;19
682;37
682;42
682;101
682;169
683;5
683;19
683;38
683;42
683;85
683;171
684;5
684;11
684;32
684;42
684;86
684;172
685;9
685;18
685;38
685;42
685;95
685;170
686;5
686;19
686;37
686;75
686;85
686;173
687;5
687;10
687;39
687;43
687;85
687;171
688;5
688;19
688;20
688;76
688;100
688;168
689;4
689;19
689;34
689;67
689;101
689;168
690;5
690;10
690;37
690;43
690;102
690;170
691;4
691;19
691;38
691;75
691;100
691;188
692;4
692;19
692;38
692;42
692;84
692;170
693;4
693;19
693;21
693;42
693;101
693;213
694;4
694;19
694;21
694;41
694;101
694;171
695;9
695;19
695;21
695;42
695;102
695;484
696;6
696;18
696;25
696;50
696;85
696;190
697;4
697;19
697;25
697;50
697;151
697;160
698;4
698;19
698;26
698;50
698;94
698;189
699;8
699;10
699;37
699;63
699;99
699;187
700;9
700;10
700;37
700;63
700;100
700;188
701;7
701;15
701;23
701;70
701;159
701;163
702;6
702;13
702;22
702;42
702;136
702;211
703;8
703;13
703;20
703;50
703;148
703;174
704;6
704;13
704;23
704;41
704;152
704;193
705;5
705;13
705;21
705;41
705;153
705;219
706;9
706;13
706;35
706;58
706;149
706;178
707;5
707;14
707;36
707;50
707;100
707;177
708;7
708;14
708;35
708;50
708;107
708;179
709;7
709;14
709;36
709;50
709;85
709;315
710;7
710;18
710;35
710;50
710;106
710;177
711;7
711;14
711;35
711;56
711;148
711;198
712;7
712;14
712;33
712;50
712;100
712;176
713;7
713;14
713;28
713;50
713;101
713;177
714;7
714;14
714;35
714;50
714;100
714;176
715;7
715;14
715;21
715;50
715;84
715;176
716;7
716;14
716;35
716;49
716;106
716;199
717;8
717;10
717;35
717;50
717;146
717;175
718;4
718;12
718;35
718;50
718;84
718;198
719;4
719;14
719;28
719;42
719;84
719;160
720;4
720;10
720;21
720;63
720;113
720;294
721;7
721;14
721;28
721;50
721;142
721;168
722;7
722;14
722;28
722;53
722;125
722;170
723;9
723;10
723;29
723;57
723;142
723;202
724;9
724;10
724;28
724;57
724;142
724;229
725;8
725;15
725;23
725;56
725;117
725;194
726;8
726;13
726;21
726;57
726;135
726;211
727;8
727;10
727;25
727;56
727;113
727;178
728;8
728;11
728;28
728;75
728;80
728;206
729;9
729;10
729;21
729;57
729;114
729;200
730;8
730;10
730;26
730;57
730;80
730;451
731;7
731;13
731;20
731;44
731;119
731;287
732;6
732;11
732;25
732;56
732;154
732;222
733;6
733;14
733;23
733;44
733;155
733;283
734;6
734;10
734;27
734;45
734;80
734;378
735;6
735;17
735;21
735;45
735;83
735;326
736;5
736;17
736;34
736;67
736;100
736;204
737;5
737;17
737;23
737;67
737;101
737;218
738;5
738;10
738;23
738;45
738;143
738;180
739;5
739;17
739;33
739;67
739;100
739;200
740;6
740;18
740;35
740;53
740;88
740;193
741;6
741;10
741;22
741;65
741;87
741;174
742;5
742;14
742;23
742;68
742;91
742;161
743;5
743;14
743;25
743;50
743;102
743;178
744;6
744;10
744;22
744;45
744;80
744;241
745;5
745;10
745;22
745;45
745;88
745;201
746;5
746;14
746;21
746;45
746;91
746;475
747;9
747;10
747;21
747;42
747;84
747;232
748;5
748;10
748;21
748;43
748;106
748;255
749;5
749;18
749;20
749;44
749;131
749;242
750;5
750;19
750;38
750;75
750;113
750;169
751;5
751;19
751;37
751;45
751;94
751;171
752;5
752;17
752;33
752;50
752;100
752;166
753;5
753;10
753;33
753;44
753;147
753;165
754;5
754;19
754;38
754;45
754;80
754;179
755;9
755;19
755;38
755;56
755;113
755;268
756;5
756;19
756;37
756;75
756;150
756;300
757;5
757;19
757;37
757;45
757;151
757;367
758;5
758;10
758;22
758;45
758;88
758;162
759;5
759;10
759;38
759;45
759;99
759;463
760;5
760;19
760;23
760;76
760;94
760;168
761;5
761;19
761;37
761;75
761;149
761;334
762;5
762;19
762;38
762;75
762;150
762;338
763;5
763;19
763;37
763;75
763;150
763;338
764;5
764;19
764;37
764;75
764;112
764;187
765;5
765;19
765;38
765;44
765;113
765;164
766;5
766;10
766;29
766;57
766;159
766;169
767;5
767;10
767;23
767;67
767;158
767;163
768;5
768;10
768;28
768;56
768;80
768;165
769;5
769;10
769;28
769;45
769;83
769;165
770;5
770;19
770;28
770;57
770;83
770;164
771;5
771;14
771;28
771;56
771;147
771;190
772;5
772;14
772;28
772;45
772;142
772;189
773;5
773;19
773;23
773;45
773;85
773;180
774;5
774;10
774;28
774;45
774;84
774;208
775;5
775;10
775;28
775;45
775;84
775;168
776;6
776;10
776;23
776;42
776;83
776;178
777;4
777;12
777;21
777;56
777;84
777;184
778;4
778;13
778;28
778;56
778;84
778;186
779;4
779;17
779;33
779;41
779;84
779;178
780;4
780;17
780;33
780;67
780;100
780;286
781;4
781;17
781;33
781;50
781;101
781;484
782;4
782;17
782;29
782;50
782;102
782;165
783;4
783;12
783;29
783;48
783;83
783;179
784;4
784;13
784;22
784;43
784;85
784;201
785;4
785;12
785;23
785;46
785;93
785;162
786;4
786;12
786;25
786;50
786;127
786;306
787;5
787;17
787;21
787;46
787;90
787;240
788;4
788;17
788;22
788;67
788;89
788;179
789;9
789;19
789;21
789;42
789;90
789;178
790;8
790;17
790;21
790;42
790;84
790;169
791;8
791;17
791;21
791;42
791;84
791;230
792;4
792;13
792;35
792;44
792;101
792;169
793;4
793;19
793;38
793;75
793;94
793;227
794;4
794;17
794;37
794;46
794;84
794;287
795;4
795;17
795;21
795;63
795;100
795;165
796;4
796;17
796;34
796;42
796;101
796;168
797;4
797;17
797;34
797;56
797;100
797;354
798;4
798;19
798;33
798;76
798;95
798;305
799;4
799;19
799;38
799;75
799;93
799;162
800;4
800;17
800;21
800;42
800;86
800;212
801;4
801;17
801;21
801;42
801;84
801;211
802;4
802;17
802;22
802;42
802;85
802;210
803;4
803;17
803;20
803;50
803;85
803;160
804;4
804;17
804;21
804;42
804;84
804;165
805;4
805;12
805;21
805;42
805;83
805;161
806;5
806;12
806;20
806;63
806;84
806;281
807;4
807;12
807;28
807;42
807;92
807;273
808;4
808;18
808;39
808;42
808;99
808;164
809;4
809;17
809;28
809;75
809;107
809;160
810;4
810;17
810;28
810;72
810;106
810;164
811;4
811;14
811;28
811;42
811;119
811;162
812;4
812;14
812;28
812;42
812;119
812;160
813;4
813;14
813;28
813;42
813;110
813;164
814;4
814;13
814;20
814;50
814;112
814;180
815;4
815;17
815;21
815;49
815;101
815;486
816;4
816;16
816;28
816;56
816;120
816;179
817;9
817;14
817;28
817;64
817;99
817;198
818;8
818;14
818;28
818;57
818;85
818;165
819;6
819;10
819;33
819;56
819;121
819;318
820;4
820;19
820;38
820;76
820;113
820;227
821;5
821;19
821;39
821;40
821;84
821;210
822;5
822;10
822;21
822;42
822;86
822;169
823;7
823;19
823;22
823;44
823;84
823;503
824;5
824;19
824;23
824;45
824;107
824;460
825;5
825;14
825;28
825;44
825;85
825;167
826;5
826;19
826;23
826;45
826;85
826;482
827;6
827;10
827;28
827;41
827;85
827;162
828;5
828;19
828;23
828;45
828;146
828;457
829;5
829;14
829;22
829;45
829;157
829;506
830;9
830;10
830;28
830;57
830;85
830;170
831;9
831;10
831;28
831;70
831;84
831;169
832;5
832;14
832;28
832;45
832;85
832;169
833;5
833;14
833;28
833;45
833;85
833;171
834;9
834;14
834;28
834;45
834;84
834;487
835;5
835;18
835;34
835;45
835;80
835;215
836;5
836;14
836;37
836;56
836;93
836;166
837;5
837;10
837;22
837;42
837;85
837;168
838;5
838;10
838;23
838;42
838;84
838;169
839;5
839;19
839;21
839;45
839;149
839;160
840;5
840;14
840;23
840;45
840;84
840;170
841;5
841;19
841;23
841;57
841;84
841;229
842;5
842;19
842;37
842;45
842;85
842;181
843;9
843;10
843;22
843;45
843;84
843;170
844;9
844;10
844;23
844;45
844;113
844;169
845;5
845;10
845;23
845;45
845;84
845;227
846;5
846;10
846;29
846;41
846;86
846;207
847;5
847;14
847;28
847;56
847;84
847;196
848;5
848;14
848;28
848;56
848;83
848;173
849;5
849;14
849;28
849;45
849;85
849;228
850;5
850;14
850;22
850;45
850;124
850;425
851;5
851;19
851;21
851;40
851;126
851;164
852;5
852;10
852;22
852;42
852;84
852;169
853;5
853;10
853;22
853;67
853;159
853;163
854;5
854;14
854;23
854;45
854;85
854;160
855;5
855;19
855;28
855;56
855;86
855;410
856;5
856;14
856;38
856;56
856;84
856;330
857;5
857;14
857;28
857;57
857;85
857;181
858;5
858;10
858;27
858;56
858;83
858;191
859;5
859;10
859;28
859;56
859;149
859;180
860;9
860;10
860;29
860;57
860;84
860;198
861;9
861;10
861;28
861;56
861;140
861;161
862;6
862;14
862;28
862;57
862;84
862;454
863;4
863;14
863;28
863;56
863;84
863;479
864;3
864;14
864;28
864;56
864;84
864;501
865;3
865;14
865;28
865;42
865;86
865;505
866;9
866;10
866;25
866;42
866;85
866;279
867;9
867;10
867;32
867;50
867;81
867;208
868;3
868;19
868;37
868;56
868;150
868;167
869;3
869;10
869;21
869;43
869;85
869;166
870;6
870;10
870;21
870;63
870;84
870;168
871;3
871;10
871;32
871;42
871;144
871;162
872;3
872;10
872;21
872;42
872;84
872;163
873;3
873;10
873;34
873;68
873;125
873;305
874;3
874;16
874;32
874;42
874;83
874;166
875;3
875;16
875;21
875;43
875;80
875;188
876;3
876;10
876;21
876;41
876;84
876;182
877;3
877;10
877;21
877;40
877;81
877;181
878;3
878;10
878;34
878;50
878;82
878;176
879;3
879;10
879;21
879;42
879;81
879;160
880;3
880;10
880;21
880;42
880;83
880;182
881;3
881;10
881;21
881;63
881;83
881;196
882;3
882;10
882;32
882;42
882;84
882;170
883;3
883;10
883;21
883;42
883;80
883;455
884;3
884;13
884;34
884;76
884;141
884;305
885;3
885;13
885;35
885;68
885;134
885;316
886;3
886;13
886;21
886;67
886;136
886;308
887;3
887;10
887;31
887;76
887;139
887;318
888;3
888;10
888;32
888;43
888;139
888;309
889;3
889;10
889;33
889;50
889;100
889;160
890;3
890;10
890;21
890;42
890;115
890;176
891;3
891;10
891;22
891;42
891;116
891;175
892;5
892;16
892;32
892;63
892;115
892;176
893;3
893;10
893;21
893;62
893;122
893;182
894;3
894;10
894;39
894;42
894;121
894;241
895;3
895;16
895;32
895;74
895;122
895;298
896;3
896;16
896;21
896;57
896;122
896;241
897;3
897;16
897;21
897;42
897;121
897;303
898;3
898;16
898;32
898;60
898;122
898;181
899;3
899;10
899;21
899;61
899;119
899;182
900;3
900;10
900;21
900;60
900;122
900;169
901;3
901;10
901;30
901;57
901;122
901;179
902;3
902;10
902;32
902;59
902;114
902;170
903;6
903;12
903;21
903;64
903;123
903;190
904;6
904;19
904;21
904;63
904;124
904;191
905;6
905;19
905;31
905;56
905;123
905;190
906;7
906;11
906;25
906;74
906;119
906;201
907;9
907;11
907;24
907;45
907;119
907;225
908;7
908;16
908;23
908;61
908;119
908;229
909;6
909;11
909;39
909;60
909;119
909;174
910;6
910;11
910;22
910;60
910;120
910;178
911;8
911;12
911;24
911;50
911;121
911;234
912;6
912;13
912;24
912;57
912;118
912;171
913;7
913;13
913;22
913;64
913;126
913;235
914;7
914;11
914;22
914;66
914;127
914;238
915;9
915;19
915;33
915;58
915;119
915;178
916;7
916;19
916;38
916;63
916;83
916;188
917;6
917;19
917;21
917;42
917;80
917;166
918;8
918;10
918;21
918;42
918;84
918;169
919;8
919;10
919;21
919;42
919;84
919;170
920;6
920;11
920;21
920;42
920;84
920;168
921;7
921;13
921;21
921;42
921;84
921;169
922;3
922;19
922;21
922;42
922;120
922;212
923;5
923;19
923;21
923;43
923;121
923;160
924;9
924;11
924;21
924;42
924;120
924;169
925;5
925;11
925;21
925;42
925;120
925;169
926;9
926;18
926;28
926;57
926;120
926;181
927;5
927;10
927;38
927;65
927;85
927;170
928;4
928;19
928;28
928;50
928;84
928;169
929;5
929;19
929;36
929;50
929;148
929;160
930;5
930;19
930;20
930;76
930;113
930;266
931;4
931;19
931;22
931;76
931;82
931;203
932;8
932;19
932;38
932;40
932;80
932;163
933;9
933;19
933;25
933;75
933;113
933;188
934;9
934;19
934;37
934;50
934;151
934;190
935;5
935;19
935;38
935;75
935;150
935;188
936;4
936;19
936;38
936;75
936;150
936;413
937;4
937;16
937;38
937;77
937;151
937;167
938;5
938;13
938;33
938;75
938;150
938;187
939;5
939;10
939;28
939;76
939;151
939;169
940;5
940;10
940;28
940;42
940;113
940;315
941;4
941;19
941;23
941;44
941;113
941;485
942;9
942;19
942;38
942;74
942;124
942;507
943;9
943;19
943;38
943;75
943;151
943;188
944;9
944;19
944;28
944;75
944;150
944;187
945;9
945;10
945;37
945;75
945;147
945;169
946;4
946;12
946;33
946;67
946;99
946;190
947;4
947;11
947;37
947;66
947;150
947;187
948;7
948;10
948;38
948;75
948;150
948;188
949;4
949;19
949;37
949;42
949;113
949;188
950;4
950;10
950;28
950;42
950;85
950;170
951;4
951;10
951;22
951;45
951;85
951;190
952;4
952;10
952;22
952;44
952;113
952;187
953;8
953;18
953;33
953;40
953;96
953;223
954;9
954;19
954;38
954;76
954;112
954;377
955;9
955;18
955;35
955;75
955;111
955;304
956;8
956;10
956;21
956;42
956;86
956;169
957;4
957;12
957;21
957;42
957;84
957;169
958;4
958;19
958;21
958;42
958;84
958;170
959;7
959;13
959;21
959;64
959;84
959;168
960;6
960;13
960;25
960;42
960;83
960;169
961;6
961;13
961;25
961;42
961;84
961;170
962;5
962;11
962;22
962;42
962;84
962;171
963;5
963;11
963;21
963;41
963;84
963;170
964;5
964;10
964;21
964;41
964;84
964;169
965;5
965;10
965;28
965;63
965;84
965;169
966;5
966;10
966;21
966;42
966;114
966;169
967;6
967;11
967;21
967;42
967;84
967;168
968;4
968;10
968;33
968;75
968;113
968;226
969;5
969;10
969;39
969;41
969;114
969;161
970;5
970;13
970;21
970;42
970;84
970;200
971;4
971;16
971;21
971;42
971;84
971;224
972;5
972;10
972;22
972;42
972;84
972;315
973;4
973;17
973;21
973;50
973;150
973;160
974;8
974;10
974;20
974;50
974;151
974;199
975;7
975;10
975;38
975;75
975;114
975;341
976;4
976;19
976;37
976;75
976;113
976;302
977;8
977;19
977;37
977;75
977;101
977;299
978;4
978;19
978;32
978;75
978;151
978;168
979;9
979;19
979;38
979;75
979;151
979;377
980;7
980;15
980;23
980;75
980;151
980;163
981;7
981;13
981;38
981;75
981;112
981;211
982;7
982;13
982;20
982;74
982;111
982;219
983;7
983;13
983;23
983;75
983;93
983;193
984;8
984;13
984;37
984;74
984;111
984;219
985;9
985;19
985;38
985;75
985;92
985;168
986;5
986;19
986;38
986;75
986;85
986;188
987;4
987;17
987;38
987;50
987;85
987;497
988;4
988;18
988;38
988;50
988;85
988;170
989;5
989;17
989;38
989;50
989;85
989;170
990;4
990;17
990;38
990;50
990;84
990;469
991;4
991;19
991;38
991;75
991;86
991;190
992;4
992;17
992;37
992;75
992;80
992;201
993;4
993;10
993;21
993;42
993;85
993;211
994;4
994;13
994;25
994;42
994;85
994;273
995;4
995;10
995;22
995;50
995;85
995;474
996;4
996;10
996;33
996;56
996;147
996;176
997;4
997;17
997;25
997;47
997;94
997;372
998;4
998;17
998;25
998;47
998;113
998;188
999;9
999;17
999;32
999;50
999;151
999;293
1000;4
1000;13
1000;32
1000;47
1000;85
1000;316
1001;4
1001;10
1001;39
1001;71
1001;80
1001;160
1002;4
1002;13
1002;22
1002;67
1002;127
1002;169
1003;4
1003;13
1003;37
1003;67
1003;86
1003;170
1004;4
1004;15
1004;23
1004;66
1004;156
1004;164
1005;4
1005;13
1005;37
1005;63
1005;93
1005;223
1006;4
1006;13
1006;34
1006;65
1006;84
1006;163
1007;4
1007;11
1007;33
1007;67
1007;84
1007;336
1008;9
1008;10
1008;33
1008;50
1008;136
1008;341
1009;8
1009;12
1009;33
1009;50
1009;134
1009;296
1010;9
1010;10
1010;37
1010;75
1010;156
1010;281
1011;9
1011;10
1011;25
1011;44
1011;80
1011;378
1012;8
1012;10
1012;33
1012;50
1012;156
1012;286
1013;5
1013;10
1013;33
1013;67
1013;84
1013;167
1014;4
1014;10
1014;34
1014;67
1014;114
1014;302
1015;8
1015;10
1015;30
1015;63
1015;100
1015;163
1016;8
1016;10
1016;25
1016;50
1016;150
1016;160
1017;8
1017;19
1017;25
1017;50
1017;95
1017;379
1018;8
1018;13
1018;25
1018;63
1018;100
1018;380
1019;8
1019;13
1019;25
1019;50
1019;100
1019;348
1020;8
1020;13
1020;25
1020;51
1020;152
1020;377
1021;5
1021;12
1021;26
1021;63
1021;95
1021;193
1022;4
1022;14
1022;25
1022;48
1022;113
1022;316
1023;5
1023;15
1023;22
1023;50
1023;84
1023;170
1024;5
1024;13
1024;37
1024;42
1024;113
1024;354
1025;5
1025;19
1025;38
1025;44
1025;84
1025;169
1026;5
1026;19
1026;38
1026;57
1026;84
1026;200
1027;5
1027;10
1027;22
1027;66
1027;84
1027;167
1028;3
1028;18
1028;38
1028;67
1028;85
1028;202
1029;9
1029;19
1029;28
1029;56
1029;84
1029;282
1030;9
1030;17
1030;21
1030;42
1030;84
1030;168
1031;9
1031;10
1031;25
1031;51
1031;113
1031;168
1032;4
1032;12
1032;21
1032;50
1032;84
1032;167
1033;4
1033;19
1033;21
1033;50
1033;101
1033;167
1034;7
1034;10
1034;25
1034;56
1034;101
1034;376
1035;4
1035;19
1035;25
1035;45
1035;99
1035;250
1036;3
1036;10
1036;25
1036;40
1036;84
1036;276
1037;4
1037;10
1037;25
1037;42
1037;85
1037;225
1038;5
1038;10
1038;25
1038;42
1038;100
1038;200
1039;8
1039;14
1039;21
1039;63
1039;84
1039;478
1040;9
1040;14
1040;28
1040;63
1040;95
1040;385
1041;8
1041;19
1041;32
1041;64
1041;158
1041;410
1042;7
1042;10
1042;20
1042;63
1042;94
1042;172
1043;4
1043;12
1043;33
1043;67
1043;101
1043;223
1044;4
1044;10
1044;21
1044;41
1044;84
1044;165
1045;4
1045;13
1045;38
1045;42
1045;84
1045;225
1046;6
1046;13
1046;38
1046;42
1046;85
1046;170
1047;6
1047;19
1047;28
1047;42
1047;84
1047;171
1048;5
1048;11
1048;22
1048;57
1048;85
1048;170
1049;5
1049;11
1049;21
1049;56
1049;84
1049;201
1050;5
1050;10
1050;28
1050;75
1050;85
1050;170
1051;5
1051;10
1051;21
1051;75
1051;101
1051;203
1052;5
1052;10
1052;21
1052;75
1052;113
1052;170
1053;6
1053;10
1053;21
1053;75
1053;113
1053;171
1054;4
1054;10
1054;21
1054;76
1054;113
1054;171
1055;9
1055;12
1055;21
1055;42
1055;113
1055;229
1056;4
1056;17
1056;25
1056;50
1056;100
1056;200
1057;4
1057;17
1057;25
1057;50
1057;127
1057;203
1058;5
1058;10
1058;25
1058;50
1058;100
1058;201
1059;4
1059;10
1059;21
1059;68
1059;100
1059;201
1060;9
1060;17
1060;31
1060;50
1060;133
1060;191
1061;6
1061;10
1061;31
1061;76
1061;100
1061;201
1062;4
1062;16
1062;25
1062;75
1062;100
1062;251
1063;4
1063;17
1063;25
1063;75
1063;100
1063;201
1064;4
1064;17
1064;32
1064;51
1064;152
1064;201
1065;9
1065;17
1065;34
1065;75
1065;100
1065;200
1066;7
1066;15
1066;23
1066;50
1066;100
1066;194
1067;7
1067;13
1067;25
1067;50
1067;100
1067;316
1068;8
1068;14
1068;26
1068;50
1068;114
1068;198
1069;9
1069;13
1069;21
1069;68
1069;100
1069;193
1070;6
1070;13
1070;21
1070;64
1070;152
1070;170
1071;9
1071;10
1071;33
1071;45
1071;127
1071;171
1072;5
1072;12
1072;28
1072;56
1072;85
1072;171
1073;7
1073;18
1073;36
1073;71
1073;85
1073;213
1074;7
1074;18
1074;36
1074;71
1074;85
1074;170
1075;7
1075;18
1075;28
1075;71
1075;85
1075;169
1076;7
1076;18
1076;21
1076;71
1076;100
1076;169
1077;7
1077;18
1077;36
1077;72
1077;82
1077;171
1078;7
1078;18
1078;35
1078;71
1078;113
1078;214
1079;7
1079;11
1079;21
1079;71
1079;113
1079;215
1080;7
1080;11
1080;36
1080;50
1080;112
1080;170
1081;7
1081;11
1081;35
1081;50
1081;113
1081;215
1082;7
1082;14
1082;21
1082;42
1082;101
1082;171
1083;7
1083;14
1083;22
1083;43
1083;100
1083;172
1084;7
1084;14
1084;35
1084;50
1084;100
1084;215
1085;7
1085;10
1085;25
1085;43
1085;84
1085;160
1086;4
1086;12
1086;25
1086;71
1086;84
1086;172
1087;4
1087;14
1087;25
1087;71
1087;83
1087;170
1088;9
1088;10
1088;28
1088;71
1088;84
1088;212
1089;9
1089;10
1089;28
1089;71
1089;85
1089;202
1090;8
1090;10
1090;28
1090;71
1090;100
1090;213
1091;8
1091;10
1091;35
1091;71
1091;100
1091;461
1092;8
1092;18
1092;28
1092;71
1092;101
1092;475
1093;8
1093;11
1093;37
1093;50
1093;100
1093;186
1094;9
1094;10
1094;37
1094;75
1094;112
1094;299
1095;8
1095;19
1095;37
1095;79
1095;80
1095;169
1096;7
1096;13
1096;21
1096;42
1096;85
1096;287
1097;6
1097;11
1097;21
1097;42
1097;85
1097;222
1098;6
1098;10
1098;37
1098;42
1098;80
1098;161
1099;4
1099;19
1099;37
1099;43
1099;100
1099;271
1100;6
1100;19
1100;37
1100;75
1100;84
1100;198
1101;5
1101;19
1101;39
1101;42
1101;84
1101;164
1102;5
1102;10
1102;21
1102;42
1102;85
1102;169
1103;6
1103;10
1103;21
1103;42
1103;84
1103;170
1104;6
1104;10
1104;21
1104;42
1104;84
1104;163
1105;5
1105;10
1105;21
1105;42
1105;84
1105;169
1106;9
1106;11
1106;29
1106;42
1106;84
1106;169
1107;4
1107;12
1107;21
1107;42
1107;84
1107;169
1108;4
1108;14
1108;21
1108;42
1108;85
1108;167
1109;5
1109;15
1109;23
1109;76
1109;113
1109;193
1110;5
1110;18
1110;28
1110;74
1110;148
1110;186
1111;5
1111;19
1111;37
1111;75
1111;150
1111;170
1112;5
1112;10
1112;21
1112;43
1112;86
1112;170
1113;6
1113;19
1113;21
1113;42
1113;84
1113;170
1114;5
1114;19
1114;39
1114;40
1114;81
1114;161
1115;5
1115;19
1115;37
1115;75
1115;150
1115;169
1116;5
1116;19
1116;37
1116;75
1116;150
1116;169
1117;8
1117;10
1117;38
1117;50
1117;150
1117;184
1118;4
1118;19
1118;37
1118;75
1118;112
1118;169
1119;4
1119;19
1119;20
1119;75
1119;113
1119;315
1120;6
1120;19
1120;28
1120;42
1120;150
1120;169
1121;4
1121;19
1121;28
1121;42
1121;85
1121;187
1122;4
1122;10
1122;28
1122;56
1122;101
1122;169
1123;4
1123;10
1123;38
1123;42
1123;85
1123;170
1124;4
1124;19
1124;38
1124;42
1124;84
1124;170
1125;7
1125;19
1125;37
1125;42
1125;101
1125;315
1126;9
1126;19
1126;38
1126;42
1126;84
1126;169
1127;8
1127;19
1127;38
1127;75
1127;84
1127;168
1128;6
1128;10
1128;38
1128;75
1128;89
1128;190
1129;4
1129;12
1129;38
1129;75
1129;84
1129;169
1130;4
1130;19
1130;39
1130;42
1130;85
1130;165
1131;4
1131;13
1131;37
1131;50
1131;151
1131;202
1132;6
1132;13
1132;38
1132;75
1132;84
1132;301
1133;6
1133;17
1133;38
1133;43
1133;85
1133;300
1134;5
1134;19
1134;37
1134;42
1134;84
1134;168
1135;5
1135;19
1135;21
1135;42
1135;82
1135;167
1136;9
1136;10
1136;38
1136;76
1136;86
1136;166
1137;5
1137;19
1137;28
1137;42
1137;100
1137;169
1138;5
1138;10
1138;38
1138;40
1138;152
1138;166
1139;6
1139;19
1139;38
1139;76
1139;101
1139;204
1140;4
1140;10
1140;34
1140;76
1140;104
1140;209
1141;9
1141;10
1141;36
1141;75
1141;152
1141;160
1142;4
1142;19
1142;20
1142;75
1142;151
1142;177
1143;4
1143;19
1143;37
1143;75
1143;100
1143;168
1144;4
1144;19
1144;37
1144;75
1144;84
1144;161
1145;4
1145;19
1145;38
1145;64
1145;101
1145;448
1146;9
1146;18
1146;38
1146;64
1146;101
1146;176
1147;6
1147;19
1147;38
1147;50
1147;84
1147;160
1148;4
1148;17
1148;21
1148;50
1148;100
1148;177
1149;4
1149;19
1149;38
1149;63
1149;84
1149;161
1150;4
1150;17
1150;38
1150;63
1150;101
1150;161
1151;9
1151;19
1151;37
1151;64
1151;101
1151;160
1152;7
1152;15
1152;23
1152;76
1152;154
1152;193
1153;7
1153;13
1153;37
1153;74
1153;93
1153;316
1154;8
1154;19
1154;20
1154;41
1154;150
1154;179
1155;9
1155;13
1155;38
1155;41
1155;151
1155;202
1156;6
1156;13
1156;37
1156;40
1156;153
1156;187
1157;9
1157;10
1157;33
1157;56
1157;95
1157;187
1158;4
1158;12
1158;38
1158;50
1158;150
1158;229
1159;4
1159;17
1159;38
1159;75
1159;113
1159;160
1160;5
1160;18
1160;38
1160;63
1160;101
1160;160
1161;4
1161;13
1161;37
1161;63
1161;101
1161;191
1162;4
1162;17
1162;37
1162;50
1162;84
1162;191
1163;4
1163;17
1163;33
1163;63
1163;147
1163;228
1164;4
1164;17
1164;37
1164;50
1164;131
1164;177
1165;4
1165;19
1165;38
1165;76
1165;150
1165;453
1166;4
1166;19
1166;38
1166;75
1166;113
1166;190
1167;4
1167;17
1167;38
1167;63
1167;100
1167;410
1168;8
1168;10
1168;20
1168;50
1168;85
1168;174
1169;4
1169;12
1169;38
1169;75
1169;84
1169;289
1170;8
1170;17
1170;21
1170;50
1170;113
1170;410
1171;4
1171;17
1171;32
1171;63
1171;128
1171;176
1172;4
1172;17
1172;31
1172;63
1172;148
1172;191
1173;4
1173;17
1173;23
1173;42
1173;151
1173;174
1174;4
1174;13
1174;25
1174;50
1174;113
1174;223
1175;4
1175;17
1175;32
1175;50
1175;113
1175;177
1176;4
1176;15
1176;23
1176;42
1176;84
1176;193
1177;4
1177;13
1177;21
1177;50
1177;85
1177;211
1178;4
1178;17
1178;21
1178;50
1178;148
1178;491
1179;9
1179;10
1179;38
1179;76
1179;100
1179;289
1180;9
1180;10
1180;38
1180;76
1180;113
1180;219
1181;9
1181;10
1181;21
1181;42
1181;85
1181;220
1182;9
1182;10
1182;21
1182;42
1182;83
1182;377
1183;9
1183;10
1183;20
1183;43
1183;144
1183;284
1184;7
1184;10
1184;34
1184;44
1184;84
1184;162
1185;4
1185;19
1185;38
1185;76
1185;150
1185;172
1186;8
1186;19
1186;38
1186;75
1186;101
1186;204
1187;5
1187;19
1187;20
1187;42
1187;82
1187;170
1188;8
1188;10
1188;21
1188;43
1188;85
1188;170
1189;8
1189;10
1189;21
1189;42
1189;83
1189;168
1190;8
1190;19
1190;21
1190;56
1190;84
1190;169
1191;8
1191;19
1191;21
1191;56
1191;84
1191;168
1192;8
1192;10
1192;21
1192;56
1192;84
1192;169
1193;4
1193;13
1193;21
1193;42
1193;85
1193;169
1194;4
1194;11
1194;21
1194;42
1194;84
1194;167
1195;3
1195;14
1195;22
1195;42
1195;100
1195;193
1196;5
1196;13
1196;37
1196;75
1196;150
1196;170
1197;5
1197;19
1197;28
1197;45
1197;151
1197;169
1198;5
1198;10
1198;21
1198;43
1198;86
1198;169
1199;5
1199;10
1199;21
1199;42
1199;84
1199;169
1200;3
1200;19
1200;20
1200;41
1200;82
1200;164
1201;7
1201;19
1201;37
1201;76
1201;149
1201;298
1202;9
1202;19
1202;38
1202;75
1202;150
1202;168
1203;7
1203;10
1203;37
1203;75
1203;100
1203;302
1204;4
1204;19
1204;37
1204;75
1204;113
1204;301
1205;4
1205;19
1205;37
1205;75
1205;150
1205;301
1206;5
1206;10
1206;38
1206;42
1206;101
1206;170
1207;4
1207;19
1207;37
1207;42
1207;101
1207;169
1208;5
1208;10
1208;38
1208;42
1208;84
1208;168
1209;5
1209;10
1209;28
1209;56
1209;100
1209;170
1210;4
1210;10
1210;21
1210;42
1210;100
1210;169
1211;8
1211;19
1211;33
1211;42
1211;100
1211;202
1212;7
1212;19
1212;37
1212;44
1212;100
1212;169
1213;9
1213;19
1213;36
1213;75
1213;84
1213;168
1214;6
1214;19
1214;38
1214;75
1214;150
1214;190
1215;4
1215;19
1215;38
1215;75
1215;150
1215;168
1216;4
1216;14
1216;23
1216;75
1216;90
1216;186
1217;4
1217;19
1217;38
1217;42
1217;150
1217;211
1218;6
1218;19
1218;38
1218;42
1218;100
1218;301
1219;6
1219;19
1219;38
1219;42
1219;106
1219;301
1220;5
1220;19
1220;38
1220;43
1220;85
1220;172
1221;5
1221;11
1221;21
1221;42
1221;85
1221;171
1222;5
1222;19
1222;38
1222;42
1222;151
1222;170
1223;5
1223;10
1223;38
1223;42
1223;85
1223;173
1224;5
1224;11
1224;38
1224;40
1224;80
1224;174
1225;5
1225;10
1225;37
1225;76
1225;100
1225;168
1226;5
1226;10
1226;37
1226;68
1226;100
1226;168
1227;7
1227;10
1227;38
1227;75
1227;149
1227;315
1228;4
1228;19
1228;37
1228;75
1228;101
1228;264
1229;5
1229;19
1229;39
1229;40
1229;83
1229;169
1230;4
1230;19
1230;21
1230;42
1230;85
1230;213
1231;4
1231;19
1231;21
1231;43
1231;101
1231;177
1232;9
1232;11
1232;21
1232;62
1232;150
1232;485
1233;5
1233;12
1233;32
1233;50
1233;84
1233;190
1234;4
1234;17
1234;32
1234;48
1234;149
1234;160
1235;4
1235;17
1235;32
1235;63
1235;151
1235;315
1236;5
1236;10
1236;38
1236;62
1236;99
1236;188
1237;9
1237;10
1237;37
1237;63
1237;94
1237;189
1238;8
1238;13
1238;23
1238;50
1238;154
1238;193
1239;7
1239;13
1239;33
1239;50
1239;134
1239;316
1240;8
1240;14
1240;23
1240;42
1240;84
1240;186
1241;8
1241;13
1241;26
1241;40
1241;135
1241;202
1242;6
1242;13
1242;39
1242;40
1242;85
1242;286
1243;9
1243;10
1243;36
1243;49
1243;150
1243;179
1244;4
1244;12
1244;35
1244;50
1244;100
1244;176
1245;4
1245;18
1245;35
1245;50
1245;141
1245;177
1246;4
1246;18
1246;21
1246;63
1246;142
1246;197
1247;7
1247;18
1247;21
1247;56
1247;126
1247;176
1248;7
1248;14
1248;35
1248;56
1248;100
1248;175
1249;7
1249;14
1249;36
1249;51
1249;85
1249;375
1250;7
1250;14
1250;35
1250;50
1250;84
1250;160
1251;7
1251;14
1251;36
1251;50
1251;84
1251;315
1252;7
1252;14
1252;28
1252;42
1252;85
1252;160
1253;7
1253;14
1253;21
1253;42
1253;84
1253;235
1254;7
1254;10
1254;21
1254;50
1254;113
1254;228
1255;4
1255;12
1255;28
1255;56
1255;142
1255;200
1256;4
1256;15
1256;28
1256;56
1256;113
1256;199
1257;4
1257;11
1257;28
1257;63
1257;85
1257;192
1258;7
1258;10
1258;21
1258;57
1258;85
1258;200
1259;7
1259;12
1259;23
1259;79
1259;80
1259;219
1260;9
1260;10
1260;20
1260;77
1260;155
1260;163
1261;8
1261;10
1261;21
1261;63
1261;80
1261;187
1262;8
1262;14
1262;23
1262;79
1262;80
1262;164
1263;8
1263;13
1263;21
1263;75
1263;150
1263;160
1264;8
1264;13
1264;21
1264;60
1264;80
1264;194
1265;9
1265;10
1265;21
1265;77
1265;124
1265;163
1266;9
1266;10
1266;22
1266;56
1266;82
1266;161
1267;9
1267;10
1267;22
1267;76
1267;80
1267;446
1268;7
1268;13
1268;20
1268;42
1268;154
1268;377
1269;6
1269;11
1269;28
1269;46
1269;80
1269;221
1270;6
1270;11
1270;20
1270;40
1270;86
1270;284
1271;5
1271;11
1271;37
1271;75
1271;153
1271;170
1272;5
1272;10
1272;23
1272;76
1272;80
1272;257
1273;5
1273;10
1273;23
1273;76
1273;80
1273;163
1274;5
1274;10
1274;23
1274;77
1274;91
1274;298
1275;5
1275;19
1275;20
1275;40
1275;83
1275;195
1276;4
1276;10
1276;21
1276;42
1276;84
1276;212
1277;4
1277;10
1277;21
1277;43
1277;85
1277;170
1278;5
1278;11
1278;20
1278;42
1278;152
1278;160
1279;5
1279;10
1279;23
1279;75
1279;127
1279;304
1280;5
1280;10
1280;39
1280;41
1280;82
1280;169
1281;5
1281;10
1281;21
1281;42
1281;84
1281;231
1282;5
1282;10
1282;21
1282;43
1282;89
1282;211
1283;4
1283;10
1283;21
1283;45
1283;84
1283;311
1284;4
1284;10
1284;39
1284;46
1284;86
1284;312
1285;4
1285;10
1285;39
1285;45
1285;84
1285;438
1286;5
1286;10
1286;21
1286;42
1286;84
1286;188
1287;5
1287;10
1287;21
1287;42
1287;85
1287;169
1288;5
1288;10
1288;21
1288;45
1288;83
1288;471
1289;5
1289;10
1289;23
1289;44
1289;159
1289;502
1290;5
1290;10
1290;23
1290;44
1290;84
1290;178
1291;5
1291;11
1291;21
1291;42
1291;84
1291;229
1292;5
1292;10
1292;21
1292;42
1292;84
1292;210
1293;5
1293;10
1293;21
1293;43
1293;86
1293;190
1294;5
1294;10
1294;23
1294;42
1294;84
1294;167
1295;5
1295;10
1295;23
1295;41
1295;113
1295;208
1296;5
1296;10
1296;39
1296;42
1296;84
1296;164
1297;4
1297;10
1297;21
1297;42
1297;84
1297;316
1298;4
1298;10
1298;21
1298;42
1298;85
1298;170
1299;5
1299;12
1299;21
1299;43
1299;147
1299;163
1300;5
1300;10
1300;24
1300;57
1300;84
1300;166
1301;5
1301;10
1301;23
1301;57
1301;113
1301;165
1302;5
1302;10
1302;21
1302;63
1302;84
1302;168
1303;5
1303;10
1303;21
1303;63
1303;85
1303;170
1304;5
1304;10
1304;21
1304;63
1304;85
1304;169
1305;4
1305;13
1305;21
1305;42
1305;100
1305;168
1306;4
1306;10
1306;21
1306;68
1306;133
1306;170
1307;5
1307;11
1307;20
1307;68
1307;85
1307;201
1308;5
1308;10
1308;24
1308;68
1308;85
1308;165
1309;5
1309;10
1309;23
1309;42
1309;134
1309;166
1310;5
1310;10
1310;23
1310;45
1310;84
1310;267
1311;5
1311;10
1311;23
1311;44
1311;85
1311;266
1312;5
1312;10
1312;22
1312;68
1312;133
1312;268
1313;8
1313;10
1313;20
1313;67
1313;84
1313;418
1314;4
1314;12
1314;21
1314;43
1314;85
1314;260
1315;4
1315;16
1315;34
1315;68
1315;86
1315;201
1316;4
1316;16
1316;34
1316;42
1316;85
1316;169
1317;4
1317;12
1317;20
1317;42
1317;84
1317;168
1318;4
1318;16
1318;20
1318;51
1318;101
1318;201
1319;4
1319;16
1319;20
1319;50
1319;100
1319;200
1320;4
1320;16
1320;20
1320;48
1320;99
1320;199
1321;8
1321;10
1321;20
1321;63
1321;126
1321;251
1322;4
1322;13
1322;20
1322;63
1322;125
1322;271
1323;4
1323;19
1323;20
1323;42
1323;83
1323;215
1324;4
1324;13
1324;21
1324;42
1324;84
1324;210
1325;4
1325;16
1325;21
1325;42
1325;84
1325;166
1326;4
1326;16
1326;33
1326;42
1326;99
1326;165
1327;4
1327;16
1327;21
1327;42
1327;84
1327;169
1328;4
1328;16
1328;21
1328;42
1328;84
1328;252
1329;8
1329;10
1329;21
1329;50
1329;85
1329;300
1330;4
1330;12
1330;22
1330;42
1330;86
1330;490
1331;4
1331;12
1331;21
1331;42
1331;84
1331;167
1332;4
1332;16
1332;34
1332;63
1332;126
1332;504
1333;4
1333;16
1333;20
1333;49
1333;84
1333;474
1334;4
1334;10
1334;22
1334;43
1334;85
1334;230
1335;4
1335;13
1335;21
1335;42
1335;84
1335;190
1336;4
1336;12
1336;35
1336;63
1336;86
1336;177
1337;4
1337;16
1337;39
1337;42
1337;85
1337;316
1338;4
1338;13
1338;21
1338;42
1338;84
1338;275
1339;4
1339;19
1339;22
1339;43
1339;85
1339;168
1340;4
1340;16
1340;20
1340;50
1340;100
1340;200
1341;4
1341;19
1341;21
1341;42
1341;83
1341;167
1342;4
1342;10
1342;21
1342;63
1342;85
1342;316
1343;5
1343;13
1343;21
1343;63
1343;85
1343;168
1344;4
1344;12
1344;21
1344;62
1344;85
1344;366
1345;4
1345;16
1345;33
1345;67
1345;84
1345;180
1346;4
1346;12
1346;32
1346;67
1346;100
1346;226
1347;4
1347;16
1347;20
1347;42
1347;84
1347;168
1348;4
1348;16
1348;20
1348;42
1348;85
1348;291
1349;4
1349;16
1349;39
1349;41
1349;85
1349;169
1350;4
1350;10
1350;20
1350;49
1350;99
1350;168
1351;5
1351;17
1351;21
1351;49
1351;100
1351;201
1352;4
1352;16
1352;20
1352;52
1352;101
1352;200
1353;4
1353;16
1353;20
1353;50
1353;127
1353;190
1354;4
1354;12
1354;21
1354;64
1354;126
1354;191
1355;4
1355;16
1355;20
1355;64
1355;129
1355;191
1356;6
1356;11
1356;20
1356;54
1356;85
1356;171
1357;5
1357;10
1357;37
1357;76
1357;151
1357;256
1358;5
1358;10
1358;23
1358;75
1358;85
1358;230
1359;5
1359;10
1359;23
1359;75
1359;80
1359;170
1360;5
1360;10
1360;23
1360;76
1360;80
1360;229
1361;4
1361;19
1361;21
1361;42
1361;84
1361;214
1362;4
1362;10
1362;21
1362;42
1362;84
1362;209
1363;4
1363;10
1363;21
1363;43
1363;105
1363;171
1364;5
1364;11
1364;37
1364;75
1364;149
1364;161
1365;5
1365;10
1365;37
1365;75
1365;149
1365;297
1366;5
1366;10
1366;21
1366;42
1366;83
1366;168
1367;5
1367;10
1367;21
1367;42
1367;85
1367;211
1368;5
1368;10
1368;21
1368;42
1368;81
1368;232
1369;5
1369;10
1369;38
1369;75
1369;85
1369;263
1370;4
1370;10
1370;37
1370;45
1370;84
1370;224
1371;4
1371;10
1371;39
1371;45
1371;83
1371;480
1372;9
1372;11
1372;21
1372;42
1372;84
1372;188
1373;5
1373;10
1373;21
1373;42
1373;84
1373;169
1374;5
1374;10
1374;38
1374;75
1374;84
1374;432
1375;5
1375;10
1375;37
1375;45
1375;84
1375;479
1376;5
1376;10
1376;23
1376;45
1376;84
1376;408
1377;5
1377;11
1377;21
1377;42
1377;85
1377;223
1378;5
1378;10
1378;21
1378;42
1378;84
1378;190
1379;5
1379;10
1379;21
1379;42
1379;85
1379;208
1380;5
1380;10
1380;37
1380;75
1380;112
1380;187
1381;5
1381;10
1381;38
1381;75
1381;84
1381;195
1382;5
1382;10
1382;37
1382;44
1382;90
1382;162
1383;4
1383;10
1383;21
1383;63
1383;84
1383;167
1384;4
1384;10
1384;21
1384;42
1384;85
1384;296
1385;5
1385;11
1385;20
1385;41
1385;147
1385;160
1386;5
1386;10
1386;24
1386;57
1386;84
1386;164
1387;5
1387;10
1387;23
1387;42
1387;85
1387;321
1388;5
1388;10
1388;21
1388;63
1388;84
1388;168
1389;5
1389;10
1389;21
1389;63
1389;85
1389;168
1390;5
1390;10
1390;21
1390;63
1390;84
1390;169
1391;4
1391;10
1391;21
1391;75
1391;149
1391;163
1392;4
1392;10
1392;20
1392;75
1392;150
1392;190
1393;5
1393;11
1393;20
1393;75
1393;151
1393;166
1394;5
1394;10
1394;24
1394;68
1394;85
1394;323
1395;5
1395;10
1395;23
1395;66
1395;84
1395;268
1396;5
1396;10
1396;23
1396;43
1396;84
1396;167
1397;5
1397;10
1397;23
1397;44
1397;85
1397;268
1398;5
1398;10
1398;23
1398;68
1398;85
1398;268
1399;5
1399;10
1399;34
1399;67
1399;85
1399;428
1400;4
1400;12
1400;21
1400;43
1400;83
1400;203
1401;4
1401;16
1401;20
1401;40
1401;84
1401;201
1402;4
1402;16
1402;34
1402;42
1402;85
1402;170
1403;4
1403;12
1403;20
1403;42
1403;84
1403;170
1404;4
1404;16
1404;20
1404;50
1404;101
1404;201
1405;4
1405;16
1405;20
1405;50
1405;99
1405;197
1406;4
1406;16
1406;20
1406;50
1406;99
1406;199
1407;6
1407;10
1407;20
1407;63
1407;126
1407;251
1408;4
1408;12
1408;21
1408;63
1408;125
1408;246
1409;4
1409;19
1409;20
1409;42
1409;84
1409;218
1410;4
1410;16
1410;21
1410;67
1410;84
1410;212
1411;4
1411;12
1411;21
1411;67
1411;85
1411;166
1412;4
1412;16
1412;34
1412;42
1412;100
1412;294
1413;4
1413;19
1413;21
1413;42
1413;84
1413;170
1414;4
1414;13
1414;21
1414;42
1414;84
1414;251
1415;8
1415;10
1415;21
1415;50
1415;101
1415;234
1416;4
1416;12
1416;39
1416;42
1416;85
1416;503
1417;4
1417;17
1417;21
1417;42
1417;84
1417;168
1418;4
1418;16
1418;20
1418;63
1418;126
1418;493
1419;4
1419;16
1419;20
1419;50
1419;84
1419;473
1420;5
1420;16
1420;21
1420;42
1420;84
1420;210
1421;7
1421;13
1421;22
1421;40
1421;84
1421;293
1422;6
1422;12
1422;21
1422;42
1422;84
1422;169
1423;6
1423;12
1423;21
1423;63
1423;84
1423;168
1424;6
1424;12
1424;21
1424;63
1424;84
1424;167
1425;6
1425;12
1425;21
1425;42
1425;84
1425;168
1426;6
1426;12
1426;24
1426;50
1426;100
1426;201
1427;6
1427;12
1427;23
1427;50
1427;84
1427;200
1428;6
1428;12
1428;23
1428;64
1428;84
1428;167
1429;6
1429;11
1429;23
1429;63
1429;126
1429;252
1430;6
1430;11
1430;22
1430;62
1430;125
1430;253
1431;5
1431;11
1431;23
1431;43
1431;82
1431;169
1432;5
1432;11
1432;22
1432;42
1432;83
1432;169
1433;5
1433;11
1433;21
1433;42
1433;85
1433;166
1434;5
1434;10
1434;20
1434;42
1434;84
1434;169
1435;5
1435;10
1435;20
1435;41
1435;84
1435;169
1436;5
1436;10
1436;20
1436;42
1436;83
1436;171
1437;5
1437;10
1437;20
1437;41
1437;84
1437;170
1438;5
1438;10
1438;20
1438;43
1438;83
1438;171
1439;5
1439;14
1439;21
1439;42
1439;84
1439;171
1440;4
1440;13
1440;22
1440;43
1440;85
1440;172
1441;4
1441;12
1441;22
1441;43
1441;86
1441;164
1442;4
1442;12
1442;22
1442;41
1442;84
1442;168
1443;4
1443;12
1443;22
1443;42
1443;84
1443;170
1444;4
1444;11
1444;21
1444;42
1444;85
1444;162
1445;4
1445;11
1445;33
1445;42
1445;85
1445;169
1446;3
1446;11
1446;21
1446;42
1446;84
1446;167
1447;3
1447;10
1447;21
1447;42
1447;84
1447;162
1448;3
1448;10
1448;33
1448;41
1448;86
1448;164
1449;3
1449;11
1449;33
1449;44
1449;85
1449;178
1450;3
1450;19
1450;20
1450;43
1450;86
1450;163
1451;7
1451;10
1451;31
1451;79
1451;145
1451;275
1452;9
1452;19
1452;34
1452;71
1452;109
1452;179
1453;0
1453;19
1453;38
1453;57
1453;150
1453;188
1454;9
1454;19
1454;21
1454;42
1454;85
1454;168
1455;9
1455;10
1455;21
1455;42
1455;84
1455;169
1456;0
1456;11
1456;21
1456;42
1456;85
1456;169
1457;0
1457;10
1457;21
1457;42
1457;85
1457;168
1458;1
1458;11
1458;21
1458;42
1458;84
1458;169
1459;5
1459;19
1459;32
1459;42
1459;84
1459;210
1460;6
1460;19
1460;21
1460;44
1460;87
1460;160
1461;7
1461;11
1461;21
1461;42
1461;85
1461;339
1462;9
1462;19
1462;21
1462;41
1462;84
1462;168
1463;9
1463;10
1463;20
1463;41
1463;89
1463;164
1464;4
1464;10
1464;37
1464;63
1464;84
1464;169
1465;5
1465;10
1465;33
1465;76
1465;84
1465;171
1466;5
1466;19
1466;36
1466;50
1466;80
1466;163
1467;5
1467;19
1467;22
1467;75
1467;150
1467;265
1468;4
1468;18
1468;38
1468;75
1468;81
1468;185
1469;9
1469;18
1469;37
1469;76
1469;152
1469;164
1470;9
1470;19
1470;25
1470;75
1470;149
1470;187
1471;9
1471;12
1471;38
1471;76
1471;151
1471;174
1472;4
1472;19
1472;37
1472;75
1472;150
1472;188
1473;4
1473;19
1473;38
1473;75
1473;150
1473;166
1474;3
1474;15
1474;38
1474;76
1474;150
1474;168
1475;5
1475;19
1475;28
1475;75
1475;150
1475;188
1476;5
1476;19
1476;28
1476;42
1476;151
1476;169
1477;5
1477;10
1477;28
1477;42
1477;84
1477;376
1478;3
1478;19
1478;23
1478;43
1478;150
1478;405
1479;8
1479;15
1479;39
1479;41
1479;151
1479;339
1480;9
1480;19
1480;28
1480;75
1480;152
1480;189
1481;9
1481;19
1481;38
1481;75
1481;150
1481;168
1482;8
1482;10
1482;37
1482;75
1482;147
1482;184
1483;4
1483;12
1483;33
1483;67
1483;150
1483;223
1484;4
1484;11
1484;37
1484;40
1484;152
1484;387
1485;6
1485;10
1485;38
1485;75
1485;113
1485;189
1486;4
1486;10
1486;37
1486;42
1486;101
1486;188
1487;5
1487;10
1487;28
1487;42
1487;101
1487;170
1488;9
1488;10
1488;22
1488;57
1488;101
1488;231
1489;9
1489;10
1489;23
1489;43
1489;150
1489;187
1490;9
1490;19
1490;33
1490;76
1490;100
1490;221
1491;9
1491;19
1491;38
1491;76
1491;111
1491;376
1492;9
1492;19
1492;20
1492;50
1492;100
1492;175
1493;6
1493;10
1493;21
1493;42
1493;85
1493;169
1494;4
1494;12
1494;21
1494;43
1494;84
1494;170
1495;4
1495;19
1495;22
1495;41
1495;85
1495;170
1496;6
1496;13
1496;28
1496;50
1496;84
1496;169
1497;6
1497;13
1497;33
1497;42
1497;85
1497;170
1498;6
1498;11
1498;21
1498;43
1498;85
1498;170
1499;5
1499;11
1499;22
1499;42
1499;84
1499;171
1500;5
1500;11
1500;21
1500;50
1500;84
1500;171
1501;5
1501;10
1501;21
1501;43
1501;84
1501;169
1502;5
1502;10
1502;21
1502;63
1502;84
1502;169
1503;5
1503;10
1503;21
1503;43
1503;113
1503;170
1504;5
1504;10
1504;20
1504;41
1504;114
1504;171
1505;4
1505;10
1505;33
1505;75
1505;100
1505;170
1506;9
1506;10
1506;21
1506;41
1506;86
1506;228
1507;4
1507;12
1507;21
1507;42
1507;84
1507;210
1508;8
1508;13
1508;32
1508;42
1508;84
1508;224
1509;4
1509;11
1509;20
1509;50
1509;149
1509;190
1510;4
1510;17
1510;21
1510;50
1510;113
1510;205
1511;7
1511;11
1511;36
1511;50
1511;100
1511;178
1512;5
1512;13
1512;37
1512;75
1512;113
1512;341
1513;4
1513;19
1513;37
1513;75
1513;112
1513;301
1514;8
1514;19
1514;37
1514;76
1514;152
1514;302
1515;4
1515;19
1515;37
1515;75
1515;151
1515;168
1516;9
1516;19
1516;38
1516;75
1516;151
1516;377
1517;5
1517;15
1517;22
1517;76
1517;131
1517;193
1518;8
1518;13
1518;38
1518;75
1518;112
1518;316
1519;7
1519;14
1519;20
1519;76
1519;112
1519;333
1520;9
1520;13
1520;21
1520;75
1520;112
1520;202
1521;9
1521;13
1521;38
1521;56
1521;113
1521;308
1522;9
1522;10
1522;38
1522;75
1522;113
1522;174
1523;4
1523;19
1523;38
1523;50
1523;84
1523;187
1524;5
1524;17
1524;21
1524;50
1524;84
1524;456
1525;4
1525;19
1525;38
1525;75
1525;85
1525;170
1526;4
1526;17
1526;38
1526;50
1526;85
1526;170
1527;4
1527;17
1527;21
1527;50
1527;85
1527;398
1528;4
1528;17
1528;37
1528;75
1528;86
1528;187
1529;4
1529;17
1529;39
1529;41
1529;85
1529;213
1530;8
1530;17
1530;21
1530;42
1530;85
1530;211
1531;4
1531;17
1531;25
1531;50
1531;86
1531;334
1532;4
1532;17
1532;25
1532;50
1532;84
1532;468
1533;7
1533;10
1533;25
1533;50
1533;146
1533;174
1534;4
1534;12
1534;25
1534;50
1534;100
1534;176
1535;4
1535;10
1535;25
1535;50
1535;127
1535;187
1536;4
1536;17
1536;31
1536;63
1536;150
1536;293
1537;4
1537;17
1537;32
1537;63
1537;85
1537;165
1538;4
1538;17
1538;23
1538;71
1538;121
1538;163
1539;4
1539;13
1539;25
1539;67
1539;85
1539;169
1540;4
1540;13
1540;31
1540;67
1540;86
1540;172
1541;4
1541;15
1541;23
1541;63
1541;94
1541;186
1542;4
1542;13
1542;32
1542;75
1542;80
1542;189
1543;4
1543;13
1543;33
1543;65
1543;102
1543;297
1544;9
1544;10
1544;33
1544;67
1544;134
1544;337
1545;9
1545;10
1545;32
1545;67
1545;135
1545;219
1546;8
1546;10
1546;32
1546;75
1546;80
1546;286
1547;9
1547;10
1547;37
1547;75
1547;157
1547;281
1548;9
1548;10
1548;25
1548;50
1548;113
1548;230
1549;9
1549;10
1549;34
1549;69
1549;80
1549;163
1550;4
1550;10
1550;28
1550;66
1550;84
1550;306
1551;4
1551;10
1551;33
1551;67
1551;134
1551;192
1552;4
1552;10
1552;32
1552;63
1552;100
1552;164
1553;8
1553;10
1553;25
1553;63
1553;100
1553;190
1554;8
1554;19
1554;25
1554;50
1554;80
1554;189
1555;8
1555;12
1555;25
1555;63
1555;100
1555;380
1556;8
1556;19
1556;25
1556;50
1556;100
1556;379
1557;8
1557;10
1557;37
1557;50
1557;94
1557;176
1558;4
1558;12
1558;21
1558;50
1558;100
1558;202
1559;4
1559;11
1559;25
1559;50
1559;100
1559;177
1560;5
1560;14
1560;25
1560;50
1560;84
1560;170
1561;5
1561;13
1561;38
1561;50
1561;112
1561;176
1562;5
1562;10
1562;29
1562;42
1562;85
1562;168
1563;5
1563;10
1563;37
1563;67
1563;84
1563;200
1564;5
1564;10
1564;21
1564;56
1564;84
1564;168
1565;9
1565;19
1565;28
1565;51
1565;84
1565;168
1566;9
1566;19
1566;21
1566;56
1566;83
1566;280
1567;9
1567;17
1567;21
1567;42
1567;89
1567;167
1568;7
1568;10
1568;25
1568;50
1568;84
1568;302
1569;4
1569;12
1569;21
1569;42
1569;84
1569;168
1570;4
1570;19
1570;25
1570;50
1570;89
1570;174
1571;6
1571;19
1571;25
1571;67
1571;101
1571;376
1572;4
1572;19
1572;25
1572;42
1572;100
1572;376
1573;4
1573;10
1573;25
1573;43
1573;84
1573;226
1574;4
1574;10
1574;25
1574;42
1574;101
1574;225
1575;5
1575;19
1575;25
1575;50
1575;84
1575;199
1576;8
1576;13
1576;21
1576;63
1576;102
1576;481
1577;9
1577;14
1577;28
1577;63
1577;101
1577;177
1578;8
1578;16
1578;32
1578;63
1578;101
1578;176
1579;6
1579;10
1579;33
1579;63
1579;94
1579;317
1580;4
1580;12
1580;33
1580;50
1580;100
1580;176
1581;4
1581;14
1581;23
1581;42
1581;84
1581;164
1582;4
1582;13
1582;38
1582;50
1582;85
1582;170
1583;6
1583;13
1583;26
1583;42
1583;85
1583;169
1584;6
1584;13
1584;22
1584;43
1584;84
1584;171
1585;5
1585;11
1585;22
1585;67
1585;86
1585;202
1586;5
1586;11
1586;21
1586;56
1586;84
1586;201
1587;5
1587;10
1587;28
1587;76
1587;86
1587;272
1588;5
1588;10
1588;21
1588;75
1588;113
1588;170
1589;5
1589;10
1589;34
1589;75
1589;113
1589;170
1590;4
1590;10
1590;21
1590;68
1590;114
1590;168
1591;4
1591;10
1591;21
1591;42
1591;100
1591;170
1592;9
1592;10
1592;26
1592;50
1592;152
1592;200
1593;4
1593;12
1593;25
1593;50
1593;99
1593;200
1594;4
1594;17
1594;25
1594;50
1594;128
1594;203
1595;4
1595;10
1595;21
1595;50
1595;100
1595;200
1596;5
1596;19
1596;21
1596;68
1596;100
1596;202
1597;9
1597;11
1597;31
1597;50
1597;128
1597;201
1598;5
1598;12
1598;32
1598;64
1598;100
1598;201
1599;4
1599;17
1599;21
1599;75
1599;100
1599;200
1600;4
1600;10
1600;32
1600;63
1600;100
1600;201
1601;4
1601;12
1601;31
1601;50
1601;150
1601;228
1602;9
1602;10
1602;33
1602;75
1602;126
1602;200
1603;6
1603;13
1603;22
1603;50
1603;101
1603;201
1604;7
1604;13
1604;25
1604;50
1604;128
1604;316
1605;8
1605;16
1605;23
1605;57
1605;100
1605;170
1606;8
1606;13
1606;21
1606;64
1606;100
1606;202
1607;7
1607;13
1607;21
1607;57
1607;129
1607;171
1608;9
1608;10
1608;32
1608;72
1608;113
1608;171
1609;4
1609;18
1609;28
1609;71
1609;85
1609;214
1610;7
1610;14
1610;28
1610;71
1610;84
1610;169
1611;7
1611;11
1611;28
1611;71
1611;85
1611;170
1612;7
1612;14
1612;28
1612;71
1612;85
1612;169
1613;7
1613;14
1613;21
1613;71
1613;88
1613;169
1614;7
1614;14
1614;35
1614;72
1614;86
1614;171
1615;7
1615;14
1615;28
1615;71
1615;100
1615;213
1616;7
1616;18
1616;28
1616;64
1616;86
1616;215
1617;7
1617;18
1617;25
1617;56
1617;113
1617;172
1618;7
1618;18
1618;28
1618;42
1618;85
1618;172
1619;7
1619;18
1619;21
1619;42
1619;86
1619;171
1620;7
1620;11
1620;22
1620;50
1620;129
1620;172
1621;7
1621;12
1621;36
1621;42
1621;85
1621;171
1622;7
1622;13
1622;25
1622;42
1622;85
1622;172
1623;4
1623;11
1623;25
1623;43
1623;86
1623;172
1624;4
1624;11
1624;23
1624;72
1624;84
1624;232
1625;9
1625;10
1625;28
1625;71
1625;85
1625;213
1626;9
1626;10
1626;28
1626;71
1626;100
1626;201
1627;8
1627;11
1627;28
1627;71
1627;100
1627;213
1628;8
1628;14
1628;35
1628;56
1628;84
1628;409
1629;8
1629;14
1629;22
1629;56
1629;84
1629;483
1630;9
1630;10
1630;38
1630;76
1630;100
1630;202
1631;9
1631;19
1631;37
1631;75
1631;112
1631;160
1632;9
1632;10
1632;20
1632;42
1632;83
1632;169
1633;7
1633;13
1633;21
1633;56
1633;86
1633;222
1634;6
1634;11
1634;21
1634;43
1634;150
1634;222
1635;8
1635;10
1635;28
1635;43
1635;80
1635;163
1636;4
1636;10
1636;37
1636;42
1636;100
1636;161
1637;5
1637;19
1637;38
1637;75
1637;84
1637;171
1638;5
1638;10
1638;21
1638;42
1638;85
1638;163
1639;5
1639;10
1639;21
1639;42
1639;85
1639;169
1640;5
1640;10
1640;21
1640;42
1640;84
1640;169
1641;6
1641;10
1641;21
1641;42
1641;84
1641;168
1642;5
1642;10
1642;21
1642;42
1642;84
1642;169
1643;7
1643;10
1643;21
1643;42
1643;84
1643;169
1644;4
1644;12
1644;21
1644;42
1644;84
1644;169
1645;4
1645;10
1645;21
1645;42
1645;83
1645;165
1646;4
1646;13
1646;20
1646;42
1646;83
1646;201
1647;5
1647;10
1647;28
1647;75
1647;149
1647;170
1648;9
1648;10
1648;38
1648;75
1648;113
1648;206
1649;5
1649;10
1649;21
1649;43
1649;85
1649;169
1650;5
1650;19
1650;21
1650;42
1650;84
1650;170
1651;5
1651;19
1651;38
1651;77
1651;150
1651;162
1652;5
1652;19
1652;37
1652;75
1652;150
1652;172
1653;5
1653;19
1653;37
1653;75
1653;150
1653;203
1654;6
1654;19
1654;20
1654;50
1654;150
1654;168
1655;4
1655;19
1655;37
1655;75
1655;113
1655;169
1656;4
1656;19
1656;38
1656;75
1656;113
1656;173
1657;6
1657;19
1657;37
1657;42
1657;150
1657;169
1658;4
1658;19
1658;37
1658;67
1658;84
1658;169
1659;4
1659;10
1659;38
1659;42
1659;101
1659;315
1660;5
1660;19
1660;20
1660;42
1660;100
1660;170
1661;4
1661;19
1661;38
1661;42
1661;84
1661;170
1662;6
1662;19
1662;38
1662;56
1662;101
1662;169
1663;8
1663;19
1663;20
1663;42
1663;84
1663;170
1664;9
1664;12
1664;38
1664;75
1664;100
1664;168
1665;5
1665;19
1665;37
1665;75
1665;90
1665;203
1666;4
1666;14
1666;38
1666;57
1666;152
1666;191
1667;5
1667;15
1667;23
1667;43
1667;84
1667;187
1668;6
1668;13
1668;38
1668;75
1668;149
1668;211
1669;6
1669;13
1669;38
1669;50
1669;84
1669;301
1670;5
1670;19
1670;38
1670;42
1670;85
1670;301
1671;5
1671;19
1671;20
1671;42
1671;84
1671;168
1672;5
1672;11
1672;39
1672;44
1672;83
1672;165
1673;5
1673;19
1673;37
1673;41
1673;85
1673;166
1674;5
1674;10
1674;33
1674;75
1674;84
1674;165
1675;8
1675;10
1675;38
1675;75
1675;80
1675;168
1676;4
1676;19
1676;37
1676;76
1676;101
1676;168
1677;5
1677;10
1677;34
1677;75
1677;104
1677;174
1678;7
1678;10
1678;36
1678;75
1678;104
1678;160
1679;4
1679;19
1679;25
1679;75
1679;101
1679;177
1680;4
1680;19
1680;25
1680;75
1680;101
1680;230
1681;4
1681;19
1681;20
1681;75
1681;84
1681;160
1682;9
1682;19
1682;38
1682;64
1682;101
1682;442
1683;9
1683;10
1683;20
1683;63
1683;102
1683;190
1684;4
1684;19
1684;32
1684;63
1684;84
1684;160
1685;8
1685;17
1685;25
1685;50
1685;101
1685;161
1686;4
1686;19
1686;38
1686;63
1686;101
1686;160
1687;4
1687;19
1687;38
1687;63
1687;101
1687;160
1688;9
1688;18
1688;26
1688;64
1688;101
1688;178
1689;8
1689;13
1689;38
1689;50
1689;135
1689;225
1690;8
1690;19
1690;37
1690;50
1690;101
1690;316
1691;8
1691;18
1691;23
1691;46
1691;101
1691;203
1692;5
1692;13
1692;38
1692;75
1692;135
1692;211
1693;7
1693;13
1693;37
1693;40
1693;152
1693;160
1694;9
1694;10
1694;38
1694;51
1694;104
1694;176
1695;4
1695;12
1695;25
1695;63
1695;99
1695;160
1696;4
1696;10
1696;25
1696;75
1696;113
1696;176
1697;4
1697;19
1697;37
1697;63
1697;101
1697;171
1698;4
1698;10
1698;38
1698;42
1698;151
1698;190
1699;4
1699;17
1699;21
1699;50
1699;84
1699;191
1700;4
1700;17
1700;32
1700;75
1700;152
1700;377
1701;4
1701;17
1701;37
1701;50
1701;152
1701;191
1702;4
1702;17
1702;38
1702;75
1702;149
1702;453
1703;4
1703;19
1703;37
1703;76
1703;149
1703;190
1704;4
1704;17
1704;21
1704;63
1704;101
1704;411
1705;6
1705;10
1705;21
1705;50
1705;84
1705;455
1706;4
1706;12
1706;37
1706;51
1706;84
1706;410
1707;9
1707;17
1707;25
1707;50
1707;152
1707;318
1708;4
1708;17
1708;25
1708;63
1708;84
1708;190
1709;4
1709;17
1709;33
1709;50
1709;125
1709;192
1710;4
1710;15
1710;23
1710;57
1710;159
1710;174
1711;4
1711;13
1711;32
1711;56
1711;113
1711;211
1712;4
1712;13
1712;32
1712;56
1712;85
1712;200
1713;4
1713;13
1713;22
1713;42
1713;149
1713;193
1714;4
1714;13
1714;21
1714;56
1714;148
1714;498
1715;4
1715;13
1715;32
1715;42
1715;82
1715;489
1716;9
1716;10
1716;20
1716;75
1716;100
1716;289
1717;9
1717;19
1717;20
1717;76
1717;81
1717;283
1718;8
1718;11
1718;21
1718;43
1718;85
1718;285
1719;9
1719;10
1719;22
1719;57
1719;81
1719;377
1720;8
1720;10
1720;28
1720;42
1720;146
1720;284
1721;7
1721;10
1721;22
1721;42
1721;89
1721;163
1722;4
1722;10
1722;37
1722;76
1722;101
1722;168
1723;5
1723;10
1723;38
1723;76
1723;89
1723;180
1724;4
1724;10
1724;25
1724;43
1724;85
1724;163
1725;8
1725;10
1725;21
1725;42
1725;85
1725;169
1726;8
1726;19
1726;21
1726;42
1726;84
1726;167
1727;8
1727;19
1727;21
1727;42
1727;84
1727;169
1728;8
1728;18
1728;21
1728;42
1728;84
1728;168
1729;7
1729;10
1729;21
1729;42
1729;84
1729;169
1730;4
1730;12
1730;21
1730;42
1730;85
1730;169
1731;4
1731;18
1731;21
1731;42
1731;82
1731;163
1732;4
1732;13
1732;20
1732;42
1732;149
1732;202
1733;5
1733;13
1733;38
1733;75
1733;150
1733;170
1734;5
1734;10
1734;25
1734;45
1734;84
1734;169
1735;5
1735;10
1735;21
1735;42
1735;84
1735;168
1736;4
1736;19
1736;21
1736;57
1736;84
1736;167
1737;6
1737;19
1737;38
1737;50
1737;152
1737;162
1738;7
1738;19
1738;37
1738;50
1738;149
1738;169
1739;9
1739;19
1739;38
1739;75
1739;100
1739;301
1740;6
1740;19
1740;38
1740;75
1740;150
1740;309
1741;4
1741;19
1741;37
1741;75
1741;100
1741;301
1742;4
1742;10
1742;33
1742;75
1742;150
1742;169
1743;4
1743;19
1743;38
1743;75
1743;85
1743;203
1744;4
1744;19
1744;38
1744;42
1744;85
1744;169
1745;5
1745;19
1745;20
1745;43
1745;84
1745;202
1746;5
1746;10
1746;20
1746;42
1746;100
1746;168
1747;4
1747;19
1747;37
1747;42
1747;100
1747;170
1748;9
1748;19
1748;37
1748;42
1748;100
1748;170
1749;8
1749;19
1749;38
1749;45
1749;100
1749;169
1750;9
1750;11
1750;37
1750;75
1750;148
1750;174
1751;5
1751;19
1751;37
1751;56
1751;150
1751;226
1752;4
1752;19
1752;37
1752;75
1752;150
1752;167
1753;3
1753;15
1753;23
1753;75
1753;150
1753;194
1754;6
1754;13
1754;38
1754;42
1754;151
1754;301
1755;6
1755;19
1755;38
1755;42
1755;150
1755;169
1756;6
1756;19
1756;38
1756;42
1756;84
1756;169
1757;5
1757;19
1757;38
1757;43
1757;85
1757;172
1758;5
1758;19
1758;20
1758;44
1758;85
1758;171
1759;5
1759;19
1759;37
1759;75
1759;151
1759;170
1760;5
1760;19
1760;38
1760;43
1760;85
1760;172
1761;8
1761;11
1761;38
1761;75
1761;80
1761;315
1762;4
1762;10
1762;34
1762;45
1762;101
1762;169
1763;5
1763;10
1763;39
1763;68
1763;101
1763;203
1764;7
1764;10
1764;38
1764;42
1764;100
1764;316
1765;4
1765;19
1765;38
1765;50
1765;101
1765;178
1766;8
1766;19
1766;21
1766;42
1766;83
1766;204
1767;4
1767;10
1767;21
1767;43
1767;85
1767;211
1768;9
1768;19
1768;20
1768;50
1768;101
1768;177
1769;9
1769;10
1769;30
1769;50
1769;90
1769;459
1770;4
1770;12
1770;25
1770;75
1770;101
1770;191
1771;5
1771;17
1771;25
1771;63
1771;113
1771;189
1772;4
1772;17
1772;25
1772;63
1772;124
1772;178
1773;4
1773;10
1773;38
1773;63
1773;100
1773;187
1774;8
1774;16
1774;23
1774;63
1774;94
1774;188
1775;8
1775;13
1775;33
1775;51
1775;135
1775;202
1776;6
1776;13
1776;33
1776;50
1776;135
1776;316
1777;9
1777;15
1777;23
1777;42
1777;117
1777;194
1778;4
1778;13
1778;22
1778;40
1778;136
1778;211
1779;7
1779;13
1779;39
1779;40
1779;85
1779;218
1780;7
1780;10
1780;36
1780;66
1780;85
1780;160
1781;4
1781;18
1781;35
1781;50
1781;107
1781;177
1782;4
1782;14
1782;35
1782;50
1782;106
1782;177
1783;4
1783;14
1783;21
1783;56
1783;106
1783;176
1784;7
1784;14
1784;21
1784;56
1784;106
1784;199
1785;7
1785;14
1785;35
1785;56
1785;106
1785;175
1786;7
1786;14
1786;36
1786;50
1786;85
1786;371
1787;7
1787;14
1787;35
1787;42
1787;84
1787;160
1788;7
1788;18
1788;21
1788;42
1788;84
1788;315
1789;7
1789;18
1789;21
1789;42
1789;85
1789;200
1790;7
1790;18
1790;28
1790;42
1790;84
1790;179
1791;6
1791;11
1791;21
1791;50
1791;84
1791;228
1792;4
1792;14
1792;21
1792;50
1792;85
1792;193
1793;4
1793;14
1793;21
1793;56
1793;106
1793;316
1794;4
1794;10
1794;21
1794;63
1794;126
1794;193
1795;7
1795;10
1795;21
1795;62
1795;126
1795;192
1796;7
1796;11
1796;23
1796;51
1796;151
1796;380
1797;9
1797;10
1797;21
1797;50
1797;89
1797;185
1798;9
1798;10
1798;21
1798;50
1798;89
1798;177
1799;8
1799;13
1799;22
1799;50
1799;152
1799;201
1800;8
1800;13
1800;20
1800;53
1800;85
1800;286
1801;8
1801;12
1801;25
1801;76
1801;80
1801;234
1802;9
1802;10
1802;20
1802;53
1802;89
1802;161
1803;9
1803;10
1803;21
1803;53
1803;82
1803;161
1804;9
1804;10
1804;22
1804;76
1804;80
1804;378
1805;6
1805;13
1805;20
1805;43
1805;154
1805;221
1806;6
1806;11
1806;21
1806;47
1806;151
1806;386
1807;6
1807;10
1807;37
1807;56
1807;84
1807;179
1808;6
1808;10
1808;21
1808;56
1808;84
1808;170
1809;6
1809;10
1809;37
1809;56
1809;84
1809;169
1810;6
1810;10
1810;37
1810;44
1810;84
1810;169
1811;6
1811;10
1811;37
1811;45
1811;84
1811;168
1812;6
1812;10
1812;37
1812;56
1812;113
1812;169
1813;5
1813;10
1813;37
1813;56
1813;84
1813;228
1814;5
1814;10
1814;37
1814;56
1814;84
1814;170
1815;5
1815;10
1815;28
1815;67
1815;113
1815;199
1816;5
1816;11
1816;28
1816;67
1816;134
1816;198
1817;5
1817;10
1817;38
1817;67
1817;92
1817;170
1818;5
1818;10
1818;34
1818;67
1818;85
1818;169
1819;5
1819;12
1819;33
1819;67
1819;84
1819;203
1820;5
1820;10
1820;34
1820;67
1820;85
1820;169
1821;5
1821;10
1821;34
1821;45
1821;85
1821;181
1822;5
1822;10
1822;34
1822;67
1822;85
1822;180
1823;5
1823;10
1823;34
1823;56
1823;113
1823;170
1824;5
1824;11
1824;34
1824;57
1824;85
1824;169
1825;5
1825;11
1825;34
1825;67
1825;84
1825;169
1826;5
1826;10
1826;34
1826;56
1826;134
1826;170
1827;5
1827;11
1827;34
1827;56
1827;135
1827;171
1828;5
1828;11
1828;32
1828;63
1828;85
1828;192
1829;8
1829;10
1829;31
1829;63
1829;84
1829;191
1830;8
1830;15
1830;32
1830;63
1830;85
1830;192
1831;8
1831;15
1831;32
1831;45
1831;84
1831;191
1832;5
1832;11
1832;33
1832;45
1832;84
1832;179
1833;7
1833;10
1833;33
1833;45
1833;84
1833;191
1834;5
1834;10
1834;33
1834;56
1834;113
1834;169
1835;8
1835;11
1835;28
1835;56
1835;112
1835;169
1836;8
1836;11
1836;28
1836;45
1836;113
1836;202
1837;8
1837;10
1837;28
1837;67
1837;134
1837;169
1838;8
1838;10
1838;28
1838;67
1838;84
1838;168
1839;8
1839;16
1839;28
1839;56
1839;100
1839;201
1840;6
1840;19
1840;28
1840;56
1840;100
1840;202
1841;5
1841;19
1841;28
1841;56
1841;100
1841;169
1842;5
1842;11
1842;28
1842;56
1842;100
1842;170
1843;8
1843;19
1843;28
1843;56
1843;84
1843;202
1844;8
1844;19
1844;28
1844;56
1844;84
1844;255
1845;7
1845;19
1845;28
1845;56
1845;84
1845;170
1846;8
1846;19
1846;33
1846;56
1846;85
1846;170
1847;8
1847;18
1847;25
1847;56
1847;84
1847;177
1848;7
1848;19
1848;25
1848;56
1848;84
1848;177
1849;5
1849;19
1849;25
1849;50
1849;85
1849;178
1850;8
1850;17
1850;33
1850;75
1850;127
1850;191
1851;8
1851;17
1851;33
1851;75
1851;127
1851;177
1852;8
1852;17
1852;34
1852;64
1852;85
1852;170
1853;8
1853;17
1853;33
1853;42
1853;85
1853;170
1854;8
1854;17
1854;34
1854;42
1854;85
1854;170
1855;8
1855;17
1855;25
1855;50
1855;85
1855;171
1856;8
1856;17
1856;34
1856;50
1856;85
1856;170
1857;8
1857;17
1857;34
1857;50
1857;84
1857;169
1858;8
1858;17
1858;34
1858;57
1858;113
1858;171
1859;8
1859;17
1859;34
1859;56
1859;127
1859;170
1860;7
1860;17
1860;32
1860;50
1860;127
1860;191
1861;8
1861;17
1861;32
1861;50
1861;127
1861;192
1862;8
1862;17
1862;32
1862;50
1862;127
1862;191
1863;7
1863;16
1863;31
1863;75
1863;151
1863;191
1864;7
1864;17
1864;33
1864;75
1864;151
1864;191
1865;9
1865;16
1865;33
1865;75
1865;80
1865;191
1866;8
1866;14
1866;28
1866;71
1866;141
1866;213
1867;8
1867;14
1867;28
1867;71
1867;98
1867;287
1868;7
1868;14
1868;35
1868;56
1868;106
1868;178
1869;7
1869;14
1869;35
1869;56
1869;106
1869;177
1870;9
1870;14
1870;35
1870;70
1870;106
1870;178
1871;8
1871;14
1871;35
1871;42
1871;106
1871;169
1872;9
1872;14
1872;35
1872;42
1872;84
1872;169
1873;9
1873;14
1873;35
1873;42
1873;84
1873;170
1874;8
1874;14
1874;35
1874;56
1874;84
1874;170
1875;9
1875;14
1875;35
1875;42
1875;84
1875;214
1876;9
1876;14
1876;35
1876;42
1876;84
1876;169
1877;7
1877;14
1877;36
1877;42
1877;85
1877;170
1878;8
1878;14
1878;35
1878;42
1878;84
1878;169
1879;8
1879;14
1879;28
1879;42
1879;113
1879;169
1880;7
1880;14
1880;28
1880;42
1880;113
1880;179
1881;9
1881;14
1881;28
1881;42
1881;113
1881;179
1882;9
1882;14
1882;35
1882;56
1882;85
1882;227
1883;8
1883;14
1883;36
1883;57
1883;85
1883;229
1884;9
1884;14
1884;36
1884;56
1884;85
1884;229
1885;9
1885;14
1885;35
1885;56
1885;85
1885;228
1886;9
1886;14
1886;36
1886;57
1886;85
1886;229
1887;8
1887;14
1887;36
1887;57
1887;85
1887;228
1888;7
1888;12
1888;35
1888;56
1888;113
1888;229
1889;9
1889;14
1889;36
1889;56
1889;113
1889;228
1890;9
1890;14
1890;36
1890;42
1890;113
1890;228
1891;9
1891;14
1891;35
1891;42
1891;113
1891;227
1892;9
1892;14
1892;36
1892;71
1892;113
1892;228
1893;0
1893;14
1893;35
1893;71
1893;85
1893;228
1894;0
1894;14
1894;35
1894;71
1894;84
1894;227
1895;9
1895;14
1895;35
1895;56
1895;84
1895;227
1896;4
1896;14
1896;28
1896;56
1896;107
1896;184
1897;8
1897;14
1897;28
1897;56
1897;106
1897;183
1898;0
1898;14
1898;28
1898;56
1898;106
1898;183
1899;0
1899;10
1899;28
1899;56
1899;107
1899;168
1900;8
1900;16
1900;35
1900;56
1900;112
1900;168
1901;0
1901;14
1901;35
1901;56
1901;112
1901;168
1902;7
1902;15
1902;35
1902;56
1902;113
1902;204
